7.269899e-01	1.474786e+00	1.051132e+00	7.944165e-01	9.105244e-01	-9.274769e-01	1.318581e+00	-1.002964e-01	-8.637770e-01	-3.655913e-01	-1.310831e+00	1.302251e-01	-1.485335e+00	8.398370e-01	5.165791e-01	3.396468e-01	7.013831e-01	1.452863e-01	1.549726e+00	6.896732e-01
5.732555e-01	-3.870866e-01	1.456683e+00	9.840497e-02	6.512841e-01	-7.613482e-01	1.416572e+00	-2.656676e-01	-3.853697e-01	-1.590817e+00	-1.321481e+00	-3.682893e-01	-1.404770e+00	-9.009609e-01	1.220463e+00	8.620428e-01	7.798997e-01	-6.307310e-01	-2.844513e-01	-1.017299e+00
-9.632443e-02	1.180928e+00	-5.493375e-01	1.300385e+00	-1.034027e+00	-1.005991e+00	-1.283403e+00	-4.719416e-01	1.217220e-01	1.186468e+00	7.030677e-01	5.195045e-01	1.177529e+00	-3.689163e-01	-8.840753e-01	-1.243804e+00	-1.349300e-01	5.740273e-01	3.236031e-01	1.092211e+00
1.283053e+00	2.079425e+00	-9.258438e-01	1.244306e-01	9.041859e-01	-7.219866e-01	6.133875e-01	6.598418e-01	-1.368837e+00	4.290871e-01	2.420407e-01	1.452987e-02	-1.118682e-01	4.531497e-01	-1.613475e-01	-1.034850e-01	-4.579453e-01	-1.751594e+00	-1.095525e+00	5.215161e-01
-2.321770e-01	1.455074e+00	5.873061e-01	2.135476e+00	5.432981e-01	6.199079e-02	9.279765e-01	1.348946e-01	-3.189341e-01	-2.254109e-01	-1.872106e+00	9.504450e-02	1.160637e+00	1.878131e-01	-4.220404e-01	5.943285e-01	-9.344103e-01	-3.740458e-03	-1.082066e+00	5.747980e-01
-1.394393e+00	-1.293223e+00	1.089986e+00	1.935457e-02	-5.624951e-01	1.332547e+00	8.871814e-01	-2.130913e-01	2.706083e+00	-1.501404e-01	3.666823e-01	4.487456e-01	1.350325e+00	-4.347721e-01	6.680478e-01	1.143666e+00	-1.144103e-01	1.678309e+00	3.676248e-01	4.084051e-01
3.033097e-01	-8.007451e-01	1.584872e+00	3.048400e-02	1.857215e+00	7.799817e-01	1.836867e+00	-1.987099e-02	1.043676e-01	-1.935100e+00	-1.296119e+00	7.907857e-01	-1.547191e+00	1.126981e+00	1.073400e+00	6.024462e-01	2.625419e+00	-3.067781e-01	1.008746e+00	-4.352744e-02
-4.036518e-01	1.738661e+00	-7.861069e-01	9.418998e-01	-1.728852e+00	-1.695807e+00	-1.027847e+00	7.176173e-01	5.631136e-02	3.913152e+00	8.449674e-01	-4.895330e-01	1.755189e+00	-1.865899e+00	-2.839231e-01	1.090358e-01	-3.104288e+00	2.036072e+00	-9.812097e-01	1.786088e+00
-4.151877e-02	-8.427066e-01	9.524081e-01	-6.714077e-02	2.000993e+00	6.823036e-01	1.585427e+00	1.492427e-01	2.704974e-02	-1.361808e+00	-9.232762e-01	7.125343e-01	-1.322686e+00	1.004365e+00	8.050798e-01	-2.585066e-01	2.562174e+00	-4.427871e-01	5.601547e-01	-2.669782e-01
-9.833226e-02	-8.319449e-01	1.012391e+00	-3.270409e-02	2.015693e+00	6.079340e-01	1.672233e+00	4.739054e-02	7.090039e-02	-1.439113e+00	-9.887152e-01	6.652182e-01	-1.442753e+00	1.054351e+00	8.546019e-01	-2.343987e-01	2.533515e+00	-4.678012e-01	6.503572e-01	-3.156944e-01
3.636518e-01	9.936899e-01	3.388589e-01	-1.042719e+00	3.001355e-01	4.921969e-01	1.003513e+00	2.075083e-01	1.460280e-01	-6.713782e-01	1.288709e+00	1.330270e+00	3.049744e-01	6.758725e-01	1.396959e-01	-7.743461e-01	9.155458e-01	2.259662e-01	-2.039802e-01	-8.415693e-01
1.112744e-01	5.382531e-01	1.640456e-01	6.474071e-01	-3.074418e-01	-6.316349e-01	-1.015098e-01	1.764957e-01	6.522596e-01	4.108903e-01	8.624987e-01	2.695592e-01	3.288060e-01	-1.527774e-01	3.594473e-01	-1.734273e-01	-1.047918e+00	-3.806258e-01	2.603675e-01	2.359487e-01
-6.805235e-02	1.058349e+00	-7.117560e-02	6.962935e-01	8.942473e-02	2.053728e-01	1.668334e+00	-1.397251e+00	1.982901e+00	-3.560232e+00	1.516545e+00	1.222625e+00	1.250431e+00	-9.863018e-01	-1.067416e+00	-1.440463e+00	1.506377e+00	-3.238987e+00	4.715874e-01	-1.736453e+00
1.114191e+00	-1.296631e-01	1.855113e-01	-9.072770e-01	1.230771e+00	-2.868170e-01	1.599773e-01	9.000647e-01	1.764726e-01	-2.618403e+00	1.087371e+00	3.257918e-01	2.488066e-01	-2.298073e-01	6.112476e-01	1.651587e-01	8.506607e-01	-4.200032e-01	8.448746e-02	-7.900481e-01
-1.808516e+00	-2.671441e-02	1.096901e+00	1.059762e+00	-5.708166e-01	2.723087e+00	1.078449e+00	5.634821e-02	2.840788e+00	1.984007e+00	-3.734046e-01	1.120366e+00	1.800276e+00	2.022774e+00	-7.774656e-03	2.396706e+00	-4.032084e-01	1.793366e+00	1.297562e+00	3.195673e+00
-1.095451e+00	-2.597532e-01	1.411407e+00	4.168488e-01	-1.392552e-01	2.502437e+00	8.915939e-01	2.882492e-01	2.294185e+00	6.533570e-01	-1.740985e-01	1.073453e+00	1.375766e+00	1.829517e+00	2.401584e-01	2.131564e+00	3.625999e-01	1.166117e+00	1.170150e+00	2.418190e+00
-1.104474e+00	-5.604589e-01	6.064400e-01	8.021646e-01	-6.514796e-01	-5.785558e-01	1.387632e+00	-2.474487e-01	1.060558e+00	2.139069e+00	-3.284884e-01	-9.465555e-02	6.525000e-01	-1.067406e+00	2.074143e-01	1.316439e+00	-1.296117e+00	2.731821e-01	-2.189722e-02	1.643555e+00
1.841354e+00	3.332869e-02	3.631725e-01	-8.019966e-01	5.027629e-01	-2.447042e+00	-2.985215e-01	1.413275e-01	-9.334696e-01	-2.592171e+00	4.325504e-01	-6.974155e-01	-1.071235e+00	-2.963412e+00	2.399809e-01	-1.411395e+00	-2.948872e-01	-1.700448e+00	-2.065327e+00	-2.102686e+00
-2.131086e+00	4.120460e-03	1.035930e+00	1.208000e+00	-5.634734e-01	2.649461e+00	1.169570e+00	1.409457e-01	2.901843e+00	2.423063e+00	-2.285027e-01	1.115260e+00	2.157135e+00	1.965278e+00	-1.996029e-01	2.146799e+00	-3.080678e-01	1.568640e+00	1.310443e+00	3.148834e+00
