7.149533e-03	-1.916128e-02	2.880156e-02	7.910753e-03	6.883489e-03	3.170844e-02	5.187491e-03	-6.991478e-02	-3.525874e-02	3.719104e-02	1.958029e-02	1.761342e-03	4.463100e-02	-3.708097e-02	-1.505107e-02	-3.535546e-02	1.567480e-02	-1.060499e-02	2.264631e-02	1.050801e-02
7.506032e-03	-1.980329e-02	3.079775e-02	6.767611e-03	8.194836e-03	1.929357e-02	5.127994e-03	-6.023555e-02	-9.366865e-03	2.367889e-02	1.155238e-02	-4.591360e-05	1.703222e-02	-2.522305e-02	-9.282287e-03	-2.536223e-02	9.494186e-03	-1.478873e-02	2.520178e-02	1.259488e-02
5.539047e-03	-1.499242e-02	2.884829e-02	7.764794e-03	1.519898e-02	2.765983e-02	6.969842e-03	-6.648333e-02	-8.077922e-03	2.575118e-02	1.526772e-02	3.833721e-04	2.100070e-02	-2.560799e-02	-1.639132e-02	-2.869588e-02	-1.381740e-03	-2.653053e-02	2.813046e-02	2.101658e-02
3.040760e-03	-1.755629e-02	3.222618e-02	1.210669e-02	1.799986e-02	2.904721e-02	9.227249e-03	-6.981219e-02	-1.061965e-02	2.782205e-02	1.684937e-02	-1.745575e-03	2.527790e-02	-2.432071e-02	-1.751576e-02	-3.042961e-02	-6.931906e-03	-3.099044e-02	2.897088e-02	2.322015e-02
1.479515e-03	-2.026722e-02	3.268966e-02	1.076468e-02	1.689534e-02	3.340169e-02	7.115992e-03	-6.954536e-02	-1.547903e-02	3.197070e-02	1.878616e-02	-2.177327e-03	2.760118e-02	-2.371831e-02	-2.065041e-02	-2.954980e-02	-5.891892e-03	-3.573907e-02	3.370797e-02	2.572948e-02
1.936159e-03	-2.435769e-02	3.314795e-02	9.413531e-03	1.902036e-02	2.731449e-02	2.707360e-03	-6.856899e-02	-6.250839e-03	2.367666e-02	1.336588e-02	-2.306821e-03	2.256097e-02	-2.645702e-02	-1.512549e-02	-2.421585e-02	5.870772e-04	-2.155307e-02	2.741399e-02	2.247377e-02
1.578411e-03	-1.695165e-02	2.825154e-02	1.039598e-02	2.097887e-02	3.186388e-02	9.797995e-03	-6.925323e-02	-5.560108e-03	2.411671e-02	1.634054e-02	-2.582035e-03	2.453615e-02	-2.310342e-02	-1.745040e-02	-3.214435e-02	-5.544384e-03	-3.360432e-02	2.877847e-02	2.585868e-02
-1.331352e-03	-2.174775e-02	3.234766e-02	1.202131e-02	2.073407e-02	3.201968e-02	1.095542e-02	-7.201660e-02	-7.014804e-03	2.685970e-02	1.916788e-02	-3.113801e-03	2.577359e-02	-2.049406e-02	-1.575639e-02	-3.412958e-02	-8.364612e-03	-3.893738e-02	3.239179e-02	2.755411e-02
-2.767653e-03	-2.347750e-02	3.286185e-02	1.229055e-02	2.027426e-02	3.524731e-02	1.071210e-02	-7.067982e-02	-1.436102e-02	3.052538e-02	2.124252e-02	-3.905793e-03	2.874035e-02	-2.015221e-02	-1.998955e-02	-3.189655e-02	-8.079198e-03	-4.119329e-02	3.392075e-02	2.878811e-02
4.348696e-04	-2.447943e-02	3.006829e-02	1.328257e-02	1.936079e-02	2.400130e-02	1.266075e-02	-6.937044e-02	-1.920959e-03	2.100396e-02	1.775248e-02	-4.361026e-03	1.611374e-02	-1.712293e-02	-1.045909e-02	-2.652643e-02	-5.264671e-03	-3.286535e-02	2.646676e-02	2.663376e-02
-1.096023e-03	-1.948094e-02	2.645120e-02	1.244496e-02	2.457922e-02	3.253754e-02	1.456665e-02	-7.154488e-02	-7.234123e-03	2.273047e-02	1.971665e-02	-4.450954e-03	2.718300e-02	-2.054593e-02	-1.562379e-02	-3.547677e-02	-4.510277e-03	-3.828375e-02	2.668395e-02	2.898759e-02
-2.164486e-03	-2.302094e-02	2.834304e-02	1.424814e-02	2.297098e-02	3.300604e-02	1.931145e-02	-7.530825e-02	-8.442240e-03	2.351458e-02	2.253814e-02	-6.939635e-03	2.778543e-02	-1.674754e-02	-1.050472e-02	-3.885316e-02	-8.242054e-03	-4.605120e-02	3.189974e-02	3.057293e-02
-3.791722e-03	-2.506410e-02	2.985763e-02	1.539635e-02	1.993408e-02	3.622751e-02	1.928629e-02	-7.394928e-02	-1.548157e-02	2.778014e-02	2.575591e-02	-6.889285e-03	2.798630e-02	-1.386717e-02	-1.495340e-02	-3.698603e-02	-9.113783e-03	-5.084388e-02	3.572284e-02	3.233336e-02
-1.505584e-03	-2.533720e-02	2.623486e-02	1.722552e-02	2.102139e-02	2.398088e-02	1.984634e-02	-6.901783e-02	-2.761556e-03	1.655256e-02	1.928631e-02	-8.559241e-03	1.594992e-02	-1.339107e-02	-6.195844e-03	-3.047202e-02	-4.214866e-03	-3.680849e-02	2.570401e-02	2.856531e-02
-3.612685e-03	-2.134996e-02	2.482926e-02	1.539042e-02	2.358220e-02	3.267978e-02	2.117251e-02	-7.139643e-02	-2.925900e-03	1.828121e-02	2.228352e-02	-7.067653e-03	1.932047e-02	-1.278953e-02	-8.973175e-03	-3.758134e-02	-9.665415e-03	-4.730020e-02	3.003202e-02	3.294587e-02
-6.716827e-03	-2.322938e-02	2.640795e-02	1.919785e-02	2.265027e-02	3.302394e-02	2.494326e-02	-7.395991e-02	-6.345975e-03	1.943363e-02	2.445745e-02	-9.916726e-03	2.266292e-02	-9.562901e-03	-7.512502e-03	-3.946777e-02	-1.261490e-02	-5.197595e-02	3.260450e-02	3.422356e-02
-7.798356e-03	-2.553044e-02	2.654860e-02	2.001807e-02	1.953452e-02	3.539874e-02	2.693324e-02	-7.408574e-02	-1.342829e-02	2.366352e-02	2.882684e-02	-1.117107e-02	2.249846e-02	-8.117989e-03	-1.076972e-02	-3.806640e-02	-1.292785e-02	-5.663172e-02	3.796630e-02	3.708860e-02
-3.546436e-03	-2.666520e-02	2.454434e-02	2.267154e-02	1.999793e-02	2.151898e-02	2.645772e-02	-6.887649e-02	7.273302e-04	1.206100e-02	2.312354e-02	-1.196375e-02	6.509202e-03	-8.606189e-03	-1.465375e-04	-2.958348e-02	-1.110150e-02	-4.127438e-02	2.756356e-02	3.311991e-02
-6.460780e-03	-1.988226e-02	2.257899e-02	2.076612e-02	2.348314e-02	3.187165e-02	2.649776e-02	-7.025863e-02	2.059271e-04	1.418270e-02	2.444711e-02	-9.726234e-03	1.271061e-02	-9.891311e-03	-5.355607e-03	-3.727013e-02	-1.545362e-02	-5.071163e-02	2.914284e-02	3.752258e-02
-8.803183e-03	-2.332148e-02	2.621855e-02	2.655817e-02	2.238842e-02	3.094493e-02	3.057516e-02	-7.495179e-02	-2.389802e-03	1.472830e-02	2.960616e-02	-1.261843e-02	1.528195e-02	-8.583409e-03	-2.478449e-03	-3.937638e-02	-2.179116e-02	-5.548293e-02	3.263278e-02	4.011765e-02
-1.086541e-02	-2.528920e-02	2.595804e-02	2.605303e-02	1.962762e-02	3.408751e-02	2.901588e-02	-7.209844e-02	-1.240392e-02	2.004074e-02	3.225284e-02	-1.429780e-02	1.894792e-02	-9.414685e-03	-8.581626e-03	-3.602125e-02	-1.798178e-02	-5.725818e-02	3.734779e-02	4.174945e-02
-7.137597e-03	-2.621039e-02	2.423794e-02	2.678212e-02	1.834983e-02	2.153418e-02	3.040802e-02	-7.107300e-02	3.327668e-03	1.020585e-02	2.747502e-02	-1.354329e-02	3.013781e-03	-5.823425e-03	2.344557e-03	-2.997946e-02	-1.662531e-02	-4.644342e-02	2.905777e-02	3.741911e-02
-8.772608e-03	-1.957010e-02	2.145508e-02	2.596211e-02	2.241207e-02	2.912877e-02	2.998578e-02	-7.043147e-02	6.231249e-04	1.280556e-02	2.915875e-02	-1.219327e-02	9.476838e-03	-9.739608e-03	-2.805082e-03	-3.736795e-02	-1.885313e-02	-5.298948e-02	3.030628e-02	4.080471e-02
-9.987729e-03	-2.119483e-02	2.212571e-02	3.327189e-02	1.998754e-02	2.798828e-02	3.638051e-02	-7.386772e-02	-3.351972e-03	1.145978e-02	3.349017e-02	-1.701752e-02	1.358671e-02	-9.197167e-03	7.302027e-04	-4.054519e-02	-2.255153e-02	-5.384054e-02	3.121177e-02	4.113953e-02
-1.233128e-02	-2.235930e-02	2.100415e-02	3.332018e-02	1.359451e-02	2.932232e-02	3.581007e-02	-6.976117e-02	-1.266107e-02	1.587627e-02	3.537556e-02	-1.704448e-02	1.365299e-02	-6.910266e-03	-3.624156e-03	-3.853832e-02	-1.729110e-02	-5.698654e-02	3.705919e-02	4.399999e-02
-7.188161e-03	-2.249821e-02	1.939445e-02	3.598901e-02	1.337492e-02	1.518146e-02	3.460932e-02	-6.540002e-02	3.543497e-03	3.072716e-03	2.976378e-02	-1.751408e-02	-4.594414e-03	-4.938799e-03	7.304057e-03	-3.017189e-02	-1.604731e-02	-4.313957e-02	2.785742e-02	3.887338e-02
-7.374410e-03	-1.502095e-02	1.640036e-02	3.488538e-02	1.619059e-02	2.344449e-02	3.479780e-02	-6.782605e-02	-1.558986e-03	7.672073e-03	3.150687e-02	-1.438294e-02	6.421020e-03	-1.138759e-02	3.996490e-04	-3.956497e-02	-1.616569e-02	-4.759561e-02	2.795817e-02	4.100810e-02
-1.017301e-02	-1.701642e-02	1.720025e-02	4.085243e-02	1.262178e-02	2.084043e-02	4.219220e-02	-7.003022e-02	-4.284465e-03	7.057048e-03	3.540823e-02	-1.942156e-02	6.348003e-03	-8.198679e-03	5.116612e-03	-4.251801e-02	-1.977766e-02	-5.192759e-02	3.282965e-02	4.289251e-02
-1.130937e-02	-1.907313e-02	1.795865e-02	4.134079e-02	9.417380e-03	2.401661e-02	4.020149e-02	-6.646313e-02	-1.547026e-02	1.285083e-02	3.607931e-02	-1.838721e-02	1.012784e-02	-8.439101e-03	-2.232780e-03	-4.142383e-02	-1.588661e-02	-5.279471e-02	3.754184e-02	4.370482e-02
-5.939635e-03	-2.003754e-02	1.526539e-02	3.875207e-02	8.474207e-03	1.058060e-02	3.771864e-02	-6.586087e-02	1.153635e-03	3.973187e-03	3.082869e-02	-1.696704e-02	-5.628648e-03	-6.732007e-03	9.421199e-03	-3.390577e-02	-1.017319e-02	-3.963187e-02	2.809510e-02	3.849081e-02
-9.162546e-03	-1.380784e-02	1.375851e-02	3.816051e-02	1.268313e-02	2.003366e-02	3.838581e-02	-6.687531e-02	-4.579875e-04	7.145719e-03	3.375523e-02	-1.656451e-02	1.546385e-04	-8.941496e-03	3.244985e-03	-4.155260e-02	-1.561835e-02	-4.810369e-02	3.123811e-02	4.247601e-02
-1.094615e-02	-1.716658e-02	1.719399e-02	4.231099e-02	1.084583e-02	1.922064e-02	4.183345e-02	-7.096769e-02	-2.868876e-03	8.807930e-03	3.753700e-02	-1.856739e-02	2.276844e-03	-8.432622e-03	6.678510e-03	-4.131830e-02	-2.073725e-02	-5.111780e-02	3.238181e-02	4.307348e-02
