1.186255e+00	6.409220e-01	-4.412219e-01	7.158703e-01	-5.628474e-01	2.888911e+00	2.892318e-01	3.685632e+00	8.703964e-01	1.000327e+00	6.877242e-03	-1.245592e+00	2.550191e+00	2.330837e+00	1.150252e+00	3.812110e-01	-3.600286e+00	1.885459e+00	2.510156e-01	-1.333442e+00
7.111432e-01	-3.975760e-01	3.288574e+00	3.347249e+00	1.254606e+00	7.523872e-01	-2.334731e+00	3.239379e+00	-1.237844e-01	-1.256021e+00	3.433701e-01	-5.859564e-01	8.771918e-01	1.362986e+00	2.186689e+00	2.762511e+00	1.217066e+00	1.511495e+00	-1.069924e+00	3.252014e+00
-8.644066e-01	6.476073e-01	9.311530e-01	2.051330e+00	1.110540e-01	1.855638e+00	7.023359e-01	1.443085e+00	1.089117e+00	2.355293e-01	3.317655e-01	6.803077e-01	1.827255e+00	9.256690e-01	1.419561e+00	6.098603e-01	-3.959371e+00	1.285983e+00	1.582751e+00	-5.467765e-01
-6.204889e-01	-8.628178e-01	1.314494e+00	1.149806e+00	1.438727e+00	7.108024e-01	1.812156e+00	1.856680e+00	1.368567e+00	-1.284266e-01	9.635189e-01	-8.449342e-01	7.673674e-01	1.117866e+00	1.462459e+00	1.926639e+00	-2.236622e+00	1.732901e+00	-1.143346e-01	8.365632e-01
-1.946113e+00	1.191055e-01	-1.556971e-01	3.850165e+00	1.358806e+00	3.866670e+00	1.997168e+00	2.905430e+00	8.290226e-01	1.388614e+00	1.064176e+00	6.039195e-01	6.446143e-01	2.693536e+00	1.563724e+00	6.805513e-01	-2.940007e+00	3.143488e-01	1.343201e+00	-1.222550e+00
-8.464055e-01	-2.274073e-01	2.032291e+00	2.735860e+00	3.668201e+00	1.890162e+00	-4.836835e-01	1.202759e+00	-3.699633e-01	1.027739e+00	-2.866619e-01	1.271904e+00	-7.293590e-01	1.703471e+00	2.851281e+00	1.558455e+00	-1.640394e+00	4.964106e-01	9.428931e-02	1.379006e+00
-1.829673e+00	3.944779e-01	9.993836e-01	3.194502e+00	-1.746505e-01	3.658244e+00	1.760799e-02	3.945635e+00	1.391885e-01	9.869219e-01	2.457951e-01	8.150039e-01	1.198963e+00	3.013773e+00	1.223752e+00	1.480325e+00	-3.712005e+00	3.356842e-01	5.597935e-01	1.916136e-02
1.256229e+00	-4.535116e-01	3.233725e+00	2.825541e+00	1.139480e+00	1.938437e+00	2.201341e-01	4.507348e+00	-1.273908e-01	1.833494e+00	-6.870335e-01	-2.725172e+00	1.163911e-01	1.780838e+00	2.333641e+00	2.759669e+00	-2.253260e+00	2.209124e-01	-2.770949e+00	8.702793e-01
3.685894e+00	1.415196e+00	3.913916e+00	-9.347269e-01	-5.361274e-01	-3.364061e+00	-1.293744e+00	-9.666506e-01	7.621772e-01	-1.205649e+00	-2.016233e-01	9.848588e-02	9.981819e-01	-3.217410e+00	8.369698e-01	-1.707502e+00	1.972030e+00	-2.801492e-01	-1.068279e+00	2.604554e+00
-1.473102e+00	9.795733e-01	5.935751e-01	3.208042e+00	-9.004106e-01	4.475130e+00	4.870026e-01	4.051480e+00	9.514835e-01	1.260864e+00	6.577929e-02	-3.807356e-01	1.348241e+00	2.757396e+00	1.792077e+00	-2.766068e-01	-6.316190e+00	8.010792e-01	1.420152e+00	-1.530193e+00
-1.172211e+00	4.775604e-01	9.350848e-01	2.586660e+00	9.383522e-01	1.521608e+00	1.233978e+00	1.656405e+00	1.100019e+00	1.067341e+00	9.804633e-01	3.552010e-01	7.655610e-01	2.064881e+00	1.239923e+00	-9.366164e-01	-2.524098e+00	-3.419349e-01	1.533058e+00	-1.131113e+00
-1.551715e-01	-1.444651e-01	1.785054e+00	3.117776e+00	1.626144e+00	2.713212e+00	-9.931799e-01	2.373643e+00	-6.133874e-01	6.786783e-01	-8.339841e-01	5.305410e-02	9.883996e-01	2.428464e+00	2.175247e+00	2.092271e+00	-2.102040e+00	1.429727e+00	2.843811e-01	8.077878e-01
-3.215714e+00	3.650235e-01	1.706881e+00	4.302576e+00	-6.848774e-01	4.508778e+00	-6.060853e-02	5.096362e+00	-2.872600e-01	1.344768e+00	1.077639e+00	2.131255e-01	1.464405e+00	4.035580e+00	2.817490e-01	1.424748e+00	-3.508121e+00	-2.210167e-01	8.109362e-01	4.993920e-01
5.540524e-01	-4.583104e-01	1.963379e+00	3.225587e+00	1.266212e+00	1.987834e+00	2.612274e+00	3.595679e+00	-7.049980e-01	2.808896e+00	9.390470e-01	-7.460447e-01	-9.573617e-01	1.484731e+00	1.006205e+00	1.848651e+00	-3.057524e+00	-1.020402e+00	-1.582724e+00	3.589401e-01
-1.578191e+00	-6.510642e-01	4.065633e+00	5.982256e+00	7.386933e-02	3.527237e+00	-2.085229e+00	3.970904e+00	8.407476e-02	2.016043e+00	-6.976192e-01	-1.170198e+00	1.506124e-01	3.354818e+00	2.354480e+00	4.173471e+00	-2.650908e+00	-2.068205e+00	-2.169381e+00	1.466237e+00
-2.550165e-01	-4.820022e-01	2.469543e+00	3.360329e+00	2.037039e+00	2.431364e+00	-8.550817e-01	2.922582e+00	6.451908e-01	4.093826e-01	-4.670184e-01	-1.471062e+00	5.593970e-02	2.921034e+00	2.775436e+00	1.975117e+00	-1.842581e+00	1.633595e+00	-1.011766e+00	1.553576e+00
-1.301909e-01	5.121037e-01	2.642799e+00	2.795039e+00	2.077548e+00	2.348743e+00	-1.510174e+00	1.062269e+00	-1.256709e+00	1.066153e+00	-1.165112e+00	1.369096e+00	6.849387e-01	1.962624e+00	2.803842e+00	1.389248e+00	-2.508447e+00	3.465522e-01	6.661254e-01	8.787252e-01
4.568930e+00	-1.367890e-02	3.507304e+00	8.700755e-01	-1.059155e+00	-1.045721e+00	-1.678401e+00	2.762163e+00	-1.523307e-01	-8.846194e-01	4.496385e-01	-1.599056e+00	2.230054e+00	-1.373141e+00	1.659086e+00	1.831398e+00	6.516960e-01	7.755607e-01	-2.392642e+00	1.910791e+00
4.896907e-01	-1.120006e+00	1.106072e+00	3.172771e+00	9.220858e-01	3.636602e+00	1.760639e+00	5.119840e+00	-4.556850e-02	1.656193e+00	-8.426825e-01	-1.762439e+00	2.384523e-01	2.251788e+00	2.514500e+00	5.024275e+00	-3.377382e+00	1.399145e+00	-2.822317e+00	2.930241e-01
5.445838e-01	-6.897666e-01	1.950433e+00	2.461803e+00	1.753161e-01	2.160152e+00	1.493861e+00	3.110810e+00	1.057691e+00	5.270634e-01	1.388241e+00	-2.139806e+00	1.075991e+00	8.423927e-01	1.317493e+00	2.906208e+00	-3.237126e+00	1.267176e+00	-1.560243e+00	7.533652e-01
-5.602819e-01	-8.728416e-01	1.464989e+00	3.260927e+00	3.726780e+00	1.872356e+00	1.347240e+00	2.081292e+00	1.446616e+00	4.455369e-01	1.191172e+00	5.289493e-01	-3.518121e-01	6.966074e-01	3.170332e+00	6.711181e-01	-1.199227e+00	1.372065e+00	-4.036822e-01	8.400853e-01
1.004223e+00	-1.531254e-01	2.517923e+00	3.566811e+00	2.586702e+00	1.724570e+00	-8.352520e-01	2.334616e+00	-8.309811e-01	-2.803886e-01	-7.479254e-01	6.133529e-01	8.961042e-01	1.561571e+00	3.015719e+00	9.909871e-01	-2.923292e-01	1.248971e+00	7.032271e-01	1.472134e+00
1.986664e+00	-4.542875e-01	3.824645e+00	1.995408e+00	1.629300e+00	-1.338422e+00	-1.448450e+00	2.236793e-01	1.442115e+00	-1.496689e+00	1.148541e+00	2.308736e-02	8.464163e-01	-1.157091e+00	3.081453e+00	4.579078e-01	1.584186e+00	6.561110e-01	-1.300192e+00	2.227525e+00
-1.031750e+00	1.249150e+00	3.587430e+00	3.194761e+00	8.470055e-02	1.918896e+00	-2.884608e+00	2.669984e+00	-1.603039e-01	7.389380e-01	-5.910884e-01	-3.884387e-01	5.488171e-01	1.925777e+00	1.420316e+00	1.826747e+00	-2.376153e+00	-7.284197e-01	-1.358588e+00	2.268149e+00
-6.745153e-01	-4.220022e-01	2.649579e+00	4.707361e+00	1.311065e+00	3.498678e+00	-5.557655e-01	3.685042e+00	-4.461389e-01	9.959788e-01	-3.619332e-01	-1.104999e-01	3.806572e-01	2.336586e+00	2.680897e+00	2.404804e+00	-1.473203e+00	5.579909e-01	-4.289630e-01	1.421774e-01
-6.173538e-01	-1.685433e+00	-2.114239e-01	2.390567e+00	4.225139e+00	1.118543e+00	5.514201e+00	-2.220385e-01	3.031949e+00	3.599869e-01	5.465936e-01	1.077825e+00	-6.095441e-01	-2.610192e-01	3.982362e+00	9.000372e-02	-1.343349e+00	2.566406e+00	-7.895713e-01	-9.091099e-01
-1.100706e+00	-5.793668e-01	1.742695e+00	5.290650e+00	2.968168e+00	4.368650e+00	1.859883e-01	3.735254e+00	-3.233175e-01	1.336262e+00	-8.805478e-01	7.296956e-02	-5.223860e-01	3.449602e+00	3.630880e+00	3.632931e+00	-3.068488e+00	6.938653e-01	-2.281750e-01	5.284359e-01
3.934855e+00	-7.473138e-01	2.670970e+00	1.560133e-01	1.277774e+00	-1.917093e+00	-4.421541e-01	4.927731e-02	1.462468e+00	-1.573602e+00	3.720472e-01	-7.200352e-01	1.759476e+00	-1.791743e+00	2.876873e+00	5.278247e-01	1.236890e+00	2.206660e+00	-9.906514e-01	1.348117e+00
3.332557e+00	2.342620e-01	4.650017e+00	6.607982e-01	1.985319e+00	-2.241438e+00	-8.012796e-01	-1.417151e-02	-2.015640e-01	5.635713e-01	-7.826794e-01	3.168760e-01	-1.161351e+00	-2.033404e+00	2.422121e+00	-9.638284e-01	3.628997e+00	-1.143609e+00	-3.253439e+00	3.251598e+00
1.919078e-02	-7.396548e-01	3.981856e+00	4.432208e+00	2.124130e+00	2.207889e+00	-1.451425e+00	2.214773e+00	-2.787579e-02	4.139421e-01	-6.102801e-01	-2.053972e-01	-3.081480e-01	1.759818e+00	3.688077e+00	3.112647e+00	-1.588379e+00	2.395326e-01	-1.864393e+00	1.995595e+00
2.011162e+00	-2.267240e+00	-2.883587e+00	1.209739e+00	3.450510e+00	5.050882e-01	-8.606376e-01	-2.569364e-01	-1.560779e+00	-4.151720e-01	-3.410735e-01	1.757095e+00	-1.882221e+00	7.436663e+00	2.863050e+00	-6.434198e-01	-1.180091e+00	4.231086e-01	-4.412919e-01	6.684742e-01
-6.566731e-01	-6.888126e-01	1.846641e+00	3.100255e+00	1.999314e+00	3.152325e+00	-1.478851e+00	3.561451e+00	-1.311329e+00	1.940801e+00	-1.164630e+00	6.332942e-01	-7.975595e-01	3.803503e+00	2.381135e+00	4.085041e+00	-4.685318e-01	-4.555794e-01	-1.678806e+00	1.561036e+00
-1.192034e+00	-6.551871e-03	3.819035e+00	2.758671e+00	-5.741473e-01	1.299346e+00	-1.200727e+00	3.845779e+00	3.542451e-01	1.163982e+00	1.900880e+00	-4.746471e-01	8.018840e-01	2.071735e+00	1.001228e+00	-1.153568e+00	-1.602461e+00	-9.885044e-01	-7.023755e-01	1.316692e+00
7.516305e-01	7.276890e-01	2.418224e+00	2.063378e+00	-7.895401e-01	2.690496e-01	-1.796135e+00	1.666926e+00	-3.470399e-02	-5.212226e-01	2.754095e-01	1.141582e-01	2.630231e+00	1.231877e+00	7.383839e-01	8.978598e-01	-5.112321e-01	6.143096e-01	1.011679e+00	5.183093e-01
-1.235395e+00	8.374381e-02	2.743502e+00	2.067666e+00	-4.493283e-01	1.442334e+00	-1.814004e-01	3.091353e+00	1.660134e+00	8.382091e-01	2.033123e+00	-9.407380e-01	8.981891e-01	1.820233e+00	6.730841e-01	-7.981227e-01	-2.298186e+00	-2.075045e-01	-4.580459e-01	9.644275e-01
-1.652892e+00	1.199528e+00	1.658014e+00	5.218854e+00	1.037744e+00	5.190411e+00	1.490049e+00	4.432224e+00	-2.192080e-01	1.528906e+00	-1.380438e+00	-1.432035e+00	6.952786e-01	2.214124e+00	1.794025e+00	2.205717e+00	-4.260514e+00	1.752276e+00	2.708558e-01	4.427213e-02
-1.042916e+00	-2.723320e-01	1.963752e+00	3.446738e+00	1.879448e+00	3.101317e+00	4.632978e-01	4.270880e+00	7.921603e-01	7.282362e-01	-1.382042e-01	-2.270633e+00	3.080714e-01	2.456774e+00	1.881649e+00	2.339482e+00	-2.366864e+00	1.857327e+00	-8.684800e-01	1.240402e+00
-1.765159e+00	-1.368411e-01	3.583458e+00	3.876101e+00	-7.196303e-01	7.015192e-01	1.006580e-01	2.277131e+00	-1.806170e-01	1.894493e+00	1.870204e+00	-1.422851e-01	-8.105062e-01	2.330266e+00	-2.297810e-01	1.098105e+00	-4.009415e-01	-3.085654e+00	-7.746106e-01	1.137713e+00
-1.199410e+00	2.213152e-01	4.542883e+00	3.620765e+00	1.776371e+00	5.174701e-02	4.627182e-01	4.571407e-01	1.128504e+00	1.713689e+00	3.962350e-01	-9.491759e-01	-1.192737e+00	6.411103e-02	1.331961e+00	3.340171e-01	-1.731577e-01	-1.486003e+00	-8.154266e-01	7.860962e-01
8.436911e-01	-1.189633e-01	7.790440e-02	-4.884804e-01	3.903131e+00	-9.024223e-01	3.597474e+00	-2.225454e+00	3.149564e+00	-6.583257e-01	8.337764e-01	1.072156e+00	-8.316089e-01	-1.563930e+00	2.689892e+00	-1.026671e+00	1.092281e-01	2.108912e+00	-4.486511e-01	8.531435e-01
-1.297433e+00	8.361501e-01	3.258922e+00	2.918236e+00	1.686047e+00	1.599235e+00	-1.360132e+00	1.412467e+00	3.691596e-01	1.940639e-01	-7.786332e-01	-6.045215e-01	-4.919657e-01	1.549794e+00	2.001924e+00	1.795766e+00	-1.331114e+00	6.528068e-01	-6.450956e-01	2.339223e+00
3.561324e-01	-5.478176e-02	1.603116e+00	1.160411e+00	-8.806236e-03	-3.595820e-01	2.503095e+00	1.056735e+00	3.900217e+00	1.457724e-01	1.901157e+00	-2.118864e+00	-4.040657e-01	-1.229760e+00	1.278053e+00	3.070275e-01	-2.808615e+00	8.783658e-01	-1.125063e+00	9.173564e-02
-8.644368e-01	7.263084e-01	4.404216e-01	1.220625e+00	4.794288e-01	2.096747e+00	5.665893e-01	1.250605e+00	6.293831e-01	4.898093e-01	2.962399e-01	1.575209e+00	1.557832e+00	1.285265e+00	1.363137e+00	-8.229522e-03	-3.621340e+00	9.516254e-01	1.895466e+00	-6.330313e-01
-1.821546e+00	-2.524370e-01	1.228924e+00	2.894907e+00	-8.825977e-01	3.200069e+00	6.511939e-02	5.079918e+00	-4.087728e-01	1.216060e+00	7.422051e-01	-6.408378e-02	9.517849e-01	3.948963e+00	3.043403e-01	2.433152e+00	-1.165930e+00	-2.662700e-01	-4.600286e-01	8.276707e-01
6.370894e-01	-9.143393e-01	2.781990e+00	2.950085e+00	1.356755e+00	-1.823837e-01	7.805917e-01	1.914772e+00	2.673822e+00	-7.633662e-01	1.735369e+00	-4.005712e-01	-1.200826e-01	-1.150636e+00	2.554903e+00	3.889198e-01	-1.435641e+00	5.346583e-01	-1.800632e+00	2.039470e+00
-1.007884e+00	-8.222739e-01	1.676410e+00	2.961680e+00	1.117199e-01	2.022437e+00	3.277771e-01	4.086388e+00	9.815351e-02	9.763470e-01	5.938816e-01	-9.088356e-01	6.221095e-01	2.727581e+00	6.175371e-01	2.854537e+00	-1.556605e-01	3.911634e-01	-1.109539e+00	1.177206e+00
-4.116536e-01	-5.738487e-01	2.467093e+00	3.609891e+00	2.381167e+00	2.677084e+00	-1.570773e+00	2.585340e+00	-3.118013e-01	-3.030208e-02	-5.100709e-01	1.358397e-01	1.794878e-01	2.765902e+00	3.271730e+00	3.022113e+00	-8.401408e-01	1.264214e+00	-5.466577e-01	1.927054e+00
-6.658980e-01	-1.264355e+00	3.429182e+00	4.597168e+00	1.504402e+00	2.625786e+00	-9.319045e-01	3.863124e+00	-2.925596e-01	5.959103e-01	-2.073496e-01	-1.459350e+00	2.901777e-01	3.077597e+00	2.425002e+00	3.385451e+00	-5.195372e-01	7.090617e-01	-7.319524e-01	1.137798e+00
1.102988e+00	-1.109414e+00	9.119848e-01	2.364323e+00	3.471203e+00	3.496218e-01	1.651609e+00	1.401206e+00	1.894429e+00	-4.525516e-01	8.274897e-01	9.011940e-01	-1.182233e+00	-6.839829e-01	3.361548e+00	2.236502e-01	-2.810213e-02	1.952105e+00	-8.749231e-01	1.347075e+00
6.449988e-01	1.137039e-01	-2.055837e-01	8.691006e-01	1.026387e+00	2.131992e+00	2.004698e+00	2.924134e+00	-5.621624e-01	1.025181e+00	5.632459e-01	-5.289500e-01	1.293283e+00	2.176434e+00	1.505898e-01	1.826681e+00	-2.925424e+00	2.333707e+00	6.068584e-01	3.647746e-01
5.785303e-01	-1.447298e-01	4.084975e+00	8.207844e-01	1.374501e+00	-8.064832e-01	1.717233e-01	8.395845e-01	1.335042e+00	1.100587e+00	7.246108e-01	-9.926825e-01	-9.669092e-01	-3.525780e-01	1.617837e+00	4.368074e-01	-6.972160e-01	-1.169566e+00	-2.558944e+00	2.210936e+00
1.359413e+00	-9.715555e-01	-9.058383e-01	6.903674e-01	7.073632e+00	1.029895e+00	3.693621e+00	-1.136428e+00	6.112599e-01	4.104945e+00	-1.913146e+00	5.348990e+00	-5.963859e+00	6.979343e-01	6.023219e+00	-4.383147e+00	-1.105541e-01	-2.088615e+00	-1.758782e+00	-1.719041e+00
9.670618e-01	3.177005e-01	2.151445e+00	2.424277e+00	8.427480e-01	2.344445e+00	2.302352e+00	3.738361e+00	-4.970191e-02	1.161168e+00	-9.355774e-01	-2.566490e+00	8.905371e-02	3.565624e-01	7.994931e-01	4.109330e+00	-2.287573e+00	1.773862e+00	-2.742369e+00	1.590123e+00
1.449014e-01	-4.973297e-01	3.918337e-01	3.513360e+00	2.383967e+00	3.271593e+00	1.144642e+00	3.301291e+00	-5.018381e-02	1.047160e+00	-7.573991e-01	-2.613128e-01	7.227836e-01	2.064737e+00	2.233298e+00	2.167182e+00	-2.692052e+00	2.415330e+00	1.814568e-01	1.777969e-03
-8.928273e-02	1.324117e-01	7.802333e-01	2.044777e+00	1.371453e+00	2.131901e+00	8.775537e-01	1.307950e+00	1.019532e+00	5.345635e-01	-8.013135e-02	3.347407e-01	1.228676e+00	5.259913e-01	2.106194e+00	1.029205e+00	-3.760843e+00	1.660901e+00	1.069401e+00	-5.644162e-01
-1.975212e+00	-5.183977e-02	1.327523e+00	5.803323e+00	7.708203e-01	5.425590e+00	5.546753e-01	5.155331e+00	-1.630211e-01	1.811930e+00	-1.413829e-01	-6.495796e-01	1.154973e+00	3.538360e+00	2.045766e+00	2.706048e+00	-4.283536e+00	1.002432e+00	6.051113e-01	-8.671767e-01
5.060038e-01	-5.993285e-01	4.627830e+00	5.670703e+00	1.154247e+00	2.456234e+00	-1.753719e+00	3.840295e+00	-5.514117e-01	4.827300e-01	-2.051272e-01	-9.775068e-01	4.512952e-01	1.997035e+00	3.241051e+00	3.232476e+00	-3.055908e-01	-3.113453e-01	-1.509069e+00	1.696987e+00
-1.583444e+00	-6.212703e-01	4.838400e-01	5.491834e+00	1.541541e+00	5.588775e+00	1.474628e+00	4.814901e+00	5.621720e-01	1.449804e+00	-6.393288e-01	-8.793527e-01	3.866212e-01	3.341487e+00	3.052294e+00	3.917526e+00	-4.653491e+00	1.650775e+00	-1.148740e-01	-5.730392e-01
3.433525e+00	-5.763363e-01	4.337124e+00	1.019763e+00	1.656797e+00	-2.347821e+00	-1.417902e+00	-6.793229e-01	9.287300e-01	-9.675772e-01	7.185706e-01	9.459937e-01	1.133713e-01	-2.341118e+00	3.628078e+00	-5.656496e-01	2.998280e+00	-1.863858e-01	-2.089451e+00	2.206804e+00
-1.734751e+00	9.575704e-01	9.447076e-01	2.162364e+00	2.210124e+00	1.995603e+00	1.651877e+00	2.385121e-01	1.803927e+00	9.301897e-01	6.689981e-01	7.642474e-01	-9.640866e-02	6.676309e-01	1.791686e+00	-1.131824e+00	-2.987244e+00	7.534426e-01	9.684563e-01	-1.778590e-01
2.209762e-01	-1.123989e-01	2.433810e+00	4.382749e+00	3.002230e+00	1.988627e+00	1.690884e-01	1.719715e+00	2.788613e-01	1.512976e-01	-6.597089e-01	-2.200081e-01	1.914773e-01	1.094887e+00	3.258162e+00	2.607245e+00	-2.339942e+00	1.301011e+00	1.346786e-01	9.424280e-01
2.498091e+00	-8.017870e-01	3.727092e+00	4.199910e-01	6.516638e-01	-2.167455e+00	4.709449e-02	8.373526e-01	2.166320e+00	-1.069043e+00	1.788527e+00	-1.973575e+00	1.213713e+00	-5.293785e-01	1.723941e+00	-6.230187e-01	2.440075e+00	7.975147e-01	-1.265287e+00	1.785579e+00
6.354842e-01	1.058185e+00	2.983580e-01	1.914113e+00	1.224903e+00	2.605962e+00	1.698703e+00	3.774975e+00	-5.176783e-01	1.057197e+00	-1.800976e+00	-1.726432e+00	5.459233e-01	7.452159e-01	6.221994e-01	3.187507e+00	-2.290201e+00	2.085425e+00	-4.425205e-01	9.699577e-01
-2.850677e-01	-4.296991e-01	2.634634e+00	3.863451e+00	1.908405e+00	1.877669e+00	3.866521e-01	3.030970e+00	-9.402221e-03	1.132198e+00	1.389169e+00	-1.195889e+00	5.098422e-01	1.915203e+00	1.729482e+00	1.374352e+00	-2.145924e+00	7.360265e-01	-1.646846e-01	9.869503e-01
5.527052e-01	-7.351755e-01	2.349247e+00	2.109970e+00	1.913099e+00	5.448499e-01	9.205720e-01	2.025737e+00	1.358888e+00	-3.386517e-01	1.921895e+00	-3.242821e-01	4.178971e-01	-8.590213e-02	2.336670e+00	5.336182e-01	7.351237e-03	6.950656e-01	-5.111461e-01	1.358428e+00
4.991039e-01	-1.284541e+00	1.930550e+00	3.346682e+00	6.498689e-01	3.464072e+00	7.639592e-01	5.793719e+00	-4.386401e-01	1.615619e+00	-7.178742e-01	-1.968601e+00	2.567583e-01	2.634108e+00	2.065647e+00	4.609315e+00	-3.011213e+00	1.199559e+00	-3.057489e+00	1.323945e+00
-1.265216e+00	-5.117369e-01	2.849714e+00	4.176801e+00	2.193097e+00	3.113889e+00	1.073556e+00	3.228083e+00	-4.520776e-01	2.841079e+00	1.393233e+00	5.925690e-01	-3.699358e-01	2.347587e+00	2.043143e+00	9.827871e-01	-1.094281e+00	-1.450983e+00	-1.057396e+00	1.173388e-01
2.030515e+00	-3.783869e-01	1.187301e+00	1.062177e+00	1.620769e+00	5.725221e-01	-4.093425e-01	-6.261398e-01	2.752990e+00	2.074552e-01	-7.035371e-01	-3.633604e-01	1.416066e+00	-1.792340e+00	3.344460e+00	2.481442e+00	-4.187683e+00	2.370626e+00	-1.766426e+00	-3.895284e-01
-8.099831e-01	-6.675315e-01	2.016561e+00	4.842206e+00	2.978687e+00	3.285162e+00	-6.469654e-01	3.032473e+00	-3.508056e-01	7.041563e-01	-9.269749e-01	2.342523e-01	-3.199898e-01	3.064950e+00	3.653823e+00	2.890631e+00	-1.155420e+00	1.140780e+00	-1.210296e-01	7.847973e-01
6.663537e-01	-1.414432e+00	6.253893e-01	2.562424e+00	3.196595e+00	1.503475e+00	2.770425e+00	1.832949e+00	2.844221e+00	1.305732e-01	1.289861e+00	-1.531964e-01	-7.464695e-01	-7.963718e-01	3.845124e+00	8.082487e-01	-1.977912e+00	1.947056e+00	-1.397969e+00	2.137241e-01
2.862290e-02	-1.082709e+00	1.044517e+00	3.360562e+00	1.826682e+00	3.425579e+00	1.134035e+00	4.598345e+00	8.852668e-02	8.525096e-01	-9.569462e-02	-1.967696e+00	9.272764e-01	3.201503e+00	2.036916e+00	5.055443e+00	-2.285967e+00	1.602228e+00	-1.429340e+00	9.389084e-01
-4.677873e-01	-9.515937e-01	3.323360e+00	3.604435e+00	4.223014e+00	1.081247e+00	-4.788632e-01	1.600056e+00	1.141982e+00	9.673809e-01	1.992281e-01	-6.160753e-01	-7.680039e-01	1.157344e+00	3.950098e+00	1.854972e+00	-1.121620e+00	1.061342e+00	-1.626031e+00	1.731186e+00
-3.939176e-02	2.568397e-01	3.795209e+00	2.407525e+00	1.117681e+00	6.384418e-01	-1.167151e+00	1.641261e+00	-7.839892e-01	8.329096e-01	1.337046e+00	4.374777e-01	5.259966e-01	1.588077e+00	1.285888e+00	3.059524e-03	-1.335935e+00	-8.112345e-01	-2.408218e-01	1.866168e+00
-1.480754e+00	-4.866220e-01	1.621393e+00	5.694221e+00	2.276531e+00	4.289872e+00	-1.102472e-01	5.576442e+00	-3.630832e-01	1.546626e+00	4.686050e-01	-1.190696e+00	4.748007e-01	3.051246e+00	1.807877e+00	3.007565e+00	-2.091019e+00	1.656076e+00	-4.686512e-01	8.869591e-01
-3.133469e-01	1.081786e+00	-1.284019e-01	8.426456e-01	8.469000e-02	1.911178e+00	4.505322e-01	1.498168e+00	-3.809487e-03	2.641247e-01	1.248020e-01	1.620810e+00	2.046074e+00	1.156851e+00	8.848183e-01	-8.453275e-01	-3.342805e+00	1.261651e+00	1.962530e+00	-2.955077e-01
-1.630744e+00	-1.160855e+00	4.025744e+00	4.641454e+00	-3.295603e-01	1.937462e+00	-2.540534e-01	4.735211e+00	-3.617257e-01	2.082089e+00	1.379939e+00	-2.045626e+00	-3.409036e-01	3.306163e+00	2.265988e-02	3.735271e+00	1.119453e-01	-1.916746e+00	-2.346972e+00	2.287290e+00
-1.367768e+00	-9.393112e-01	2.560966e+00	4.471404e+00	-1.755187e-01	3.316313e+00	-1.053024e+00	4.852030e+00	-9.444127e-01	5.451545e-01	-6.858063e-01	-1.193731e+00	4.535646e-01	4.223466e+00	1.282981e+00	3.995346e+00	-5.696816e-02	3.044344e-01	-1.040334e+00	1.473443e+00
3.074329e-01	-5.826297e-01	-3.033183e-01	1.360574e+00	2.358870e+00	1.073133e+00	3.188136e+00	7.466664e-01	2.236662e+00	2.878239e-01	5.731164e-01	5.425040e-01	3.158733e-01	-8.241160e-02	2.473292e+00	7.879906e-01	-2.945349e+00	2.188848e+00	6.578134e-01	-7.934765e-01
-8.823964e-01	2.921523e-01	2.313873e+00	4.477648e+00	2.529877e+00	2.788618e+00	-2.544132e-01	1.377280e+00	-3.264220e-01	1.147779e+00	-8.163662e-01	9.159154e-01	4.716468e-01	1.575646e+00	2.781170e+00	1.458506e+00	-2.682145e+00	6.222047e-01	4.955662e-01	2.457897e-01
-1.123651e+00	-1.152832e+00	2.668352e+00	4.481389e+00	-1.695000e-01	2.685450e+00	3.458331e-02	4.237958e+00	-1.367327e-01	1.715188e+00	1.664375e-01	-1.841000e+00	3.584759e-01	3.650707e+00	8.535300e-01	4.233383e+00	-4.898326e-01	-5.122445e-01	-1.406372e+00	5.677427e-01
-9.419499e-01	6.730024e-01	1.654123e+00	4.470295e+00	1.892643e+00	3.758686e+00	9.008049e-01	3.443076e+00	5.692206e-01	1.294465e+00	-1.322890e+00	-1.853165e+00	-3.289056e-01	1.387013e+00	2.297043e+00	3.188246e+00	-3.410553e+00	1.541880e+00	-9.852944e-01	6.282809e-01
-1.457164e+00	-3.467343e-01	1.602920e+00	3.184386e+00	-1.175816e+00	2.516767e+00	4.128871e-02	4.327494e+00	-6.854282e-02	5.698717e-01	8.752167e-02	-6.503373e-01	1.444523e+00	3.478177e+00	3.666900e-01	2.929905e+00	-9.668257e-01	4.434350e-01	-2.098822e-01	4.776801e-01
-1.124305e+00	-6.538336e-01	2.886038e+00	2.970095e+00	-7.408627e-01	1.677379e+00	-5.066581e-01	3.937678e+00	-6.681642e-01	1.669373e+00	4.318194e-01	-7.709000e-01	1.741122e-01	3.199966e+00	1.417846e-01	2.529602e+00	-5.303474e-01	-1.716787e+00	-1.460550e+00	1.898973e+00
-1.670706e+00	8.905722e-01	3.280036e+00	3.163862e+00	2.701110e+00	2.243834e+00	-1.094700e+00	1.444370e+00	-3.108284e-01	1.451143e+00	-2.047210e+00	5.112381e-01	-1.288428e+00	1.970651e+00	2.574277e+00	2.498269e+00	-1.702946e+00	-4.783254e-01	-1.200889e+00	1.899675e+00
2.633099e+00	-3.246404e-01	4.946499e+00	-5.102108e-01	3.684162e-01	-3.061535e+00	-2.827001e+00	1.266587e+00	1.097416e+00	-6.676479e-01	1.201358e+00	-8.100984e-01	4.796599e-01	-8.916491e-01	2.072362e+00	-9.653973e-01	2.869813e+00	-8.609308e-01	-2.730323e+00	3.207194e+00
9.351530e-01	-4.590931e-01	1.683860e+00	4.152682e+00	2.452636e+00	3.733899e+00	2.685548e-01	3.024283e+00	-1.252683e+00	1.172534e+00	-2.312362e+00	7.994928e-01	3.441928e-01	2.323282e+00	3.583635e+00	2.120699e+00	-2.276122e+00	1.836523e+00	-3.139228e-02	3.028354e-01
-6.705692e-02	-4.810155e-01	1.012759e+00	2.564760e+00	2.393008e+00	1.424040e+00	-4.137655e-01	2.865445e+00	6.872346e-01	-1.865890e-01	8.168306e-02	5.827275e-01	-6.666758e-01	1.413020e+00	2.802275e+00	2.296252e+00	-7.226591e-01	1.446680e+00	-1.434086e+00	2.027804e+00
4.058893e+00	-1.070222e+00	5.080659e+00	1.744255e+00	1.748823e+00	-2.409882e+00	-2.977760e+00	6.430571e-01	7.097784e-01	-1.629020e+00	2.840926e-01	-1.096175e+00	4.040538e-01	-1.716355e+00	3.582693e+00	1.771010e+00	3.158579e+00	5.641472e-01	-2.774840e+00	3.365674e+00
-2.758133e-01	-5.917612e-01	3.104457e+00	4.611742e+00	1.641414e+00	2.314199e+00	1.404983e-01	2.648656e+00	-4.572156e-01	2.836961e+00	-2.906107e-01	7.111661e-01	-8.873989e-01	1.658248e+00	2.687201e+00	1.538119e+00	-7.376426e-01	-2.291722e+00	-1.854588e+00	2.765951e-02
-1.357967e+00	-5.515316e-01	1.777496e+00	4.623545e+00	1.575354e+00	4.440386e+00	4.462378e-01	4.781219e+00	3.963280e-01	1.205125e+00	2.431641e-01	-1.699103e+00	1.104014e+00	2.554614e+00	2.573075e+00	3.871581e+00	-4.123065e+00	1.521312e+00	-7.743056e-01	1.328402e-01
-1.744171e+00	-1.657011e+00	4.186019e+00	3.606231e+00	-9.125885e-01	1.481183e+00	-9.412125e-01	4.411210e+00	-2.469944e-01	9.005787e-01	3.567909e-01	-1.981749e+00	1.083579e-02	3.502457e+00	4.554116e-01	3.291599e+00	6.852356e-01	-9.474526e-01	-2.146471e+00	2.040093e+00
2.596655e-01	-1.360991e+00	1.600198e+00	1.988588e+00	5.133723e+00	-4.614951e-01	2.139790e+00	-1.459800e+00	2.547284e+00	3.469003e-01	8.187045e-01	1.595599e+00	-2.322261e+00	-9.564424e-01	4.288134e+00	6.160332e-01	2.022998e-01	6.457859e-01	-1.850468e+00	1.152726e+00
-7.527942e-01	-2.267005e-01	1.293097e+00	2.426913e+00	7.191797e-01	1.665389e+00	1.224667e+00	3.187028e+00	2.052770e+00	-2.087213e-01	2.959693e+00	-6.196029e-01	9.412374e-01	2.087180e-01	1.062722e+00	4.837340e-01	-2.137043e+00	1.650355e+00	1.368092e-01	1.129115e+00
-4.199177e-01	2.747108e-01	3.446667e-01	2.643826e+00	-8.670042e-01	2.302589e+00	1.870425e+00	3.644368e+00	9.444464e-01	-2.265745e-01	1.190770e+00	-1.256702e+00	3.173172e+00	1.720381e+00	3.926287e-01	1.040029e+00	-2.849097e+00	1.691060e+00	2.092792e+00	-1.032044e+00
-1.746569e-01	-6.977638e-01	1.523387e+00	3.352235e+00	1.299142e+00	2.159176e+00	9.770654e-01	4.111906e+00	5.188666e-01	1.271413e-01	7.753945e-01	-1.888250e+00	1.838629e+00	2.385881e+00	2.046485e+00	2.227516e+00	-1.882480e+00	1.457961e+00	6.650043e-01	-1.162510e-01
1.142697e+00	-4.895030e-01	2.146270e+00	4.347322e+00	2.600386e+00	3.422918e+00	-5.023505e-01	4.653104e+00	-1.917309e+00	3.307959e+00	-1.627442e+00	4.494487e-01	-1.130712e+00	2.386978e+00	3.174517e+00	3.665033e+00	-1.084624e+00	-1.549991e+00	-2.141261e+00	2.084231e-01
-9.076609e-01	3.942766e-01	1.322680e+00	5.531887e+00	-2.186696e-01	5.329265e+00	-4.452282e-01	4.478839e+00	-3.203706e-01	1.142963e+00	-1.449818e+00	-1.050079e+00	1.450530e+00	2.885586e+00	2.463628e+00	4.099521e+00	-5.421548e+00	1.141149e+00	2.140602e-01	-7.707344e-01
-5.014692e-01	-7.978880e-01	1.900070e+00	5.118321e+00	3.196104e+00	3.945063e+00	-7.494933e-01	3.590470e+00	-1.977070e-01	1.361048e+00	-1.293537e+00	1.592077e-01	-8.365416e-01	2.764599e+00	3.831173e+00	3.941616e+00	-2.190037e+00	1.002199e+00	-1.640760e+00	1.049341e+00
-1.492917e+00	1.303012e-01	1.838424e+00	1.524134e+00	6.774637e-01	7.527053e-01	3.966752e+00	5.665605e-01	3.290757e+00	1.075273e+00	3.244683e+00	-7.079916e-01	-7.912748e-01	2.088197e-01	1.730607e+00	-1.928327e+00	-4.939340e+00	-4.899768e-01	-1.171115e-01	-6.021758e-01
-2.908884e+00	-6.141531e-01	1.873842e+00	4.511389e+00	-2.972962e-01	3.367065e+00	1.783987e+00	4.231549e+00	1.743523e+00	2.196521e+00	1.733299e+00	-5.765249e-01	-6.515669e-01	2.395569e+00	8.814246e-01	2.052563e+00	-4.379397e+00	-1.278584e+00	-1.066010e+00	3.220451e-01
-1.170309e+00	-4.584506e-01	2.011563e+00	3.568607e+00	2.846740e-01	2.163444e+00	1.000969e+00	4.451077e+00	4.458585e-01	2.470424e+00	8.686114e-01	-7.185353e-02	-3.426754e-01	1.723044e+00	4.621380e-01	1.965624e+00	-2.427685e+00	-1.640520e+00	-2.064488e+00	1.212535e+00
-7.390978e-01	1.162090e+00	2.303735e+00	2.768396e+00	1.748259e+00	1.371100e+00	1.003147e+00	4.566265e-01	1.788394e+00	2.817953e-01	-1.112046e-01	2.627045e-01	-5.258018e-01	-5.706334e-01	2.018240e+00	2.045242e-01	-2.763565e+00	4.956202e-01	-8.458272e-01	1.344135e+00
-7.134592e-03	-6.947612e-01	4.906980e-02	2.478196e+00	2.749317e+00	2.528968e+00	1.511740e+00	3.516055e+00	5.871983e-02	7.511880e-01	-4.557120e-01	-8.877818e-02	5.464553e-01	1.843936e+00	2.504422e+00	1.912251e+00	-1.741510e+00	2.210132e+00	8.159266e-02	4.943857e-01
-1.477091e+00	-2.112690e-01	2.398663e+00	5.366979e+00	2.340227e+00	3.772247e+00	-1.020431e+00	3.526069e+00	-2.690314e-01	1.380431e+00	-4.982903e-01	3.092216e-01	-8.305675e-02	2.923037e+00	3.036320e+00	3.470422e+00	-2.027847e+00	8.167123e-02	-8.462301e-01	8.518240e-01
-9.046904e-01	-1.819561e-01	1.672920e-01	1.932643e+00	1.219984e+00	2.779113e+00	1.102108e+00	4.135565e+00	1.021345e+00	2.086289e+00	2.024111e-01	-5.372172e-01	1.667363e-01	2.277922e+00	1.695244e+00	1.475697e+00	-4.715199e+00	3.432798e-01	-8.362965e-01	-4.772627e-01
-1.552229e+00	3.276335e-01	-1.934202e-01	4.565767e+00	-1.284996e+00	5.874549e+00	1.038981e+00	7.977078e+00	-7.603522e-01	2.284151e+00	-4.648772e-01	-1.783054e+00	2.430688e+00	4.216268e+00	3.323429e-01	4.458082e+00	-5.059799e+00	1.056805e+00	1.600696e-01	-1.118059e+00
4.840705e+00	-1.114808e-01	3.710439e+00	-2.503968e-01	1.730802e+00	-2.316263e+00	-2.099338e+00	4.853407e-01	4.170672e-01	-9.121057e-01	-7.779586e-01	-8.063854e-01	3.665475e-01	-1.591707e+00	3.301937e+00	3.269336e-01	3.281682e+00	6.681186e-01	-2.868131e+00	2.556707e+00
-1.539450e+00	-1.651456e-01	2.558044e+00	5.189673e+00	3.272565e+00	3.384016e+00	-8.756306e-01	2.365524e+00	-6.121157e-01	1.130172e+00	-1.199740e+00	1.232978e+00	-6.671267e-01	2.432191e+00	3.816466e+00	2.000807e+00	-2.225081e+00	-5.225829e-02	-4.274469e-01	6.641616e-01
-1.098223e+00	-3.066996e-01	2.514635e-01	3.910987e+00	6.281465e-01	2.232081e+00	2.741215e+00	3.758119e+00	1.846426e+00	6.551101e-01	2.072187e+00	-5.322463e-01	8.701058e-01	1.768373e+00	1.034906e+00	1.394677e+00	-1.735602e+00	2.616965e-01	2.325800e-01	-5.303904e-01
4.663839e-01	-7.985117e-01	1.854904e+00	4.598944e+00	-1.245360e-01	4.403088e+00	-1.192239e-01	6.882469e+00	-1.254787e+00	1.908354e-01	-4.190679e-01	-3.402909e+00	1.940323e+00	3.943015e+00	1.158631e+00	5.485132e+00	-2.615043e+00	2.468731e+00	-1.091210e+00	1.618087e+00
-2.864486e-01	-1.231796e+00	1.434500e+00	2.354210e+00	5.421208e+00	-2.267937e-02	1.927184e+00	-1.127649e+00	2.480394e+00	6.357872e-01	7.677382e-01	1.977275e+00	-2.906917e+00	-9.868264e-01	4.519525e+00	4.126913e-01	-6.145547e-01	4.189497e-01	-1.885057e+00	1.180516e+00
3.562927e+00	-1.228364e+00	4.477919e+00	1.863522e+00	2.535610e+00	-2.454883e+00	-1.039544e+00	-3.874270e-02	9.710692e-01	-1.709570e+00	4.069623e-01	3.519033e-02	4.207683e-01	-1.799766e+00	4.081711e+00	4.374738e-01	3.878457e+00	1.016097e+00	-2.545977e+00	2.944267e+00
-1.561096e+00	-8.350465e-01	9.379260e-01	4.764109e+00	3.131986e+00	3.488058e+00	1.874409e+00	2.167425e+00	1.641100e+00	1.095843e+00	-4.368529e-01	2.369261e-02	-9.222633e-01	1.278921e+00	3.828419e+00	3.302989e+00	-3.467058e+00	1.431057e+00	-1.045597e+00	-1.502290e-01
2.074637e+00	-8.624291e-01	3.606756e+00	1.728732e+00	1.402287e+00	-4.608562e-01	-9.967858e-01	1.507594e+00	9.517916e-01	-1.114525e+00	1.033067e+00	-8.214677e-01	6.516033e-01	-9.155151e-02	3.242063e+00	1.526633e+00	6.603952e-01	1.287747e+00	-1.909885e+00	2.204356e+00
5.114706e-01	-1.210072e-01	1.261483e+00	1.735788e+00	-6.373082e-01	1.828929e+00	8.060159e-01	4.638622e+00	1.116342e+00	1.846994e+00	5.567907e-01	-1.619935e+00	6.854489e-01	1.591553e+00	1.167624e+00	7.605154e-01	-3.094043e+00	-2.036465e-01	-1.694713e+00	-6.832360e-01
-8.539755e-01	-1.030481e-01	1.656789e+00	2.641989e+00	2.304778e+00	2.384654e+00	-4.405345e-01	2.202007e+00	1.298995e-01	1.273224e+00	-2.198077e-01	9.989510e-01	3.390397e-01	1.815961e+00	2.798265e+00	1.412159e+00	-1.911910e+00	4.763084e-01	-4.481980e-01	3.616345e-01
-7.924940e-01	-3.329132e-01	7.803814e-01	2.654400e+00	9.589671e-01	1.832189e+00	1.477635e+00	2.836323e+00	2.551454e+00	-1.821382e-01	2.221155e+00	-5.876449e-01	5.492971e-01	5.792562e-01	1.600984e+00	1.487433e+00	-3.557507e+00	1.623964e+00	2.253579e-02	5.060442e-01
6.439095e-01	-1.107045e+00	1.372470e+00	3.771455e+00	8.414787e-01	4.335294e+00	1.341930e-01	6.950799e+00	-7.243701e-01	5.941650e-01	-4.087838e-01	-3.498100e+00	2.240341e+00	3.474302e+00	1.459348e+00	5.691383e+00	-2.782643e+00	3.220045e+00	-1.743600e+00	1.695891e+00
-9.345674e-01	-1.036789e+00	3.200699e+00	2.818475e+00	9.649399e-01	2.136547e+00	-1.233934e-01	3.393743e+00	-1.543097e+00	2.283012e+00	-2.033165e-01	1.896047e-01	-1.138724e+00	3.115529e+00	1.419921e+00	2.191125e+00	-5.156604e-02	-1.091799e+00	-1.693932e+00	1.319161e+00
2.288284e+00	-7.220603e-01	1.424954e+00	3.350478e+00	1.216262e+00	3.632249e+00	-6.686541e-01	5.680824e+00	-1.329134e+00	1.055085e+00	-1.724914e+00	-1.869165e+00	1.394328e+00	2.278594e+00	2.575191e+00	4.656205e+00	-1.792157e+00	1.957537e+00	-1.548725e+00	9.777057e-01
3.439846e-01	8.926312e-02	2.220006e-01	1.451069e+00	1.693336e+00	1.401304e+00	4.087073e-01	2.427703e+00	5.698091e-02	2.367904e-01	7.897710e-01	5.689169e-01	3.025864e-01	1.471681e+00	1.154883e+00	9.334241e-01	-1.413458e+00	1.472288e+00	5.521656e-01	1.019790e+00
2.807702e-01	-7.351983e-01	1.344544e+00	2.362595e+00	1.723199e+00	2.259668e+00	2.100387e+00	3.137526e+00	-8.250414e-02	2.232942e+00	-3.823881e-02	-8.122597e-01	-3.552577e-01	1.462831e+00	1.835961e+00	3.251555e+00	-3.197159e+00	3.511299e-01	-2.093956e+00	1.593321e-01
6.977156e-01	-1.261172e+00	-2.839309e-01	1.771781e+00	3.205997e+00	7.811993e-01	2.889834e+00	1.008790e+00	2.403899e+00	-9.648101e-02	1.002161e+00	-8.194368e-02	-4.068317e-01	1.415187e-01	2.581130e+00	1.222803e+00	-8.967977e-01	2.044609e+00	-8.955107e-01	5.088874e-01
-1.546578e+00	-9.423457e-01	3.216549e+00	2.739852e+00	-1.289499e+00	1.676031e+00	-1.251023e+00	4.422881e+00	-2.656632e-01	-3.378132e-02	1.567242e-01	-9.388725e-01	9.762306e-01	3.365430e+00	5.621356e-01	2.803061e+00	3.394465e-01	1.453062e-01	-1.176771e+00	1.936928e+00
3.316503e+00	-1.096986e+00	3.323616e+00	1.377764e+00	2.239630e+00	-1.651443e+00	-4.573478e-03	2.021796e-03	1.340256e+00	-8.830057e-01	7.778335e-01	-4.637967e-01	1.125632e+00	-1.594228e+00	3.145446e+00	6.936567e-01	2.623238e+00	1.356866e+00	-1.652366e+00	1.705548e+00
-1.657470e+00	-6.289110e-01	3.879947e+00	4.422040e+00	2.108648e+00	2.133388e+00	-1.308119e+00	2.441941e+00	4.023049e-01	1.745457e+00	-3.337083e-01	7.702108e-01	-1.278812e+00	1.680176e+00	3.064851e+00	2.480737e+00	-2.028012e+00	-2.037213e+00	-2.655548e+00	2.089046e+00
-5.093412e-01	4.493005e-01	1.945018e+00	4.054403e+00	1.202893e-01	3.677872e+00	5.978456e-01	5.109115e+00	6.657017e-01	5.295405e-01	-5.875229e-01	-3.952759e+00	2.013956e+00	2.271197e+00	1.218739e+00	3.964519e+00	-3.714298e+00	2.113977e+00	-4.286713e-01	5.184439e-01
4.306721e-01	-3.662632e-01	7.880310e-01	1.658139e+00	-3.732403e-01	1.820956e+00	1.656810e+00	4.065418e+00	2.040668e+00	7.356575e-01	1.266983e+00	-1.888155e+00	1.538075e+00	1.352657e+00	1.728054e+00	3.766509e-01	-3.358557e+00	8.550767e-01	-4.163635e-01	-9.986610e-01
-7.213540e-02	-2.275880e-01	1.581819e+00	2.699068e+00	8.743295e-01	2.326761e+00	-8.628770e-01	2.588083e+00	-8.416905e-01	9.085398e-01	-7.531952e-01	1.103896e+00	-1.525952e-01	2.453223e+00	2.255047e+00	2.416238e+00	2.835290e-01	-1.951579e-01	-1.203769e+00	7.974698e-01
-2.625796e-02	6.149363e-02	1.554728e+00	1.499515e+00	1.099406e+00	1.031323e+00	-2.478728e-01	3.059598e+00	1.107702e+00	9.562912e-01	1.128450e+00	-4.937505e-01	7.459857e-01	2.120337e+00	1.597810e+00	-1.393035e-01	-2.216786e+00	1.638204e-01	-7.699905e-01	1.769745e-01
-1.045940e+00	-1.071303e+00	1.973743e+00	2.578304e+00	7.131484e-01	1.448985e+00	1.302946e+00	3.758456e+00	3.850642e-01	1.425348e+00	5.093100e-01	-6.693259e-01	-1.982094e-01	2.125650e+00	9.186699e-01	1.905445e+00	-1.843595e+00	2.632486e-01	-1.147941e+00	1.282924e+00
-5.231146e-01	5.785420e-01	7.505795e-01	5.727413e-01	6.430860e-01	1.177129e+00	2.030043e+00	9.953662e-01	1.941404e+00	-1.345905e-01	2.618669e-01	-2.851168e-01	3.763012e-01	7.011294e-01	1.639742e+00	-6.645287e-01	-1.932887e+00	1.378611e+00	3.409688e-01	3.480263e-01
2.843794e-01	-1.559302e+00	1.911070e+00	2.346532e+00	5.460455e+00	-7.730237e-01	1.805731e+00	-1.426020e+00	2.293055e+00	-4.394006e-01	5.235819e-01	6.769427e-01	-1.931364e+00	-6.407908e-01	4.178450e+00	1.048605e+00	3.520213e-01	1.372498e+00	-8.753777e-01	1.531155e+00
-9.200967e-01	-3.855727e-01	3.509032e+00	4.037844e+00	7.460371e-01	8.036383e-01	1.379156e+00	3.013856e+00	1.929787e+00	2.105647e+00	1.508060e+00	-1.096179e+00	-5.475917e-01	3.321576e-01	1.426719e+00	-2.311805e-01	-1.421217e+00	-1.741840e+00	-2.013407e+00	1.062419e+00
1.281332e+00	-4.826937e-01	1.508409e+00	1.683833e+00	2.331235e+00	-3.891285e-01	5.016667e-01	6.611826e-01	7.671685e-01	-2.167366e-01	6.368684e-01	1.341125e+00	-1.950717e-01	1.188475e-01	2.497558e+00	2.286824e-02	1.489458e+00	5.253844e-01	-7.048924e-01	1.125642e+00
-8.069551e-01	-7.830228e-01	1.888751e+00	5.523463e+00	2.160943e+00	4.733391e+00	-1.176065e-01	5.098864e+00	-1.419033e-01	1.297605e+00	-3.247792e-01	-1.052784e+00	5.071782e-01	3.389322e+00	2.891290e+00	3.998351e+00	-2.816971e+00	1.373856e+00	-9.801415e-01	7.034000e-01
-1.648183e+00	7.107472e-01	2.777072e+00	4.691608e+00	8.919426e-01	3.067454e+00	1.779531e+00	3.154962e+00	-3.567051e-01	1.265919e+00	-2.161008e-02	-2.302866e+00	6.911014e-01	2.893680e+00	1.366282e-01	2.943478e+00	-1.924692e+00	3.997946e-01	4.275452e-01	1.136683e+00
-6.087422e-01	-6.671618e-01	8.995931e-01	1.782599e+00	6.566329e-01	1.250878e+00	1.434539e+00	3.167382e+00	2.491260e+00	-8.535166e-01	2.541259e+00	-8.625950e-01	1.119952e+00	3.557528e-01	1.302522e+00	9.889713e-01	-1.911649e+00	2.203399e+00	-2.342404e-01	1.453265e+00
-1.561722e+00	-8.351577e-01	2.836194e+00	2.734344e+00	-1.279376e+00	1.833709e+00	-9.519504e-01	4.640441e+00	-2.847484e-01	2.176896e-01	4.024088e-01	-9.084778e-01	7.287114e-01	3.294791e+00	2.733362e-01	2.808122e+00	1.566273e-02	4.718772e-02	-1.212214e+00	1.703005e+00
-4.705012e-01	-4.254850e-01	1.330366e+00	2.852994e+00	-1.071635e+00	2.862571e+00	-8.952186e-01	5.184246e+00	-1.053507e+00	-3.340012e-01	-6.390540e-01	-7.523232e-01	1.853859e+00	4.508556e+00	1.023949e+00	3.077140e+00	-4.853694e-01	9.791184e-01	2.517552e-01	7.931077e-01
1.169700e-01	-3.049985e-01	1.374919e+00	3.520338e+00	1.032361e+00	3.131282e+00	4.268902e-01	5.065249e+00	2.963845e-02	5.312038e-01	2.490701e-01	-1.826874e+00	1.523781e+00	2.264349e+00	1.672437e+00	3.793181e+00	-3.610463e+00	1.890162e+00	-2.909149e-01	9.130575e-01
-1.929494e+00	1.722277e-02	1.325435e+00	2.262980e+00	-5.494496e-01	1.777831e+00	2.651104e-01	3.208179e+00	-1.499091e-01	1.026814e+00	8.936215e-01	5.752408e-01	5.693451e-01	2.958544e+00	-2.788759e-01	2.043029e+00	-2.438296e-01	-7.416481e-01	-3.409790e-01	1.096337e+00
3.567398e-01	-1.517399e-01	5.023737e-01	3.495236e+00	1.850818e+00	3.162253e+00	7.636944e-01	2.303421e+00	-3.821377e-01	1.358971e+00	-1.600150e+00	-1.425366e-01	8.873892e-01	2.145172e+00	2.656415e+00	2.931828e+00	-2.884235e+00	1.108272e+00	1.349212e-01	-8.556925e-01
-4.654413e-01	8.986569e-01	5.219038e-01	1.916219e+00	1.246264e+00	2.495189e+00	1.791201e+00	2.746501e+00	1.708010e+00	3.187666e-01	5.883875e-01	-1.328416e+00	1.201088e+00	8.609764e-01	1.326457e+00	5.396258e-01	-2.980317e+00	2.557680e+00	2.113595e-01	9.590882e-02
4.571405e-01	9.412040e-02	1.120431e+00	3.941288e+00	1.133136e+00	3.812759e+00	-1.020776e-02	5.711392e+00	-3.326158e-01	9.364964e-01	-5.698817e-01	-2.017790e+00	1.896879e+00	2.335964e+00	1.887175e+00	3.030850e+00	-3.497170e+00	2.510291e+00	-6.123158e-02	4.014386e-01
-2.056214e+00	-1.102594e-01	2.201446e+00	4.058656e+00	8.310656e-01	2.654764e+00	-3.191154e-01	2.738534e+00	3.536868e-01	1.413198e+00	8.382235e-01	-1.531304e-01	-1.583716e-01	2.157483e+00	1.206238e+00	1.869093e+00	-2.188707e+00	-6.877512e-01	6.101391e-02	7.212620e-01
-5.137369e-01	1.482441e-01	2.013694e-01	2.078693e+00	1.658929e+00	1.608769e+00	1.339755e+00	1.023015e+00	1.504594e+00	8.221511e-01	6.006234e-01	1.149819e+00	6.146952e-01	6.323011e-01	1.554446e+00	-1.278761e-01	-3.369927e+00	1.363557e+00	1.134403e+00	-3.178001e-01
8.331759e-01	-2.060492e-03	1.475494e+00	2.778863e+00	1.360917e+00	2.771536e+00	5.093308e-01	4.575544e+00	-1.050592e+00	3.184979e+00	-1.806437e+00	-1.285523e+00	-5.871947e-01	1.497935e+00	1.292278e+00	3.010037e+00	-1.592308e+00	-3.083361e-01	-2.423889e+00	6.237372e-01
1.753298e+00	-8.670419e-01	2.668564e+00	1.771391e+00	1.423700e+00	-4.065396e-01	-3.352491e-01	2.974270e+00	8.989807e-01	-1.286371e+00	2.224958e+00	-1.368131e+00	1.796081e+00	1.686781e-01	1.503697e+00	1.126223e+00	2.653058e+00	2.146182e+00	-1.235357e+00	2.783452e+00
-1.688121e+00	5.391709e-01	2.230922e+00	4.026962e+00	1.466633e+00	3.412038e+00	-1.945743e+00	2.959918e+00	-7.188557e-01	9.733249e-01	-6.418612e-01	1.309026e+00	5.112016e-01	2.741428e+00	2.430978e+00	1.912520e+00	-2.676556e+00	-1.470629e-01	1.920130e-01	1.034420e+00
-8.380100e-01	-6.283173e-01	2.836720e+00	5.005625e+00	1.980647e+00	3.288952e+00	-1.095514e+00	3.505188e+00	-7.898461e-02	5.167125e-01	-4.113997e-01	-7.992170e-01	9.216029e-03	2.166246e+00	2.661158e+00	3.408909e+00	-2.213686e+00	9.041385e-01	-1.412501e+00	2.130716e+00
-1.700635e+00	7.901894e-01	8.874020e-01	2.027124e+00	7.168585e-01	2.877354e+00	7.100920e-01	2.307982e+00	1.255632e+00	1.268607e+00	2.702047e-01	-7.002917e-01	5.595260e-01	2.422080e+00	9.502443e-01	6.981448e-01	-3.829446e+00	8.129218e-01	3.712412e-01	-1.578327e-01
-4.992390e-01	2.150724e-01	2.580715e+00	2.500217e+00	3.554631e-01	8.803039e-01	7.144950e-01	2.161387e+00	1.961697e+00	6.158894e-01	1.315590e+00	-2.098693e+00	6.216126e-01	9.737106e-01	8.547393e-01	1.455687e+00	-1.514006e+00	8.046431e-02	-1.000574e+00	9.868384e-01
-1.992886e+00	-5.404349e-01	-2.360785e-01	3.637205e+00	2.837471e+00	2.473647e+00	3.171084e+00	1.572120e+00	2.814156e+00	5.829949e-01	1.238703e+00	8.646176e-01	-7.433140e-01	1.070397e+00	2.775274e+00	1.161992e+00	-3.940547e+00	1.374134e+00	1.326289e-01	-3.081498e-01
-4.668495e-01	-6.641595e-01	2.713560e+00	6.046939e+00	3.351664e+00	4.335928e+00	-9.822355e-01	4.873501e+00	-4.285158e-01	1.453371e+00	-1.013135e+00	-1.130609e+00	4.072747e-01	2.240478e+00	4.033562e+00	3.724311e+00	-3.018240e+00	1.836167e+00	-1.163947e+00	8.427437e-01
-4.463370e-01	-4.592854e-01	1.810188e+00	3.282082e+00	-5.700274e-01	2.649030e+00	-5.826397e-01	3.938537e+00	-8.644179e-01	4.890477e-01	-1.765963e-01	-3.038941e-01	5.513606e-01	3.428118e+00	9.361750e-01	2.788991e+00	4.247120e-01	-1.498866e-02	-6.292457e-01	6.437946e-01
-2.036366e+00	-1.232367e+00	3.837005e+00	3.946212e+00	-5.236803e-01	2.250664e+00	-9.380737e-01	4.594949e+00	-3.446449e-01	7.085895e-01	9.559432e-01	-1.864521e+00	2.461168e-01	3.508932e+00	5.260301e-01	3.240735e+00	-1.559317e-01	-5.421658e-01	-1.998251e+00	2.539789e+00
-4.816889e-01	-6.932808e-01	1.785502e+00	3.784352e+00	2.660415e-01	3.037702e+00	-5.701901e-01	3.508302e+00	-2.265452e-01	1.330341e+00	-9.175226e-01	-2.748029e-01	1.536451e-01	3.638074e+00	2.356482e+00	3.981624e+00	-1.123833e+00	-5.738745e-01	-1.183168e+00	1.837299e-01
-2.115823e+00	-5.125712e-01	2.827299e+00	4.243929e+00	-7.459200e-01	2.964772e+00	-1.377759e-01	4.031229e+00	-3.403446e-01	1.528471e+00	1.157001e+00	-1.280626e+00	5.563599e-01	3.425527e+00	1.295164e-01	2.646951e+00	-1.276978e+00	-7.452035e-01	-6.275518e-01	8.874270e-01
-1.198683e+00	7.389202e-01	1.609803e+00	2.962176e+00	4.490430e-01	3.079736e+00	-1.556129e+00	2.960585e+00	-3.027343e-01	7.591612e-01	-3.907964e-01	1.489074e+00	7.126348e-01	2.282123e+00	2.144706e+00	1.269912e+00	-3.580395e+00	2.074389e-01	3.048739e-01	6.031148e-01
9.503599e-01	-1.355737e+00	2.057282e+00	2.068189e+00	1.010317e+00	2.765452e+00	4.674546e-01	5.394054e+00	-3.213684e-01	1.234729e+00	-5.503415e-01	-2.615131e+00	1.359458e+00	2.108003e+00	2.013680e+00	3.251474e+00	-2.239664e+00	2.163761e+00	-2.114472e+00	1.271371e+00
-5.414342e-01	-1.241708e+00	3.360013e+00	2.570037e+00	1.880373e+00	5.315977e-01	1.514446e+00	2.306154e+00	1.873345e+00	8.812279e-01	9.901951e-01	-1.788630e+00	-3.625751e-02	1.134281e+00	2.255636e+00	3.944789e-01	-1.555964e+00	-2.746678e-01	-1.569380e+00	1.101771e+00
-1.529180e+00	-5.435643e-01	1.377584e+00	2.607036e+00	-6.925309e-01	2.627906e+00	5.829645e-02	4.811768e+00	-7.975577e-01	1.503282e+00	1.107641e-01	-4.816647e-01	5.755816e-01	3.764903e+00	1.165303e-02	2.874633e+00	-4.066207e-01	-5.639551e-01	-5.529332e-01	6.364231e-01
-1.234093e+00	-2.404133e-01	2.115393e+00	3.539742e+00	-1.131883e-01	2.888155e+00	1.063007e+00	5.347885e+00	1.074699e+00	1.821698e+00	2.158470e+00	-1.924351e+00	3.840189e-01	2.863254e+00	5.657748e-01	4.057934e-01	-4.504720e+00	-1.406473e-01	-4.887433e-01	1.639833e-01
2.242285e+00	-5.347670e-01	3.463773e+00	1.436710e+00	1.672848e-01	-1.299040e+00	-1.183797e+00	2.239134e+00	1.025034e+00	-1.573339e+00	1.636717e+00	-1.012294e+00	2.032886e+00	-4.212315e-01	1.641615e+00	9.728134e-01	2.247923e+00	1.269664e+00	-8.050387e-01	2.229704e+00
-1.362817e+00	1.873844e+00	9.851745e-01	2.097539e+00	1.347936e+00	1.226459e+00	2.906574e-01	1.670185e-01	1.448509e+00	1.980809e-01	4.537380e-02	4.482248e-01	-1.084300e-01	1.075874e-01	8.796024e-01	-3.233002e-02	-2.510981e+00	1.371069e+00	3.953256e-01	1.377371e+00
-4.591512e-01	4.198255e-01	1.774710e+00	9.362191e-01	7.314753e-01	1.168479e+00	8.960912e-01	1.440000e+00	-1.926755e-01	8.052305e-01	1.646923e+00	6.809283e-01	1.097736e+00	1.690641e+00	7.462726e-01	-5.592221e-01	-3.199068e+00	3.467334e-01	7.558079e-01	9.564791e-01
-5.535610e-01	5.172325e-01	3.769178e+00	4.606287e+00	1.892409e+00	2.441316e+00	-3.377302e-01	2.972307e+00	-7.386998e-01	6.806596e-01	-2.882078e-01	-1.523558e+00	5.161354e-01	2.288377e+00	1.263699e+00	1.382966e+00	-6.955029e-01	1.140084e+00	-9.984544e-02	2.060624e+00
-5.747640e-01	-6.637139e-01	1.717630e+00	4.385840e+00	3.807386e+00	2.960997e+00	1.637732e-01	2.424541e+00	4.309539e-01	9.241395e-01	-5.736293e-01	6.052638e-01	-9.681875e-01	1.588412e+00	3.761499e+00	2.517580e+00	-2.429300e+00	1.140723e+00	-9.693690e-01	9.353285e-01
4.053933e+00	-6.707529e-01	2.196243e+00	3.329541e-02	6.193454e-01	-1.368029e+00	-3.135700e-01	1.392131e+00	5.416379e-01	-7.470746e-01	1.079435e-01	1.087844e-02	1.812428e+00	-1.314349e+00	2.261631e+00	-1.199361e-01	1.579298e+00	1.389848e+00	-1.335329e+00	1.359659e+00
-2.328323e+00	-1.387069e-01	1.693116e+00	6.363358e+00	1.625295e+00	6.070951e+00	-3.689571e-01	5.277140e+00	-8.090189e-01	2.080030e+00	-1.256154e+00	-3.016049e-01	2.828639e-01	4.062251e+00	2.904656e+00	3.905647e+00	-4.617684e+00	9.711082e-01	4.083963e-02	-4.965191e-01
-1.275497e-03	7.619734e-01	2.207341e-01	2.289611e+00	8.842687e-02	2.770274e+00	-4.430549e-01	3.748903e+00	-2.570482e-01	6.942135e-02	-7.549633e-02	-1.807241e-01	2.344866e+00	2.020333e+00	7.664319e-01	2.303095e+00	-2.769968e+00	2.174354e+00	7.163376e-01	4.052045e-01
-1.439756e-01	5.683205e-01	3.175837e+00	2.090915e+00	-1.523103e+00	6.298589e-01	-1.081136e+00	1.749760e+00	1.029973e+00	5.481942e-01	1.275094e+00	2.734450e-01	1.454610e+00	2.616266e-01	6.581146e-01	6.159953e-01	-2.330994e+00	-9.892900e-01	-2.756707e-01	6.372749e-01
-3.018644e-01	-5.904691e-01	1.562641e+00	2.180053e+00	2.371108e+00	1.407006e+00	7.059954e-01	2.551718e+00	1.902770e+00	8.355759e-01	1.174249e+00	-1.204691e+00	-5.766618e-02	1.392216e+00	2.706059e+00	1.161905e-01	-1.887366e+00	1.133988e+00	-8.639470e-01	6.322533e-01
4.477792e+00	-6.664193e-01	3.621771e+00	9.820255e-01	2.054434e+00	-1.575225e+00	-2.285820e+00	1.206264e+00	-2.966717e-01	-2.088282e+00	1.478909e-01	1.239136e-01	1.432062e+00	-9.994744e-01	3.505258e+00	8.428134e-01	4.426745e+00	1.714466e+00	-1.774211e+00	3.136166e+00
2.989130e+00	-3.510175e-01	4.100074e+00	6.914954e-01	-5.842747e-01	-2.101053e+00	-2.237277e+00	1.291031e+00	1.361520e+00	-1.961758e+00	1.871710e+00	-6.329684e-01	2.296018e+00	-1.159516e+00	1.705874e+00	-2.505094e-01	1.887476e+00	9.202824e-01	-1.318439e+00	2.529003e+00
1.909072e-01	-4.850202e-01	1.499937e+00	2.789862e+00	1.593398e+00	1.134087e+00	3.402769e-01	2.490657e+00	1.651236e+00	-4.109132e-01	9.517019e-01	-1.425296e-01	4.158786e-01	1.082780e+00	2.639389e+00	1.948039e+00	-1.699698e+00	1.229503e+00	-2.640020e-01	6.188572e-01
-1.696168e+00	-9.618308e-01	3.187015e+00	4.850120e+00	-4.485552e-01	3.583098e+00	-3.707600e-01	6.005832e+00	-1.617132e+00	2.175448e+00	6.614429e-01	-1.889960e+00	4.062303e-01	5.137737e+00	-1.644853e-01	4.287608e+00	-1.499445e-01	-1.103394e+00	-1.506876e+00	1.809434e+00
-1.079851e+00	-3.537375e-01	2.914909e+00	2.743456e+00	1.136128e+00	2.205423e+00	-1.607048e+00	3.496365e+00	8.648926e-01	5.150897e-01	5.865271e-02	-1.418059e+00	2.701055e-01	2.658708e+00	2.270496e+00	1.520529e+00	-2.195188e+00	8.581315e-01	-1.525812e+00	2.026985e+00
2.913343e+00	-4.365578e-01	4.518702e+00	1.048659e+00	9.232534e-01	-1.515733e+00	-2.674012e+00	9.956450e-01	2.569512e-02	-1.391531e+00	8.320909e-01	1.080271e-01	2.017643e+00	-3.531994e-01	2.391759e+00	2.762908e-01	3.587415e+00	7.370696e-01	-1.404001e+00	2.701931e+00
