0	0	0	1.641823e-01
0	0	1	6.431760e-01
0	0	2	7.490784e-01
0	0	3	3.243396e-01
0	0	4	4.753376e-01
0	0	5	1.538652e-01
0	0	6	2.297076e-01
0	0	7	1.708189e-01
0	0	8	8.298588e-01
0	0	9	7.762726e-01
0	1	0	4.785244e-01
0	1	1	4.952391e-01
0	1	2	7.757798e-01
0	1	3	3.929631e-02
0	1	4	3.468313e-01
0	1	5	6.335375e-01
0	1	6	7.263234e-01
0	1	7	8.102792e-01
0	1	8	1.050382e-03
0	1	9	3.275892e-02
0	2	0	7.552400e-01
0	2	1	5.930159e-01
0	2	2	5.398277e-01
0	2	3	8.051965e-01
0	2	4	5.027642e-01
0	2	5	6.890346e-01
0	2	6	1.880644e-01
0	2	7	8.661366e-01
0	2	8	3.403676e-01
0	2	9	2.780953e-01
0	3	0	6.495278e-01
0	3	1	5.045499e-01
0	3	2	9.212712e-01
0	3	3	3.986062e-01
0	3	4	8.288895e-01
0	3	5	3.966088e-01
0	3	6	5.524713e-01
0	3	7	5.859706e-02
0	3	8	5.674278e-01
0	3	9	3.823302e-01
0	4	0	8.348697e-01
0	4	1	4.595216e-02
0	4	2	8.775693e-01
0	4	3	6.106495e-01
0	4	4	8.524846e-02
0	4	5	2.244006e-01
0	4	6	2.441870e-01
0	4	7	8.115719e-01
0	4	8	3.467974e-02
0	4	9	2.452374e-01
0	5	0	8.443308e-01
0	5	1	7.899197e-01
0	5	2	8.382533e-01
0	5	3	3.841585e-01
0	5	4	5.951162e-01
0	5	5	3.410175e-01
0	5	6	7.319313e-02
0	5	7	7.831806e-01
0	5	8	2.071541e-01
0	5	9	4.135607e-01
0	6	0	6.127584e-02
0	6	1	8.566819e-01
0	6	2	9.181106e-01
0	6	3	9.825471e-01
0	6	4	2.552881e-01
0	6	5	7.470001e-01
0	6	6	3.791559e-01
0	6	7	8.077594e-01
0	6	8	8.055972e-01
0	6	9	9.465836e-01
0	7	0	1.900896e-01
0	7	1	6.404668e-01
0	7	2	9.925358e-01
0	7	3	6.765889e-02
0	7	4	2.511164e-01
0	7	5	7.778423e-02
0	7	6	2.920595e-01
0	7	7	4.953034e-01
0	7	8	8.893561e-01
0	7	9	3.267392e-01
0	8	0	7.405407e-01
0	8	1	7.336869e-01
0	8	2	1.166589e-01
0	8	3	5.787941e-01
0	8	4	1.178454e-01
0	8	5	7.117751e-01
0	8	6	9.198116e-01
0	8	7	1.910386e-01
0	8	8	4.949557e-01
0	8	9	1.269657e-01
0	9	0	6.045993e-01
0	9	1	5.562315e-01
0	9	2	9.836476e-01
0	9	3	5.227099e-01
0	9	4	5.387786e-01
0	9	5	2.389356e-01
0	9	6	2.697100e-01
0	9	7	9.179345e-01
0	9	8	4.669508e-02
0	9	9	7.530718e-02
1	0	0	8.645181e-01
1	0	1	2.367847e-01
1	0	2	7.157740e-01
1	0	3	8.570538e-01
1	0	4	3.044436e-01
1	0	5	9.668904e-01
1	0	6	9.348381e-01
1	0	7	5.965030e-01
1	0	8	4.621937e-01
1	0	9	8.241942e-01
1	1	0	9.232422e-01
1	1	1	2.027345e-01
1	1	2	5.578811e-01
1	1	3	3.990116e-02
1	1	4	7.815285e-01
1	1	5	6.757265e-01
1	1	6	7.516763e-01
1	1	7	7.013401e-01
1	1	8	8.667650e-01
1	1	9	2.466320e-01
1	2	0	8.283058e-01
1	2	1	4.713643e-01
1	2	2	8.028635e-01
1	2	3	8.119533e-01
1	2	4	9.940743e-01
1	2	5	3.416421e-01
1	2	6	5.088897e-02
1	2	7	2.637843e-01
1	2	8	2.595766e-01
1	2	9	9.758405e-02
1	3	0	3.390915e-01
1	3	1	1.240947e-01
1	3	2	3.343687e-01
1	3	3	5.486548e-02
1	3	4	9.811485e-01
1	3	5	6.388123e-01
1	3	6	2.175585e-02
1	3	7	9.159866e-01
1	3	8	2.353154e-01
1	3	9	4.839496e-01
1	4	0	7.401807e-01
1	4	1	1.585576e-01
1	4	2	6.866840e-01
1	4	3	2.980618e-01
1	4	4	1.984588e-01
1	4	5	4.682126e-01
1	4	6	9.737883e-01
1	4	7	9.501351e-01
1	4	8	1.695527e-01
1	4	9	8.405533e-01
1	5	0	1.967670e-01
1	5	1	9.978585e-01
1	5	2	3.119177e-01
1	5	3	9.996306e-01
1	5	4	8.098118e-01
1	5	5	3.059919e-01
1	5	6	3.412727e-01
1	5	7	8.607008e-01
1	5	8	5.697762e-01
1	5	9	6.008493e-01
1	6	0	9.582848e-01
1	6	1	9.088677e-01
1	6	2	7.249440e-01
1	6	3	2.926536e-01
1	6	4	9.637332e-01
1	6	5	7.060925e-01
1	6	6	9.314659e-01
1	6	7	9.854890e-01
1	6	8	6.220790e-01
1	6	9	1.667813e-01
1	7	0	4.694386e-01
1	7	1	3.622598e-01
1	7	2	3.253389e-01
1	7	3	1.561226e-01
1	7	4	6.603216e-01
1	7	5	5.237976e-01
1	7	6	6.243352e-01
1	7	7	6.341099e-01
1	7	8	4.739327e-01
1	7	9	7.938879e-01
1	8	0	4.746632e-01
1	8	1	6.706997e-01
1	8	2	7.917464e-01
1	8	3	7.865808e-01
1	8	4	6.703303e-01
1	8	5	6.015582e-01
1	8	6	9.257275e-02
1	8	7	1.160305e-02
1	8	8	4.622589e-01
1	8	9	6.623490e-01
1	9	0	6.124524e-01
1	9	1	4.205437e-01
1	9	2	5.712166e-01
1	9	3	3.373963e-01
1	9	4	7.131973e-01
1	9	5	5.349498e-01
1	9	6	4.348880e-02
1	9	7	6.446632e-01
1	9	8	5.204388e-01
1	9	9	6.655678e-01
2	0	0	8.114445e-01
2	0	1	9.898774e-01
2	0	2	2.782761e-02
2	0	3	1.367833e-01
2	0	4	1.460000e-01
2	0	5	6.881492e-01
2	0	6	6.605810e-01
2	0	7	7.703352e-01
2	0	8	3.222590e-01
2	0	9	1.345137e-01
2	1	0	5.642231e-01
2	1	1	7.969222e-01
2	1	2	8.052134e-01
2	1	3	3.559695e-01
2	1	4	5.835030e-01
2	1	5	4.755437e-01
2	1	6	9.575276e-01
2	1	7	6.760758e-01
2	1	8	4.871468e-01
2	1	9	4.197866e-01
2	2	0	3.384247e-01
2	2	1	9.959915e-02
2	2	2	8.403303e-01
2	2	3	9.096414e-01
2	2	4	4.369955e-01
2	2	5	5.535276e-01
2	2	6	4.445912e-01
2	2	7	4.804843e-01
2	2	8	1.981908e-01
2	2	9	9.650300e-01
2	3	0	1.460521e-01
2	3	1	9.635278e-03
2	3	2	9.549073e-01
2	3	3	1.738797e-01
2	3	4	1.464186e-01
2	3	5	1.009073e-01
2	3	6	8.620289e-01
2	3	7	8.069996e-01
2	3	8	8.712425e-01
2	3	9	1.842879e-01
2	4	0	9.415133e-01
2	4	1	4.354656e-01
2	4	2	9.812101e-01
2	4	3	7.467267e-01
2	4	4	7.914351e-01
2	4	5	5.647132e-01
2	4	6	2.222704e-01
2	4	7	7.489627e-01
2	4	8	2.407889e-01
2	4	9	7.094172e-01
2	5	0	1.687493e-01
2	5	1	5.792137e-01
2	5	2	8.090164e-01
2	5	3	9.079602e-03
2	5	4	4.888551e-01
2	5	5	2.460118e-01
2	5	6	5.626072e-01
2	5	7	9.334463e-01
2	5	8	7.264961e-01
2	5	9	7.607980e-01
2	6	0	8.984762e-01
2	6	1	8.725482e-01
2	6	2	7.704333e-01
2	6	3	8.533836e-01
2	6	4	4.642797e-02
2	6	5	9.168519e-01
2	6	6	9.542909e-01
2	6	7	9.084569e-01
2	6	8	7.238515e-01
2	6	9	8.255334e-01
2	7	0	9.274480e-02
2	7	1	6.653648e-01
2	7	2	2.609991e-01
2	7	3	7.395493e-02
2	7	4	4.120914e-01
2	7	5	5.243416e-02
2	7	6	6.386681e-01
2	7	7	6.343618e-01
2	7	8	8.013969e-01
2	7	9	8.794570e-01
2	8	0	3.437790e-01
2	8	1	9.701462e-01
2	8	2	4.586707e-01
2	8	3	1.527954e-01
2	8	4	9.792258e-01
2	8	5	9.475258e-01
2	8	6	3.988072e-01
2	8	7	5.418330e-01
2	8	8	8.809721e-01
2	8	9	1.253033e-01
2	9	0	3.026310e-01
2	9	1	7.794483e-01
2	9	2	9.978516e-01
2	9	3	7.306436e-02
2	9	4	6.328319e-01
2	9	5	4.427955e-02
2	9	6	9.899163e-01
2	9	7	5.871228e-01
2	9	8	9.527364e-01
2	9	9	7.137678e-01
3	0	0	4.126562e-01
3	0	1	4.548123e-02
3	0	2	3.791326e-01
3	0	3	6.736553e-01
3	0	4	1.194362e-01
3	0	5	7.912240e-01
3	0	6	7.260894e-01
3	0	7	7.581043e-01
3	0	8	4.255858e-01
3	0	9	5.274863e-01
3	1	0	6.375613e-01
3	1	1	7.693648e-01
3	1	2	4.976325e-01
3	1	3	9.623202e-02
3	1	4	9.221602e-01
3	1	5	4.768583e-01
3	1	6	4.375783e-02
3	1	7	3.209674e-01
3	1	8	1.869126e-02
3	1	9	9.247299e-01
3	2	0	4.462708e-01
3	2	1	3.213223e-01
3	2	2	7.041782e-01
3	2	3	4.441224e-01
3	2	4	3.943867e-01
3	2	5	3.370100e-01
3	2	6	4.884019e-01
3	2	7	3.843029e-01
3	2	8	9.241328e-01
3	2	9	4.411383e-01
3	3	0	9.807074e-02
3	3	1	3.367890e-01
3	3	2	4.866196e-01
3	3	3	4.772033e-01
3	3	4	1.044427e-02
3	3	5	6.060557e-01
3	3	6	2.684273e-01
3	3	7	7.365337e-01
3	3	8	3.641600e-01
3	3	9	6.940131e-01
3	4	0	2.640200e-01
3	4	1	1.721276e-03
3	4	2	4.633780e-01
3	4	3	7.616525e-01
3	4	4	9.795330e-02
3	4	5	3.855382e-01
3	4	6	2.385108e-01
3	4	7	1.417111e-01
3	4	8	7.065056e-01
3	4	9	2.572020e-01
3	5	0	6.644102e-02
3	5	1	1.527764e-01
3	5	2	5.785243e-01
3	5	3	7.706192e-01
3	5	4	5.968988e-01
3	5	5	9.729110e-01
3	5	6	1.076292e-01
3	5	7	8.530069e-02
3	5	8	3.572139e-01
3	5	9	3.176199e-02
3	6	0	5.264390e-01
3	6	1	4.552847e-01
3	6	2	3.685510e-01
3	6	3	1.305861e-02
3	6	4	9.324880e-01
3	6	5	3.789952e-01
3	6	6	6.191143e-01
3	6	7	2.009153e-01
3	6	8	1.155289e-01
3	6	9	9.832743e-01
3	7	0	8.949284e-01
3	7	1	3.795490e-01
3	7	2	9.849956e-01
3	7	3	3.583063e-01
3	7	4	1.412015e-01
3	7	5	8.294889e-02
3	7	6	7.438445e-01
3	7	7	3.797123e-01
3	7	8	2.246600e-01
3	7	9	4.503501e-01
3	8	0	6.369143e-01
3	8	1	2.911010e-01
3	8	2	6.031265e-01
3	8	3	2.154386e-01
3	8	4	6.172023e-02
3	8	5	2.000253e-01
3	8	6	1.883496e-01
3	8	7	1.693494e-01
3	8	8	2.853260e-01
3	8	9	5.455635e-01
3	9	0	2.011114e-01
3	9	1	8.117650e-01
3	9	2	8.482221e-04
3	9	3	5.696624e-01
3	9	4	8.248236e-01
3	9	5	9.333362e-01
3	9	6	9.486576e-01
3	9	7	4.439380e-01
3	9	8	1.342515e-01
3	9	9	6.418658e-02
4	0	0	4.272123e-01
4	0	1	2.917985e-02
4	0	2	4.437355e-01
4	0	3	4.122079e-01
4	0	4	3.874862e-01
4	0	5	5.849370e-01
4	0	6	4.951568e-01
4	0	7	1.313307e-01
4	0	8	9.646493e-01
4	0	9	7.198168e-01
4	1	0	5.816808e-01
4	1	1	6.015636e-01
4	1	2	1.091785e-02
4	1	3	1.848074e-01
4	1	4	8.170022e-01
4	1	5	7.263807e-02
4	1	6	3.848327e-01
4	1	7	5.351808e-03
4	1	8	2.419875e-01
4	1	9	6.701587e-01
4	2	0	5.509154e-01
4	2	1	4.430989e-01
4	2	2	4.819237e-01
4	2	3	5.517636e-01
4	2	4	1.276132e-02
4	2	5	3.067474e-01
4	2	6	4.850998e-01
4	2	7	9.614190e-01
4	2	8	7.506853e-01
4	2	9	6.193512e-01
4	3	0	2.560553e-02
4	3	1	1.778976e-01
4	3	2	6.485311e-01
4	3	3	4.693411e-01
4	3	4	5.901055e-01
4	3	5	3.601728e-02
4	3	6	5.427810e-02
4	3	7	8.526230e-02
4	3	8	1.673480e-01
4	3	9	1.892738e-02
4	4	0	8.050791e-01
4	4	1	7.490288e-01
4	4	2	6.204910e-01
4	4	3	8.159970e-01
4	4	4	9.338362e-01
4	4	5	4.374931e-01
4	4	6	8.886350e-01
4	4	7	3.186689e-01
4	4	8	4.428450e-01
4	4	9	1.306225e-01
4	5	0	9.888275e-01
4	5	1	9.937603e-01
4	5	2	5.737215e-01
4	5	3	4.707512e-01
4	5	4	5.455239e-01
4	5	5	5.864828e-01
4	5	6	7.774986e-01
4	5	7	3.062367e-02
4	5	8	5.479017e-01
4	5	9	5.281839e-01
4	6	0	6.499749e-01
4	6	1	5.735073e-01
4	6	2	7.060816e-01
4	6	3	2.985060e-01
4	6	4	4.284835e-02
4	6	5	2.961871e-01
4	6	6	3.345233e-01
4	6	7	9.712645e-02
4	6	8	3.814494e-01
4	6	9	5.018713e-01
4	7	0	1.160538e-01
4	7	1	1.865285e-01
4	7	2	2.509001e-01
4	7	3	7.365448e-01
4	7	4	2.525460e-03
4	7	5	1.847363e-01
4	7	6	1.740379e-01
4	7	7	8.911605e-01
4	7	8	5.034051e-01
4	7	9	6.168829e-01
4	8	0	2.178303e-02
4	8	1	4.922326e-01
4	8	2	6.106432e-01
4	8	3	5.955045e-01
4	8	4	9.629839e-01
4	8	5	1.561671e-01
4	8	6	1.819873e-01
4	8	7	7.404825e-01
4	8	8	1.867908e-01
4	8	9	7.298890e-01
4	9	0	2.686664e-01
4	9	1	8.367657e-01
4	9	2	3.033963e-01
4	9	3	9.747480e-01
4	9	4	1.352717e-01
4	9	5	3.462446e-01
4	9	6	2.709351e-01
4	9	7	4.697950e-01
4	9	8	4.433711e-01
4	9	9	6.523845e-01
5	0	0	9.716663e-01
5	0	1	5.594249e-01
5	0	2	8.389130e-01
5	0	3	2.225664e-01
5	0	4	2.959697e-01
5	0	5	8.414384e-01
5	0	6	4.073026e-01
5	0	7	4.700076e-01
5	0	8	7.325989e-01
5	0	9	9.107078e-01
5	1	0	8.689053e-02
5	1	1	7.543819e-01
5	1	2	4.029404e-01
5	1	3	6.975337e-01
5	1	4	3.498864e-01
5	1	5	3.659243e-01
5	1	6	8.537008e-01
5	1	7	5.318737e-01
5	1	8	1.064068e-01
5	1	9	4.049160e-02
5	2	0	2.617627e-01
5	2	1	3.750732e-01
5	2	2	8.772573e-01
5	2	3	5.651590e-01
5	2	4	3.498212e-01
5	2	5	1.252899e-02
5	2	6	9.114036e-01
5	2	7	6.207562e-01
5	2	8	4.823240e-01
5	2	9	3.547747e-01
5	3	0	2.731407e-01
5	3	1	4.539903e-01
5	3	2	9.141996e-01
5	3	3	1.120537e-01
5	3	4	6.765566e-01
5	3	5	2.101693e-01
5	3	6	9.534921e-01
5	3	7	8.385927e-02
5	3	8	6.801769e-01
5	3	9	6.860910e-01
5	4	0	9.945670e-01
5	4	1	7.670674e-01
5	4	2	4.404730e-01
5	4	3	3.975074e-01
5	4	4	4.646012e-01
5	4	5	7.903594e-01
5	4	6	7.634317e-01
5	4	7	3.183020e-01
5	4	8	3.222331e-01
5	4	9	8.698385e-01
5	5	0	3.587936e-01
5	5	1	5.839958e-01
5	5	2	2.449117e-01
5	5	3	2.360509e-01
5	5	4	1.491548e-01
5	5	5	5.947329e-01
5	5	6	2.485799e-01
5	5	7	6.055840e-02
5	5	8	2.154891e-01
5	5	9	7.309039e-01
5	6	0	4.153331e-01
5	6	1	4.886298e-01
5	6	2	1.848942e-01
5	6	3	3.295327e-01
5	6	4	6.006835e-01
5	6	5	8.614508e-01
5	6	6	5.397019e-01
5	6	7	5.541756e-01
5	6	8	9.453101e-01
5	6	9	2.198789e-01
5	7	0	2.402666e-01
5	7	1	9.398771e-01
5	7	2	9.869463e-01
5	7	3	6.807396e-01
5	7	4	3.373845e-01
5	7	5	4.515475e-01
5	7	6	4.710990e-01
5	7	7	1.008162e-01
5	7	8	7.698495e-01
5	7	9	7.933321e-01
5	8	0	9.706547e-01
5	8	1	1.286431e-01
5	8	2	3.773279e-01
5	8	3	2.155664e-01
5	8	4	3.646940e-01
5	8	5	5.264827e-01
5	8	6	8.102993e-01
5	8	7	6.132739e-01
5	8	8	5.870411e-01
5	8	9	2.578836e-02
5	9	0	3.441778e-01
5	9	1	2.374149e-03
5	9	2	5.144182e-01
5	9	3	5.290720e-01
5	9	4	3.319068e-01
5	9	5	1.151016e-01
5	9	6	3.905228e-01
5	9	7	8.716087e-01
5	9	8	6.692772e-01
5	9	9	3.358328e-01
6	0	0	9.148759e-02
6	0	1	9.095438e-01
6	0	2	2.757099e-01
6	0	3	7.843389e-02
6	0	4	5.902834e-01
6	0	5	6.130944e-01
6	0	6	5.299814e-01
6	0	7	6.138234e-02
6	0	8	7.139107e-01
6	0	9	2.998309e-01
6	1	0	8.547144e-01
6	1	1	6.845654e-01
6	1	2	4.284740e-01
6	1	3	2.320423e-01
6	1	4	9.001319e-01
6	1	5	7.931681e-01
6	1	6	7.585250e-01
6	1	7	7.104311e-01
6	1	8	4.064420e-01
6	1	9	3.455660e-01
6	2	0	7.362195e-01
6	2	1	7.506198e-01
6	2	2	3.479402e-01
6	2	3	2.506377e-01
6	2	4	2.796918e-01
6	2	5	6.798470e-01
6	2	6	3.657393e-01
6	2	7	6.702146e-01
6	2	8	5.514557e-01
6	2	9	3.501652e-02
6	3	0	6.047391e-03
6	3	1	6.429433e-01
6	3	2	9.445603e-01
6	3	3	2.817573e-01
6	3	4	7.213772e-01
6	3	5	5.348437e-01
6	3	6	8.948518e-01
6	3	7	2.513586e-01
6	3	8	5.962260e-01
6	3	9	6.087624e-01
6	4	0	5.511895e-01
6	4	1	4.509405e-01
6	4	2	2.933279e-01
6	4	3	9.796635e-01
6	4	4	6.829827e-01
6	4	5	1.934597e-01
6	4	6	7.728315e-01
6	4	7	4.415077e-01
6	4	8	9.038908e-01
6	4	9	1.792735e-01
6	5	0	7.870737e-01
6	5	1	6.401103e-01
6	5	2	9.298934e-01
6	5	3	1.350139e-01
6	5	4	8.907480e-01
6	5	5	2.095852e-01
6	5	6	8.148609e-01
6	5	7	2.564873e-01
6	5	8	8.797997e-01
6	5	9	3.663166e-01
6	6	0	2.915038e-01
6	6	1	8.858471e-01
6	6	2	9.259969e-03
6	6	3	2.360641e-01
6	6	4	1.676044e-01
6	6	5	7.306372e-01
6	6	6	7.709078e-01
6	6	7	6.245618e-02
6	6	8	9.819958e-01
6	6	9	3.671339e-01
6	7	0	6.712186e-01
6	7	1	5.331853e-01
6	7	2	8.180743e-01
6	7	3	9.645465e-01
6	7	4	5.128487e-01
6	7	5	5.010571e-01
6	7	6	1.580062e-01
6	7	7	2.856803e-01
6	7	8	9.425648e-01
6	7	9	6.189706e-02
6	8	0	4.649538e-01
6	8	1	7.296385e-01
6	8	2	7.020074e-01
6	8	3	3.948472e-01
6	8	4	8.646524e-01
6	8	5	5.927554e-01
6	8	6	6.044323e-01
6	8	7	6.795133e-01
6	8	8	8.492427e-01
6	8	9	4.842321e-01
6	9	0	4.582999e-02
6	9	1	1.407465e-01
6	9	2	3.700792e-01
6	9	3	5.508996e-02
6	9	4	3.768106e-01
6	9	5	5.376836e-01
6	9	6	7.857271e-01
6	9	7	1.477184e-01
6	9	8	6.001398e-01
6	9	9	7.677229e-01
7	0	0	5.148523e-01
7	0	1	2.713584e-01
7	0	2	3.009082e-01
7	0	3	3.329267e-01
7	0	4	2.359049e-01
7	0	5	8.137569e-01
7	0	6	8.339838e-01
7	0	7	3.939111e-01
7	0	8	9.943719e-02
7	0	9	7.765486e-01
7	1	0	4.558082e-01
7	1	1	5.643910e-01
7	1	2	5.061871e-01
7	1	3	1.578156e-01
7	1	4	9.592382e-01
7	1	5	3.708395e-01
7	1	6	7.505710e-01
7	1	7	5.636705e-01
7	1	8	5.035287e-02
7	1	9	5.998136e-01
7	2	0	4.790262e-02
7	2	1	9.618286e-02
7	2	2	7.405601e-01
7	2	3	4.179818e-01
7	2	4	1.512728e-01
7	2	5	1.173707e-01
7	2	6	9.556655e-01
7	2	7	9.370000e-01
7	2	8	2.650892e-01
7	2	9	5.558053e-01
7	3	0	7.047229e-01
7	3	1	7.799415e-01
7	3	2	8.271637e-01
7	3	3	5.631075e-03
7	3	4	1.128682e-01
7	3	5	6.306863e-02
7	3	6	8.193880e-01
7	3	7	9.468520e-01
7	3	8	4.569798e-01
7	3	9	9.188252e-01
7	4	0	7.234005e-01
7	4	1	9.127880e-01
7	4	2	4.832162e-01
7	4	3	2.295876e-01
7	4	4	7.060356e-02
7	4	5	4.424544e-01
7	4	6	6.004272e-01
7	4	7	8.211745e-01
7	4	8	6.124922e-03
7	4	9	6.507800e-01
7	5	0	4.209882e-01
7	5	1	5.402754e-02
7	5	2	7.469629e-01
7	5	3	1.615483e-01
7	5	4	4.720094e-01
7	5	5	8.982357e-01
7	5	6	2.789190e-01
7	5	7	4.276748e-01
7	5	8	8.352357e-01
7	5	9	5.440082e-01
7	6	0	9.834801e-01
7	6	1	5.399586e-01
7	6	2	3.239497e-01
7	6	3	8.106438e-01
7	6	4	5.455897e-01
7	6	5	4.368179e-01
7	6	6	8.737124e-01
7	6	7	3.649776e-01
7	6	8	3.836699e-01
7	6	9	3.306922e-01
7	7	0	2.838028e-01
7	7	1	1.070704e-01
7	7	2	2.434802e-01
7	7	3	7.670190e-01
7	7	4	3.366580e-01
7	7	5	3.140837e-01
7	7	6	2.094734e-01
7	7	7	9.370852e-01
7	7	8	1.352583e-01
7	7	9	2.155983e-01
7	8	0	5.878652e-01
7	8	1	5.562464e-01
7	8	2	2.696259e-01
7	8	3	3.348281e-01
7	8	4	7.177947e-01
7	8	5	7.416352e-01
7	8	6	2.330638e-01
7	8	7	9.967137e-01
7	8	8	1.693100e-01
7	8	9	6.829950e-02
7	9	0	5.407219e-01
7	9	1	1.527901e-01
7	9	2	6.082581e-01
7	9	3	8.646716e-01
7	9	4	9.634339e-01
7	9	5	1.538477e-01
7	9	6	3.014895e-01
7	9	7	8.371463e-01
7	9	8	5.188254e-01
7	9	9	6.851593e-01
8	0	0	1.678385e-01
8	0	1	8.026282e-01
8	0	2	7.922297e-01
8	0	3	4.113187e-01
8	0	4	5.696472e-01
8	0	5	1.288878e-01
8	0	6	7.254024e-01
8	0	7	7.791206e-01
8	0	8	6.597295e-02
8	0	9	8.606607e-01
8	1	0	9.947190e-01
8	1	1	6.538382e-01
8	1	2	4.169071e-01
8	1	3	2.643448e-01
8	1	4	9.886663e-01
8	1	5	1.347019e-01
8	1	6	5.980049e-03
8	1	7	2.217301e-01
8	1	8	1.314156e-01
8	1	9	1.752901e-01
8	2	0	2.900296e-01
8	2	1	6.721375e-01
8	2	2	3.280802e-01
8	2	3	8.982877e-01
8	2	4	5.368091e-01
8	2	5	2.915141e-01
8	2	6	5.213538e-02
8	2	7	8.382986e-01
8	2	8	1.286605e-01
8	2	9	5.709607e-01
8	3	0	5.234579e-01
8	3	1	2.964990e-01
8	3	2	3.735889e-01
8	3	3	3.156876e-01
8	3	4	7.078177e-01
8	3	5	9.432362e-01
8	3	6	4.445754e-01
8	3	7	4.332201e-01
8	3	8	7.223568e-01
8	3	9	5.105483e-01
8	4	0	2.938808e-01
8	4	1	7.170757e-01
8	4	2	1.643865e-01
8	4	3	7.107879e-01
8	4	4	9.814205e-01
8	4	5	1.530528e-01
8	4	6	8.454898e-01
8	4	7	9.874006e-01
8	4	8	3.747829e-01
8	4	9	9.769055e-01
8	5	0	1.626907e-01
8	5	1	6.648124e-01
8	5	2	6.490430e-01
8	5	3	4.907709e-01
8	5	4	5.631001e-01
8	5	5	1.858521e-01
8	5	6	7.822850e-01
8	5	7	6.152355e-01
8	5	8	2.415071e-02
8	5	9	9.109455e-01
8	6	0	1.861962e-01
8	6	1	5.476086e-01
8	6	2	2.074445e-01
8	6	3	5.597852e-01
8	6	4	8.632963e-01
8	6	5	9.152622e-01
8	6	6	5.030213e-01
8	6	7	3.078716e-01
8	6	8	3.484823e-01
8	6	9	2.253781e-01
8	7	0	8.184200e-01
8	7	1	6.423631e-01
8	7	2	9.424538e-01
8	7	3	9.828065e-01
8	7	4	3.531511e-01
8	7	5	9.238744e-01
8	7	6	1.358592e-01
8	7	7	1.986409e-01
8	7	8	9.112750e-01
8	7	9	5.106421e-01
8	8	0	1.755464e-01
8	8	1	7.396568e-02
8	8	2	1.754546e-01
8	8	3	8.245893e-01
8	8	4	5.647366e-01
8	8	5	7.385547e-01
8	8	6	1.044147e-02
8	8	7	3.470216e-01
8	8	8	3.537902e-01
8	8	9	3.459218e-02
8	9	0	2.579671e-01
8	9	1	5.399864e-01
8	9	2	5.822008e-01
8	9	3	4.654116e-01
8	9	4	9.977157e-02
8	9	5	4.454971e-01
8	9	6	3.806738e-01
8	9	7	6.027929e-01
8	9	8	7.533687e-01
8	9	9	7.291561e-01
9	0	0	8.281710e-01
9	0	1	5.717887e-01
9	0	2	3.715192e-01
9	0	3	7.706249e-01
9	0	4	5.545951e-01
9	0	5	7.246703e-01
9	0	6	6.944993e-01
9	0	7	6.904544e-01
9	0	8	9.233112e-01
9	0	9	6.057742e-01
9	1	0	2.010965e-01
9	1	1	9.885756e-02
9	1	2	6.797399e-01
9	1	3	3.765510e-01
9	1	4	9.234469e-01
9	1	5	2.444765e-01
9	1	6	1.151057e-01
9	1	7	9.338884e-01
9	1	8	5.914981e-01
9	1	9	4.688958e-01
9	2	0	9.684806e-01
9	2	1	8.494653e-01
9	2	2	8.882240e-03
9	2	3	5.506814e-01
9	2	4	3.148769e-01
9	2	5	1.086538e-01
9	2	6	9.961784e-01
9	2	7	6.955507e-01
9	2	8	7.114467e-01
9	2	9	7.495471e-01
9	3	0	4.247068e-01
9	3	1	5.396178e-01
9	3	2	3.213358e-01
9	3	3	7.962261e-01
9	3	4	3.102426e-01
9	3	5	8.759309e-01
9	3	6	5.208964e-01
9	3	7	4.741876e-03
9	3	8	5.663853e-01
9	3	9	4.442076e-01
9	4	0	6.105161e-01
9	4	1	7.674818e-01
9	4	2	5.430651e-01
9	4	3	2.902561e-01
9	4	4	1.440328e-01
9	4	5	4.665120e-01
9	4	6	5.347326e-01
9	4	7	2.591385e-01
9	4	8	4.004004e-01
9	4	9	1.262307e-01
9	5	0	7.280344e-01
9	5	1	3.688810e-01
9	5	2	9.756960e-01
9	5	3	7.369166e-01
9	5	4	9.195623e-01
9	5	5	2.905729e-01
9	5	6	8.455704e-01
9	5	7	9.157407e-01
9	5	8	9.861236e-01
9	5	9	5.570172e-01
9	6	0	6.652878e-01
9	6	1	4.108304e-01
9	6	2	9.663492e-02
9	6	3	9.866236e-01
9	6	4	2.070565e-01
9	6	5	4.068775e-01
9	6	6	8.625546e-01
9	6	7	7.279528e-01
9	6	8	4.116194e-01
9	6	9	4.289399e-01
9	7	0	1.721604e-01
9	7	1	2.213554e-02
9	7	2	1.964217e-01
9	7	3	7.152256e-01
9	7	4	3.123916e-01
9	7	5	3.404546e-01
9	7	6	1.817376e-01
9	7	7	8.471242e-01
9	7	8	5.995931e-01
9	7	9	5.821380e-01
9	8	0	9.733549e-01
9	8	1	3.276275e-01
9	8	2	9.510190e-01
9	8	3	9.490508e-01
9	8	4	6.454411e-02
9	8	5	8.705813e-01
9	8	6	2.396237e-01
9	8	7	9.101146e-01
9	8	8	7.863220e-01
9	8	9	2.257472e-01
9	9	0	4.671317e-01
9	9	1	4.516099e-01
9	9	2	6.365776e-01
9	9	3	5.637666e-01
9	9	4	4.382335e-01
9	9	5	8.436341e-01
9	9	6	9.706442e-01
9	9	7	3.007881e-01
9	9	8	5.715869e-01
9	9	9	3.822636e-01
