2.556413e+00	2.341400e+00	3.585329e+00	-1.169927e+00	-4.512110e-01	-3.903244e-01	3.101201e+00	5.879424e-01	1.497122e+00	-2.365851e+00
1.706936e+00	2.774707e+00	1.365772e+00	-1.295314e+00	7.709397e-02	1.808652e-01	5.569277e-01	1.678853e+00	8.490235e-01	-1.143898e+00
3.044722e+00	3.471095e+00	4.828607e+00	-3.495343e+00	-1.733027e-01	-2.599076e-01	1.915171e+00	1.213480e+00	1.364120e+00	-2.853269e+00
2.200308e+00	2.232751e+00	4.131208e+00	-2.136661e+00	-4.189038e-01	5.943121e-01	1.715759e+00	7.507790e-01	-1.557678e-01	-9.356263e-01
2.306211e+00	3.104312e+00	4.201089e+00	-2.305923e+00	-1.105371e-01	4.999816e-01	1.054793e+00	1.613315e+00	-1.421798e-01	-2.020939e+00
3.048133e+00	3.689150e+00	6.334343e+00	-2.956766e+00	-6.894360e-01	1.159371e+00	1.554577e+00	1.546843e+00	-1.041071e+00	-2.752592e+00
2.410505e+00	2.514857e+00	4.177225e+00	-3.429682e+00	9.374167e-01	-6.512315e-01	1.310552e+00	2.480218e+00	1.237979e+00	-2.005198e+00
1.159872e+00	-3.523617e-01	2.381039e+00	8.772223e-01	2.266633e-02	5.327788e-01	3.432262e+00	7.712367e-01	-1.400142e+00	1.603734e+00
-7.394679e-01	1.155829e+00	-1.637861e+00	2.352432e+00	-7.269119e-01	5.959478e-02	2.878317e+00	-4.733153e-01	1.130214e+00	1.686553e+00
3.134085e+00	2.416758e+00	5.029927e+00	-2.433809e+00	-1.200024e-01	-1.534643e+00	2.797494e+00	1.343089e+00	1.879384e+00	-2.869029e+00
1.328259e+00	2.703369e+00	3.361148e+00	-1.457088e+00	-5.118103e-01	-5.655958e-01	2.012895e+00	1.228460e+00	2.842419e-01	-1.035927e+00
3.761205e+00	3.426653e+00	6.145673e+00	-3.027103e+00	-7.642681e-01	6.104347e-01	1.624679e+00	1.114884e+00	-6.922974e-01	-3.116258e+00
1.972367e+00	2.150980e+00	3.394672e+00	-3.383883e+00	1.585802e+00	-9.498854e-01	7.864517e-01	3.055007e+00	7.222273e-01	-1.567023e+00
1.367598e+00	-3.576495e-01	1.349526e+00	6.663112e-02	8.952354e-02	1.058859e+00	1.793761e+00	7.774152e-01	-1.634001e+00	2.320510e+00
1.972637e+00	1.879437e+00	3.910281e+00	-2.147509e+00	1.120357e+00	1.133461e+00	1.335207e+00	2.736550e+00	-2.879148e+00	-2.759152e-01
2.799887e+00	3.651384e+00	5.549350e+00	-2.015123e+00	-5.213635e-01	-3.497727e-01	2.470715e+00	1.941469e+00	-3.768198e-01	-3.212862e+00
3.774395e+00	4.223636e+00	7.339114e+00	-3.546949e+00	-8.896423e-01	1.167074e+00	2.056198e+00	1.478557e+00	-1.119243e+00	-3.590187e+00
5.209746e-01	2.586556e-01	-1.344309e+00	2.069109e+00	-1.112784e+00	1.938378e+00	1.626083e+00	-1.110344e+00	3.154294e-01	2.588536e+00
2.265403e+00	-1.434011e-01	3.130547e+00	-9.309056e-01	6.286215e-01	1.503394e+00	1.978995e+00	1.219635e+00	-1.667804e+00	9.815287e-01
1.940790e+00	7.950741e-01	3.831362e+00	1.856922e-01	-1.193204e+00	2.304590e+00	1.668486e+00	-1.003930e-01	-3.152133e+00	1.677246e+00
2.140806e+00	3.944536e+00	4.669076e+00	-2.503343e+00	-4.019255e-01	1.236596e+00	1.436650e+00	1.256783e+00	8.000946e-01	-2.724024e+00
2.815981e+00	3.755685e+00	5.442812e+00	-1.822031e+00	-1.851742e+00	1.285233e+00	1.713806e+00	1.661490e-01	3.355469e-02	-1.848757e+00
9.716300e-01	3.657788e+00	2.019245e+00	-1.986540e-01	-1.389916e+00	1.955325e+00	1.093226e+00	1.658924e-01	-6.966465e-03	-7.493633e-01
9.727516e-01	2.888890e+00	3.755716e+00	-2.294404e+00	1.172497e+00	-5.807060e-01	2.484609e+00	3.452323e+00	5.562097e-01	-2.486491e+00
2.299965e+00	1.557502e+00	4.158377e+00	-6.553871e-01	-7.213361e-01	1.334069e+00	7.896649e-01	6.605093e-01	-2.474959e+00	4.659120e-01
2.660999e+00	4.603529e+00	5.548095e+00	-3.189393e+00	-9.087494e-01	1.250706e+00	1.956139e+00	9.350158e-01	1.077923e+00	-3.436954e+00
3.750151e+00	3.428802e+00	7.354191e+00	-2.739941e+00	-8.417306e-01	1.505312e+00	1.706017e+00	1.742063e+00	-2.062621e+00	-2.244808e+00
1.985059e+00	2.965428e+00	1.779198e+00	1.755538e-01	-2.146264e+00	1.622782e+00	1.842096e+00	-1.563116e+00	7.973400e-01	-4.761018e-01
-1.019066e+00	1.200383e+00	-2.394469e+00	1.833410e+00	7.840650e-01	2.004633e-01	2.641240e+00	8.958096e-01	1.129445e+00	7.077751e-01
2.465763e+00	3.222197e+00	6.064494e+00	-1.974813e+00	-7.319992e-01	1.959844e+00	1.448406e+00	1.635018e+00	-2.592398e+00	-1.283442e+00
9.402677e-01	2.085807e+00	3.270192e+00	-1.659554e+00	-6.177993e-01	7.039601e-01	6.130906e-01	5.882135e-01	2.676454e-01	-2.265717e+00
2.779605e+00	1.932247e+00	3.523206e+00	-1.988369e+00	8.293852e-01	8.505419e-01	7.150341e-01	2.456359e+00	-2.190342e+00	-1.006681e+00
7.764284e-01	1.670722e+00	4.558538e-01	-1.470196e+00	1.303290e+00	-1.474600e+00	1.495437e+00	2.280698e+00	1.665581e+00	-6.964244e-01
1.866730e+00	2.962166e+00	2.093476e+00	-1.720459e+00	-5.622034e-01	-2.335412e-01	1.201474e+00	6.737399e-01	9.546244e-01	-1.151802e+00
1.138084e+00	2.032339e+00	1.300000e+00	-1.269403e+00	8.192276e-01	-1.616173e+00	1.999962e+00	1.755980e+00	1.843903e+00	-1.123568e+00
2.420701e+00	1.330766e+00	4.892724e+00	-7.399224e-01	1.640501e-01	-5.450146e-01	3.335949e+00	1.787970e+00	-1.187481e+00	-1.052980e+00
2.038150e+00	1.428318e+00	4.285901e+00	-8.963089e-01	1.572607e-01	-5.467325e-01	2.732526e+00	1.657928e+00	-5.064149e-01	-1.052432e+00
1.529364e-01	-4.668237e-02	-2.179605e+00	2.906774e-01	1.356747e+00	-6.421736e-01	-2.161621e-01	2.090709e+00	-1.887802e+00	2.669663e+00
1.840175e-01	2.545650e-01	9.095803e-01	1.793768e+00	-1.285366e-01	-2.858042e-01	2.107349e+00	7.586290e-01	-3.354071e+00	2.683349e+00
1.379984e+00	4.293005e+00	3.987886e+00	-1.319729e+00	-8.809378e-01	3.099077e-01	2.726909e+00	9.387595e-01	1.171148e+00	-2.973559e+00
1.950796e+00	2.666437e+00	4.028741e+00	-1.349368e+00	4.658588e-01	-1.248228e+00	2.505140e+00	2.775584e+00	-4.886083e-01	-2.446094e+00
9.571859e-01	7.190101e-01	-2.003363e-03	1.559009e+00	-3.805839e-01	-7.370168e-01	2.615284e+00	1.549083e-01	-9.591629e-02	1.289379e+00
3.145819e+00	3.594837e+00	5.239216e+00	-3.876440e+00	-4.419207e-02	-4.260195e-01	1.829807e+00	1.291670e+00	1.954444e+00	-3.387007e+00
1.685710e+00	1.036026e+00	2.922722e-01	-1.942408e+00	1.946025e+00	-1.055860e+00	2.955174e-01	2.803960e+00	6.074984e-01	-2.449846e-01
3.275389e-01	2.238769e+00	1.412990e+00	-1.100753e+00	1.263047e-01	8.226712e-01	1.242946e+00	1.104152e+00	1.189527e+00	1.587353e-01
1.583773e+00	7.542220e-01	-8.091460e-02	-1.028350e+00	1.282427e+00	-4.090273e-01	3.909456e-01	1.797575e+00	-5.612961e-01	5.198044e-01
3.251347e+00	3.760083e+00	5.708778e+00	-2.254863e+00	-8.790989e-01	1.201441e+00	9.838504e-01	1.643526e+00	-1.706303e+00	-2.392376e+00
2.431884e+00	1.747566e+00	3.861609e+00	-8.894212e-01	-5.291301e-01	9.855571e-01	7.230862e-01	7.865935e-01	-2.463931e+00	8.288004e-02
1.891506e+00	3.122776e+00	2.167512e+00	-1.536544e+00	-4.679914e-01	3.266135e-01	9.217276e-01	7.963430e-01	1.887792e+00	-1.657057e+00
3.072919e+00	1.860332e+00	3.454285e+00	-1.825572e+00	-4.505662e-01	1.081800e-01	1.851171e+00	7.643605e-01	2.259358e-01	-1.246572e+00
1.466271e-01	7.029405e-01	1.146151e+00	8.692032e-01	3.425540e-01	2.871612e-01	2.918614e+00	1.085605e+00	-9.649114e-01	1.307281e+00
1.584834e+00	2.938427e+00	3.611338e+00	-1.162739e+00	-3.730872e-01	-4.198443e-01	2.720407e+00	1.081644e+00	1.358085e+00	-2.462923e+00
7.523972e-01	-1.045021e+00	2.006283e+00	1.760041e+00	1.528014e-01	1.077449e+00	3.141320e+00	7.431250e-01	-2.632058e+00	2.845452e+00
3.583736e+00	2.969837e+00	5.731603e+00	-2.803630e+00	-7.637327e-01	6.486396e-01	1.895805e+00	6.959035e-01	1.288774e-01	-2.651171e+00
3.404957e+00	3.340532e+00	6.271043e+00	-2.943713e+00	-9.818305e-01	9.227960e-01	2.157992e+00	3.109948e-01	1.749574e-01	-2.696133e+00
3.429704e+00	2.257611e+00	5.671851e+00	-2.483817e+00	-1.500275e-01	5.681657e-01	1.445743e+00	1.495854e+00	-1.406309e+00	-1.425413e+00
1.718068e+00	1.961327e+00	3.010000e+00	5.643956e-01	-1.305652e+00	2.425914e+00	1.018455e+00	3.755745e-01	-3.260863e+00	1.580119e+00
3.914629e+00	2.517056e+00	6.314718e+00	-2.653079e+00	-2.544135e-01	1.037296e+00	1.686151e+00	1.496987e+00	-1.488156e+00	-1.977170e+00
7.071408e-01	2.860810e+00	-4.612693e-01	9.209835e-01	-1.344487e+00	1.826744e+00	9.243985e-01	-7.411587e-01	6.089255e-01	2.886100e-01
2.047617e+00	3.909036e+00	5.205208e+00	-2.335769e+00	-1.278735e-01	-7.337448e-01	2.789312e+00	1.926947e+00	8.090566e-01	-3.637807e+00
2.986768e+00	3.924276e+00	6.879428e+00	-2.323675e+00	-1.648584e+00	1.665462e+00	2.381946e+00	6.318941e-01	-8.412787e-01	-2.322131e+00
3.743749e-01	1.997686e+00	-8.898853e-01	2.192580e+00	-1.452591e+00	3.984124e-01	1.957130e+00	-9.190031e-01	5.140003e-02	1.340668e+00
1.612690e+00	-1.928422e-01	1.874622e+00	-3.099560e-03	9.247245e-01	-6.034224e-01	3.566688e+00	1.275005e+00	6.537696e-01	-1.713154e-01
2.724677e+00	2.466472e+00	3.768908e+00	-1.499209e+00	-8.402070e-01	6.483652e-01	1.619319e+00	8.870489e-01	-1.021518e+00	-1.067856e+00
1.107077e+00	2.502549e+00	1.662281e+00	-1.699441e-02	-8.700173e-01	1.741990e+00	1.070411e+00	8.522148e-02	7.561539e-02	5.021678e-02
2.199794e+00	-2.770629e-01	2.969372e+00	-1.098932e+00	9.135264e-01	1.072123e+00	1.787089e+00	1.555369e+00	-1.562201e+00	1.091745e+00
1.393829e+00	1.530631e+00	2.765838e+00	-2.971872e-01	-7.861886e-02	2.100541e+00	1.057950e+00	1.126456e+00	-3.105796e+00	1.259508e+00
3.101952e+00	3.616506e+00	7.474613e+00	-2.376500e+00	-1.797493e+00	2.669489e+00	2.651934e+00	-2.290688e-01	-2.204399e+00	-1.880595e+00
3.499059e+00	3.596499e+00	5.560442e+00	-2.639371e+00	-5.972584e-01	5.967501e-01	1.139218e+00	1.685444e+00	-7.712872e-01	-2.812806e+00
2.110724e+00	2.532047e+00	3.225553e+00	-8.827437e-01	-9.321771e-01	1.479299e+00	1.499891e+00	2.907755e-02	3.472601e-01	-8.882921e-01
2.529320e+00	1.634801e+00	5.312855e+00	-1.084575e+00	-7.794279e-01	2.323647e+00	1.946558e+00	8.913988e-01	-2.925007e+00	3.657948e-01
2.609128e+00	4.044885e+00	5.528190e+00	-2.530468e+00	-3.134926e-01	8.333314e-01	2.406288e+00	2.043519e+00	-8.540175e-01	-3.073819e+00
1.564069e+00	3.181071e+00	3.605585e+00	-1.728175e+00	-7.775899e-01	9.980580e-01	1.425469e+00	1.203438e+00	-3.866908e-01	-1.136867e+00
2.842301e+00	2.053002e+00	3.685647e+00	-2.210140e+00	4.937718e-01	1.093991e-01	1.033911e+00	2.053078e+00	-5.341267e-01	-1.591375e+00
2.604239e+00	3.707730e+00	4.116597e+00	-3.839723e+00	5.593258e-02	-6.171107e-01	1.872531e+00	1.346123e+00	3.068647e+00	-3.930562e+00
6.223541e-01	-7.757411e-01	-1.760389e+00	5.655287e-01	1.871585e+00	1.045919e-01	-1.035887e-01	2.386121e+00	-3.521514e+00	3.362182e+00
1.900914e+00	7.927153e-01	1.659722e+00	-1.268305e+00	1.130632e+00	-3.495550e-01	-6.556918e-02	2.220818e+00	-1.582915e+00	1.546865e-01
3.008915e+00	3.315269e+00	4.696389e+00	-2.768218e+00	-6.858895e-01	4.943534e-01	2.041911e+00	4.383302e-01	1.053222e+00	-2.292064e+00
3.139725e+00	4.061920e+00	6.928216e+00	-3.144416e+00	-9.674209e-01	1.320866e+00	1.882136e+00	1.282448e+00	-1.160842e+00	-3.051157e+00
1.641179e+00	2.498758e-01	5.105213e-01	-1.513693e-01	9.280971e-01	3.664020e-01	2.552473e-01	1.569698e+00	-3.169231e+00	1.852024e+00
2.143444e+00	1.177034e+00	4.360442e+00	-4.673275e-01	2.623440e-01	-1.959067e-01	3.214731e+00	1.846882e+00	-1.461193e+00	-9.981753e-01
1.675662e+00	9.655534e-01	1.240660e-01	-2.055739e+00	1.884402e+00	-1.458314e+00	3.487946e-01	2.394016e+00	9.108295e-01	-2.881273e-01
9.484669e-01	1.757573e-01	-1.024318e+00	-1.295638e+00	2.316798e+00	-7.260357e-01	4.321948e-01	2.646689e+00	-4.200272e-01	8.842960e-01
1.534572e+00	2.249533e+00	5.215626e+00	-1.898208e+00	1.197272e+00	-5.439293e-01	2.981403e+00	3.443619e+00	-1.395017e+00	-1.827109e+00
-6.577790e-01	1.370234e+00	-2.202493e+00	1.724240e+00	7.388276e-03	5.444103e-02	2.010331e+00	4.390685e-01	1.196399e+00	1.340054e+00
4.012176e+00	3.961708e+00	7.177381e+00	-3.269927e+00	-9.879460e-01	1.351766e+00	2.090120e+00	7.816047e-01	-4.259631e-01	-3.416981e+00
2.172783e+00	2.988241e+00	2.308641e+00	-2.948049e+00	1.088987e+00	-5.625484e-01	9.397398e-01	2.852947e+00	2.448576e+00	-3.083894e+00
1.100887e+00	2.284243e+00	3.751793e-01	1.274698e+00	-1.805385e+00	1.993716e+00	1.176870e+00	-1.064732e+00	-1.302804e-01	7.255755e-01
7.950620e-01	7.662050e-01	1.492813e+00	7.580706e-02	3.391323e-01	1.888669e+00	1.070530e+00	1.183116e+00	-3.333566e+00	2.100538e+00
3.006947e+00	1.996855e+00	6.710253e+00	-2.450006e+00	-1.923849e-01	1.676826e+00	2.010254e+00	1.532864e+00	-2.059229e+00	-1.243413e+00
5.098818e-01	-9.188483e-01	-1.052904e+00	-3.146022e-01	2.181576e+00	-7.348519e-01	-3.666648e-01	2.251457e+00	-2.293325e+00	2.517370e+00
2.010930e+00	4.184628e+00	3.702748e+00	-2.649888e+00	-1.257935e-01	9.169830e-01	1.373619e+00	1.461927e+00	1.268794e+00	-3.232351e+00
1.970009e+00	2.212514e+00	1.252557e+00	-6.971754e-01	-3.215071e-01	2.085375e-01	8.943249e-01	6.060954e-01	1.060103e+00	-4.300490e-01
1.979505e+00	2.047178e+00	2.896040e+00	-5.453593e-01	-1.447615e+00	1.103600e+00	1.680336e+00	-5.457120e-01	-4.913412e-01	4.693436e-01
2.266707e+00	2.060918e+00	3.951650e+00	-1.453259e+00	-8.202574e-01	8.446277e-01	1.817205e+00	4.242040e-01	-3.063186e-01	-5.449954e-01
2.002933e+00	1.346093e-01	2.806761e+00	-6.283569e-02	2.457267e-01	2.357406e+00	1.847831e+00	9.565039e-01	-2.651561e+00	1.625958e+00
3.807948e+00	1.846204e+00	6.606027e+00	-2.343363e+00	-5.477289e-01	1.016466e+00	1.921323e+00	1.185451e+00	-1.900257e+00	-1.503786e+00
3.311186e+00	3.294301e+00	6.541284e+00	-3.035945e+00	-7.495889e-03	1.287138e+00	1.500462e+00	2.264729e+00	-1.295255e+00	-2.797187e+00
7.740138e-01	1.912984e+00	2.480652e+00	6.673250e-01	-1.187408e+00	8.980143e-02	2.664623e+00	6.281443e-01	-1.064312e+00	8.321825e-01
1.908009e+00	4.833668e-01	1.048909e+00	-2.020558e+00	2.093731e+00	-9.973163e-01	8.594206e-01	2.742659e+00	-1.019660e-01	4.347652e-01
4.309205e-02	2.790125e-01	-1.844891e-01	-1.666937e+00	2.555821e+00	-2.364725e-02	1.243623e+00	2.828403e+00	2.900945e-01	1.338703e+00
7.122322e-01	2.686398e+00	4.087435e+00	-7.787035e-01	-1.267484e-01	-1.081681e-01	3.111183e+00	1.826770e+00	1.010859e-01	-1.277767e+00
3.177298e+00	2.731997e+00	4.153677e+00	-2.969261e+00	5.200995e-02	2.072301e-01	1.980517e+00	1.183273e+00	1.540676e+00	-2.859951e+00
2.672390e+00	3.231719e+00	5.685863e+00	-2.486172e+00	-7.660944e-02	1.449806e+00	1.289893e+00	2.311475e+00	-2.003946e+00	-1.788385e+00
2.209633e+00	1.610701e+00	3.957630e+00	-3.392054e+00	1.483635e+00	-8.114432e-01	2.772229e+00	2.399046e+00	2.393309e+00	-2.504433e+00
2.546778e+00	-3.939246e-01	1.740844e+00	-2.364162e+00	2.158512e+00	-8.601702e-01	1.875249e+00	2.259113e+00	1.255212e+00	8.735922e-03
2.178323e-01	2.191215e+00	-3.770266e-01	2.210394e+00	-1.490018e+00	1.112099e+00	2.920591e+00	-9.113738e-01	1.506553e+00	-3.071505e-02
2.102888e+00	3.510925e+00	6.977371e+00	-3.308945e+00	-1.711333e-01	1.269694e+00	1.470260e+00	2.415253e+00	-1.191521e+00	-2.551577e+00
7.676462e-01	2.079011e+00	9.748078e-01	-9.860324e-01	3.197286e-01	4.298409e-01	1.010058e+00	1.498471e+00	4.096988e-01	3.559966e-01
2.481708e+00	1.611273e-01	3.500037e+00	-1.817903e-01	-5.422306e-01	1.288639e+00	1.359206e+00	7.247239e-01	-2.323233e+00	1.343829e+00
2.003662e+00	4.180262e+00	4.340378e+00	-3.018720e+00	2.656766e-02	8.293432e-01	1.353143e+00	1.913382e+00	1.256683e+00	-3.498698e+00
7.615012e-01	3.703269e+00	5.013887e-01	7.490144e-03	-1.283157e+00	1.881179e+00	1.259749e+00	-2.156232e-01	1.348557e+00	-9.227654e-01
2.980987e+00	3.041679e+00	6.090757e+00	-3.072561e+00	1.706909e-01	1.157146e+00	1.588782e+00	2.123652e+00	-1.297055e+00	-2.449558e+00
1.543374e+00	3.077651e+00	1.888286e+00	-3.638964e-02	-1.336071e+00	1.854983e+00	1.205770e+00	6.112461e-02	-3.078059e-02	-6.416602e-01
5.785924e-01	-2.168379e-01	6.760085e-01	1.311174e-01	9.275603e-01	-6.071735e-01	2.720979e+00	1.201135e+00	5.441143e-01	1.146918e+00
2.470338e+00	3.324309e+00	4.828124e+00	-3.566667e+00	8.756049e-01	4.580843e-01	1.624016e+00	2.518543e+00	5.195633e-01	-3.227699e+00
2.339515e+00	2.699997e+00	3.572063e+00	-1.935229e+00	-2.524285e-01	3.449525e-01	1.238706e+00	1.319239e+00	6.496381e-01	-1.152871e+00
2.992140e+00	7.828071e-01	4.579503e+00	-1.386975e+00	-7.118775e-02	1.502050e+00	2.096398e+00	9.878672e-01	-1.580081e+00	-3.447912e-02
1.756904e+00	-9.267343e-02	6.504796e-01	-5.903544e-01	1.295689e+00	4.279892e-03	1.532226e-01	1.876339e+00	-2.407570e+00	1.363485e+00
3.116403e+00	8.940063e-01	3.783958e+00	-7.827470e-01	-4.616729e-01	1.901882e+00	2.218355e+00	3.808045e-02	-6.442040e-01	-2.096543e-01
2.778585e+00	2.663243e+00	2.756416e+00	-1.728944e+00	-7.424761e-01	-1.133945e-01	1.161218e+00	7.131896e-01	1.414958e+00	-1.850023e+00
2.053967e+00	4.410436e-01	3.613886e+00	-9.023783e-01	-5.467217e-02	1.751609e+00	2.133113e+00	8.208071e-01	-2.067242e+00	8.743442e-01
1.993575e+00	3.480101e+00	3.370608e+00	-1.913306e+00	-6.269321e-01	1.170301e+00	1.491733e+00	6.249887e-01	1.166003e+00	-2.384678e+00
1.218930e+00	5.189210e-01	-4.280445e-01	-2.039285e+00	2.405759e+00	-1.782623e+00	-1.214039e-01	2.686233e+00	1.238553e+00	-1.509175e-01
1.441017e+00	3.192358e+00	1.097577e+00	4.741552e-01	-1.792312e+00	2.208838e+00	1.483444e+00	-1.159700e+00	-2.002181e-01	-7.791545e-02
9.821576e-01	2.107016e+00	4.328852e+00	-2.643227e+00	1.385532e+00	1.287050e+00	1.449293e+00	3.185490e+00	-1.699285e+00	-5.330564e-01
2.044843e+00	5.189417e-01	4.315326e+00	1.229009e-01	-3.660237e-01	7.369295e-02	3.607694e+00	8.896907e-01	-1.617365e+00	3.446663e-01
1.433618e+00	1.034057e+00	1.827023e+00	-2.249461e-01	-2.140006e-01	1.564751e-01	2.593602e+00	2.554955e-01	7.629685e-01	2.935175e-01
1.806758e+00	1.895512e+00	1.714481e+00	-1.361679e+00	7.202674e-01	5.481396e-01	3.037614e-01	1.987901e+00	-6.332577e-01	-8.691488e-01
1.022324e+00	2.474365e+00	3.035737e+00	-1.497829e+00	-2.519712e-02	-4.185454e-01	2.538027e+00	1.594528e+00	1.532691e+00	-1.406194e+00
1.841370e+00	7.905795e-01	7.914381e-01	-2.472921e+00	1.896771e+00	-1.187844e+00	1.136700e+00	2.214925e+00	1.144668e+00	-4.604004e-01
1.534986e+00	2.496869e+00	2.394127e+00	-7.192930e-01	1.091765e-01	-1.149743e+00	2.715294e+00	1.432053e+00	1.156807e+00	-1.907327e+00
2.085087e+00	4.457512e+00	5.246070e+00	-1.694552e+00	-1.815533e+00	2.014906e+00	1.460619e+00	2.836836e-01	-9.790709e-01	-2.278287e+00
-4.498292e-01	8.261934e-01	-7.672921e-01	1.026207e-01	1.559586e+00	-3.534365e-01	2.331412e+00	2.049388e+00	-4.960782e-01	1.643808e+00
9.290356e-01	3.065930e+00	8.817671e-01	-7.567844e-01	-4.189945e-01	7.504086e-01	7.212384e-01	9.184987e-01	7.038991e-01	-8.290443e-01
3.289341e+00	2.685809e+00	6.159059e+00	-2.216328e+00	-4.505490e-01	1.568382e+00	1.567241e+00	1.468786e+00	-1.798968e+00	-1.536432e+00
1.431876e+00	1.538848e+00	3.782843e+00	4.355911e-01	-6.207296e-01	3.540109e-01	2.662183e+00	1.355427e+00	-3.577487e+00	9.284472e-01
1.896491e+00	2.604836e+00	1.649063e+00	-1.478991e+00	3.767544e-02	2.526102e-01	9.617538e-01	1.045914e+00	1.443493e+00	-1.118511e+00
9.601057e-01	-5.505604e-02	-9.187878e-01	-1.689718e+00	2.543206e+00	-1.776382e+00	-2.401640e-01	2.682036e+00	1.103326e+00	4.347916e-01
2.065693e+00	1.350628e+00	1.717939e+00	-1.858984e+00	6.676758e-01	-9.820677e-01	5.753122e-01	1.741892e+00	9.628608e-01	-5.949244e-01
2.867842e+00	1.536146e+00	4.462350e+00	-1.998172e+00	-2.381568e-01	7.214802e-01	2.217803e+00	9.907045e-01	1.388913e-01	-6.387714e-01
6.961708e-01	1.053349e+00	-9.522142e-01	-1.759864e+00	2.314041e+00	-1.160096e+00	1.287147e-02	3.049805e+00	5.875602e-01	1.260425e-01
3.348099e+00	2.434140e+00	6.153843e+00	-2.092214e+00	-1.200363e+00	1.483901e+00	2.199761e+00	3.929495e-01	-1.886062e+00	-1.523332e+00
1.981536e+00	2.324029e+00	3.681311e+00	-9.586115e-01	-6.809548e-03	-9.279284e-01	3.191945e+00	1.516341e+00	1.117117e+00	-2.107082e+00
3.441039e+00	1.739246e+00	4.561003e+00	-1.879024e+00	-3.521799e-01	1.248524e-01	2.866141e+00	7.549849e-01	1.175992e+00	-1.817384e+00
2.041634e+00	1.549381e+00	2.594633e+00	-1.424850e+00	4.873585e-01	1.971874e-01	5.947160e-01	1.782895e+00	-1.843974e+00	-1.818156e-01
3.205281e+00	3.932782e+00	5.100263e+00	-3.569214e+00	-3.909640e-01	-1.422608e-01	1.851999e+00	1.149307e+00	1.277677e+00	-3.297280e+00
1.062871e+00	-1.044401e+00	3.054676e-01	3.063760e-01	1.781074e+00	-3.083255e-02	2.783750e+00	1.590932e+00	-7.256715e-01	1.213378e+00
1.200477e+00	2.794235e+00	-3.359442e-01	2.096567e-01	-7.464459e-01	1.054902e+00	7.503959e-01	1.748509e-01	1.108941e+00	-3.141740e-01
2.449059e+00	3.543404e+00	5.688103e+00	-3.722614e+00	5.300159e-01	3.046184e-01	1.382887e+00	2.783453e+00	2.461919e-01	-3.086185e+00
2.392215e+00	2.976313e+00	6.122975e+00	-2.485716e+00	-2.490743e-01	1.617770e+00	1.351532e+00	2.020574e+00	-1.922701e+00	-1.858735e+00
2.261097e+00	2.579327e+00	4.693718e+00	-2.019030e+00	4.593228e-01	-1.234612e+00	2.802793e+00	2.245728e+00	4.084934e-01	-2.719548e+00
8.654771e-01	1.379432e+00	1.384673e+00	5.708363e-01	8.341046e-02	-2.249571e-01	2.439112e+00	1.332027e+00	-1.276639e+00	6.338265e-01
2.422075e+00	3.910443e+00	4.820298e+00	-3.543156e+00	1.025142e-01	1.491253e-02	1.540984e+00	2.115673e+00	1.411897e+00	-2.991868e+00
3.570320e+00	2.930392e+00	6.958159e+00	-3.024019e+00	-2.914342e-01	1.402576e+00	2.263412e+00	1.607008e+00	-9.293189e-01	-2.674591e+00
1.358011e+00	8.353089e-01	4.965957e-01	-4.213937e-01	6.969013e-01	5.492892e-03	-2.754579e-01	1.517676e+00	-1.005468e+00	6.042075e-01
7.861271e-01	2.989582e-02	2.556492e-01	-4.691862e-01	1.361643e+00	-1.201239e-01	-2.086384e-01	2.300281e+00	-2.433428e+00	1.814471e+00
2.362631e+00	1.735724e+00	2.707612e+00	-1.220315e+00	3.668638e-01	8.549174e-01	7.599332e-01	1.733219e+00	-2.225471e+00	-8.286346e-02
1.517897e+00	5.718256e-01	8.091331e-01	-5.712282e-01	8.998033e-01	-1.455774e-02	4.934674e-04	1.839981e+00	-2.565607e+00	1.187941e+00
2.840676e+00	3.438541e+00	4.967830e+00	-4.107641e+00	7.969099e-01	-5.102830e-01	1.503785e+00	2.668999e+00	1.947360e+00	-3.682955e+00
2.413810e+00	2.850631e-01	3.468697e+00	-1.046045e+00	3.102357e-01	1.102295e+00	2.500355e+00	5.640516e-01	-1.026436e+00	2.280319e-01
3.183938e-01	1.582897e+00	2.758124e+00	-6.753117e-01	6.762772e-02	3.760426e-01	2.766584e+00	9.349056e-01	-2.365745e-01	3.615582e-01
1.328944e+00	-2.671205e-01	-5.595420e-01	-1.390053e+00	2.328679e+00	-1.147974e+00	1.655737e-01	2.463679e+00	2.881310e-02	8.289760e-01
1.489655e+00	5.483727e-01	1.957927e+00	-6.615550e-01	3.804622e-01	-1.136611e+00	2.097238e+00	1.375959e+00	7.266763e-01	6.601432e-01
8.477591e-01	2.138368e+00	-8.193043e-01	7.883513e-01	-8.633688e-01	9.387503e-01	8.611680e-01	-2.985881e-01	6.337430e-01	1.099678e+00
1.908494e+00	3.750434e+00	3.023537e+00	-2.525398e+00	7.773142e-01	-2.428805e+00	2.788049e+00	2.952065e+00	2.522625e+00	-4.365811e+00
2.197950e+00	3.189420e+00	4.614535e+00	-2.437545e+00	-7.233980e-01	7.255583e-01	1.847319e+00	1.364992e+00	-4.959156e-01	-1.533205e+00
1.589625e+00	2.611824e+00	4.112488e+00	-4.513658e-01	-5.830644e-01	-1.356294e-01	2.374104e+00	1.533595e+00	-1.623252e+00	-9.568774e-01
2.871319e+00	3.633492e+00	6.631415e+00	-3.018252e+00	-5.454390e-01	1.223001e+00	1.716351e+00	1.683894e+00	-3.844624e-01	-2.863090e+00
1.165044e+00	2.050975e+00	5.171384e-01	3.167624e-01	-1.318558e+00	1.610057e+00	1.683107e+00	-1.159796e+00	7.074307e-01	6.675430e-01
3.859563e+00	2.217003e+00	7.036391e+00	-3.298382e+00	2.785894e-01	4.529979e-01	1.478401e+00	2.258383e+00	-1.626544e+00	-2.193871e+00
2.843876e+00	2.414162e+00	3.506071e+00	-3.122438e+00	5.525745e-01	-7.128977e-01	1.585984e+00	1.875255e+00	2.231570e+00	-2.709000e+00
1.668550e+00	1.370907e+00	1.235164e+00	-9.670566e-01	2.764280e-01	-2.320824e-02	1.079810e+00	9.798474e-01	-2.453216e-01	8.168928e-01
2.093818e+00	3.113951e+00	3.420770e+00	-1.517640e+00	-1.590492e-01	-4.909455e-01	2.647289e+00	1.496125e+00	9.962639e-01	-2.717265e+00
9.348589e-01	3.327310e+00	4.125223e-02	1.068686e+00	-2.070947e+00	1.987570e+00	9.451825e-01	-1.103572e+00	1.401727e+00	-2.297130e-01
6.222692e-01	2.852739e+00	-2.381847e-01	6.117804e-01	-1.440382e+00	1.204770e+00	9.567337e-01	-6.497525e-01	9.892514e-01	5.950843e-01
2.289106e+00	3.340355e+00	3.891385e+00	-1.626590e+00	-9.349469e-01	1.056639e+00	1.442947e+00	8.332562e-01	4.099758e-01	-1.371590e+00
1.344829e+00	-1.232987e-01	-3.311268e-02	-3.286383e-02	1.305444e+00	2.030782e-01	-6.637621e-03	2.181511e+00	-3.274434e+00	2.388617e+00
2.086428e+00	3.024342e+00	4.393343e+00	-2.820657e+00	9.889615e-01	-1.087600e+00	2.371184e+00	2.928886e+00	1.134366e+00	-3.480406e+00
7.757514e-01	3.334587e+00	2.741429e-01	5.510163e-02	-9.146634e-01	1.499554e+00	7.490949e-01	-1.035872e-02	8.045544e-01	-3.804931e-01
