-4.398972e-02	2.107745e-02	-5.026020e-02	1.508863e-02	1.847991e-02	-1.232432e-02	2.202799e-02	9.132548e-02	1.500163e-02	-2.882312e-02
-5.174063e-02	2.910349e-02	-2.763212e-02	7.282220e-03	-6.458811e-03	-9.806865e-03	2.349365e-02	7.425948e-02	3.980674e-03	-1.356266e-02
-5.275977e-02	7.932237e-03	-4.596086e-02	1.616406e-02	1.674711e-02	-7.820384e-03	3.533505e-02	8.727062e-02	9.026134e-03	-2.337025e-02
-4.947959e-02	9.644637e-03	-3.767373e-02	1.436458e-02	1.023417e-02	-9.229494e-03	3.294557e-02	7.841828e-02	1.042880e-02	-1.986343e-02
-4.752633e-02	4.475981e-03	-4.164904e-02	1.709538e-02	1.406648e-02	-8.991890e-03	3.393248e-02	8.179378e-02	1.121649e-02	-2.119206e-02
-5.336710e-02	1.811405e-02	-2.052085e-02	1.036138e-02	-1.112810e-02	-1.088150e-02	3.266911e-02	6.836390e-02	4.406996e-03	-9.728301e-03
-5.159850e-02	1.162447e-04	-4.403900e-02	2.041993e-02	1.484393e-02	-9.170910e-03	4.015932e-02	8.998697e-02	4.954319e-03	-2.109551e-02
-5.154434e-02	1.097668e-03	-3.678935e-02	1.865514e-02	1.000527e-02	-9.278740e-03	3.797644e-02	8.414326e-02	7.527405e-03	-1.952121e-02
-4.714389e-02	-5.689182e-03	-3.830663e-02	2.225142e-02	1.322790e-02	-1.127086e-02	3.669555e-02	8.533853e-02	1.213717e-02	-2.062101e-02
-5.258134e-02	5.995773e-03	-1.323525e-02	1.413782e-02	-1.258365e-02	-1.408530e-02	3.590355e-02	6.990616e-02	2.851781e-03	-5.936784e-03
-5.125538e-02	-8.516225e-03	-4.271140e-02	2.536606e-02	1.517653e-02	-1.238741e-02	4.403025e-02	9.577434e-02	4.632618e-03	-2.104089e-02
-4.867441e-02	-1.245612e-03	-3.862598e-02	2.238065e-02	1.107700e-02	-1.289177e-02	3.963346e-02	9.200211e-02	2.968643e-03	-1.967060e-02
-4.707649e-02	-1.031714e-02	-4.131727e-02	2.714692e-02	1.578053e-02	-9.650368e-03	3.792916e-02	9.686417e-02	5.103040e-03	-2.228034e-02
-5.302930e-02	5.468405e-05	-1.490289e-02	1.902816e-02	-1.159709e-02	-1.123760e-02	3.615985e-02	8.058916e-02	-5.524982e-03	-5.507522e-03
-5.229495e-02	-1.693035e-02	-4.088179e-02	2.986187e-02	1.551651e-02	-7.457610e-03	4.439850e-02	1.014258e-01	-2.255077e-03	-2.049474e-02
-5.297463e-02	-1.349182e-02	-3.394393e-02	2.825897e-02	1.153252e-02	-4.508271e-03	4.085316e-02	9.628202e-02	-4.038178e-03	-1.900791e-02
-4.908939e-02	-2.092310e-02	-3.630682e-02	3.152018e-02	1.654039e-02	-2.704625e-03	3.852485e-02	9.844204e-02	-3.309715e-03	-1.905228e-02
-5.420605e-02	-9.056366e-03	-5.713063e-03	2.329526e-02	-1.535731e-02	-6.140783e-03	3.464142e-02	7.864887e-02	-1.021904e-02	-1.987172e-03
-5.560253e-02	-2.974088e-02	-3.701056e-02	3.563153e-02	1.704001e-02	1.243665e-04	4.540959e-02	1.035084e-01	-6.818526e-03	-1.868915e-02
-5.503913e-02	-2.775121e-02	-2.662723e-02	3.381793e-02	1.053148e-02	7.231390e-04	4.115504e-02	9.620161e-02	-6.510667e-03	-1.533798e-02
-5.082996e-02	-3.075194e-02	-3.331513e-02	3.538021e-02	1.638079e-02	2.306224e-03	3.873950e-02	1.000539e-01	-3.491609e-03	-1.814602e-02
-5.776811e-02	-1.776242e-02	-3.000505e-03	2.628867e-02	-1.498083e-02	3.350164e-04	3.515602e-02	8.074706e-02	-1.141401e-02	-1.109721e-03
-5.789654e-02	-3.701052e-02	-3.247030e-02	3.707951e-02	1.644997e-02	5.915455e-03	4.436708e-02	1.035616e-01	-8.803325e-03	-1.639215e-02
-5.618000e-02	-2.982973e-02	-2.502028e-02	3.398371e-02	1.158660e-02	9.002019e-03	3.697585e-02	9.802048e-02	-1.115991e-02	-1.454898e-02
-5.406716e-02	-3.763527e-02	-2.948792e-02	3.856104e-02	1.873802e-02	1.300084e-02	3.462605e-02	1.043332e-01	-1.214762e-02	-1.745849e-02
-6.077090e-02	-2.310183e-02	1.251721e-03	2.868026e-02	-1.361547e-02	1.050559e-02	3.152720e-02	8.620644e-02	-2.223912e-02	-1.281709e-03
-5.971059e-02	-3.831233e-02	-3.247001e-02	3.846166e-02	2.037038e-02	1.369946e-02	3.981686e-02	1.107329e-01	-1.701132e-02	-1.817739e-02
-5.679721e-02	-3.043024e-02	-2.693376e-02	3.283117e-02	1.800739e-02	1.820705e-02	3.178203e-02	1.034074e-01	-1.991657e-02	-1.549318e-02
-5.271559e-02	-3.469151e-02	-3.101977e-02	3.492020e-02	2.310576e-02	2.003504e-02	2.626642e-02	1.079855e-01	-1.733247e-02	-1.790712e-02
-6.033645e-02	-1.891021e-02	-2.466694e-03	2.494752e-02	-9.567361e-03	1.542624e-02	2.647049e-02	8.901247e-02	-2.615917e-02	-5.397435e-04
-6.129584e-02	-4.055390e-02	-3.279004e-02	3.624735e-02	2.333181e-02	2.284754e-02	3.636498e-02	1.112770e-01	-2.214614e-02	-1.621336e-02
-6.090228e-02	-3.675942e-02	-2.176456e-02	3.332052e-02	1.619276e-02	2.346137e-02	3.174914e-02	9.974222e-02	-1.967006e-02	-1.188095e-02
