-2.261287e+00	2.512962e+00	-1.798779e+00	-4.916171e-01	8.437628e-01	1.968844e+00	1.412686e+00	1.267533e+00	1.377221e-01	4.793216e-01
-2.867773e+00	3.459874e+00	-2.213851e+00	2.662945e-01	1.888406e+00	1.532097e+00	1.788721e+00	1.087080e+00	1.468460e+00	-6.514590e-01
3.492604e+00	-3.972260e+00	1.601108e-01	3.752675e-01	-1.201280e+00	-1.046133e+00	-8.712714e-01	7.937371e-02	-2.259940e-01	9.569790e-01
1.133045e-01	1.666595e+00	2.031216e+00	1.171964e+00	-2.470305e-01	1.213342e+00	6.286617e-01	1.896490e+00	9.848283e-01	4.421925e-01
1.642472e+00	1.899323e+00	-2.301588e-02	-6.635877e-03	-8.489939e-01	-1.732601e+00	1.342700e+00	1.317906e-01	2.834882e-01	4.841433e-01
1.917560e-01	-3.999537e-01	-2.216029e+00	-1.513323e-01	9.974358e-01	2.778554e-01	6.488048e-01	-1.476244e+00	-1.112921e+00	6.923105e-02
-5.138722e+00	5.209513e+00	-2.594711e+00	-1.561292e-01	2.226584e+00	2.285126e+00	2.353797e+00	5.240456e-01	1.199409e-01	-4.137652e-02
4.114914e+00	-3.833814e+00	7.639960e-01	4.659098e-01	-2.813501e-01	-7.868899e-01	-6.596477e-01	1.668754e-01	1.380269e-01	3.812775e-01
-5.530346e+00	5.583211e+00	-1.932682e+00	-1.680478e-01	2.242798e+00	2.081992e+00	2.367345e+00	6.207782e-01	3.207746e-01	-1.617970e-01
-5.596475e+00	5.586513e+00	-2.090169e+00	-1.589900e-01	2.241204e+00	2.125591e+00	2.389818e+00	6.381233e-01	3.357091e-01	-1.898603e-01
-8.400128e-02	6.524656e-01	-1.392318e-01	2.158370e-01	7.835991e-01	9.669956e-01	6.219364e-01	5.393820e-01	9.203310e-02	1.040694e-02
2.908179e+00	-3.224893e+00	1.074318e+00	6.099670e-01	-3.847387e-01	-8.643056e-01	-5.922540e-01	-4.315473e-02	-5.349698e-01	7.046459e-01
2.939970e+00	-2.905357e+00	6.243927e-01	3.304905e-01	-1.259940e+00	4.700938e-01	-2.691169e-01	8.908807e-01	-1.144245e+00	1.575841e+00
-1.219966e+00	1.275567e+00	-1.701573e+00	-8.711722e-03	1.732842e+00	3.814011e-01	8.428165e-01	-1.721934e-01	1.154204e+00	-1.115290e-01
2.132788e+00	-1.300231e+00	2.693285e-01	3.614552e-01	-9.042280e-01	7.000865e-01	2.394404e-02	-1.551678e+00	-2.842818e+00	1.049022e+00
8.170968e-01	-3.886502e-01	-2.963894e-01	1.935759e-01	-3.250891e-02	6.325415e-01	4.012909e-01	-1.283381e+00	-1.841590e+00	6.154000e-01
-7.147269e-01	-2.894745e+00	-1.900679e+00	7.392208e-01	2.204249e+00	-1.467584e+00	3.436268e-01	7.514912e-01	-5.301253e-01	7.525464e-01
-1.676667e+00	1.829365e+00	-7.095545e-01	-1.651455e-01	2.443796e+00	-3.123806e-01	1.293220e+00	1.602468e+00	2.940592e+00	-5.493659e-01
2.538456e+00	-1.768329e+00	3.399131e-01	2.220699e-01	-1.068002e+00	5.769140e-01	-1.267581e-01	-1.323298e+00	-2.858742e+00	1.062141e+00
