3.329898e-01	-3.595143e-02	2.563417e-01	1.127086e+00	-1.242611e+00	-6.079557e-01	-1.818228e-01	1.490026e+00	-8.313184e-01	7.746081e-01	2.814834e-04	5.573456e-01	7.409020e-01	2.676448e-01	9.466373e-01	1.566420e-01	1.210298e+00	9.336113e-02	-2.526557e-01	9.734454e-01	-1.387116e+00	8.915029e-01	7.070207e-01	7.970988e-01	1.447410e+00	-7.171548e-01	-1.488579e-02	2.688944e-01	1.196490e+00	-9.312845e-01	7.576300e-01	8.714244e-01	-2.210755e-01	1.193242e+00	1.344782e-01	2.477557e-01	1.156837e+00	1.363514e+00	-1.874769e-01	2.488399e-01
9.602573e-01	7.493294e-01	-1.952418e-01	1.334395e+00	6.790788e-01	9.276474e-01	5.030362e-01	8.009175e-01	1.051206e+00	4.686419e-01	-1.790853e-01	8.369477e-01	1.000576e+00	3.744042e-01	2.472687e-02	9.417130e-01	9.629573e-02	8.430807e-01	1.516420e+00	6.667479e-01	1.655474e+00	1.025425e-01	2.859289e-01	7.444339e-01	5.313055e-01	4.036871e-01	7.134710e-02	-3.523073e-01	1.749365e-01	-6.713785e-01	-4.762436e-01	4.847397e-01	1.700610e-01	-2.241343e-01	3.815025e-01	1.566393e+00	4.976648e-01	8.415815e-01	2.533492e+00	9.145154e-01
1.457989e+00	1.080269e+00	3.668731e-01	5.955742e-01	4.204300e-01	-4.459992e-01	-2.109284e-01	1.216678e+00	5.482026e-01	-2.942415e-02	6.586314e-01	1.125652e+00	4.072682e-01	6.016103e-01	6.231528e-01	1.488976e-01	2.338219e-01	1.285092e+00	9.646437e-01	3.593090e-01	-1.129130e-01	2.219117e-01	3.058908e-01	6.707944e-01	1.007591e+00	2.049217e-02	2.121153e-01	-3.388580e-01	4.925510e-01	-6.752171e-01	1.063622e+00	6.415333e-01	9.883988e-02	2.674855e-01	1.023050e+00	1.018206e+00	1.290457e+00	1.478489e-01	1.548897e+00	5.866065e-01
9.702545e-01	2.545646e-01	3.354004e-01	1.181425e+00	4.482669e-01	7.114737e-01	1.334487e+00	4.103582e-01	1.210378e+00	2.899189e-01	4.616208e-01	9.043337e-01	1.134665e+00	1.028395e-01	5.345535e-01	-4.004418e-01	-1.686761e-01	8.265326e-01	5.554882e-01	3.741795e-01	7.348706e-02	3.233619e-01	1.077954e+00	-2.486899e-01	6.302346e-01	3.631895e-01	3.737176e-01	1.275152e+00	-2.486531e-01	1.302127e+00	1.581912e+00	2.504821e-01	1.193276e-01	6.028592e-01	1.135782e-01	1.173798e+00	-7.448596e-02	2.526731e-01	-2.963011e-01	6.635906e-02
1.578939e+00	1.284571e+00	3.180749e-01	1.119005e+00	1.904534e-02	-2.719562e-01	-3.178195e-01	1.610972e+00	2.218680e-01	-1.351367e-02	-4.423340e-01	6.337337e-01	1.537432e-01	-1.424457e-01	-3.279060e-01	-1.208101e-01	-7.634313e-02	2.864869e-01	-4.838278e-01	3.590943e-01	-2.848710e-01	6.176003e-01	-2.091759e-01	8.661224e-01	2.855490e-01	5.273236e-02	2.990309e-02	2.639312e-01	1.469467e+00	-6.917689e-01	1.198738e+00	-2.870955e-01	-9.202127e-01	3.758680e-01	7.389291e-01	5.589527e-01	1.772470e+00	7.910558e-01	6.132999e-01	1.217748e+00
1.032875e+00	6.761681e-01	-5.319683e-02	9.645694e-01	9.524161e-01	2.939738e-01	1.262139e-01	1.031885e+00	1.303196e+00	3.324787e-01	6.690767e-01	1.685303e-01	6.125239e-01	1.412744e-01	-1.699390e-01	7.330205e-01	2.053983e-01	8.511680e-01	4.500001e-01	-6.086099e-03	2.768072e-01	5.376066e-01	7.030860e-01	1.061025e+00	5.158148e-01	7.859953e-01	7.429201e-01	1.070514e-01	3.337977e-01	8.422667e-01	8.336554e-01	-2.834846e-01	-7.700824e-01	4.879658e-01	-3.999451e-01	5.814084e-01	5.505735e-01	5.380948e-01	6.938422e-01	5.880687e-01
1.120114e+00	9.179223e-01	1.167471e+00	7.058591e-01	5.479029e-01	7.705942e-02	3.222575e-01	9.942646e-01	6.567409e-01	9.195381e-02	2.329984e-01	1.590012e+00	6.057193e-01	1.004661e-01	2.048246e-01	2.535749e-01	-1.987498e-01	1.115543e+00	1.153864e+00	-4.916352e-01	3.732824e-01	1.858471e-01	-1.979360e-01	1.202963e+00	5.718836e-01	1.859644e-02	-4.071509e-01	6.991547e-02	1.980453e-01	-5.542790e-01	8.685312e-01	7.256155e-01	-4.594805e-02	6.377180e-01	8.407333e-01	1.388768e+00	1.057196e+00	6.621351e-01	1.281142e+00	1.207044e+00
-3.979734e-02	-8.993758e-01	7.907095e-01	7.474808e-01	1.096145e+00	-1.195491e+00	1.570739e+00	6.779589e-01	6.839141e-01	-2.028028e-01	1.551956e-01	1.194000e+00	8.137110e-01	9.523184e-02	1.424224e+00	2.163474e-02	2.446988e-01	-1.004700e+00	-5.659165e-01	1.202900e-01	-9.490210e-01	4.011913e-01	4.715190e-01	1.032833e+00	1.919110e+00	-4.108321e-01	1.914095e-01	1.336396e+00	1.677802e-01	1.030261e+00	3.620103e-01	4.163048e-01	-6.712754e-03	-3.880888e-01	-1.687865e-01	2.178780e+00	-5.623702e-01	7.131386e-01	-1.436096e-02	1.351478e+00
-2.216366e-01	4.586214e-01	-3.643019e-01	-2.154112e-01	1.349083e+00	3.832830e-02	-4.919267e-01	-3.759855e-01	-3.854147e-01	1.011777e-01	6.263826e-01	-1.445977e+00	1.554758e-01	6.367603e-01	6.569763e-01	3.828705e-01	1.061900e+00	-7.084694e-01	5.447145e-01	1.509413e+00	4.513017e-01	8.808923e-01	2.177103e-02	3.907371e-01	1.858614e+00	3.717552e-01	1.433655e-01	1.636600e+00	3.083989e-01	-2.036003e-02	-8.667913e-01	1.410044e-01	2.483278e-01	-1.735151e-01	-1.365940e+00	1.304473e+00	3.646682e-01	1.314785e+00	2.080254e-01	-6.387042e-01
1.394386e+00	-1.388271e-01	1.465919e+00	3.193169e-01	-3.590274e-01	-1.202494e+00	-7.047943e-01	1.351881e+00	-1.502127e-01	1.542815e-02	7.533165e-02	2.386596e+00	1.099943e+00	1.215477e+00	4.271547e-01	-1.533938e-01	6.393789e-01	8.582873e-01	3.333299e-01	-2.112415e-01	-8.403579e-01	5.234837e-01	5.400186e-01	7.939959e-01	1.329660e+00	-9.028599e-01	-6.225788e-01	-8.726515e-01	6.359431e-01	-6.229363e-01	1.534951e+00	8.201395e-01	2.836954e-02	8.476623e-02	7.192497e-01	1.351725e+00	1.103892e+00	5.022934e-01	1.502338e+00	1.205015e+00
4.833769e-01	-9.289238e-02	4.151679e-01	1.165943e+00	2.087701e-01	4.820574e-01	4.066277e-01	3.318939e-01	5.723307e-01	4.381256e-01	2.370186e-01	1.194429e+00	9.977113e-01	9.414469e-02	-5.056530e-01	-2.064210e-01	2.982177e-01	1.974895e+00	3.093412e-01	7.704569e-02	1.328064e+00	5.322136e-02	6.445352e-01	7.156089e-01	1.136480e+00	4.412621e-01	2.820599e-01	3.462062e-01	1.815337e+00	-7.639173e-02	4.434833e-01	-3.859481e-01	5.823998e-01	1.560805e-01	-4.463982e-01	3.968499e-01	1.751237e-01	1.569075e+00	2.587828e-01	7.988145e-02
9.228275e-01	7.890330e-01	4.504427e-01	5.082485e-01	2.830500e-01	-6.442384e-02	4.287213e-01	1.316808e+00	2.968547e-01	1.112283e+00	2.993674e-01	5.437139e-01	3.361975e-01	2.174946e-01	-1.824290e-01	2.022473e-01	3.739741e-01	1.176360e+00	1.513122e-01	2.927396e-01	4.180063e-01	3.140311e-01	4.749385e-01	2.465415e-01	6.692701e-01	2.478586e-01	7.366029e-01	3.984387e-01	7.788532e-01	1.124106e-01	6.298806e-01	9.322122e-02	-3.941982e-01	5.145068e-01	9.852175e-02	3.329821e-01	2.061383e-01	4.101949e-01	5.916839e-01	3.407614e-01
1.728557e+00	5.345161e-01	1.783496e+00	4.788066e-01	6.907904e-01	-4.145887e-01	4.989836e-01	8.760101e-01	3.186576e-01	7.035607e-01	-7.695331e-02	1.750151e+00	5.129374e-01	4.005061e-02	-4.167502e-01	1.214806e-03	-3.514280e-01	1.289850e+00	8.457465e-01	-5.015740e-01	4.995930e-01	1.702060e-01	-9.643254e-01	7.567283e-01	4.615225e-01	5.655100e-02	-4.846638e-01	-4.986828e-02	3.053241e-01	-1.874298e-01	1.063869e+00	6.254911e-01	1.912961e-01	6.488185e-01	7.444903e-01	1.635323e+00	7.470935e-01	5.099725e-01	9.994681e-01	1.076691e+00
-4.943676e-01	-2.992107e-01	8.205997e-01	6.576172e-01	1.415233e+00	-2.080917e-01	1.326381e+00	2.675558e-01	1.204155e+00	1.079767e-01	4.064222e-01	-8.269811e-02	1.028969e+00	-2.042411e-01	8.833217e-02	-3.267407e-01	3.489118e-02	8.243036e-01	-4.104001e-01	-2.290754e-01	3.180842e-01	6.000716e-02	-3.712209e-02	1.057647e+00	1.266111e+00	1.421727e+00	3.994966e-01	1.964801e+00	2.812070e-01	5.376987e-01	5.937998e-01	-5.010906e-01	1.325379e+00	7.096721e-01	3.505251e-01	1.528336e+00	1.098189e+00	9.676776e-01	-5.966527e-01	5.000489e-01
4.130395e-01	1.425843e+00	1.185561e+00	-5.946810e-01	7.862575e-01	-8.655766e-02	7.368255e-01	9.463100e-01	8.485359e-01	6.485494e-01	4.457656e-01	8.685114e-01	7.749426e-01	2.361807e-01	-3.860031e-02	5.370789e-02	3.857578e-01	-2.504679e-01	8.426728e-02	-1.597292e-01	-4.060062e-01	6.219207e-01	3.557552e-01	3.633991e-01	4.308188e-01	9.714661e-01	3.754886e-01	7.115746e-01	-5.340028e-02	-5.538872e-03	5.830296e-01	6.042592e-02	-1.486008e-01	2.481402e-01	1.085026e+00	1.339396e+00	8.635272e-01	2.016133e+00	-3.341535e-01	1.343047e+00
7.446475e-01	-2.381583e-01	7.472647e-01	8.326056e-01	-3.686032e-01	-7.173530e-01	-2.713130e-01	8.009626e-01	-4.993052e-01	8.196549e-01	-3.080692e-01	1.405812e+00	5.327634e-01	2.838447e-01	-6.562569e-01	2.111188e+00	4.511034e-01	4.334751e-01	-1.538898e-01	1.960801e+00	-1.904620e-01	6.206486e-01	9.385725e-01	-3.430696e-01	1.530088e+00	1.402558e-01	1.915110e-01	-4.929283e-01	1.110880e+00	-6.523184e-02	-3.478023e-02	4.283669e-01	-6.967647e-01	5.408904e-01	4.597276e-01	1.178704e+00	1.263285e-01	1.212508e+00	3.957614e-01	7.988973e-02
1.309880e+00	1.562982e+00	1.089805e+00	6.373516e-01	5.836276e-01	-9.382580e-02	1.221407e-01	1.535548e+00	2.372535e-01	7.419062e-01	4.523669e-01	3.476689e-01	7.846141e-01	-1.198962e-01	-8.316687e-01	8.652307e-01	5.741398e-01	1.352283e+00	-9.083520e-03	6.789242e-01	-1.033793e-01	9.154904e-02	1.216881e+00	1.943958e-01	4.410529e-01	6.354541e-01	6.116199e-01	8.441245e-01	5.866530e-01	-1.031792e-01	4.012468e-02	-3.103208e-01	-6.562468e-01	1.026501e-01	4.169739e-01	7.262324e-01	-8.667227e-02	1.100672e+00	2.731024e-01	-4.875208e-02
5.678407e-01	4.204472e-01	-1.965200e-01	4.068229e-01	1.562405e+00	-2.973501e-01	6.940322e-01	-6.006711e-02	8.749212e-01	5.326657e-01	7.028658e-01	4.214451e-02	4.819701e-01	1.210501e+00	9.509082e-01	3.984315e-01	1.643194e+00	-1.598313e-02	6.874315e-01	8.879965e-01	1.353916e-01	-2.137685e-01	-1.363686e-01	7.440147e-01	9.035127e-01	-8.869618e-01	1.754605e-01	2.088992e+00	-2.046685e-01	-6.447936e-01	-7.610060e-01	2.044558e-01	1.855588e+00	-8.450456e-01	-5.712535e-01	4.254028e-01	-3.893416e-01	1.000266e+00	1.235290e+00	6.188046e-01
1.259528e+00	-9.834606e-01	8.680323e-01	1.599244e+00	9.983195e-01	-1.090333e+00	2.247313e+00	-3.419843e-02	1.808925e+00	-8.940338e-01	1.057177e+00	1.043956e+00	2.411226e-01	5.088502e-01	2.049906e+00	1.687364e-01	7.893341e-01	6.415036e-01	-7.151762e-01	-3.899990e-01	-1.040753e+00	3.930049e-01	7.224708e-01	1.089159e+00	1.459832e+00	5.914911e-03	7.104641e-02	4.730079e-01	1.291300e+00	1.054271e+00	1.501957e+00	-5.668386e-02	3.955628e-01	7.106994e-01	1.246002e+00	1.521465e+00	-5.463502e-01	1.272714e-01	-6.775550e-02	2.048609e+00
9.906591e-01	-7.663113e-01	9.880331e-01	1.050720e+00	-9.586118e-02	-1.344207e+00	1.010937e+00	4.679986e-01	6.084631e-01	-2.539048e-01	1.153777e+00	8.994234e-01	1.491299e-01	2.100193e-01	1.643940e+00	4.228966e-01	2.017107e-01	-2.186460e-01	-4.492712e-01	8.036896e-01	-1.059646e+00	7.458659e-03	5.700504e-01	1.317568e-01	6.321759e-01	5.470212e-01	-7.421053e-02	1.279830e+00	3.539040e-01	1.217932e+00	1.159338e+00	2.789409e-01	3.920201e-01	8.841937e-02	8.060815e-01	1.223882e+00	-3.092001e-01	8.566172e-01	-3.180536e-01	1.453764e+00
1.386196e+00	1.089743e+00	7.500445e-02	1.506800e+00	5.682802e-01	2.346344e-01	7.335895e-02	1.650077e+00	9.907689e-01	-2.637956e-01	-4.584355e-01	-5.156271e-02	7.044454e-01	-1.262249e-01	7.274853e-02	8.624181e-01	-1.079436e-01	2.021191e-01	-3.558982e-01	8.234924e-02	-5.905601e-03	9.055802e-01	4.438692e-02	1.544153e+00	7.280590e-01	-1.927538e-01	4.559489e-01	5.343925e-01	1.736357e+00	-4.588643e-01	1.422286e+00	1.462964e-01	-6.804807e-01	4.854462e-01	1.338074e-01	4.905921e-01	1.742841e+00	8.131223e-01	5.110038e-01	1.630958e+00
1.297092e+00	9.900688e-01	7.220704e-01	5.411414e-01	7.137114e-01	-1.704462e-01	-5.206271e-01	1.133218e+00	2.411585e-01	7.631397e-01	2.299102e-01	6.467463e-01	-4.996386e-02	3.762229e-01	-1.114365e+00	9.305809e-01	7.954420e-02	8.022225e-01	6.099356e-01	7.841781e-01	1.029023e+00	3.395203e-01	-7.356648e-01	1.027086e-01	9.252343e-01	-5.718325e-01	6.172638e-01	4.109064e-01	9.452386e-01	-6.255639e-01	-1.076607e-01	-2.209369e-02	-5.504495e-01	3.311139e-02	-5.358942e-01	9.831664e-01	2.493736e-01	4.304434e-01	1.629511e+00	7.809079e-01
1.152711e+00	1.105441e+00	-5.671093e-01	5.018180e-01	1.056689e+00	4.336981e-01	1.947924e-01	1.177031e-01	7.246182e-01	2.509489e-01	1.462921e-01	6.198818e-02	5.057804e-01	-1.605778e-01	3.970311e-01	1.323433e-01	9.666401e-02	-6.914041e-02	3.144659e-01	1.209433e+00	-1.792390e-01	1.785299e-01	3.876402e-01	-5.133135e-01	7.752792e-01	3.359041e-01	7.718756e-01	1.803763e+00	8.399803e-01	-1.000222e+00	-2.949154e-01	-1.099064e-01	2.213521e-01	-6.892309e-01	-2.660971e-01	-4.131940e-02	4.074019e-01	1.196333e+00	6.081479e-01	1.016979e+00
1.899641e+00	1.557809e+00	6.341700e-01	-1.823820e-01	1.862795e+00	-1.433818e-01	8.784362e-01	9.266748e-01	6.347164e-01	-1.853621e-01	6.119294e-01	1.042255e+00	8.368382e-01	-3.232071e-01	8.754449e-02	1.399455e-01	5.430131e-01	-9.015095e-02	3.449847e-01	1.082149e-01	-2.484364e-01	7.401489e-01	1.268994e+00	3.270709e-01	7.428879e-01	6.516151e-01	1.562065e-02	3.796663e-01	8.101903e-01	2.244356e-02	-4.560681e-01	-2.575898e-01	-1.831925e+00	-5.180708e-01	2.872721e-01	7.640494e-01	-4.563446e-01	1.358434e+00	4.482825e-02	3.179269e-01
1.141446e+00	4.799114e-03	5.945797e-01	6.386759e-01	-6.376662e-02	-7.823562e-01	3.264680e-01	8.048173e-01	4.932968e-01	8.910869e-01	7.196143e-01	5.410717e-01	2.400982e-01	7.282252e-01	5.306264e-01	7.439045e-01	3.456778e-01	6.605838e-01	-2.261852e-01	2.425552e-01	-2.848946e-01	2.518785e-01	-9.257299e-02	7.121200e-01	1.261991e-01	-4.261291e-01	1.223248e-01	-6.516863e-03	8.120718e-01	1.414279e+00	1.448209e+00	-2.787629e-01	-3.917730e-01	3.470530e-01	-1.235533e-01	5.645828e-01	1.837062e-01	6.461855e-01	1.468419e+00	9.750993e-01
-3.703945e-01	1.285723e+00	1.751158e-01	1.652852e+00	-8.174734e-01	7.713552e-02	-7.887549e-01	3.773041e-01	-3.210346e-01	-8.518469e-02	8.661980e-01	1.008042e+00	-7.857890e-01	-3.608608e-01	-1.109108e+00	1.946594e+00	-1.003300e+00	1.150298e+00	-1.376669e+00	2.188554e+00	1.777485e+00	1.547020e+00	-7.095409e-01	4.781180e-01	1.450061e+00	2.553073e-01	1.471987e-01	3.055176e-01	1.878523e+00	6.793985e-02	1.100756e+00	2.917940e-01	-2.021644e-01	9.656551e-01	2.862042e-02	8.372386e-01	1.465383e+00	5.256743e-01	8.285115e-01	7.023418e-01
1.723474e+00	4.557243e-01	1.044240e+00	9.188567e-01	7.751885e-01	-8.807572e-01	5.140280e-01	1.038622e+00	9.706308e-01	2.414663e-01	4.807697e-01	1.299414e+00	-9.751816e-02	2.493168e-01	-6.410266e-01	1.187165e+00	1.068741e-01	5.484045e-01	-2.860956e-01	5.077757e-01	-2.414218e-02	4.510068e-01	2.023558e-01	3.652466e-01	9.557363e-01	-3.658101e-01	7.412214e-01	3.314204e-01	1.096250e+00	7.070979e-01	5.603096e-01	-3.212375e-01	-9.123924e-01	3.100071e-01	3.258986e-01	1.169197e+00	-1.559783e-01	6.565028e-01	6.945441e-01	1.229066e+00
-1.665674e-01	1.043847e+00	-4.769140e-01	3.470055e-01	6.277010e-03	-1.110793e-01	-4.505856e-01	3.685017e-01	8.480734e-02	7.878823e-02	9.299513e-01	3.389441e-01	2.308332e-01	6.345132e-01	7.633898e-01	1.363637e+00	5.975660e-01	1.776506e-02	6.673613e-01	1.678990e+00	1.337717e-01	5.133867e-01	-3.513631e-01	5.733143e-01	1.193526e+00	-5.413528e-01	4.432823e-01	1.085951e+00	3.381805e-01	-6.867871e-01	-3.028404e-01	9.537709e-01	1.078300e+00	2.130120e-01	-4.803344e-01	3.091789e-01	3.635242e-01	6.983388e-01	1.489650e+00	4.012310e-01
-6.509758e-01	5.842205e-01	-3.908831e-01	-3.837726e-01	1.628876e+00	5.043070e-01	-2.647883e-02	-2.457839e-01	-2.999699e-02	-5.607461e-01	-1.248654e-01	-1.447208e+00	1.095706e+00	2.732250e-01	-5.510160e-01	5.660364e-01	8.736433e-01	-6.175367e-01	5.550324e-02	8.784365e-01	2.272045e-01	1.057645e+00	1.963365e-01	1.265386e+00	1.382254e+00	1.183452e+00	1.189249e-01	1.526033e+00	3.345111e-01	2.148691e-01	-8.110476e-01	-4.039944e-01	4.827772e-01	-3.052046e-01	-7.563354e-01	1.713633e+00	4.753383e-01	1.949081e+00	8.842796e-01	-1.887792e-01
1.641871e+00	1.212666e+00	7.836347e-01	7.168496e-01	6.002297e-01	-8.701006e-01	3.235084e-01	7.198504e-01	2.264077e-01	2.416167e-01	9.100279e-01	9.700805e-01	-5.223134e-01	-8.319246e-02	-4.093893e-01	1.618716e+00	1.119997e-01	4.072715e-01	-4.067788e-01	7.898541e-01	5.734390e-01	2.362451e-01	5.316269e-01	-6.182335e-02	1.171996e+00	4.296011e-01	4.462361e-01	3.113796e-01	7.196527e-01	6.247156e-01	-3.610442e-01	-1.138081e-01	-9.338313e-01	-6.390954e-01	5.597032e-01	1.105973e+00	-3.734231e-01	1.152207e+00	8.178513e-01	9.509858e-01
-6.839070e-01	4.632550e-02	-1.026827e+00	4.846672e-01	2.668741e-01	-5.649594e-01	-5.557235e-01	-6.636711e-01	1.423189e+00	1.613558e-01	-2.034104e-01	-3.073481e-01	-1.175435e-01	2.463706e-01	9.259641e-01	-5.249444e-01	-2.297071e-01	-6.846833e-01	-1.412637e-01	2.944003e-01	3.789807e-01	7.667822e-01	-4.102022e-01	8.451126e-01	7.272706e-01	6.173694e-01	-7.702753e-01	2.489752e+00	-1.093809e-01	-4.525351e-01	-4.373369e-01	-1.135470e+00	-9.337025e-01	1.132391e+00	-3.931651e-01	5.150878e-02	1.716803e+00	-1.901617e+00	3.377244e-01	8.778059e-01
-3.484683e-01	4.228654e-01	3.030531e-01	7.939452e-01	-1.091114e-01	4.954606e-01	9.338732e-01	1.118147e+00	1.096313e+00	8.320837e-01	2.009623e-01	6.667818e-01	1.238265e+00	4.465668e-02	-5.036779e-01	1.083362e+00	-1.406852e-02	-2.896220e-01	-4.205347e-01	4.785122e-01	-4.071169e-01	5.698294e-01	1.284332e+00	1.234848e+00	-7.134686e-01	1.536292e+00	3.696055e-01	7.526162e-01	-4.457131e-01	1.503040e+00	1.130634e+00	-2.858009e-01	-8.788017e-01	1.640272e+00	1.027884e-01	8.673827e-01	6.362005e-01	1.826098e+00	-5.968586e-02	1.656019e-01
2.559730e-01	1.018087e-01	3.883902e-01	-4.581210e-02	6.074680e-01	5.582155e-01	7.996081e-02	8.121298e-01	2.098306e-01	1.010246e+00	3.236599e-02	9.615220e-01	1.174152e+00	1.946578e-01	-5.592099e-01	-1.906684e-01	-1.000414e-01	7.260103e-01	8.712928e-01	-5.541195e-01	7.952175e-01	4.192370e-01	-6.295555e-01	1.274016e+00	1.164357e+00	4.539011e-01	-2.103803e-01	7.855247e-01	-4.338151e-01	2.715708e-02	5.016498e-01	1.066350e+00	4.446652e-01	4.742016e-01	-1.134594e+00	7.828545e-01	1.258563e+00	1.594587e+00	5.863810e-01	4.327542e-01
1.261830e+00	1.393642e+00	8.440785e-02	5.516715e-01	3.284103e-01	7.899255e-02	-1.609932e-01	1.095159e+00	-4.031076e-01	-1.393018e-01	4.096550e-01	6.654765e-01	-1.320471e-02	1.238142e-01	1.632336e-01	6.093039e-01	2.914814e-02	7.650620e-01	1.621698e+00	7.224095e-01	4.862219e-01	7.469572e-02	-3.605624e-01	5.880251e-01	6.326747e-01	3.309493e-01	9.965057e-02	2.100712e-01	8.078606e-02	-9.273861e-01	-3.686824e-01	6.389375e-01	-8.328862e-02	1.228178e-01	2.857795e-01	7.787304e-01	7.752945e-01	9.671216e-01	1.846720e+00	3.881209e-01
3.186203e-01	-3.233507e-01	1.279354e+00	1.647466e-01	-1.401338e-01	1.629055e-01	-1.091734e+00	2.270538e-01	-1.337434e-01	9.530509e-01	3.475846e-01	1.258603e+00	1.311286e+00	9.991666e-01	-5.350727e-01	4.017710e-02	4.258350e-01	9.304782e-01	1.252699e+00	-8.218423e-02	4.126634e-01	5.409457e-01	-3.172251e-01	7.858354e-01	1.276455e+00	2.503066e-01	-5.330719e-01	-7.386745e-01	2.803899e-01	-3.695338e-01	9.300638e-01	1.739408e+00	8.577155e-01	3.142690e-01	1.853889e-01	1.146200e+00	1.022726e+00	1.661588e+00	9.916227e-01	3.666195e-01
7.659660e-01	-8.876162e-01	1.334706e+00	9.392921e-01	4.505026e-01	-1.155375e+00	5.112760e-01	1.195818e+00	1.034923e+00	4.910392e-01	3.750570e-01	7.273335e-01	7.125143e-01	9.633118e-01	7.249855e-01	-5.090006e-01	5.932006e-01	1.010473e+00	-5.765704e-01	5.997726e-01	-3.081321e-01	1.025845e+00	7.666740e-01	4.860958e-01	1.519107e+00	-6.416792e-01	-1.698912e-01	-4.492047e-01	2.041920e+00	9.424844e-01	2.001003e+00	-2.712221e-02	-6.036881e-01	7.140671e-01	4.212388e-01	2.302213e+00	7.069969e-02	-1.370475e-01	8.613296e-01	1.173240e+00
4.427265e-01	-3.875939e-01	1.392631e+00	1.095445e+00	-1.027803e-01	-4.531744e-01	6.904328e-01	9.392168e-01	-1.382868e-02	1.931851e+00	-1.614801e-01	1.190523e+00	1.230405e+00	6.913737e-02	3.415366e-01	-5.761754e-02	-7.287651e-02	1.398343e-02	-2.720090e-01	8.154657e-01	-1.793830e-01	8.711996e-01	6.053103e-01	-2.109038e-01	1.329828e+00	-1.050155e+00	-1.473685e-01	4.429625e-01	2.475642e-01	1.149130e+00	1.190805e+00	6.250150e-01	-4.749109e-01	1.111663e-02	-2.716713e-01	1.544883e+00	-5.031687e-01	3.533352e-01	1.087446e-01	3.747612e-01
-2.722041e-01	4.317480e-01	4.475199e-01	1.006188e-01	9.740538e-01	9.966540e-01	2.887655e-01	1.456635e-01	9.036519e-01	1.030347e+00	8.070568e-02	8.900074e-02	6.593992e-01	5.271144e-01	-5.901380e-01	-1.405548e+00	-2.765287e-01	4.517063e-01	4.854960e-01	-8.851328e-01	1.020056e+00	-4.003526e-01	-7.340244e-01	1.057570e+00	2.336831e-01	1.182506e+00	3.278493e-01	2.847529e-01	-5.212875e-02	1.218666e+00	9.714662e-01	5.387462e-01	8.592019e-01	7.329362e-01	1.396834e-01	5.537461e-01	1.284340e+00	1.748393e+00	4.744784e-01	7.721063e-01
-5.354900e-01	-3.966413e-02	6.730166e-01	7.336942e-01	1.007752e+00	-5.756299e-01	8.396447e-01	4.078881e-01	6.529772e-01	1.060460e+00	-1.212566e-01	4.028072e-01	8.691530e-01	-9.486713e-01	9.218644e-01	-3.766664e-01	-7.757611e-01	-2.159108e-01	-1.549865e+00	7.250829e-01	1.020832e-01	7.489878e-01	3.245543e-01	4.388086e-01	1.301154e+00	1.752529e-01	3.467813e-01	3.404124e-02	1.876055e-01	1.760646e+00	9.916255e-01	-1.258543e+00	-2.754299e-02	-9.976804e-01	-1.230649e-01	1.730496e+00	-3.188583e-01	7.699501e-01	1.355149e+00	2.398078e-01
-8.894698e-01	6.050208e-01	2.372860e-01	1.790631e+00	3.201750e-01	9.285169e-01	-9.278347e-01	-4.211549e-02	-2.393493e-01	-2.990582e-01	3.091609e-01	-5.169489e-01	-9.240952e-01	-5.233133e-01	1.367687e-02	1.527429e+00	-5.606818e-01	1.781184e-01	-4.521839e-01	1.818288e+00	1.441307e+00	1.714485e+00	-1.327082e-01	1.151009e+00	1.909801e+00	2.312408e-01	7.678880e-02	3.769736e-01	1.852560e+00	-1.943534e-01	5.006426e-01	8.275753e-01	-1.849935e-01	7.891331e-01	-8.173498e-01	9.711924e-01	1.363441e+00	8.886084e-01	5.961917e-04	3.865210e-01
6.764373e-01	2.530326e-01	1.399519e+00	7.686701e-01	1.040841e+00	-2.164121e-01	4.339001e-01	6.082520e-01	-4.323734e-01	4.540068e-01	-5.745710e-01	2.381867e-01	4.582398e-01	-1.707942e-01	-1.059886e-01	5.935231e-01	9.598513e-02	3.357811e-01	9.949914e-02	5.138489e-01	2.419181e-01	7.070993e-01	9.868825e-01	1.975049e-01	1.516003e+00	3.404398e-01	1.966412e-01	-6.964866e-01	5.740848e-01	7.408102e-01	1.221644e-01	2.619186e-01	-7.092042e-01	-2.940969e-02	5.050136e-01	2.039201e+00	-8.815486e-02	6.640424e-01	1.103345e+00	1.636983e-01
-6.307006e-01	-3.295236e-01	1.194771e+00	2.892958e-01	4.427885e-01	-6.070461e-01	-8.627020e-02	-4.613614e-01	2.526987e-01	5.502783e-02	3.323372e-01	4.045583e-01	8.956790e-01	1.181042e+00	8.478987e-01	8.048801e-01	3.547085e-01	-7.603251e-01	-1.550031e-01	1.109729e+00	-6.824540e-01	1.250154e+00	4.687753e-01	3.695086e-01	1.659430e+00	-6.499961e-01	-7.939184e-02	1.330035e+00	-2.353521e-02	1.546707e+00	9.200743e-01	9.262925e-01	6.707935e-01	6.133174e-01	-7.818401e-01	1.316600e+00	5.506841e-01	6.908035e-01	-5.854550e-01	-5.789074e-02
7.679279e-01	1.263545e+00	5.593764e-01	9.049386e-01	6.386736e-01	-4.768770e-02	-4.630575e-01	1.344024e+00	7.267584e-01	1.293733e-02	2.345908e-01	1.102790e+00	5.877607e-01	2.046145e-01	2.082392e-01	9.493114e-01	1.250866e-01	1.481572e+00	6.406749e-01	5.617012e-01	2.850691e-01	1.151973e-01	1.712111e-01	1.353716e+00	7.972394e-01	1.620334e-01	-7.471636e-02	-2.970534e-01	7.771430e-01	-1.388164e+00	6.538996e-01	6.224724e-01	4.338113e-01	6.758436e-01	1.010681e+00	1.175364e+00	1.499580e+00	4.135327e-01	1.210881e+00	1.160253e-01
4.284935e-01	2.020218e-01	7.298487e-01	7.190650e-01	7.421841e-01	7.078249e-01	1.332174e+00	4.091994e-01	6.063877e-01	5.589670e-01	-5.368220e-01	1.459843e+00	9.007579e-01	-7.972919e-02	2.581269e-01	-1.527645e-01	-3.008950e-01	3.947177e-01	9.546275e-02	-9.051169e-02	-1.323021e-01	4.129665e-01	-7.477377e-01	1.081896e+00	-1.332108e-01	5.410690e-01	-4.682778e-01	1.557482e-01	-2.950118e-01	1.024036e-01	1.191825e+00	6.983323e-01	8.814509e-01	1.849658e+00	5.960078e-01	1.162571e+00	9.180808e-01	9.579567e-01	8.053987e-01	7.671427e-01
6.865461e-01	1.103730e+00	6.144076e-01	-1.276263e-01	3.229304e-01	-5.756690e-01	-4.327661e-01	4.047985e-01	4.383680e-02	1.150580e+00	-1.899015e-01	1.218434e-01	8.635314e-01	1.807443e-01	-1.242966e+00	5.098831e-01	8.234844e-02	-9.819609e-01	-9.042797e-01	1.537383e+00	8.663566e-01	3.431160e-01	5.637531e-02	-6.931741e-01	6.485058e-01	2.020487e-01	8.250398e-01	1.625649e+00	-2.578830e-01	1.187002e-01	9.358135e-01	-3.258341e-01	5.873544e-01	-3.454014e-01	4.992040e-01	9.233194e-01	1.111521e+00	1.890772e+00	8.832370e-01	2.634767e-01
3.067459e-01	-4.400587e-01	3.297738e-01	1.233233e+00	3.989238e-02	1.994582e-01	1.113979e+00	3.809761e-02	1.018772e+00	1.408385e+00	2.300662e-01	5.858082e-01	7.633108e-01	4.437112e-01	3.672909e-01	-2.927048e-01	1.732138e-01	8.179050e-01	-3.648618e-01	3.627597e-01	4.431775e-01	1.564983e-01	-3.603004e-02	5.483438e-01	4.517087e-01	6.154296e-01	2.197066e-01	1.732231e-02	2.184849e-01	1.383052e+00	1.515032e+00	3.179581e-01	7.764623e-01	1.454749e+00	2.055019e-01	9.931652e-01	2.866959e-01	7.737619e-01	2.789834e-01	2.369389e-01
1.280267e+00	-3.648220e-02	5.206625e-01	6.423765e-01	1.095303e-01	-4.855844e-01	5.203533e-01	3.716333e-01	8.750108e-01	2.938253e-01	4.530379e-01	8.404656e-01	2.098226e-01	2.547747e-01	1.238190e-01	1.391365e+00	3.102063e-01	3.980202e-01	6.197583e-01	6.104399e-01	-2.683144e-01	-1.901846e-01	7.449598e-01	5.177476e-01	5.735883e-01	2.130675e-01	8.752445e-01	2.631619e-02	7.564117e-01	7.708045e-01	5.121144e-01	-2.396098e-01	-6.767569e-01	6.664560e-01	2.205087e-01	1.032467e+00	1.670347e-02	9.355665e-01	1.037334e+00	1.168453e+00
3.715302e-01	-2.336148e-01	3.373439e-01	4.543872e-01	2.639327e-01	2.845556e-01	8.171543e-01	9.092354e-01	1.202542e+00	1.107756e+00	1.599724e-01	4.343155e-01	6.624352e-01	1.180414e-01	2.558575e-01	4.625937e-01	-3.086936e-01	3.884384e-01	7.305836e-02	4.314032e-02	-3.894028e-01	1.226267e-01	1.864210e-01	6.776266e-01	3.997963e-01	-3.062941e-01	5.261191e-01	1.107075e-01	2.869095e-01	1.278268e+00	1.527783e+00	-4.271351e-01	-5.355994e-01	7.850457e-01	1.795441e-01	8.770835e-01	5.131351e-01	1.035053e+00	1.285849e+00	8.155494e-01
6.107385e-01	4.637675e-01	2.335853e-02	1.703458e+00	1.018767e+00	7.019971e-01	-3.270817e-01	-3.965468e-01	1.562461e+00	2.318526e-01	3.072411e-01	3.217006e-01	-1.475912e-01	1.060150e-01	-4.573384e-01	1.711947e+00	-1.493069e-01	1.198356e+00	-1.728920e-01	9.198837e-01	2.679424e+00	6.408240e-01	-3.696619e-01	9.154978e-01	1.899848e+00	-5.142012e-01	6.075913e-01	-6.274223e-02	2.273703e+00	-7.813286e-01	-1.823969e-01	-5.325471e-01	2.070152e-01	-8.565458e-01	-2.914288e-01	6.468466e-01	6.793661e-01	5.759247e-01	1.609104e+00	8.511380e-01
8.104855e-01	-1.307916e-01	1.220179e+00	1.348172e+00	7.251127e-01	-3.884404e-02	5.790055e-01	3.052992e-01	3.409218e-01	8.332652e-01	3.264050e-01	3.858627e-01	2.921080e-01	-6.162150e-01	6.753273e-02	7.222853e-01	-4.045492e-02	1.282106e+00	9.955364e-01	1.002134e+00	-4.471720e-01	3.833494e-02	-7.860823e-02	-1.896758e-02	1.431529e+00	2.085577e-01	-7.291813e-02	7.144987e-01	3.160625e-01	-2.813955e-01	2.924157e-01	4.306859e-02	1.258518e-01	4.034332e-01	1.009344e+00	7.530225e-01	4.821115e-01	1.850420e-01	4.047036e-01	-4.413604e-01
-1.481998e-01	2.749080e-01	1.058069e+00	-3.231810e-01	1.264078e+00	-5.669511e-01	4.527374e-02	-2.238723e-01	-6.200007e-01	1.777659e-01	1.793597e-01	1.541712e-01	8.783010e-01	-4.643066e-02	-1.984705e-01	-2.109131e-02	3.137185e-01	-5.172175e-01	4.873445e-01	6.548001e-03	-8.540397e-01	2.448603e-01	3.286226e-01	7.442689e-01	1.576038e+00	9.145836e-01	-1.178374e-01	1.691013e+00	-1.248029e+00	1.443921e+00	8.410790e-02	4.612953e-01	8.577361e-01	-2.967358e-01	-1.196999e-01	1.702134e+00	6.194406e-02	1.443020e+00	1.726918e-01	-1.740994e-01
-1.277762e+00	1.237470e+00	-9.316789e-01	-2.851245e+00	1.287429e+00	1.289497e+00	-4.796693e+00	1.366444e+00	3.043688e+00	-6.421061e-01	1.837811e+00	-9.236995e-01	4.500213e-01	1.516762e+00	-2.664585e+00	-5.245254e-01	-3.478670e-01	-2.626940e+00	2.227184e+00	-1.075012e+00	-2.916136e+00	1.772811e+00	-1.480494e+00	2.593937e+00	9.940151e-01	-1.542131e+00	4.745829e-01	2.105508e+00	1.057138e+00	2.944365e-01	1.676082e+00	2.069002e+00	-5.271919e+00	2.618593e+00	-2.538835e+00	-2.071391e+00	2.914706e+00	2.007616e+00	-8.939218e-01	2.842252e+00
3.030930e-01	-6.839316e-01	1.254141e+00	1.795415e+00	1.040496e+00	-1.013170e+00	1.640617e+00	4.317942e-01	2.338463e-01	-6.842112e-01	3.806250e-01	-5.252060e-01	-2.077603e-01	1.433118e-01	2.100889e+00	-1.519907e-01	6.926421e-01	-1.952622e-01	-1.057422e+00	2.754865e-01	-3.117134e-01	1.178596e+00	6.272029e-01	7.245514e-01	1.914439e+00	5.287746e-02	-1.924777e-01	6.830455e-01	9.563731e-01	1.313502e+00	9.332419e-01	1.630209e-01	-8.261506e-02	-2.194045e-01	9.558889e-01	2.699492e+00	-1.439650e-01	-3.517677e-02	-1.493878e-01	1.004786e+00
2.848041e-01	1.154235e-03	3.231981e-01	1.258588e+00	1.193163e-01	-3.768536e-01	1.494126e-01	9.259925e-01	6.601359e-01	1.101371e+00	1.453679e-01	5.472818e-01	2.437887e-01	9.133313e-01	-1.197007e-01	1.548285e+00	5.766419e-01	1.423584e+00	-1.163598e-01	1.173122e+00	8.955939e-01	4.699159e-01	3.391447e-01	4.460654e-01	1.312346e+00	-1.141585e-01	6.608070e-01	-8.502317e-02	1.656857e+00	-3.493805e-01	7.080244e-01	1.332799e-02	5.143136e-02	5.969451e-01	1.308551e-01	9.444897e-01	8.947507e-01	1.131638e-01	4.354494e-01	-8.262967e-03
1.082949e+00	7.621717e-01	2.728054e-01	8.740684e-01	3.962469e-01	-3.108199e-01	-4.162653e-02	1.181259e+00	8.435794e-01	2.324727e-01	8.628785e-01	5.763208e-01	4.274057e-01	6.678774e-01	5.256973e-01	7.230547e-01	5.724049e-01	1.290585e+00	8.852760e-02	6.041341e-01	1.956094e-01	4.034329e-01	8.107111e-01	5.441319e-01	1.242752e+00	1.802735e-01	3.855479e-01	4.838047e-02	1.393523e+00	-4.448409e-01	8.137272e-01	2.019345e-01	-3.574200e-02	2.172635e-01	6.886492e-01	8.525804e-01	8.026826e-01	3.968649e-01	3.423358e-01	-2.866459e-02
1.578331e+00	1.559103e-01	1.243493e+00	3.891999e-01	-1.047527e-01	-1.536687e+00	4.030745e-01	1.321638e+00	6.743024e-01	7.225949e-01	4.432945e-01	1.612011e+00	7.045918e-01	1.147949e+00	-9.795482e-02	4.061794e-01	5.042986e-01	1.132318e+00	-1.311283e-01	4.907643e-01	-4.899522e-01	2.510781e-01	1.633520e-01	1.838656e-01	4.851297e-01	-4.648508e-01	2.278055e-01	2.111009e-01	1.334334e+00	5.033350e-01	1.495206e+00	1.246153e-01	-6.919335e-02	7.771151e-01	6.494933e-01	1.127494e+00	2.214734e-01	3.082231e-01	7.796113e-01	1.017886e+00
2.190230e+00	2.979664e-01	-6.134730e-02	3.758870e-01	1.056475e+00	-1.262796e+00	4.405720e-01	7.351769e-01	1.949663e+00	-7.196914e-01	1.021220e+00	9.479106e-01	8.248508e-01	1.086270e+00	8.700190e-01	7.342876e-01	1.244701e+00	2.264168e-01	1.901423e-01	9.613025e-01	-1.121003e+00	1.507370e-01	4.327008e-01	3.058006e-01	5.056886e-01	-6.462189e-02	4.335335e-01	3.331722e-02	1.571736e+00	5.186971e-01	4.311980e-01	-3.537341e-01	-1.545607e-01	2.020088e-02	8.517222e-01	1.024603e+00	-5.173565e-01	8.537370e-01	1.680259e+00	1.779601e+00
1.564577e+00	-6.672640e-02	1.141904e+00	4.303122e-01	3.779040e-01	-1.281132e+00	-1.986874e-01	6.469758e-01	1.209887e+00	7.674385e-01	8.460382e-01	1.587248e+00	-9.220869e-02	1.866121e+00	-4.788330e-01	1.142602e+00	9.478789e-01	9.168051e-01	-5.047680e-02	7.286848e-01	-1.597100e-01	6.611644e-01	-1.420860e-01	2.503121e-01	1.103694e+00	-1.004359e+00	3.278431e-01	-7.447906e-01	1.326728e+00	6.529873e-01	1.540636e+00	3.435625e-01	-1.170099e-01	5.483307e-01	7.196685e-01	1.201217e+00	5.828707e-01	1.276488e-01	9.241394e-01	8.581535e-01
4.277343e-01	7.670812e-01	-5.275912e-01	-5.175066e-01	5.945365e-01	-3.001314e-01	-4.821682e-01	-6.572200e-01	8.751767e-01	-6.847216e-01	1.097631e+00	2.116662e-01	8.475419e-01	9.775377e-01	4.249370e-02	8.855890e-01	1.025926e+00	4.528861e-01	1.114393e+00	1.072746e+00	-5.236750e-01	-2.729171e-01	9.126055e-02	6.802002e-01	5.538844e-01	4.134227e-01	6.452445e-01	1.435728e+00	6.859764e-01	-6.393698e-02	-3.188526e-01	2.828936e-01	1.508978e+00	1.054704e-01	-1.035691e-01	1.881702e-01	-1.045921e-01	1.377357e+00	1.702501e+00	8.514338e-01
5.564436e-01	1.164419e+00	1.072205e+00	1.336723e+00	1.984382e-01	4.406495e-01	-7.016031e-01	1.326831e+00	-9.046407e-01	9.156169e-01	-3.479155e-01	-8.352571e-01	7.236760e-02	-1.825718e-01	-8.919498e-02	1.914800e-01	1.149234e-01	6.458797e-01	-6.029445e-02	3.700933e-01	1.569276e-01	1.214326e+00	4.585221e-01	1.021768e+00	1.074993e+00	-1.367331e-01	-9.928261e-02	1.514771e-02	9.174700e-01	5.806632e-02	1.308628e+00	3.262370e-01	-6.910702e-01	3.443913e-01	-3.015120e-01	6.236415e-01	1.692301e+00	1.027695e+00	4.277064e-01	2.392875e-01
6.014017e-01	5.629570e-01	5.061598e-01	6.754625e-01	2.167210e-02	-9.588430e-01	-3.743372e-01	1.378770e+00	6.408538e-02	1.197039e-01	4.032113e-01	7.445347e-01	6.644200e-01	6.183444e-01	1.303857e-01	1.988385e+00	-2.770975e-01	-2.728851e-01	7.481035e-01	1.866286e+00	-3.771361e-01	7.024678e-02	1.008199e+00	-3.203867e-01	5.152165e-01	1.139564e+00	2.166607e-01	6.738751e-01	5.459864e-01	-2.513566e-01	-1.679104e-01	2.111421e-01	-1.221002e+00	-9.168525e-02	4.579818e-01	1.969619e+00	8.386027e-01	1.022812e+00	6.498123e-01	7.818572e-01
-5.800750e-01	2.904075e-01	-6.150050e-01	3.835393e-01	-3.597739e-01	3.114820e-02	-8.644929e-01	-1.331586e-01	-2.860099e-01	8.145046e-01	5.659406e-01	4.643815e-01	9.027195e-01	8.573087e-01	2.071384e-04	1.220855e+00	7.676861e-01	-1.456002e-01	4.191592e-01	2.432101e+00	1.133082e-02	6.832880e-01	-2.388602e-01	4.490953e-01	1.412847e+00	-6.374031e-01	-6.292865e-02	1.095557e+00	1.781916e-01	8.342664e-01	-4.234247e-02	1.203412e+00	1.316269e+00	8.625127e-01	-1.188133e+00	5.428807e-01	-9.234545e-02	1.471354e+00	8.957266e-01	-5.328108e-01
1.963026e-02	-1.890754e-01	8.925657e-01	1.817875e+00	1.523371e+00	-3.840979e-01	1.171355e+00	6.547234e-01	-4.062364e-01	5.490989e-01	-2.212006e-01	2.520533e-01	-1.266577e-01	3.292479e-01	1.185555e+00	5.586601e-01	6.817374e-02	-2.432309e-01	-7.210598e-01	4.198956e-01	6.502472e-01	1.861072e+00	-2.318868e-01	1.264283e+00	2.070759e+00	-3.219365e-01	-9.768218e-01	-1.269963e-01	5.948506e-01	4.030561e-03	-1.491266e-01	-1.123783e-02	-5.409588e-01	-5.626145e-01	-4.728886e-01	2.560764e+00	1.587591e-01	-5.896347e-01	5.419649e-01	2.763405e-01
5.146569e-01	7.075737e-01	9.269729e-01	6.734921e-01	7.203744e-01	2.561572e-02	1.057201e+00	1.211075e+00	-5.347418e-02	1.051317e+00	-2.409296e-01	2.180504e-01	6.497182e-01	-2.016778e-01	-6.743115e-02	5.094884e-01	-2.983429e-01	2.316443e-01	1.738010e-02	6.740159e-01	1.565729e-01	4.077120e-01	-1.907025e-01	1.058574e-01	6.187741e-01	4.426686e-01	5.268093e-01	1.732846e+00	7.564683e-01	1.461971e-01	3.648363e-01	2.924533e-01	4.614942e-02	4.021672e-01	-6.838782e-01	3.314789e-01	6.445697e-01	6.441983e-01	-4.844119e-01	3.656993e-01
9.921714e-01	1.238357e-01	-2.753188e-01	1.969471e-01	9.971724e-01	-3.569662e-01	2.428502e-01	-3.567336e-01	1.368529e+00	-3.285871e-01	-5.120332e-01	1.042616e+00	1.649268e+00	3.024153e-01	4.399310e-01	7.161195e-01	4.103239e-01	-1.491801e-01	5.574653e-02	1.415403e+00	-1.243999e+00	-1.780093e-01	3.861374e-01	-3.094854e-02	5.752319e-01	1.708713e-01	5.266562e-01	1.246198e+00	1.016612e+00	-1.016485e+00	2.384575e-01	-5.943633e-01	9.787531e-01	-3.988989e-01	9.479644e-01	1.086512e+00	6.351971e-01	6.715341e-01	5.578264e-01	5.919914e-01
8.947972e-01	-6.382386e-01	1.109242e+00	1.131035e+00	7.387350e-01	-6.729023e-01	1.877723e+00	2.966123e-01	1.108346e+00	-1.205427e-01	6.561766e-01	7.159343e-01	6.915030e-01	3.717602e-01	1.426748e+00	3.600946e-01	6.187096e-01	3.833370e-01	-5.049079e-01	-2.604992e-01	-8.018101e-01	5.534561e-01	4.548558e-01	7.783293e-01	1.206152e+00	1.225369e-01	-1.650449e-01	1.147195e+00	6.498747e-01	9.395119e-01	1.209182e+00	1.880539e-01	1.134649e-01	1.062218e+00	8.240138e-01	1.319630e+00	-2.959014e-01	5.230865e-01	-4.507183e-01	1.773467e+00
3.546576e-01	3.007228e-01	3.776825e-01	2.635737e-01	1.015688e+00	-3.150963e-01	1.753846e+00	6.955244e-01	1.102041e+00	2.833172e-01	5.419879e-01	7.847205e-01	1.075326e+00	-1.876395e-01	4.125818e-01	3.961731e-01	-1.656819e-01	9.119693e-02	-1.222319e+00	-6.151662e-02	-2.571854e-01	9.538635e-01	-3.813505e-01	1.673753e+00	-9.142460e-01	1.165029e+00	4.602283e-01	1.536349e+00	5.777540e-01	1.498825e+00	1.494858e+00	-1.116094e+00	5.277635e-01	2.418446e-01	-1.072473e+00	4.969332e-01	4.599457e-01	1.223509e+00	3.730133e-01	8.008755e-01
-2.827187e+00	-1.886176e-02	-5.025918e-01	6.006639e-01	-5.359925e+00	-1.589560e+00	-3.549517e-01	2.397335e+00	-1.042544e+00	-7.718822e-02	1.250319e+00	3.427091e-01	3.617656e+00	5.028295e-01	2.634306e+00	2.798999e+00	3.311707e-01	-1.929109e+00	-2.071220e-01	3.632018e+00	-4.032519e+00	-5.684432e-01	4.477791e+00	3.964304e-01	-1.701521e+00	4.243551e+00	-3.956681e-01	1.515235e+00	1.165456e-01	1.337140e+00	1.931396e+00	7.318688e-01	-1.638266e+00	3.465551e+00	2.413070e+00	1.791588e+00	2.742981e+00	3.473038e+00	-2.042646e+00	-5.859213e-01
1.336842e+00	9.628002e-01	9.935834e-01	1.001913e+00	2.842164e-01	-4.369997e-01	5.662415e-01	1.092401e+00	3.013641e-01	2.125709e-01	-1.350396e-01	1.414988e+00	3.956169e-01	6.691204e-02	-4.696554e-01	1.500637e+00	-1.526086e-01	8.293157e-01	-1.992080e-01	5.671531e-01	1.177642e-01	5.041077e-01	4.191134e-01	5.050031e-01	5.114334e-01	-3.376583e-01	4.691569e-01	1.474701e-01	1.386233e+00	8.723981e-02	1.950003e-01	-2.605257e-01	-1.041611e+00	1.455338e-01	3.939503e-01	7.268658e-01	-1.719430e-01	4.256560e-01	1.196268e+00	1.260790e+00
5.850853e-01	9.145773e-01	-1.116914e-01	1.809352e+00	-1.918210e-01	-3.637862e-01	-3.205969e-01	6.467454e-01	4.546815e-01	-6.226951e-01	3.371825e-01	4.166886e-01	-3.321607e-01	8.081858e-02	1.105945e+00	1.245820e+00	3.307416e-02	-2.595247e-01	-1.460721e+00	6.582955e-01	7.016807e-01	1.326797e+00	-5.292827e-01	1.713236e+00	1.394764e+00	-6.447569e-01	9.953900e-02	2.142920e-01	2.172175e+00	-4.866154e-01	1.316640e+00	1.876539e-01	2.547729e-01	-1.205430e-01	5.901421e-02	1.183318e-01	1.799105e+00	3.429206e-01	9.295944e-01	1.657614e+00
1.320298e+00	-9.491462e-01	1.017143e+00	1.698992e+00	5.773411e-01	-8.641358e-01	1.838892e+00	4.293039e-01	1.029849e+00	8.102869e-02	7.682432e-01	1.095747e+00	-8.643661e-02	2.743673e-02	1.035617e+00	8.670344e-01	-7.142775e-03	2.162774e-01	-1.158388e-01	5.681618e-01	-5.342521e-01	3.010488e-01	6.086482e-01	2.592522e-01	1.019691e+00	4.306183e-01	3.426810e-01	8.614916e-01	7.163668e-01	1.107459e+00	9.849893e-01	-1.975623e-02	-1.076342e-01	6.236368e-01	5.138687e-01	1.591380e+00	-6.220011e-01	7.608230e-01	-5.804880e-01	1.539255e+00
9.884293e-01	-3.339054e-01	6.819769e-01	1.336544e+00	6.808287e-01	-5.856947e-01	5.353989e-01	5.525592e-01	4.947292e-01	9.336909e-01	-1.133727e-01	1.303666e+00	7.491792e-01	9.000653e-02	-6.245491e-01	1.630489e+00	1.909510e-02	7.819400e-01	-4.385740e-01	9.706989e-01	2.749101e-01	4.942099e-01	9.621540e-01	1.014400e-01	1.593641e+00	7.942010e-01	7.545355e-01	1.965062e-01	8.811846e-01	-4.882386e-02	-7.977992e-02	3.919059e-02	-1.521520e-01	-6.241853e-01	-3.622285e-01	1.064183e+00	-4.251588e-01	1.414017e+00	1.632989e-01	1.057140e+00
1.669390e+00	9.950920e-01	1.229679e-01	-2.431279e-01	1.942314e+00	1.608767e-01	4.186772e-01	1.220749e+00	1.357930e+00	-6.210940e-01	4.813460e-01	5.821017e-01	9.733761e-01	-4.294688e-02	-4.489285e-01	6.444049e-01	1.905569e-01	2.442068e-01	1.135292e+00	4.455312e-01	-5.082957e-01	-1.976155e-01	5.610439e-01	5.009238e-01	4.363889e-02	1.241176e+00	3.537197e-01	7.702313e-01	1.914522e-01	1.037476e-01	9.427329e-02	-1.339873e-01	-5.812432e-01	-4.591501e-02	4.295508e-01	7.550906e-01	4.927446e-01	1.274898e+00	8.633731e-01	2.688682e-01
1.271172e+00	-1.269573e+00	9.714810e-01	9.327535e-01	4.704424e-01	-8.837316e-01	1.555269e+00	5.397882e-01	1.410836e+00	1.320740e+00	-4.919578e-02	7.861913e-01	1.088051e+00	9.875955e-01	3.248538e-01	7.286612e-01	5.127521e-01	1.175273e+00	5.038116e-01	1.936049e-01	3.387969e-01	1.773959e-01	-5.091839e-03	4.970383e-01	7.192254e-01	-1.561661e-01	6.691213e-01	1.961893e-01	1.503972e+00	7.579993e-01	1.233424e+00	-8.507435e-02	3.953684e-01	7.979992e-01	-2.450183e-01	1.239175e+00	3.920602e-02	2.213809e-01	2.970556e-01	1.076304e+00
9.900644e-01	5.303073e-01	1.121788e+00	3.680553e-01	-1.163364e-01	-8.450767e-02	-1.584768e-01	6.252440e-01	-3.031372e-01	-7.961687e-02	1.695301e-01	9.462955e-01	8.968548e-01	3.529967e-01	5.131415e-01	6.671130e-02	3.210302e-01	1.167980e+00	1.552101e+00	7.802806e-02	-3.607606e-01	-1.359261e-01	2.052231e-01	4.262262e-01	5.186383e-01	7.450169e-01	-2.493963e-01	-7.902998e-02	8.918737e-01	-1.500300e+00	7.002706e-01	5.259078e-01	9.451555e-02	6.770487e-01	9.969840e-01	9.028311e-01	1.232409e+00	3.328446e-01	8.395995e-01	6.059901e-01
6.631827e-02	-5.250730e-01	2.634077e-01	1.684587e-01	7.404146e-01	-1.478843e-01	1.175349e+00	-8.823137e-02	1.314354e+00	1.654464e+00	-9.985878e-02	2.622096e-01	6.468105e-01	1.044205e+00	-4.989014e-01	-7.067090e-01	6.326689e-01	7.861792e-02	-8.183263e-02	-6.340735e-02	5.806987e-01	-3.521224e-01	-4.147446e-01	3.353953e-01	8.045265e-01	9.169922e-01	1.138067e+00	7.814182e-01	-2.891048e-01	1.927724e+00	8.029098e-01	4.475264e-01	1.037568e+00	8.570312e-01	2.630185e-01	1.569621e+00	3.499916e-01	1.441283e+00	-5.236128e-01	4.444971e-01
1.032555e+00	1.284266e-01	7.141421e-01	6.251488e-01	2.642895e-01	2.860982e-01	8.695575e-01	1.037233e-01	2.529372e-01	1.413965e+00	-1.881291e-01	9.252798e-01	2.887947e-01	9.361299e-01	-2.434951e-01	3.147784e-01	4.790564e-01	1.351929e+00	6.275970e-01	-8.124942e-02	2.800213e-01	-2.622138e-01	1.020649e-01	-1.048694e-01	7.645784e-01	-2.445742e-01	-1.379712e-01	-2.767089e-01	5.409543e-01	1.142232e+00	4.610158e-01	4.842966e-01	7.210340e-03	9.195262e-01	6.284299e-01	9.340416e-01	-2.326915e-01	4.417492e-01	6.184061e-01	2.505901e-01
3.313660e-01	6.533770e-01	-1.656808e-01	1.274078e+00	4.710239e-01	-5.717109e-02	-3.648596e-01	4.369563e-01	1.552189e+00	-2.303731e-01	9.169125e-01	7.823999e-01	1.604671e-01	6.815407e-01	9.634949e-02	1.560605e+00	4.106847e-01	1.416306e+00	-2.996948e-01	1.541903e+00	1.187437e+00	7.162048e-01	2.748546e-01	1.111551e+00	1.566696e+00	-1.807608e-01	4.942602e-01	9.037819e-02	2.192142e+00	-4.305509e-01	9.951625e-01	9.627535e-02	5.831772e-01	8.526574e-01	4.873568e-01	5.301844e-01	1.030471e+00	3.282039e-01	5.371585e-01	-1.539557e-01
1.109406e+00	8.065502e-01	6.704581e-01	6.653501e-01	3.502750e-01	-6.403325e-01	2.466181e-01	1.020811e+00	1.468231e-01	5.878446e-01	5.565903e-01	7.603122e-01	4.411105e-01	2.938985e-01	-3.411093e-02	6.221534e-01	5.634003e-01	1.793899e+00	-2.935588e-01	6.742279e-01	5.981480e-02	1.563544e-01	8.541317e-01	-1.540851e-01	7.594993e-01	9.104226e-01	6.578714e-01	4.800152e-01	1.881592e+00	-3.883809e-01	2.579719e-01	-8.963247e-02	-2.026771e-01	2.423136e-01	4.375910e-01	4.020134e-01	-4.481575e-02	6.348996e-01	-8.553019e-02	6.921437e-01
1.026543e-01	-2.498931e-01	5.341307e-01	6.421928e-01	3.671531e-01	3.899117e-01	1.263704e+00	1.972667e-01	1.401838e+00	1.615249e+00	5.542045e-01	5.764959e-01	6.127982e-01	5.847597e-01	1.082904e-01	-3.666057e-01	1.922481e-01	8.260005e-01	-4.083095e-01	4.813782e-01	-2.748852e-02	5.157080e-01	-7.138610e-02	-4.883081e-02	4.298409e-01	3.923676e-01	2.923302e-01	1.941582e-01	5.079423e-01	1.623960e+00	1.343517e+00	4.874208e-02	2.784028e-01	1.401167e+00	3.378891e-01	8.517529e-01	-4.259087e-02	1.085107e+00	-1.928492e-01	2.634179e-01
4.064667e-01	-1.237552e-01	1.658731e+00	1.150034e+00	4.024274e-01	-1.269073e+00	9.842978e-01	8.777512e-01	-3.022193e-01	6.707561e-01	1.952904e-01	7.161607e-01	1.160356e-01	-7.931346e-02	7.096030e-01	2.103700e-01	-3.026852e-01	-4.111357e-01	-9.470785e-01	6.159843e-01	2.234958e-01	1.444863e+00	5.851290e-01	2.097129e-01	1.652660e+00	-3.283592e-01	4.413831e-02	-7.186875e-02	6.166878e-01	1.238983e+00	5.929493e-01	-1.267740e-01	-1.247873e+00	-1.069400e+00	1.717511e-01	2.466533e+00	-2.730599e-01	5.376797e-02	6.210771e-01	8.839607e-01
4.958674e-01	5.453858e-01	8.858014e-01	9.652037e-01	1.105215e-01	5.049326e-01	6.670391e-01	3.846193e-01	5.205679e-02	1.222750e+00	-8.113929e-02	1.100889e+00	3.849492e-01	1.313210e-01	-4.451088e-02	-2.958391e-01	-3.948914e-01	9.317559e-01	3.859386e-01	1.766909e-01	2.766454e-01	3.301398e-02	-5.673544e-01	3.373020e-01	4.171951e-01	2.542293e-01	-5.487449e-01	-2.138731e-01	-1.800450e-01	3.331134e-01	1.063298e+00	7.567283e-01	2.731796e-01	1.389788e+00	9.091067e-01	1.128838e+00	5.276860e-01	1.020783e+00	1.396603e+00	5.452890e-01
-4.674358e-01	8.665582e-02	7.333518e-01	1.282570e-01	1.295352e+00	1.525957e+00	1.283606e+00	1.163457e-01	8.575132e-01	1.422302e+00	-4.637045e-02	2.598512e-01	8.370406e-01	2.915206e-01	-1.470120e-01	-1.018489e+00	-8.970078e-02	5.223023e-01	6.526212e-02	-9.970370e-01	7.998657e-01	4.533478e-01	-6.950108e-01	1.218447e+00	5.116915e-01	1.229235e+00	-1.308342e-02	8.206208e-01	2.370358e-02	7.214891e-01	1.261480e+00	4.468421e-01	9.205507e-01	1.564641e+00	-9.544664e-02	5.191450e-01	1.248167e+00	1.651546e+00	-6.355464e-01	6.686932e-01
7.123269e-01	7.564517e-01	1.342028e+00	6.223333e-01	2.291787e+00	-1.014567e-01	7.141161e-01	5.759284e-01	9.747902e-01	-6.869968e-02	2.087615e-01	7.697194e-01	4.143688e-01	-4.021974e-01	4.254852e-01	3.642473e-01	6.261097e-02	3.188997e-01	-1.275739e-01	-2.902287e-01	-4.191728e-01	7.733515e-01	1.007936e+00	1.003655e+00	1.455329e+00	1.539426e-01	1.075121e-01	-2.001626e-01	1.042105e+00	5.680193e-01	1.208207e-01	6.589783e-02	-1.201175e+00	-3.225965e-01	3.142144e-01	1.636310e+00	-6.371221e-01	7.448129e-01	3.834697e-01	9.416695e-01
4.239328e-01	4.308331e-01	-8.751000e-03	-1.485260e-01	7.008205e-01	-1.714769e-01	7.640877e-02	-2.048675e-01	-9.346420e-01	6.940755e-01	-3.625707e-02	4.811666e-02	1.299343e+00	4.585499e-01	-3.156667e-01	8.607217e-01	5.417984e-01	-1.788589e+00	2.010461e-01	8.621932e-01	-4.459765e-01	5.741114e-01	4.208634e-02	4.430618e-01	8.910621e-01	4.842805e-01	2.115884e-01	1.730518e+00	-1.013402e+00	9.433228e-01	-7.895537e-01	8.654770e-01	1.853148e-02	-3.852623e-01	-1.675368e+00	7.764167e-01	-3.346727e-01	2.162183e+00	1.340964e-01	-2.942763e-01
8.194399e-01	5.887393e-01	2.559686e-01	6.330318e-01	-2.563596e-01	-7.332378e-01	2.134622e-01	1.572224e+00	2.658749e-01	-1.282586e-01	6.930273e-02	6.189131e-01	3.235059e-01	3.015351e-01	-6.010138e-01	1.651393e+00	3.453688e-01	8.988696e-01	-8.223460e-01	1.238675e+00	2.077059e-01	9.336801e-01	4.312859e-01	8.818931e-02	1.271011e+00	2.153416e-01	8.735704e-01	1.008816e+00	1.222504e+00	-2.212533e-01	1.629025e-01	-4.306212e-01	-1.059016e+00	9.086926e-01	8.653824e-02	1.739631e+00	8.396307e-01	4.883543e-01	2.316002e-01	5.057132e-01
4.269543e-01	6.319423e-01	4.171391e-01	1.421231e+00	1.304570e+00	2.725514e-01	7.983227e-01	1.412228e-01	3.917218e-01	1.703656e+00	-1.024024e+00	6.186853e-01	4.708694e-01	-3.434735e-01	-3.169187e-01	1.095631e+00	-1.894063e-01	3.713295e-01	-4.407731e-01	1.083030e+00	4.842846e-01	2.890737e-01	1.582871e-01	-6.444582e-02	1.039350e+00	2.906565e-01	3.744363e-01	1.250625e+00	4.217297e-01	-1.219921e+00	-4.902310e-01	1.190485e-01	-1.373157e-03	9.457890e-01	-3.028035e-01	5.068247e-01	8.044288e-01	5.102164e-01	-3.234519e-01	5.340334e-01
3.974259e-02	7.244115e-01	2.093671e-01	-6.713624e-01	4.502642e-01	-5.820601e-01	-2.211295e-01	-3.347906e-01	-2.704268e-01	4.806520e-01	4.283338e-01	-2.497294e-01	6.571499e-01	9.998277e-01	-2.548534e-02	1.386555e+00	5.901349e-01	-4.816593e-01	1.929846e+00	1.024128e+00	-3.657919e-01	-4.370929e-01	-2.621597e-01	3.021167e-01	8.241467e-01	-3.340338e-01	8.698778e-01	2.011905e+00	-8.062579e-01	5.645384e-02	-8.962301e-01	7.913556e-01	1.278586e+00	-1.346365e-01	-2.439514e-01	8.735282e-01	-6.968484e-02	1.264769e+00	1.524335e+00	8.834058e-01
-2.127323e-01	9.536819e-01	1.368080e-01	4.012854e-01	6.258775e-01	-3.066084e-01	1.603635e+00	7.321641e-01	1.004831e+00	-6.638070e-02	3.195731e-01	7.476719e-01	1.163480e+00	-2.734752e-01	5.606249e-01	2.395305e-02	1.720858e-02	-1.296866e-02	-1.642463e+00	-3.525009e-02	-1.135222e-01	7.726902e-01	2.547883e-01	1.595500e+00	-5.673457e-01	1.226433e+00	9.063616e-02	1.235365e+00	2.581429e-01	1.296245e+00	1.228283e+00	-1.759791e+00	4.728579e-01	1.669892e-01	-1.241600e-01	8.045083e-01	5.491679e-01	1.457558e+00	1.129932e+00	1.117146e+00
1.435833e+00	-6.252162e-02	8.989966e-01	1.084249e+00	6.647617e-01	-8.812479e-01	1.915624e+00	1.108972e+00	1.026612e+00	9.960913e-01	6.056588e-01	1.289668e+00	5.055305e-01	2.029508e-01	5.200220e-01	2.305476e-01	-2.937570e-01	5.824625e-01	-5.133007e-01	2.977948e-01	8.418972e-02	3.570953e-01	7.590592e-01	3.329894e-01	5.310195e-01	-1.580245e-01	3.419272e-01	1.560305e+00	1.949443e-01	1.293964e+00	1.392085e+00	-1.713799e-01	5.340543e-02	2.049676e-02	-2.464242e-01	1.480229e+00	-4.774785e-01	2.654180e-01	-1.101072e-01	1.062041e+00
4.978277e-01	1.454905e-01	2.876848e-01	1.584936e-01	1.008058e+00	1.132631e+00	1.217243e+00	5.485202e-01	1.307947e+00	1.991269e+00	-6.481507e-02	3.808483e-01	5.058462e-01	4.228442e-01	-6.328994e-02	-6.239609e-01	8.209858e-02	3.039747e-01	-1.491054e-02	-7.107589e-01	2.351493e-01	1.747804e-01	-3.786638e-01	2.902524e-01	7.736453e-01	-5.121608e-01	-3.200802e-02	3.094937e-02	-4.069566e-01	2.176424e+00	1.595213e+00	2.577919e-01	-2.581343e-01	1.352235e+00	5.454677e-02	3.600165e-01	1.395135e-01	1.108477e+00	4.920093e-01	4.308139e-01
-1.068999e+00	8.694621e-01	1.465691e+00	1.362940e-01	7.006207e-01	4.017640e-02	-3.996120e-01	-1.153449e+00	1.450026e-01	3.691846e-01	5.022913e-01	1.291448e+00	1.179898e-01	5.407521e-01	-1.622196e+00	2.429478e+00	-2.595754e-01	1.645663e+00	3.918351e-01	6.961794e-01	1.525712e+00	4.282313e-01	-4.572847e-01	1.052777e+00	1.034306e+00	2.406110e-01	9.341613e-01	1.236073e+00	1.212027e+00	-5.816255e-02	-1.498171e-02	1.062013e+00	2.136571e+00	1.087348e-01	-1.892850e-01	2.639985e-01	2.488944e-01	8.695849e-01	1.445337e-01	7.213694e-01
1.453535e+00	4.150868e-02	5.538393e-01	9.176109e-01	-6.596991e-02	-7.680516e-01	-1.685474e-01	4.655792e-01	5.253350e-01	1.822851e-01	5.443175e-01	1.219270e+00	4.967311e-01	6.327125e-01	6.403056e-01	1.579414e-01	-8.129060e-02	-8.913543e-03	6.313733e-01	1.321246e-01	4.534684e-01	4.042037e-01	-6.865296e-01	9.298720e-01	8.519138e-01	3.081633e-01	9.827693e-02	-7.166395e-01	3.849058e-01	1.910263e-01	1.469433e+00	9.129513e-01	6.824841e-01	-4.660473e-01	6.257301e-01	1.198778e+00	1.503366e+00	2.012632e-01	2.028569e+00	7.654784e-01
1.809393e+00	2.128824e-01	1.250931e-01	4.701302e-01	-8.463006e-01	-1.584780e+00	-3.865721e-01	1.125904e+00	-9.623041e-01	8.641717e-01	1.723264e-01	5.222451e-01	4.919263e-01	1.210128e+00	2.746412e-01	5.420058e-01	4.814167e-01	-5.864785e-01	1.371040e-01	2.117586e+00	-1.357046e+00	3.078417e-01	-2.690155e-01	-8.912599e-01	2.992323e-01	-2.508513e-02	-1.764421e-01	4.126659e-01	8.695990e-02	4.481161e-01	1.410472e+00	1.033222e-01	-5.730035e-01	8.912521e-01	3.980015e-01	1.221416e+00	1.386957e+00	5.200562e-01	6.598802e-01	-5.587380e-01
2.501038e+00	2.936294e-01	1.479123e-01	1.556373e+00	1.377571e+00	-2.287263e-01	1.287389e+00	6.087110e-01	8.569238e-01	3.600153e-01	-4.108671e-02	1.012034e+00	-6.609212e-01	-7.410762e-01	2.690454e-01	-1.518814e+00	-8.765400e-01	5.929364e-01	-5.092907e-02	-1.423531e-01	5.597199e-01	-8.323775e-02	-6.939471e-01	-3.658746e-02	2.012205e+00	-1.588111e+00	1.000718e+00	9.727119e-01	5.931117e-01	-2.539652e-01	7.820211e-01	-8.548636e-01	-2.701062e-01	-1.179569e+00	-2.391244e-01	1.203414e+00	-3.472133e-01	-4.580386e-01	1.448504e+00	1.393425e+00
-8.542767e-02	3.589654e-01	-7.334037e-02	8.566758e-01	3.026119e-01	-9.750299e-01	1.050336e+00	7.392484e-01	4.938002e-01	3.090342e-01	6.736768e-01	3.971566e-01	1.157688e+00	8.833323e-01	1.215390e-01	9.885797e-01	7.208025e-01	-4.327316e-01	-5.881554e-01	5.989479e-02	-3.992398e-01	4.584168e-01	5.783180e-01	1.704602e+00	1.880005e-01	1.499209e+00	1.760901e-01	1.587319e+00	5.442084e-01	1.004276e+00	-1.264064e-01	-8.075732e-01	-4.564531e-01	1.446697e-02	-1.818227e-01	1.395579e+00	4.208117e-01	1.380469e+00	-1.769722e-01	4.415824e-01
1.327069e+00	3.586971e-01	1.586650e+00	9.797589e-01	-5.766456e-01	-1.749221e+00	7.233318e-01	1.151488e+00	-5.015144e-01	8.427453e-01	7.139593e-01	1.086585e+00	4.030776e-02	8.970282e-01	9.419108e-01	7.199584e-01	7.690202e-01	9.860916e-01	-6.653840e-01	4.195061e-01	-3.859295e-01	3.420454e-01	8.448468e-01	3.026468e-02	7.873277e-01	-1.133565e-01	-8.032051e-02	1.526873e-01	1.220298e+00	3.304526e-01	7.810851e-01	-1.468226e-01	-3.326918e-01	3.746064e-01	7.585319e-01	1.172694e+00	7.614662e-02	3.356659e-01	2.523142e-01	1.067978e+00
8.430311e-01	4.345754e-01	1.106570e+00	1.141273e+00	6.031135e-01	-1.750626e-01	1.218036e+00	8.951471e-01	1.181834e+00	4.616752e-01	4.982033e-01	1.028567e+00	6.156337e-01	4.488953e-01	-2.681863e-01	1.394736e+00	3.777524e-01	1.125093e+00	-3.316701e-01	3.107809e-01	9.215095e-01	8.359335e-01	7.579782e-01	6.035644e-01	5.116043e-01	2.755195e-01	6.540347e-01	4.415990e-01	1.210784e+00	5.405610e-01	3.932781e-01	8.942148e-02	-1.353758e-01	5.322722e-01	9.441038e-02	1.254461e+00	-4.082878e-01	8.896945e-01	1.619099e-01	1.170098e+00
9.592529e-01	5.671182e-01	-6.628964e-03	4.739597e-01	-4.147595e-01	-6.555766e-01	-1.352942e+00	8.914855e-01	-1.723199e-01	-1.592342e+00	5.338228e-01	1.393831e+00	8.821653e-01	-1.271389e-01	2.669515e-01	-1.599028e-01	-7.856255e-02	-1.109068e+00	-5.020627e-01	9.592554e-01	-1.894375e+00	2.204724e-01	1.166058e+00	8.336019e-01	1.235108e+00	1.259863e+00	-8.422337e-01	-8.197879e-01	9.689440e-01	8.778079e-01	1.906753e+00	5.204363e-01	-1.034559e+00	7.937639e-02	1.897489e+00	5.408259e-01	2.138024e+00	1.936804e+00	1.406858e+00	3.841336e-01
5.375746e-01	6.060868e-01	2.124912e+00	1.619755e-01	8.904223e-01	-6.851027e-01	3.404118e-01	-4.222272e-03	1.741527e-01	6.072129e-01	-4.237072e-01	1.600815e+00	7.579184e-01	8.014891e-01	-2.383032e-01	-3.018419e-02	3.013477e-01	6.342081e-01	-3.162047e-01	-7.563139e-01	1.916466e-01	2.783956e-01	-7.130552e-01	9.101956e-01	1.090687e+00	5.167239e-01	-1.705509e-02	5.855707e-02	4.862952e-01	-2.824917e-01	1.184147e+00	8.770100e-01	1.582700e+00	2.554703e-01	1.652271e+00	1.490714e+00	1.299421e+00	9.594062e-01	-7.699547e-02	9.882425e-01
2.345106e-01	1.376224e+00	1.234826e+00	9.768617e-01	1.714021e+00	3.761068e-01	1.264813e+00	1.056431e+00	1.296806e+00	-9.839001e-01	-5.011556e-01	4.726992e-01	1.590978e+00	-2.374559e-01	3.497169e-01	6.117089e-01	2.920786e-01	2.897638e-01	-2.257542e-01	-1.368647e+00	7.945648e-01	1.083527e+00	-4.732749e-01	2.710625e+00	4.407979e-01	1.075683e+00	-4.777622e-01	5.422836e-01	1.199756e-01	-3.204413e-01	6.010806e-01	-2.236030e-01	9.289091e-01	-3.939080e-02	9.005369e-01	1.809374e+00	1.592800e+00	1.663641e+00	4.046953e-01	1.392612e+00
2.520078e-01	2.433491e-01	1.284364e+00	7.151503e-01	1.377694e+00	-3.123991e-01	4.175744e-01	5.143319e-01	6.990794e-01	-1.280208e+00	4.565033e-01	9.256482e-01	7.390910e-01	2.009538e-01	1.370776e+00	7.042475e-01	3.026725e-01	4.105980e-01	-3.671969e-01	4.275821e-01	4.812877e-01	1.470751e+00	8.357197e-01	1.057486e+00	1.128508e+00	7.630002e-01	-3.639596e-01	-3.933851e-01	1.974927e+00	-2.170868e-02	8.621428e-01	4.648336e-01	2.451101e-01	-1.236734e-01	4.615800e-01	1.841134e+00	4.094918e-01	6.540131e-01	4.773577e-01	1.329052e+00
2.940440e-01	3.806913e-01	3.292572e-01	1.737253e+00	-5.390624e-01	-2.116552e-01	8.244680e-01	1.359472e+00	-6.706978e-01	1.067163e+00	-6.767840e-01	9.214302e-01	4.028987e-02	-9.642779e-02	4.941493e-02	5.813906e-01	-1.038539e+00	-7.038887e-01	-8.950425e-01	9.763474e-01	7.991189e-01	9.683713e-01	-3.769042e-01	3.894303e-01	4.642053e-01	4.295043e-01	2.524368e-01	9.646120e-01	1.011804e-01	-2.019309e-01	8.533742e-01	-1.385248e-01	-1.059518e+00	-1.341704e-03	-6.588204e-01	1.616319e+00	1.167368e+00	2.407101e-01	3.710035e-01	9.739042e-01
2.200193e+00	9.134961e-01	8.992127e-01	9.539494e-01	6.404478e-01	-1.329233e+00	7.216514e-01	1.138745e+00	6.277200e-01	-1.978422e-01	7.187744e-01	1.335944e+00	4.375685e-01	7.893778e-02	-1.803242e-01	1.248265e+00	2.884525e-01	6.417990e-01	-4.334170e-01	4.990116e-01	-3.925963e-01	5.848495e-01	5.874180e-01	5.340213e-01	2.510932e-01	6.439174e-01	2.847717e-01	1.875449e-01	1.150442e+00	7.003744e-01	3.263321e-01	-1.869025e-01	-8.966805e-01	4.102544e-02	5.874908e-01	8.871805e-01	-5.609077e-01	8.411368e-01	6.448692e-01	1.321785e+00
3.374309e-01	2.229663e-01	7.433751e-01	1.437639e+00	1.288189e+00	-8.324186e-02	5.354316e-01	1.220539e+00	1.062383e+00	-3.342700e-01	-3.541697e-01	1.958448e+00	1.518618e+00	4.192441e-01	2.721205e-01	3.815909e-01	7.226619e-01	7.373402e-01	-4.903476e-01	-6.967268e-01	1.912877e-01	1.123821e+00	4.086890e-01	2.226049e+00	1.310521e+00	6.240954e-02	-4.274737e-01	-6.004281e-01	4.966709e-01	-1.266237e+00	8.805440e-01	5.748282e-01	1.012057e+00	1.951505e-01	4.935333e-01	1.268960e+00	1.124488e+00	8.139177e-01	4.536777e-01	8.078565e-01
9.396829e-01	3.087614e-01	1.564505e+00	1.414756e+00	5.929607e-01	-9.852497e-01	1.544910e+00	1.175344e+00	3.073400e-01	1.034813e+00	-4.322685e-01	1.966796e+00	1.185769e+00	6.209078e-01	1.363648e+00	-1.982618e-01	3.480602e-01	9.077704e-01	4.629493e-01	-5.431727e-01	-6.201544e-01	4.736694e-01	-7.160349e-01	1.436957e+00	9.389409e-01	-7.230092e-01	-1.192513e+00	3.581360e-01	2.216015e-01	-9.921127e-01	7.612689e-01	5.469984e-01	5.285939e-01	3.368332e-01	1.145157e+00	2.004686e+00	8.722862e-01	-3.134113e-01	5.907799e-01	1.299790e+00
-8.546332e-01	5.733397e-01	-1.951794e-01	-6.554723e-01	9.409298e-01	1.125041e-01	-8.257317e-01	-1.661736e-01	4.367312e-01	-1.728326e-01	8.556435e-01	-2.054451e-01	1.347526e+00	1.117382e+00	-3.196307e-01	1.114602e+00	1.099943e+00	-1.030829e+00	1.217672e+00	1.567742e+00	-8.900087e-01	8.880524e-01	2.701638e-01	9.280766e-01	7.988333e-01	-4.899773e-01	7.571919e-02	1.372027e+00	1.634264e-02	-6.504415e-02	-7.093807e-01	6.490414e-01	2.994225e-01	1.250406e-01	-1.046554e+00	7.887251e-01	-3.330508e-01	1.533496e+00	1.617951e+00	1.144432e-01
1.332567e+00	1.072294e+00	1.220189e+00	5.827598e-01	6.149347e-01	-5.279813e-01	5.784991e-01	7.405799e-01	4.012116e-01	5.649580e-01	7.385490e-01	1.217712e+00	2.079571e-01	-6.206727e-01	-9.917122e-01	8.459755e-01	-5.259769e-01	1.374353e+00	-2.938870e-01	1.770724e-02	9.056718e-01	1.249521e-01	7.015326e-01	1.042025e-01	5.833266e-01	3.613026e-01	4.047122e-01	2.585302e-01	1.066540e+00	4.553393e-01	2.872656e-01	-1.124342e+00	-1.110962e+00	-6.490426e-01	3.213892e-01	8.400878e-01	-3.662747e-01	9.945236e-01	1.227735e+00	1.059442e+00
1.560817e+00	1.053743e+00	3.375816e-01	1.419989e+00	7.558370e-01	-5.566190e-01	3.812414e-01	4.996225e-01	1.432683e+00	1.055240e-01	-6.593285e-02	1.021146e+00	7.700382e-01	-7.522363e-02	-7.385241e-01	-8.207890e-02	1.584962e-01	6.091545e-01	-1.078085e+00	1.619640e+00	3.194974e-01	7.748866e-01	-5.474437e-01	7.875624e-02	3.515651e-01	-6.120639e-01	2.079231e-01	1.078619e+00	1.271959e+00	6.630205e-02	1.111517e+00	-8.782552e-01	7.091453e-01	7.567845e-01	1.859621e-01	7.637323e-01	2.880154e-01	6.340173e-01	1.000130e+00	6.768014e-01
1.042535e+00	-3.540999e-01	1.305703e+00	1.471685e+00	-5.754378e-01	-3.673400e-01	1.561504e+00	7.319686e-01	-3.314567e-01	1.097411e+00	1.770046e-01	5.875164e-01	1.585041e-01	5.578689e-01	7.018259e-01	4.204340e-01	1.622680e-01	2.641267e-01	8.685725e-01	1.851693e-01	8.348027e-01	1.225742e-01	2.464221e-01	-2.065666e-01	1.178358e+00	-6.378491e-01	5.263377e-02	1.206535e+00	-1.047757e-01	1.126464e+00	1.366944e-01	3.444166e-01	-5.490143e-01	-6.395874e-01	3.085457e-01	2.163513e+00	-2.138172e-01	2.459834e-01	1.402592e-01	1.083625e+00
-6.862569e-01	9.975632e-01	1.241132e+00	4.578115e-01	8.790803e-01	-1.911693e-01	9.256813e-02	-1.133213e+00	5.784724e-02	-1.908724e-01	8.659758e-02	1.581993e+00	3.085990e-01	1.294957e-01	-1.198206e+00	2.819078e+00	-4.773932e-01	1.527692e+00	-1.570470e-03	7.643013e-01	1.597280e+00	4.823858e-01	-7.365780e-02	1.158611e+00	1.123613e+00	3.423430e-01	6.583507e-01	1.198454e+00	9.707534e-01	-4.880360e-02	-3.127942e-01	4.073995e-01	2.025263e+00	-2.818754e-01	-1.810285e-01	7.043569e-01	2.265326e-01	4.934758e-01	2.778546e-01	7.430493e-01
-2.506195e-02	1.466861e+00	-5.153167e-01	-3.986889e-01	8.033806e-01	7.689326e-01	-7.759818e-01	-4.327987e-01	1.089801e+00	1.716955e-01	1.206265e+00	-3.140503e-03	8.275549e-01	8.129994e-01	-1.489197e+00	1.018177e+00	7.199512e-01	6.972347e-01	1.164140e+00	1.716093e+00	8.011685e-01	2.262187e-01	2.299175e-01	-6.232961e-02	7.800294e-01	4.326495e-02	9.816537e-01	1.482889e+00	4.002758e-01	-1.997825e-01	-3.227090e-01	1.650546e-01	1.075320e+00	1.394148e-01	-4.055846e-01	1.870692e-01	-3.931016e-03	1.658421e+00	2.391088e+00	3.754420e-01
1.227626e+00	5.575999e-01	1.230907e+00	1.237601e+00	4.707492e-01	-1.186300e+00	2.005292e-01	3.596072e-01	9.920657e-01	-4.777961e-02	1.020313e+00	1.576404e+00	-2.766522e-01	8.649113e-01	-1.935350e-01	1.885978e+00	2.167316e-01	1.387664e+00	-9.403591e-01	7.816066e-01	5.881800e-01	8.696037e-01	4.187665e-01	6.342086e-01	1.168843e+00	-2.740316e-01	1.086796e-01	-6.818121e-01	2.004862e+00	5.078898e-01	1.085205e+00	1.112054e-01	1.074383e-02	-7.765490e-03	8.492176e-01	9.224871e-01	-1.547254e-01	1.769610e-01	8.366803e-01	1.311061e+00
1.934490e+00	1.606872e+00	-1.188460e+00	8.516123e-01	3.891648e-01	3.082803e-03	-2.167228e-01	1.390119e+00	-1.471556e-01	-6.008029e-01	3.560826e-01	-4.234222e-02	-1.905534e-01	-1.436969e-01	6.678509e-01	5.466541e-01	1.038878e-01	-1.376625e+00	-1.878012e-02	1.025429e+00	-1.159753e+00	4.927691e-01	6.206667e-02	6.019139e-01	8.090401e-01	3.499333e-01	-1.681347e-01	6.126111e-01	4.654108e-01	5.704046e-02	4.045162e-01	6.098266e-01	-1.373223e+00	-2.141041e-01	7.126823e-01	-2.484656e-01	1.524010e+00	1.360469e+00	1.790504e+00	1.220646e+00
-5.095560e-01	-5.799605e-01	3.126385e-01	1.539514e-01	9.109348e-01	-6.462450e-01	6.972921e-01	7.676356e-01	1.263446e+00	4.605400e-01	2.244229e-01	1.132432e+00	1.694451e+00	1.479100e+00	4.454977e-01	2.086701e-01	1.075373e+00	-6.124041e-01	-6.054571e-01	1.476878e-01	-8.161836e-01	1.161619e+00	3.274754e-01	1.518387e+00	6.370945e-01	-5.879875e-01	-1.850444e-01	2.285100e+00	-5.547738e-01	1.130308e+00	1.145752e+00	6.756302e-01	7.149560e-01	1.323398e+00	-2.070039e+00	8.448438e-01	4.971364e-01	1.245531e+00	-1.351808e+00	3.871102e-01
9.203683e-01	1.526667e+00	6.389434e-01	2.536552e-01	1.811508e+00	4.709552e-01	1.260671e+00	9.192821e-01	1.061501e+00	8.672410e-01	-6.986365e-01	1.276991e+00	1.185690e+00	-7.930791e-01	-6.221232e-01	-1.083310e-02	-4.129744e-01	5.023321e-01	-6.870570e-01	1.179648e-01	-6.663230e-01	4.863152e-01	5.150711e-01	6.383463e-02	4.129774e-01	7.554870e-02	7.085782e-01	2.071694e+00	5.780851e-01	-1.073502e+00	7.152122e-02	-3.223718e-01	-5.000745e-01	-2.175588e-01	1.048364e-01	2.011643e-01	-3.785706e-02	6.497741e-01	-6.246983e-01	6.442084e-01
1.213531e+00	3.632048e-01	3.270518e-01	8.842608e-01	1.091411e+00	2.030841e-02	7.185228e-01	3.938417e-01	1.838448e+00	-3.849501e-02	-2.723172e-01	9.816205e-01	1.507299e+00	-4.329167e-02	7.555883e-01	4.709741e-01	1.943778e-01	-5.881849e-02	-7.830172e-01	1.281314e+00	-5.167810e-01	4.388536e-01	7.578456e-01	2.166871e-01	5.535977e-01	-5.161743e-01	7.829524e-01	8.671698e-01	7.977640e-01	-2.312340e-01	1.314333e+00	-2.939391e-01	5.688024e-01	4.505037e-01	1.069573e+00	7.531920e-01	7.895412e-01	6.832478e-01	1.530790e-01	5.235445e-01
1.359355e+00	-1.440202e+00	1.443346e+00	1.962857e+00	-3.050165e-01	-9.343118e-01	2.291525e+00	5.761434e-01	9.616688e-03	1.426904e+00	3.061856e-01	8.166640e-01	6.051402e-01	1.955784e-01	1.324623e+00	7.947844e-01	2.840159e-01	6.043589e-01	-9.738600e-02	8.044840e-01	-6.426349e-02	3.863946e-01	3.708598e-01	-1.147626e-01	1.187546e+00	-5.979375e-02	5.282623e-02	9.104591e-01	3.472744e-01	8.586626e-01	8.569515e-01	1.626581e-01	3.633732e-01	2.643300e-01	4.351715e-01	2.193242e+00	-6.780148e-01	2.656982e-01	-4.810506e-01	9.700775e-01
-3.185012e-01	-3.119247e-02	-1.068839e-02	3.165168e-02	8.811218e-01	4.353641e-01	9.754654e-01	5.059326e-01	6.447393e-01	1.036682e+00	-5.429098e-01	5.810647e-01	5.307300e-01	3.679930e-01	-3.024418e-01	-3.189337e-01	-1.404868e-01	-2.116046e-01	-8.338120e-01	-7.008230e-01	-4.371467e-01	-2.737546e-01	-3.353396e-01	1.111614e+00	2.506961e-01	9.572538e-01	4.182046e-01	9.352807e-01	-1.096771e-02	1.687792e+00	1.129312e+00	1.932372e-01	-2.097265e-01	1.108733e+00	4.482686e-02	3.736587e-01	8.305747e-01	1.091718e+00	2.847887e-02	4.220027e-01
2.286995e-01	-6.117902e-01	5.508445e-01	1.015078e+00	-3.789343e-01	-1.080377e+00	1.002035e+00	8.669166e-01	-3.091119e-01	6.540435e-01	3.810119e-01	8.935502e-01	5.371370e-01	6.751443e-01	9.375048e-01	1.770365e+00	1.308311e-01	-8.748076e-01	-1.177791e-01	1.113688e+00	-6.130168e-01	5.406912e-01	1.114403e-01	7.848769e-01	8.592467e-01	4.642077e-01	-3.682585e-01	9.963089e-01	2.924469e-01	-3.117506e-01	-8.893394e-02	-8.258555e-02	-4.073541e-01	-1.243927e-02	2.619765e-01	2.016608e+00	4.655973e-01	9.411242e-01	4.242433e-01	8.191790e-01
1.435188e-02	-1.869992e-02	3.174782e-01	1.241290e+00	-5.186122e-01	-6.389371e-03	2.400326e-01	7.581524e-01	1.670292e-01	6.149039e-01	-3.166814e-01	6.590161e-01	1.430606e+00	2.338776e-01	4.556284e-01	2.961599e-01	-8.886119e-02	6.290708e-01	9.142813e-01	7.187411e-01	2.613920e-02	4.187330e-01	2.910818e-01	5.647956e-01	2.506300e-01	4.815294e-01	4.121593e-01	7.584817e-01	-9.267225e-01	-1.282387e-01	6.796997e-01	5.836454e-01	5.513265e-01	1.195651e+00	-1.677865e-02	1.698774e+00	1.443817e+00	-1.308150e-01	5.400316e-01	4.708638e-01
6.869162e-01	-5.230751e-01	1.627960e-01	1.759281e+00	1.617933e+00	-5.328135e-01	1.599382e+00	2.654117e-01	1.813714e+00	-7.239619e-01	6.718436e-01	6.775913e-01	2.309326e-01	1.110194e-01	1.045016e+00	3.629521e-01	5.797368e-01	1.110928e+00	-1.189273e+00	2.414509e-01	-2.891670e-01	2.352217e-01	9.085075e-01	1.107087e+00	1.287840e+00	1.034666e+00	1.447761e-01	6.656692e-01	1.071754e+00	4.066638e-01	9.586040e-01	-5.289077e-01	1.084117e+00	6.393459e-01	7.011297e-01	1.113796e+00	-2.007498e-01	5.003651e-01	-2.983211e-01	8.592871e-01
-1.716239e-01	-2.538821e-02	3.371918e-01	1.063046e+00	4.361370e-01	1.851981e-01	-2.523545e-03	-7.106926e-01	3.388356e-01	2.262713e-01	4.109763e-02	7.208122e-01	1.370196e-01	3.058919e-01	2.085316e-01	1.944259e+00	-4.513650e-02	2.820982e-01	-4.229271e-01	1.635147e+00	2.296184e-01	9.400976e-01	-1.731307e-01	4.892373e-02	1.187257e+00	4.861438e-01	4.055492e-01	5.351104e-01	2.146902e+00	-1.232564e+00	2.128216e-01	4.842184e-01	7.941775e-01	3.189880e-01	2.938443e-01	1.877256e-01	1.037193e+00	6.587158e-01	-8.923204e-01	6.159149e-01
4.702098e-01	6.200780e-01	6.395322e-01	2.189960e-01	4.929503e-01	9.930699e-01	3.916379e-01	3.225483e-01	6.316863e-02	1.566858e+00	-3.674273e-01	7.606345e-01	6.287255e-01	8.451675e-02	-1.453633e-01	-4.408927e-01	-5.847938e-01	6.737843e-01	6.329513e-01	-4.850775e-01	-3.019706e-01	-3.392900e-02	-8.432459e-01	3.962790e-01	5.786282e-01	-1.826735e-01	-7.396203e-01	-3.408597e-02	-4.896175e-01	4.625687e-01	1.190829e+00	1.071550e+00	-2.254010e-01	1.748546e+00	7.630830e-01	5.776093e-01	8.009515e-01	9.615959e-01	1.217056e+00	6.949547e-01
-2.364327e-01	7.885446e-01	-4.667942e-01	2.255815e-01	2.401227e-01	3.181136e-01	-9.402739e-02	-1.786885e-01	1.253914e+00	-2.814389e-01	1.206964e+00	4.189663e-01	7.390463e-01	5.338906e-01	2.588398e-01	1.138214e+00	6.524985e-01	5.931832e-01	6.783877e-01	1.665755e+00	2.468817e-01	4.850401e-01	-2.268803e-01	7.559670e-01	7.274837e-01	-9.938209e-02	8.180510e-01	1.234541e+00	8.694275e-01	-1.106512e-01	1.708586e-01	4.523300e-01	1.562825e+00	2.712778e-01	-3.050989e-01	3.709238e-01	-7.367334e-02	1.181549e+00	1.565624e+00	6.830008e-01
9.081890e-01	1.328516e+00	1.277857e+00	1.038379e-01	2.038927e+00	-1.873505e-01	1.239614e+00	2.571017e-02	8.331422e-01	4.694476e-01	2.854880e-01	1.255316e+00	5.166755e-01	1.525379e-01	-3.147408e-01	7.193783e-01	6.273471e-01	7.960588e-01	-4.232164e-01	-6.822283e-01	9.275807e-01	2.858078e-01	4.633268e-01	7.323137e-01	7.601666e-01	1.154221e+00	5.365692e-01	4.837749e-01	7.526635e-01	-2.041838e-02	7.705531e-02	-1.826281e-01	8.933362e-01	-8.173461e-01	8.168052e-01	9.722351e-01	-1.586636e-02	1.502787e+00	-1.824387e-01	9.366106e-01
1.031988e-01	-1.071324e+00	1.523125e+00	1.350108e+00	-2.748739e-01	-1.310724e+00	1.330765e+00	9.730213e-01	-1.292778e-03	1.361567e+00	1.879773e-01	1.001299e+00	9.136518e-01	2.327290e-01	1.426834e+00	-1.115679e-01	5.023320e-02	1.440474e-02	-1.068918e-01	1.155011e+00	-4.962976e-01	7.957480e-01	7.358713e-01	-8.930621e-02	1.658504e+00	-9.643487e-01	-2.617063e-01	6.072692e-01	1.487722e-01	1.120388e+00	1.116574e+00	1.653709e-01	-7.668237e-03	3.087912e-01	-1.215254e-01	2.794758e+00	-4.750311e-01	4.125122e-02	4.529606e-01	6.964641e-01
7.263791e-01	-2.984156e-01	-2.296140e-01	9.054866e-01	2.311765e-01	-6.521447e-01	3.432248e-01	1.010198e+00	1.044625e+00	5.391788e-01	-5.755084e-02	1.758197e+00	1.642365e+00	7.588803e-01	5.091198e-01	-6.648095e-01	7.867078e-01	-5.462822e-01	-1.472462e+00	1.185442e+00	-7.817081e-01	1.040236e+00	4.377144e-01	2.891371e-01	1.072068e+00	-7.774675e-01	-5.936407e-02	7.551572e-01	6.833465e-01	-1.332562e-01	1.546374e+00	2.781935e-01	7.648233e-01	4.541382e-01	-2.528757e-01	6.256065e-01	5.355345e-01	1.082958e+00	2.698326e-01	4.306403e-01
5.427543e-01	6.931058e-01	6.873125e-01	9.961309e-01	-5.979931e-02	2.070997e-01	8.966521e-01	3.680332e-01	-1.020665e-01	5.846061e-01	5.448792e-01	7.630528e-01	3.803749e-01	-1.118390e-01	-4.386483e-01	6.941213e-01	-2.884575e-01	8.253237e-01	-4.287435e-01	4.054370e-01	5.701548e-01	6.238896e-01	3.832369e-01	7.474439e-01	-3.828989e-01	9.393035e-01	-3.197521e-01	8.877370e-01	2.714742e-01	1.046204e+00	3.375910e-01	-2.676262e-01	-3.873705e-01	6.854881e-01	-2.201022e-01	4.792541e-01	-3.679121e-01	1.164216e+00	6.637701e-01	5.735496e-01
-2.083118e-01	-2.054539e-01	7.344297e-02	6.627059e-01	1.044750e+00	6.942177e-01	8.039162e-01	9.513594e-01	8.487852e-01	1.200024e+00	-1.872739e-01	1.276532e+00	2.087623e+00	9.500442e-01	2.264797e-02	1.177316e-01	9.250769e-01	3.018787e-01	4.410824e-02	1.765397e-01	-6.617099e-02	7.903788e-01	1.060396e+00	9.261702e-01	1.216089e-01	4.053609e-01	3.618515e-02	9.048529e-01	2.373047e-01	4.979760e-01	1.088860e+00	6.098646e-01	7.254151e-01	9.974821e-01	-1.508930e+00	-1.849745e-01	4.815077e-01	1.777984e+00	-3.789958e-01	-4.337098e-02
-1.178290e-01	3.869947e-01	5.715565e-01	5.136365e-01	4.947655e-01	5.825666e-01	9.330055e-01	7.811255e-01	1.163065e+00	6.252299e-01	-4.410819e-01	1.084692e+00	1.723301e+00	3.361405e-01	5.533173e-02	-3.686822e-01	-4.160584e-02	6.812742e-01	1.766260e-01	-1.803718e-01	2.316675e-01	4.317322e-01	-3.598680e-02	4.391078e-01	9.839468e-01	5.462502e-01	3.214502e-01	6.129253e-01	6.099479e-02	5.602010e-02	1.085423e+00	8.780974e-01	2.564726e-01	1.242520e+00	8.136822e-01	1.625826e+00	1.154806e+00	4.937185e-01	-1.907481e-01	5.596871e-01
5.502023e-01	5.737602e-01	9.257366e-01	-1.094309e-01	5.700862e-01	5.331641e-02	-1.826733e-01	8.631153e-02	-4.198420e-04	3.717688e-01	-3.676283e-01	6.024776e-01	1.072130e+00	-5.682648e-02	-5.283820e-02	-8.502753e-01	1.742981e-01	-2.612603e-01	-5.558937e-01	1.275047e+00	-1.280233e+00	1.276639e+00	4.785359e-01	-7.096495e-01	1.192255e+00	-6.304010e-01	1.352312e-01	2.796744e-01	1.080704e+00	1.930480e-01	1.398678e+00	3.009541e-01	-4.966810e-01	6.878373e-01	7.327319e-01	9.839118e-01	4.918167e-01	1.270658e-01	2.437085e-01	-3.006632e-01
6.441532e-01	2.927048e-01	-8.175513e-02	1.586373e+00	6.823818e-01	-6.322224e-02	-1.766373e-01	-1.564577e-01	8.036313e-01	-2.399854e-01	5.894497e-01	6.779761e-01	-1.314803e-01	1.840126e-01	-2.284522e-02	2.384242e+00	-1.568811e-01	7.623881e-01	-3.980426e-01	1.714397e+00	9.484909e-01	6.767034e-01	5.938712e-01	-4.788281e-02	1.310433e+00	1.051863e+00	7.545915e-01	-8.163638e-01	2.017317e+00	-1.466979e-01	2.588131e-01	-9.726116e-02	3.707236e-01	-2.912937e-01	2.855968e-01	5.208788e-01	3.892177e-01	5.276817e-01	9.970281e-01	4.144857e-01
-1.502720e-01	-8.482020e-01	7.646070e-01	5.291409e-01	8.567347e-01	-4.292381e-01	4.600461e-01	-6.311024e-02	1.581624e+00	9.492339e-01	1.300406e-01	1.190267e+00	1.549462e+00	6.219061e-01	-4.502468e-01	-2.760074e-01	3.774574e-01	6.508821e-01	-9.983526e-01	5.135525e-01	1.134277e+00	6.463307e-01	-1.674970e-01	8.100764e-01	1.825348e+00	5.931787e-01	2.826648e-01	4.011838e-01	1.042428e+00	3.303265e-01	1.205824e+00	-2.420290e-01	1.709292e+00	1.388254e-01	-3.872998e-01	1.704507e+00	5.489123e-01	2.185820e+00	3.079689e-01	1.169957e+00
4.151102e-01	8.652128e-01	-4.627945e-01	1.045540e+00	5.809647e-01	9.788676e-01	6.180533e-01	-1.200639e-01	9.554139e-01	1.970136e-01	-2.757670e-01	1.291515e-01	7.511143e-01	-2.913301e-01	-1.400622e-01	2.136418e-01	8.219245e-02	2.374802e-01	-1.000626e-01	9.808211e-01	7.719466e-01	4.652994e-01	1.343406e-01	1.506639e-01	4.328970e-01	1.672191e-01	8.903043e-01	1.956645e+00	9.205577e-01	-2.522954e-01	3.824392e-03	-4.301044e-01	1.413964e-01	2.056926e-01	-8.299908e-01	-1.155530e-02	3.957209e-01	1.100796e+00	1.295789e-01	6.844036e-01
1.315771e+00	-3.720707e-01	1.196833e+00	7.917995e-01	1.645039e-01	-1.058016e+00	1.135230e+00	1.021209e+00	1.033504e+00	8.110653e-01	2.681292e-01	1.182275e+00	8.966228e-01	7.381452e-01	-1.325264e-01	7.579315e-01	3.053135e-01	4.096163e-01	-4.953047e-01	8.923048e-01	-3.670997e-01	4.279205e-01	7.635932e-01	-5.388212e-02	2.093127e-01	2.897761e-01	5.504241e-01	7.487584e-01	9.655637e-01	9.339818e-01	1.567641e+00	-2.167797e-01	6.616804e-02	8.308347e-01	5.445744e-01	1.543012e+00	-8.141095e-02	9.442044e-01	1.978755e-01	1.067653e+00
5.125963e-01	-8.773526e-01	1.632751e+00	1.018689e+00	6.148836e-01	-5.849477e-01	1.642305e+00	5.487834e-01	4.208820e-01	9.344442e-02	1.919543e-01	5.926594e-01	4.747544e-01	-5.265531e-01	9.405411e-01	-3.157345e-01	-5.750853e-01	3.864883e-01	-7.068672e-02	1.069900e+00	-1.792454e-01	7.924848e-01	3.344157e-01	-3.247458e-01	1.260667e+00	3.893247e-01	2.852291e-01	6.114185e-01	9.945677e-01	1.824928e+00	9.523925e-01	-3.376157e-01	-5.057716e-01	2.294902e-01	2.943445e-01	2.950632e+00	-5.304603e-01	2.341550e-01	-2.432286e-01	7.122706e-01
1.873367e+00	2.467066e-01	-1.413649e-01	1.067694e+00	3.649270e-01	-7.091977e-01	4.727716e-01	6.404699e-01	1.576367e+00	-1.948650e-01	-4.907813e-01	9.812247e-01	1.226207e+00	4.431574e-01	6.928224e-01	1.362712e-01	6.357908e-01	-4.112350e-01	-9.818549e-01	1.453592e+00	-5.867220e-01	4.131519e-01	4.828705e-01	2.382946e-01	5.524352e-01	-6.681356e-01	6.071159e-01	5.789127e-01	8.976420e-01	2.325384e-01	1.934262e+00	-7.432323e-02	6.635403e-01	9.346260e-01	9.435388e-01	7.653504e-01	7.180815e-01	3.119312e-01	6.946675e-01	7.782179e-01
3.324583e-01	2.350952e-01	8.871142e-01	4.465851e-01	5.567392e-01	1.099818e+00	9.655889e-01	2.759053e-01	4.923162e-01	1.328291e+00	-3.813996e-01	1.064121e+00	1.088247e+00	2.195388e-01	8.860677e-02	-5.987079e-01	-4.379699e-01	9.330509e-01	7.184628e-01	-8.531158e-01	5.174505e-02	-6.270115e-02	-5.790000e-01	5.273175e-01	2.592569e-01	1.479127e-02	-6.919969e-01	-1.527425e-01	-8.863389e-02	5.756365e-01	1.178896e+00	1.060429e+00	6.773970e-02	1.515932e+00	8.838825e-01	7.733803e-01	4.043989e-01	8.318119e-01	1.092198e+00	7.622785e-01
7.673198e-01	3.986330e-01	8.541531e-01	9.879427e-01	-3.503045e-01	4.977680e-01	7.277662e-01	6.564830e-01	-2.540531e-01	8.219677e-01	-2.054520e-01	1.234220e+00	3.309507e-01	1.812118e-01	-3.754456e-01	3.924860e-01	-3.108780e-01	6.802281e-01	4.771357e-01	2.509871e-01	4.209227e-01	2.572419e-01	-3.640633e-01	2.669150e-01	3.455913e-01	-3.697074e-01	-4.169775e-01	-2.907722e-01	-6.333586e-02	5.245129e-01	1.072865e+00	5.416000e-01	-4.117905e-01	1.850499e+00	4.173857e-01	1.239304e+00	7.043899e-01	6.843947e-01	1.569674e+00	3.527133e-01
9.095390e-01	-3.840045e-01	7.728512e-01	1.645021e+00	9.543146e-01	-1.060943e-01	1.843679e+00	1.126789e+00	1.633069e+00	1.262330e-01	4.237449e-01	1.394800e+00	7.753219e-01	-2.257530e-02	1.541522e+00	-1.687848e-01	-7.134829e-01	2.188577e-01	8.308248e-01	-1.078670e-01	6.453112e-01	1.075388e-01	4.058132e-01	1.005416e+00	1.061416e+00	-3.169231e-02	2.072248e-01	1.021438e+00	-5.580345e-02	-3.858293e-02	9.835955e-01	1.567669e-02	1.987532e-01	-2.839996e-01	1.918925e-01	2.335356e+00	3.191268e-01	1.625589e-01	9.706080e-01	1.863215e+00
5.305399e-01	7.536223e-01	5.412039e-01	9.492157e-01	5.572604e-01	1.041654e+00	8.868717e-01	5.379696e-01	5.717305e-01	2.954748e-01	-1.041875e-01	7.159489e-01	7.447112e-01	3.169959e-01	-6.059425e-02	-4.845113e-01	-6.874938e-02	1.048707e+00	1.164764e+00	-6.674067e-01	7.332332e-01	3.359075e-01	-4.396277e-01	1.231701e+00	-1.381096e-02	1.174805e+00	-3.386274e-01	4.914475e-02	1.738703e-01	7.761373e-01	1.017357e+00	1.093802e+00	2.301183e-01	1.534473e+00	5.722355e-01	9.848588e-01	1.160910e+00	8.470131e-01	1.999511e-01	3.986117e-01
3.637398e-01	9.895924e-01	1.246209e+00	9.497988e-01	-2.831735e-01	-1.235424e+00	2.490282e-01	1.125245e+00	-4.460990e-01	5.463754e-01	4.056021e-01	1.183447e+00	-5.950452e-01	2.784796e-01	-4.369899e-01	1.428636e+00	4.378649e-02	-4.481394e-02	-1.042077e+00	1.396755e+00	4.658816e-01	8.102818e-01	-1.630604e-01	1.118566e-01	5.148203e-01	-5.448248e-01	6.100644e-01	1.114308e+00	6.205620e-01	6.453192e-02	1.396100e-01	-1.012150e-01	-4.475427e-01	-4.743883e-02	-4.588752e-01	9.025921e-01	-3.750748e-01	4.904284e-01	2.933254e-02	9.236786e-01
7.379439e-01	8.631509e-01	7.495898e-01	1.400926e+00	1.317117e-02	-6.907504e-01	1.373018e-01	1.792962e+00	-6.169911e-01	2.155854e-01	-3.774387e-01	3.592065e-01	4.723624e-02	-6.655793e-01	6.143722e-01	-3.753432e-01	-1.784458e-01	-4.362276e-01	-1.033154e+00	7.719583e-01	1.139714e-01	1.854956e+00	-7.220031e-02	1.130344e+00	1.541072e+00	-1.183512e+00	-4.018892e-02	2.902249e-01	8.702838e-01	2.425731e-01	1.328331e+00	4.919192e-01	-1.168787e+00	1.673967e-02	-2.769287e-02	1.459919e+00	9.965627e-01	-9.495149e-04	9.003523e-01	8.181591e-01
1.026310e+00	-6.895066e-01	7.814132e-01	2.069063e+00	6.809375e-01	-9.052600e-01	1.442228e+00	9.058986e-01	-4.312131e-01	1.840077e+00	-3.030619e-01	1.701869e+00	3.102197e-01	1.186279e-01	8.687356e-01	9.065700e-01	-5.993827e-02	8.081331e-01	-6.584989e-01	9.171193e-01	1.149567e+00	9.332913e-01	-4.563746e-01	6.000321e-01	2.033938e+00	-5.455334e-01	-1.781968e-01	-5.835582e-01	6.876470e-01	-1.249665e+00	1.324762e-01	-6.736599e-02	9.666432e-01	-1.094385e+00	4.743480e-02	1.882486e+00	2.654137e-01	-8.696952e-02	1.705884e+00	5.394241e-01
2.203395e+00	7.964311e-01	1.269316e+00	5.950655e-01	1.406732e+00	-8.022216e-01	2.396881e-02	4.604185e-01	-1.077387e-01	8.054391e-01	-1.274925e-01	9.592359e-01	-4.524058e-01	8.214137e-01	-1.351129e+00	6.390602e-01	2.728755e-01	9.297935e-01	-3.038889e-01	1.102033e-01	1.085318e+00	3.473063e-01	-7.864145e-01	2.180681e-01	7.065786e-01	1.433162e-01	5.785296e-03	-2.119528e-01	9.194765e-01	4.706164e-01	4.440902e-03	-2.255384e-01	9.294413e-02	-1.076990e+00	1.265975e-01	7.289272e-01	-3.338243e-01	3.137772e-01	6.986115e-01	3.233677e-02
5.939373e-01	7.200198e-01	8.705025e-01	8.881297e-01	3.154087e-01	-1.678537e-01	1.629008e-01	8.239992e-01	3.266693e-01	7.696482e-01	1.649173e-01	6.569073e-01	6.539554e-01	1.946963e-01	1.760687e-01	1.330080e+00	1.099851e-01	1.119382e+00	-1.284367e-02	1.119467e+00	7.569861e-01	9.294196e-01	1.891442e-01	4.140362e-01	7.871081e-01	1.961915e-01	4.678883e-01	7.311223e-01	1.088470e+00	-5.910894e-01	6.051037e-01	-5.550903e-02	1.954523e-01	2.946187e-01	-1.879900e-01	4.881857e-01	7.948531e-01	3.847779e-01	-1.437493e-01	-5.858288e-02
-8.574817e-01	-5.793372e-02	5.349709e-01	3.724982e-01	4.843765e-01	-1.344159e+00	1.003783e+00	7.809154e-01	-6.127525e-01	7.595990e-01	-4.573407e-01	6.062865e-01	7.271676e-01	4.570532e-01	7.863251e-02	7.944752e-01	5.210976e-01	-1.205733e+00	-9.909760e-01	8.191946e-02	6.890228e-02	7.724467e-01	-2.009907e-01	1.616698e+00	1.716943e+00	2.343365e-01	9.681606e-03	1.508840e+00	-1.027560e-01	6.775776e-01	-6.186518e-01	-2.421810e-01	-2.540372e-01	-8.130923e-01	-4.242021e-01	1.910866e+00	3.266686e-01	9.659348e-01	-1.838273e-01	1.524611e-01
1.021343e+00	-1.758379e-01	-3.103003e-01	6.293659e-01	9.011860e-02	-3.271599e-01	3.327737e-01	-6.373891e-01	3.034096e-01	4.314076e-01	4.124176e-01	2.656617e-01	8.264989e-01	7.785735e-01	1.604600e-01	1.545465e+00	8.889538e-01	7.885946e-01	1.347607e+00	1.713698e+00	-1.674071e-01	1.249998e-01	-4.587117e-01	3.902656e-01	8.200845e-01	7.607590e-03	4.173973e-01	7.887645e-01	8.166514e-01	2.579162e-01	7.731174e-02	7.236266e-01	1.596077e+00	8.816432e-01	-2.654446e-01	5.111015e-01	1.888185e-01	6.604805e-01	1.020439e+00	3.189886e-02
1.547485e+00	1.055626e+00	1.377712e+00	4.671023e-01	9.921662e-01	-1.434540e-01	2.911522e-01	7.471660e-01	8.118741e-01	4.217132e-01	6.725076e-01	9.747294e-01	5.596393e-01	1.783234e-01	-6.726569e-01	1.191244e+00	3.551475e-01	1.304323e+00	9.840954e-01	-9.922636e-02	5.471316e-01	1.067274e-01	4.820105e-01	7.342734e-01	3.398208e-01	4.763083e-01	7.210879e-02	9.501708e-02	7.052564e-01	-1.546914e-01	2.930753e-02	-1.166004e-01	-5.916293e-01	-2.744013e-02	2.558130e-01	1.016419e+00	9.786933e-03	1.180310e+00	7.900262e-01	6.578651e-01
1.581401e+00	1.303623e+00	1.165646e+00	8.907572e-01	-2.279794e-01	-3.094078e-01	6.663196e-01	7.889312e-01	1.260146e-01	6.969377e-01	9.344044e-01	8.000766e-01	5.745609e-01	2.650852e-01	-5.626993e-01	1.077371e+00	6.527574e-01	1.049406e+00	1.374857e-01	2.688915e-01	1.410744e+00	6.568026e-01	9.815834e-01	-2.895964e-01	7.886444e-01	1.580499e-01	4.879434e-01	4.689525e-01	1.016531e+00	1.042040e+00	-3.737196e-01	-8.635608e-02	-1.057683e+00	-1.289357e+00	4.126373e-01	1.047239e+00	-7.584361e-01	7.604789e-01	-6.630502e-02	3.846583e-01
3.235673e-01	8.787611e-01	1.014194e+00	8.859366e-01	2.002170e-01	-1.607979e-01	-7.770560e-02	1.414911e+00	-7.100657e-01	1.333074e+00	-4.377498e-01	3.484086e-01	4.711924e-01	-6.303441e-01	1.316029e-01	-3.346975e-01	-4.230841e-02	2.604779e-01	-3.466794e-01	4.829093e-01	-7.726194e-01	1.110477e+00	4.612409e-01	3.487086e-01	1.435149e+00	-3.750762e-01	-2.076709e-01	5.816589e-01	2.373801e-01	1.771324e-01	9.422563e-01	6.552325e-01	-7.581454e-01	8.838047e-01	-5.089598e-02	7.554758e-01	1.055883e+00	6.926931e-01	-1.902430e-01	2.267967e-02
1.321632e-03	4.981434e-02	1.462438e+00	2.411020e-01	9.362480e-01	-6.262061e-01	1.263046e+00	-4.196214e-02	-1.722314e-01	2.827814e-01	-6.857297e-01	1.324363e+00	1.138372e+00	-3.002500e-01	8.447375e-01	-2.937220e-01	-1.517296e-01	-8.214430e-01	-8.248889e-01	1.084786e+00	-1.155498e+00	1.069275e+00	1.337154e-01	-3.640864e-01	8.609055e-01	5.724082e-02	3.883442e-01	1.524633e+00	2.991071e-01	5.036237e-02	4.892704e-01	5.891124e-01	8.737353e-01	2.563733e-01	7.235899e-02	1.579380e+00	-2.086432e-01	6.887985e-01	-9.758550e-01	4.973482e-01
6.560442e-01	9.876569e-01	1.683582e+00	1.342711e+00	8.927626e-02	-3.859622e-01	-2.601539e-01	1.845790e-01	-1.323335e-01	-7.968042e-01	4.325601e-01	2.013548e+00	3.069847e-01	3.547193e-01	-2.599641e-02	2.155480e+00	-5.648704e-01	1.328294e+00	5.223734e-01	5.071053e-01	8.567649e-01	9.604086e-01	-1.736473e-01	1.163346e+00	7.420814e-01	7.447068e-01	-5.603801e-01	-9.604312e-01	1.420859e+00	-6.490310e-01	8.483726e-01	8.213287e-01	5.997054e-01	6.792760e-04	1.295727e+00	1.277837e+00	1.393592e+00	5.413113e-01	1.343315e+00	1.323129e+00
1.650673e+00	4.102451e-01	1.387892e+00	1.141988e+00	5.671716e-01	-1.105258e+00	1.422203e+00	1.338396e+00	7.625478e-01	1.184970e+00	1.889435e-01	1.352330e+00	8.440617e-01	2.505994e-01	3.281568e-02	7.755278e-01	6.738249e-02	7.371211e-01	-5.110764e-01	1.515357e-01	3.150712e-01	7.234322e-01	3.692665e-01	2.438011e-01	8.633116e-01	-7.554656e-01	7.336157e-01	9.062415e-01	8.955655e-01	2.915852e-01	5.564475e-01	-4.749972e-01	-5.912221e-01	-9.758032e-01	-3.293804e-01	1.261697e+00	-7.471780e-01	7.191862e-02	6.459843e-01	1.508906e+00
7.743612e-01	-1.953731e-03	-1.287340e-01	3.526594e-01	1.125911e-01	2.130914e-01	3.562002e-01	5.835766e-02	2.702921e-01	1.056585e+00	2.962334e-01	5.798925e-01	-2.409576e-01	7.452560e-01	-5.319256e-01	4.340986e-02	6.110725e-02	7.180609e-01	6.079869e-01	5.219248e-01	7.903791e-02	-2.343409e-01	-2.841121e-01	-1.165442e-02	2.965354e-01	5.121630e-02	-1.235301e-01	4.293600e-01	8.197783e-02	1.187368e+00	6.049993e-01	2.638566e-01	-2.212408e-02	1.358651e+00	-3.128716e-02	5.720905e-01	1.705976e-01	8.960375e-01	1.085219e+00	1.308687e-01
5.465257e-01	-3.396283e-01	3.764778e-01	5.638003e-02	8.530287e-01	2.724269e-01	1.349456e+00	5.956758e-03	1.182495e+00	1.951682e+00	3.666211e-02	5.177320e-01	3.870217e-01	3.492493e-01	-1.662763e-01	-7.333797e-01	1.998234e-01	6.369552e-01	-3.443629e-01	-3.118001e-01	6.035405e-01	-2.140118e-01	-3.848975e-01	1.621652e-01	7.067866e-01	2.716177e-02	4.823715e-01	-5.772013e-02	-2.621107e-01	2.146507e+00	1.674152e+00	5.114805e-02	7.935957e-01	1.208237e+00	1.537213e-01	8.009513e-01	1.960688e-01	8.794756e-01	6.515436e-01	4.356398e-01
2.808937e-01	1.075048e+00	8.364095e-01	2.288297e-01	-1.624102e-01	1.093806e-02	9.117331e-01	1.559519e-01	-2.577451e-01	7.669206e-01	4.188422e-01	1.194793e+00	3.360248e-01	3.586257e-01	-7.934683e-01	1.838326e-01	-2.290363e-02	-2.767535e-02	-6.525714e-01	7.536269e-01	-2.609679e-01	7.546198e-01	2.956921e-01	-3.643441e-01	-2.070172e-01	7.150252e-01	4.303509e-01	1.477899e+00	-1.896320e-01	1.178843e+00	5.564908e-01	1.273507e-01	-3.547550e-02	9.990264e-01	-2.772052e-02	6.998424e-01	3.741192e-03	1.290659e+00	-3.029210e-01	-1.055096e-01
-5.984243e-02	-6.023590e-01	3.554891e-01	2.440958e-01	1.646377e-01	5.051382e-01	1.226264e+00	7.120698e-02	1.065271e+00	1.792619e+00	3.900997e-01	4.307557e-01	6.948611e-01	4.995866e-01	-8.805727e-02	-7.695772e-01	-2.719865e-02	1.280990e+00	-3.243875e-03	1.103410e-01	7.275768e-01	1.435177e-01	-1.341279e-01	2.282946e-01	2.807951e-01	6.802665e-01	4.176198e-01	5.817116e-01	1.591449e-01	1.894457e+00	1.590886e+00	2.871923e-02	8.424008e-01	1.530204e+00	-1.973112e-01	8.124474e-01	4.194734e-01	8.695512e-01	-2.368113e-01	4.583281e-02
1.510896e+00	1.232146e+00	1.215700e+00	6.190377e-01	8.601372e-01	1.311467e-01	4.095370e-01	1.185606e+00	5.743330e-01	-6.559338e-02	1.896310e-01	1.154161e+00	8.765814e-01	-1.149796e-01	1.647230e-01	-1.343734e-01	2.400516e-03	1.081257e+00	9.809613e-01	-9.636377e-01	-4.078652e-02	2.125589e-01	4.990690e-01	9.463589e-01	5.427699e-01	5.846708e-01	-4.236406e-02	1.923243e-01	2.829944e-01	-9.680353e-01	4.486574e-01	5.371890e-01	-5.433910e-01	3.331051e-01	7.403234e-01	9.925136e-01	8.645970e-01	7.418041e-01	9.706185e-01	1.352426e+00
7.217518e-01	-1.850814e+00	4.555181e-01	1.436708e+00	5.555194e-02	-7.517817e-01	1.770002e+00	5.738374e-01	4.206453e-01	1.298386e+00	6.081511e-01	5.355163e-01	5.154547e-01	-1.720339e-01	1.295310e+00	3.645094e-01	-5.819332e-03	9.329992e-02	-1.101889e+00	4.995378e-01	-1.613662e-01	6.281565e-01	2.948445e-01	7.025041e-01	1.888661e+00	-4.625906e-02	-1.413408e-01	1.045406e+00	1.082635e-02	1.391169e+00	1.345775e+00	-5.271152e-01	3.488539e-02	1.296934e-01	-5.033305e-01	1.454536e+00	-5.438699e-01	9.541040e-01	5.955119e-02	9.820946e-01
-5.341361e-02	1.373340e-01	6.962795e-01	1.414147e-01	6.219393e-01	-5.091538e-01	1.896598e-01	6.955984e-01	7.501701e-01	-5.452972e-01	-1.797085e-01	1.744948e+00	1.832358e+00	3.033771e-01	-1.612509e-01	6.887292e-01	3.748313e-01	4.113371e-02	-5.083272e-01	4.928820e-01	-4.389106e-01	8.893521e-01	1.563247e-01	7.967616e-01	1.261696e+00	-1.780994e-01	2.185663e-01	7.386915e-01	3.578729e-01	4.352175e-01	8.001418e-01	7.250903e-01	1.096129e+00	-5.164072e-02	3.048113e-01	1.660855e+00	-8.490070e-02	1.226028e+00	3.392181e-02	1.349439e+00
1.093405e-01	1.578074e-01	5.665255e-01	7.048327e-01	5.568272e-01	4.711141e-01	1.087291e+00	5.222816e-01	3.288323e-02	1.677644e+00	-3.478571e-01	7.157443e-01	4.471305e-01	1.853807e-01	-4.427599e-01	-4.488744e-01	-5.531338e-01	5.333510e-01	-8.427905e-02	-3.175625e-01	3.860960e-01	5.081686e-01	-9.896588e-01	7.986301e-01	2.096469e-01	5.970293e-01	-5.878655e-01	7.110921e-01	-1.105522e+00	1.072436e+00	9.631923e-01	5.181339e-01	2.683845e-01	1.641178e+00	-1.628427e-01	1.352028e+00	7.654662e-01	7.080518e-01	1.151185e-01	5.746964e-02
-2.904928e-01	-1.500138e+00	1.092911e+00	1.550929e-01	4.308448e-01	-8.307046e-01	6.109758e-01	9.758589e-01	8.041510e-01	3.927603e-01	-7.266279e-01	2.040296e+00	1.905513e+00	8.014473e-01	8.511148e-01	-1.060556e-01	-9.476339e-02	-4.463433e-01	5.780188e-01	-6.638197e-01	-3.743535e-01	8.728036e-03	-2.452971e-01	1.487740e+00	1.115862e+00	-1.808987e-02	1.747743e-01	3.204095e-01	-1.797668e-01	1.145614e-02	1.535521e+00	1.170902e+00	1.227026e+00	5.428859e-01	8.907146e-02	1.934159e+00	1.838998e+00	1.123202e+00	4.767590e-01	1.395144e+00
1.022007e+00	5.030239e-01	-1.317000e-02	7.572925e-01	1.580861e-01	2.563256e-02	5.285126e-01	1.438406e-01	5.377187e-01	6.738450e-01	1.885313e-01	4.162938e-01	1.281109e+00	5.163515e-01	3.557310e-01	9.987529e-01	6.259991e-01	-6.808286e-02	8.673855e-01	1.841446e+00	-2.456935e-01	5.509814e-03	-7.188245e-02	-1.525922e-01	4.083022e-01	-2.196282e-01	1.892287e-01	1.394351e+00	1.990401e-01	4.299287e-02	4.141928e-02	6.055622e-01	1.001029e+00	7.368398e-01	-2.080719e-01	7.775890e-01	-1.964791e-01	1.292374e+00	1.211135e+00	3.217051e-02
3.162996e-01	6.004539e-01	1.720313e+00	1.103264e+00	7.781282e-01	2.973563e-01	-2.666957e-02	1.743576e-01	-4.153357e-01	-1.394950e-01	9.965359e-02	4.723741e-01	5.208068e-01	-4.402837e-01	2.711752e-01	5.084844e-01	-2.938193e-01	1.351797e+00	6.847196e-01	5.346816e-01	1.231500e+00	1.612555e+00	5.741046e-01	7.480673e-01	1.560260e+00	6.649895e-01	-3.915724e-01	-9.671919e-01	1.432974e+00	-5.109870e-01	5.065539e-02	5.030976e-01	-4.775214e-01	-2.193625e-01	4.358892e-01	1.537318e+00	5.551559e-01	1.562372e-01	8.532088e-01	4.268690e-01
7.268062e-01	3.699808e-01	9.040131e-01	3.058289e-01	1.354424e+00	7.477279e-01	8.937649e-01	9.425460e-01	1.111940e+00	7.234600e-01	5.070440e-01	1.812278e-01	1.072108e+00	-4.980261e-02	1.082696e-01	3.476911e-01	1.381735e-01	4.949256e-01	4.949223e-01	4.411467e-01	-1.275407e-01	8.032885e-02	5.769652e-01	3.339909e-01	2.997359e-01	1.026990e+00	3.367225e-01	1.651646e+00	7.611750e-01	3.187583e-01	8.966901e-01	1.684257e-01	-3.055689e-01	7.058378e-01	-3.639308e-01	1.423520e-01	9.963599e-01	1.272165e+00	-1.242278e+00	-1.659183e-01
7.004484e-01	-6.742854e-01	7.047394e-01	7.009874e-01	6.419839e-01	-1.055667e-01	7.728408e-01	1.028945e+00	2.636906e-01	8.030276e-01	-4.329674e-01	1.455388e-01	4.220983e-01	1.503924e-01	-3.085802e-01	4.937285e-01	1.654128e-01	4.531544e-01	4.512686e-02	1.355417e+00	8.483901e-01	6.397713e-01	6.506975e-01	-4.075682e-01	1.572249e+00	-1.024139e-02	7.142851e-01	-2.733045e-01	1.553727e+00	9.153959e-01	5.946749e-01	-3.023773e-01	-7.224955e-01	-1.390009e-01	-9.350062e-02	2.121098e+00	2.445086e-02	9.005602e-01	8.901705e-01	-2.788882e-01
9.087728e-01	5.499066e-01	1.126315e+00	1.093238e+00	1.061629e+00	-6.647304e-01	5.679209e-01	7.889443e-01	1.124221e+00	-4.476133e-01	5.106012e-02	1.298703e+00	7.267336e-01	2.047921e-01	2.090065e-02	2.367944e+00	2.457269e-01	1.132450e+00	9.605535e-02	1.454704e-01	3.713286e-01	3.087272e-01	7.565189e-01	1.261531e+00	9.557601e-01	1.031999e-01	4.322477e-01	7.422173e-02	1.474096e+00	-3.688859e-01	2.662775e-02	-1.334923e-01	5.954351e-02	-9.845544e-02	5.576524e-01	1.285448e+00	8.481449e-02	5.788062e-01	7.844089e-01	1.438845e+00
-1.263494e-01	5.878845e-01	-6.011741e-01	-6.663427e-02	7.340775e-02	-2.528477e-01	-1.139712e-01	3.532221e-01	3.208482e-01	2.703844e-01	9.087443e-01	1.384755e-01	4.200578e-01	8.562825e-01	2.424764e-01	1.744105e+00	4.992784e-01	-8.795774e-01	2.985441e-01	2.174747e+00	3.179307e-01	6.939785e-01	-6.071783e-01	5.004561e-01	5.112764e-01	4.526480e-04	3.102520e-01	2.246130e+00	9.868939e-03	-6.295581e-02	-1.801104e-01	4.072507e-01	2.911866e-01	8.546727e-01	-1.473050e+00	7.379197e-01	4.663083e-01	1.152751e+00	2.920623e-01	-1.326642e-01
1.376969e+00	4.649482e-01	1.873359e+00	5.792976e-01	2.809697e-02	-1.328067e+00	7.579287e-01	1.467482e+00	6.404189e-01	1.232002e+00	2.469198e-01	1.810554e+00	7.616932e-01	5.371433e-01	-2.942577e-01	5.206878e-01	-2.539050e-02	1.094878e+00	-4.664315e-01	1.379894e-01	-3.605741e-01	4.164595e-01	4.696771e-01	-1.432948e-01	3.688597e-01	-4.393459e-01	2.151649e-01	3.433259e-01	9.579510e-01	5.701951e-01	1.185311e+00	-6.427258e-02	-9.980925e-01	2.382567e-01	7.174608e-01	1.338535e+00	-1.464947e-01	9.423254e-02	4.135565e-01	1.153779e+00
1.965829e-01	-3.309392e-01	1.494498e+00	1.620577e+00	-3.006518e-01	-3.383364e-01	1.541120e+00	1.216673e-01	-2.612261e-01	6.611066e-01	8.723486e-02	1.431252e+00	4.333764e-01	-2.628390e-01	1.870091e+00	7.620872e-01	-9.269603e-02	1.573086e+00	1.845364e+00	-2.609069e-01	2.459602e-01	-3.249727e-01	-2.072804e-01	9.019936e-01	1.341677e+00	-3.432170e-01	1.820706e-01	8.211729e-01	6.670883e-01	-1.435485e+00	-5.694824e-01	1.243191e+00	6.908408e-01	7.732314e-01	1.817802e-01	1.554422e+00	2.566727e-01	-1.052987e-02	-8.414178e-02	1.587863e+00
7.695648e-01	1.219477e+00	4.733048e-01	-8.063852e-02	7.710623e-01	-5.719723e-01	-3.080854e-01	8.848288e-01	6.371916e-01	1.014542e-01	4.368222e-01	7.678344e-01	3.187812e-01	3.354728e-01	9.276137e-01	-8.900332e-01	3.241058e-01	-2.405298e-01	7.666875e-01	-4.519364e-01	-3.973381e-01	-2.142973e-01	-5.409041e-01	1.154110e+00	7.106722e-01	2.750671e-01	3.909949e-01	7.949122e-01	-5.211979e-01	-8.532126e-01	4.150561e-01	9.500253e-01	4.738265e-01	-6.329562e-02	8.715507e-01	9.702845e-01	1.150866e+00	1.148424e+00	1.180022e+00	1.485341e+00
4.602867e-02	1.308345e-02	1.053275e+00	6.143980e-01	1.511854e-01	-3.410424e-01	5.966192e-01	5.332849e-01	-1.992848e-01	1.068899e+00	-9.652208e-01	1.690839e+00	1.710817e+00	-2.504261e-02	-4.179692e-01	3.939512e-01	-1.718128e-01	-9.358076e-02	-1.385196e-01	5.901334e-01	-3.215380e-01	6.680638e-01	4.305733e-01	4.479245e-01	1.216888e+00	-5.037627e-01	3.432912e-01	1.534021e+00	-2.909634e-01	2.186866e-01	4.123331e-01	4.097952e-01	4.945978e-01	-3.472272e-01	-7.964492e-01	1.095285e+00	1.224244e-01	8.000986e-01	-1.466498e-01	6.310059e-01
1.702959e-01	6.554336e-01	-2.439696e-01	-5.919312e-01	-2.365905e-01	-5.988623e-01	-4.606102e-01	-3.286786e-01	1.302253e-01	-5.179085e-01	7.163935e-01	6.271750e-01	8.373775e-01	9.557051e-01	-4.240896e-01	2.264692e+00	6.131709e-01	-3.440573e-01	2.109527e+00	2.111857e+00	-4.674686e-01	-4.789307e-01	-4.124792e-01	6.496872e-01	-9.173664e-03	-4.786642e-01	5.955790e-01	1.969334e+00	-2.729361e-02	-8.437975e-02	-9.204056e-01	7.533060e-01	1.069992e+00	3.137676e-01	-3.631423e-01	1.033560e+00	-3.794515e-01	1.163325e+00	2.292862e+00	8.527566e-01
8.175362e-01	7.602858e-01	-1.395737e-01	2.276646e-02	4.411130e-01	4.240947e-01	3.432612e-01	1.343168e-01	5.666766e-01	5.642725e-01	5.984313e-01	5.120075e-02	1.122078e+00	8.173909e-01	4.072640e-01	9.907944e-01	1.030468e+00	-2.621753e-01	8.289777e-01	1.670087e+00	2.377699e-01	2.888530e-01	1.019709e-01	-6.279506e-02	1.776615e-02	-1.258144e-01	4.482023e-01	1.828934e+00	5.718960e-02	-1.718680e-02	-2.121710e-02	6.891856e-01	1.138497e+00	3.939484e-01	-8.325770e-01	1.553278e-01	-1.798547e-01	1.810246e+00	7.427518e-01	6.557844e-02
1.050569e+00	7.082320e-01	5.354752e-01	9.788932e-01	3.946162e-01	-6.565448e-01	8.499689e-01	4.240715e-01	2.079269e-01	2.175603e-01	-3.571769e-01	1.098105e+00	1.281425e+00	8.529082e-01	2.282677e-01	1.610982e+00	5.035737e-01	-2.885056e-01	-2.494970e-01	1.511248e+00	-6.844739e-01	3.920819e-01	8.942108e-01	-1.082988e-01	-6.048740e-02	2.845126e-01	4.007530e-01	1.746676e+00	1.693312e-01	5.905062e-01	4.306269e-01	2.668139e-01	4.504612e-01	1.140895e+00	-2.719335e-01	9.224196e-01	2.532627e-01	7.483570e-01	-4.612668e-01	-3.862512e-02
-2.269279e-01	-7.522773e-01	1.170000e-01	1.510426e-01	5.081794e-01	7.075219e-01	1.100354e+00	4.786524e-01	1.733779e+00	2.021437e+00	2.886142e-01	2.965511e-01	7.932063e-01	1.049744e+00	-1.725476e-01	-5.243560e-01	3.522896e-01	3.130585e-01	6.678669e-01	-4.725391e-02	1.877656e-01	7.124837e-03	-5.121030e-01	6.968176e-01	2.807247e-01	3.942688e-01	4.806037e-01	5.348976e-01	-2.675182e-01	2.339847e+00	1.674165e+00	5.885172e-01	2.146209e-01	1.928961e+00	-2.182896e-01	1.055892e+00	8.774477e-01	1.305187e+00	-2.963711e-01	3.877456e-01
1.132474e+00	3.000782e-01	1.308316e+00	6.441500e-01	2.391703e-01	-1.333443e-02	1.746328e-01	1.022808e+00	-8.914716e-02	1.193521e+00	-2.651370e-01	1.437081e+00	1.070178e+00	1.030395e-01	-9.673100e-01	8.778667e-02	2.889252e-01	5.531433e-01	5.691139e-01	-3.236444e-02	4.193264e-01	7.132389e-01	6.902388e-01	-9.236934e-02	1.577329e+00	-8.809870e-02	4.501649e-02	2.942296e-01	-4.900692e-01	3.223739e-01	5.279217e-02	1.215224e+00	-6.348053e-01	-2.721085e-01	-7.065409e-02	1.594997e+00	-2.723304e-01	1.076885e+00	-7.883311e-02	4.457629e-01
9.267156e-01	9.513474e-01	-4.355491e-01	-4.409526e-01	6.574964e-01	-4.610870e-02	1.144559e-01	-1.346309e-01	5.030543e-01	3.919318e-02	7.943321e-01	3.753728e-01	8.707231e-01	5.902972e-01	-1.696453e-01	1.252728e+00	1.169794e+00	1.033786e+00	1.601330e+00	1.446522e+00	-3.513102e-01	-2.618903e-01	-2.717045e-01	3.684103e-01	4.714339e-01	2.017645e-02	4.616729e-01	1.565800e+00	7.289406e-01	-8.833747e-02	-5.445800e-01	7.308908e-01	1.490728e+00	6.807474e-01	-1.653597e-01	1.511539e-01	-4.550173e-01	1.189390e+00	1.478641e+00	-4.092293e-03
