-1.915657e-02	-7.354383e-01	-5.171211e-01	-1.267015e+00	2.151846e+00	5.718438e-02	2.339069e-01	1.489691e+00	2.390804e+00	1.011630e+00	-1.050654e-01	1.259764e+00	-6.319079e-02	6.120486e-01	1.522483e+00	1.119236e+00	-1.340219e+00	1.917189e+00	-1.768683e-02	1.411712e-01	3.671172e-01	2.867783e+00	6.075736e-01	-3.453041e-01	-2.531022e-01	5.583162e-01	1.168653e+00	-8.520142e-02	4.156919e-01	7.944825e-01	-7.162286e-01	-5.475837e-01	1.085681e+00	3.902746e-01	8.542586e-01	1.039281e+00	-7.930404e-02	4.928371e-01	-2.781609e-01	-6.503872e-01
2.687605e-01	1.554175e-01	-2.056275e+00	-1.165511e+00	-9.433632e-01	-5.094791e-01	-1.821959e+00	3.426500e-01	2.047135e+00	-7.777414e-01	-5.891540e-01	9.724111e-01	-1.562298e+00	-7.495597e-01	1.824530e+00	-1.263037e+00	-1.606558e+00	-7.172953e-01	-8.841925e-01	5.103709e-01	-8.449800e-01	-2.724413e-01	-1.627494e+00	-8.864652e-01	-1.034598e+00	-2.087412e+00	-2.005732e-01	8.863795e-01	1.152293e+00	-6.363561e-01	-1.206864e+00	-9.764594e-01	2.522616e-02	7.718633e-01	2.998997e-01	7.185095e-01	3.795683e-01	1.214239e+00	-2.561334e-01	-4.035864e-03
8.219351e-01	3.072820e-01	2.282458e+00	8.248752e-01	6.899482e-01	-3.603906e-01	1.166740e+00	6.544603e-01	4.785581e-01	-1.459350e+00	7.547581e-01	-8.072260e-01	-1.118987e-01	1.428240e+00	-1.476353e+00	1.031667e+00	1.282413e-01	2.547810e-01	9.298136e-01	-2.709999e-01	1.148660e+00	-5.026122e-01	1.547719e+00	7.187773e-01	8.008498e-01	8.113513e-01	-6.354680e-01	-6.503458e-01	-2.417311e+00	1.987978e-03	1.853700e+00	1.022154e+00	2.909766e-01	-1.219479e+00	4.583942e-01	1.415706e-01	1.258892e+00	-6.734423e-01	8.336909e-01	1.887271e+00
2.295868e-01	2.084714e+00	-6.396280e-01	-1.683454e+00	1.357077e+00	-1.707402e+00	1.887499e+00	-5.717195e-01	2.007150e+00	-1.941393e+00	-9.070410e-01	-1.233344e+00	1.734858e+00	4.608952e-01	-4.693173e-01	7.762848e-01	-9.423203e-01	1.632311e+00	8.071084e-01	4.741623e-01	-1.840199e-01	-4.684546e-01	1.813238e+00	2.007873e+00	-1.154405e+00	-2.263031e+00	1.143946e+00	1.321448e+00	2.619818e-01	-1.139682e+00	1.416419e-01	1.441978e+00	5.904669e-01	-4.231622e-01	-9.707772e-01	1.169352e+00	5.503673e-01	-5.774916e-01	-1.687060e+00	-4.264950e-01
-5.601727e-01	1.153478e+00	3.486429e-01	-7.140945e-01	-5.452728e-01	2.671917e-01	-4.300551e-01	-8.677022e-01	8.397909e-01	1.109317e-01	-2.827023e-01	-3.960501e-01	-8.160928e-01	4.051525e-01	1.959788e-01	-6.577024e-02	2.955091e-01	1.300862e+00	1.918558e+00	6.923463e-02	1.505467e+00	1.280807e-02	8.384198e-01	5.315692e-01	1.743276e-01	-9.028531e-01	1.026979e+00	2.077885e-01	-1.262069e+00	-9.398267e-01	1.119880e+00	4.675164e-01	4.529862e-01	-7.157356e-01	-2.357727e+00	4.357913e-01	8.275997e-02	-2.984738e-01	1.058602e+00	1.700505e-03
-1.330176e+00	-1.400480e+00	1.588463e+00	4.299771e-01	-1.499407e+00	2.599900e+00	-1.177858e+00	-1.646219e-01	-1.077100e+00	2.525084e+00	2.305205e+00	9.118514e-01	-1.927923e+00	-6.276049e-01	7.987262e-01	-4.205214e-02	2.144655e+00	-1.633903e+00	-1.259221e+00	1.147035e+00	1.570771e-01	1.384041e+00	-5.850523e-01	-8.395070e-01	1.336085e+00	2.470172e+00	5.214196e-02	-1.272139e-01	9.658164e-01	6.847370e-01	2.333671e-01	-8.970693e-01	1.035274e+00	3.829230e-01	1.238522e+00	-1.145283e+00	3.152098e-01	2.255302e+00	2.313812e+00	4.471394e-01
-1.169112e+00	1.132383e+00	-1.407436e+00	-2.835357e-01	8.495366e-01	5.019746e-02	-1.085704e+00	-7.746730e-01	1.708721e+00	-5.908589e-01	-5.584050e-02	-6.728195e-03	-2.039426e+00	1.544667e-01	-6.054872e-01	-4.246947e-01	-2.205759e+00	-4.832278e-02	-1.475164e+00	4.273456e-01	1.090952e+00	4.326176e-01	-4.323109e-01	-9.681526e-01	3.046336e-01	-4.219379e-01	1.894913e+00	-1.639919e+00	1.577913e+00	-1.977148e+00	4.260269e-01	1.285104e-01	8.814595e-01	-4.374402e-02	1.210523e+00	8.202524e-01	6.740437e-01	1.105478e+00	-1.270367e+00	-5.504066e-01
1.488451e+00	-2.980598e+00	1.095269e+00	2.095766e-01	-1.417344e+00	7.798648e-01	1.389329e+00	1.351844e+00	-9.942785e-01	1.798491e+00	-2.864520e-01	2.634232e-01	2.361078e+00	8.327843e-01	1.493189e+00	8.576608e-01	1.300730e+00	1.087116e+00	2.860690e+00	3.576792e-01	-5.770307e-01	2.842262e-01	1.386880e+00	1.289315e+00	-8.566025e-01	6.169420e-01	-2.712689e+00	2.582009e+00	-1.768019e+00	3.123735e+00	-1.364492e+00	5.071038e-01	5.101861e-01	7.651113e-01	-6.207767e-01	-7.728940e-01	4.515644e-02	2.582258e-01	1.973489e+00	2.409762e-01
-5.024690e-01	1.852622e+00	-1.796026e+00	9.592983e-01	7.907597e-01	5.252883e-01	-6.894583e-01	-4.602133e-02	1.489559e+00	-5.915029e-01	-9.443446e-02	-5.772333e-01	-1.688021e+00	1.153565e+00	-8.909864e-01	-9.075049e-01	-1.912518e+00	-1.532564e-02	-6.061219e-01	3.310638e-01	1.002150e+00	-4.877716e-01	-5.627294e-01	-1.034070e+00	5.416846e-01	-1.091657e-01	2.240095e+00	-1.320640e+00	1.078600e+00	-1.189234e+00	1.268061e+00	1.204300e+00	6.213044e-01	-2.494877e-01	1.208800e+00	1.134604e+00	1.331099e+00	1.015359e+00	-8.355486e-01	-6.358312e-01
-6.951205e-01	1.761237e+00	-1.848628e+00	7.367839e-01	7.578184e-01	5.498342e-01	-8.070315e-01	-1.847474e-02	1.515678e+00	-5.955528e-01	-1.085203e-01	-5.244699e-01	-1.662137e+00	1.068875e+00	-9.634649e-01	-8.168656e-01	-2.108574e+00	-4.128981e-02	-6.785387e-01	3.550164e-01	1.041657e+00	-3.225239e-01	-4.334962e-01	-9.858531e-01	4.902545e-01	-1.178827e-02	2.284077e+00	-1.433224e+00	1.144390e+00	-1.241381e+00	1.196116e+00	1.212724e+00	5.314095e-01	-1.272132e-01	1.181563e+00	1.067549e+00	1.206744e+00	1.025855e+00	-9.297425e-01	-7.015080e-01
1.499323e+00	2.298467e+00	-3.179285e-02	5.547811e-01	-1.402782e+00	9.631252e-01	1.355552e+00	6.111094e-01	2.147198e+00	-2.169710e-01	-1.671177e+00	-4.092928e-01	-1.715885e+00	1.033180e+00	9.957559e-01	-8.500868e-01	2.387733e+00	-6.377225e-01	2.029210e-01	-1.468931e-01	3.479104e-01	-2.462909e+00	-8.598339e-01	1.099653e+00	1.759699e+00	-1.716668e-01	7.439076e-01	8.366457e-01	-8.505622e-01	4.089641e+00	5.865937e-01	1.483322e+00	9.003819e-01	-2.634833e-01	8.750190e-01	1.439212e+00	-6.191456e-01	8.429373e-01	1.265248e+00	-7.203056e-02
-1.486171e-01	1.854144e-02	1.189796e+00	-2.957360e-01	-1.087068e+00	-1.348558e-01	6.829305e-01	7.251140e-01	4.726490e-01	-1.056752e-01	1.295804e-01	5.621084e-01	6.565456e-01	6.074255e-01	9.307771e-02	5.952809e-03	8.450679e-01	1.375634e-01	-4.639749e-01	1.127303e-01	-5.837294e-01	-6.527307e-01	-1.046459e+00	3.814322e-01	5.674799e-01	-7.208000e-01	-7.069775e-01	9.739521e-01	-1.143458e-01	-2.736564e-02	-1.306832e-01	-3.678841e-01	1.087312e+00	4.947417e-02	1.322085e-01	-1.161547e-01	-5.886056e-01	6.537706e-01	-2.476286e-02	1.137747e+00
1.777970e+00	3.591510e+00	7.110922e-01	9.334835e-01	4.360873e+00	-1.270496e+00	-6.232501e-01	3.184063e+00	1.955587e+00	7.430984e-01	7.674463e-01	7.325339e-01	3.032026e+00	1.509413e+00	1.690078e+00	2.114240e-01	2.939085e+00	4.777265e+00	-1.822887e+00	3.091594e-01	-3.517554e+00	1.350608e+00	4.906938e-01	-9.736452e-01	1.840224e+00	-2.868408e+00	8.694829e-01	6.401350e-01	1.384327e+00	-1.213687e+00	3.014504e+00	-1.565453e+00	-1.627939e+00	-1.553883e+00	3.576985e+00	4.313427e+00	1.413498e+00	9.009723e-01	2.669976e+00	3.044548e+00
-2.424508e-02	-3.604733e-01	-5.810968e-01	-1.077101e+00	-7.756764e-01	-1.902317e-01	-9.364370e-01	4.929491e-01	1.390975e-01	3.154569e-02	1.048001e+00	5.363379e-01	1.973958e-01	-1.185151e+00	2.131368e+00	4.123992e-01	-1.601452e-02	1.256733e+00	-1.144345e+00	6.222558e-01	-1.630717e+00	5.154210e-01	-2.288145e-01	8.861233e-02	1.470144e+00	-1.584537e+00	-6.639383e-01	6.070735e-02	2.999915e-01	-9.548872e-01	-8.715229e-01	-1.180390e+00	-3.938743e-01	-3.258785e-01	9.489994e-01	4.422463e-01	3.461763e-01	1.113755e+00	-1.125852e+00	-1.041029e+00
-2.237934e+00	8.544372e-01	3.133279e+00	1.928080e+00	4.165612e+00	3.443115e+00	1.714839e+00	-1.270705e+00	-1.724272e+00	3.387953e+00	7.656862e-01	1.845204e-01	1.885788e+00	6.562303e-01	-1.351175e+00	2.885494e+00	1.373990e+00	1.502549e-01	4.786171e-01	3.778060e-01	3.790249e+00	1.991834e+00	1.895619e+00	3.304365e+00	1.654571e+00	3.263814e+00	2.218743e+00	-1.283218e+00	3.960152e+00	-1.234204e+00	8.132035e-01	1.319161e+00	8.903652e-01	5.690938e-01	7.446346e-02	-2.962783e+00	-5.469876e-01	-9.409334e-01	1.056605e+00	8.568776e-01
-9.218120e-01	1.052086e+00	2.429853e+00	1.777830e+00	2.964846e+00	3.272101e+00	1.656452e+00	-1.045936e+00	-7.390235e-01	2.395021e+00	6.418329e-01	6.342319e-01	1.310253e+00	-4.290678e-02	-1.715740e+00	2.701335e+00	9.744663e-01	2.332781e-01	-1.176082e-01	-5.704548e-01	2.822762e+00	1.916223e+00	1.231143e+00	2.981474e+00	1.359344e+00	2.504389e+00	2.222883e+00	-1.015272e+00	3.769016e+00	-1.844671e+00	1.994960e-01	1.656361e+00	7.765349e-01	1.005216e+00	1.971023e-01	-1.359813e+00	-6.339576e-01	-1.093745e+00	3.728033e-01	7.387987e-01
-3.179964e-01	-1.275205e+00	4.218635e-01	3.647493e+00	9.358023e-01	-6.709167e-02	-1.408312e+00	-3.694566e-01	-1.966323e+00	6.942013e-01	1.097234e+00	3.629892e+00	2.234977e-01	2.607497e+00	1.371348e+00	-6.127645e-01	4.331394e-01	6.177957e-01	-1.899856e-01	2.973660e+00	1.672302e+00	2.310475e+00	9.164583e-01	-3.372367e-01	8.084404e-01	1.109354e+00	2.372134e+00	2.513127e+00	1.970329e+00	2.022029e+00	-2.104984e-01	1.413212e+00	1.839869e+00	-4.439530e-02	3.393224e-01	2.851400e-01	-9.110417e-01	1.856197e-01	-2.251188e-01	1.924997e+00
1.220539e+00	-1.093641e+00	-1.893546e+00	-1.699479e+00	-3.758430e+00	-2.797926e+00	-2.063851e+00	9.945915e-01	2.586810e+00	-2.874263e+00	-4.987511e-01	4.244200e-01	-3.258292e-01	-6.010236e-01	2.483952e+00	-2.501186e+00	-9.259310e-01	2.908432e-01	-1.011605e+00	-3.081873e-01	-2.204480e+00	-1.939112e+00	-1.344055e+00	-2.861902e+00	-1.448091e+00	-2.995695e+00	-2.139897e+00	8.655006e-01	-2.746991e+00	5.703742e-02	-4.367617e-01	-1.720664e+00	-6.746814e-01	-4.497996e-01	1.723607e-01	2.979660e+00	1.013357e+00	1.831397e+00	-1.288173e+00	-2.340921e-01
-1.982095e+00	8.322871e-01	3.530732e+00	2.470875e+00	4.076844e+00	3.800986e+00	1.737745e+00	-6.339687e-01	-1.858408e+00	3.193267e+00	8.294157e-02	1.546015e-01	1.122314e+00	7.435430e-01	-2.610423e+00	2.929560e+00	4.395545e-01	-2.946413e-01	1.356079e+00	-8.577575e-01	3.163291e+00	1.879371e+00	1.828510e+00	3.955925e+00	1.697348e+00	3.300862e+00	2.259726e+00	-5.605732e-01	3.966613e+00	-8.619974e-01	8.325242e-01	2.311130e+00	1.200798e+00	4.603685e-01	-1.753127e-01	-2.685728e+00	-4.388918e-01	-1.473521e+00	1.032363e+00	1.004720e+00
