-9.687295e-03	8.937670e-03	-3.110353e-03	1.387210e-02	7.673380e-03	-7.607675e-03	9.641065e-03	-9.426220e-03	7.369339e-03	1.416785e-03	2.903037e-02	2.573857e-02	4.583166e-03	2.131108e-03	4.624367e-03	-2.658012e-03	-1.218777e-02	1.686386e-02	-2.733321e-03	-2.294296e-02	5.031399e-03	1.416049e-02	-1.627425e-03	-3.969828e-03	-1.411320e-03	-6.088942e-03	-2.014430e-02	1.232681e-02	1.245677e-02	-1.295305e-02	-2.303040e-03	7.004946e-03	-1.133996e-02	9.277018e-03	-1.048759e-02	-1.219513e-02	-1.261806e-02	-1.369297e-02	-9.857362e-03	9.624490e-04
-4.805767e-04	6.793771e-03	-2.147541e-03	1.360800e-02	8.415059e-03	-6.713423e-03	5.359245e-03	-4.363481e-03	3.834598e-03	2.548661e-04	1.428984e-02	1.787051e-02	-1.887209e-03	1.046604e-02	-2.279309e-04	-9.297633e-04	-6.661674e-03	1.184119e-02	7.427761e-03	-2.394561e-02	-3.898051e-03	1.930805e-02	-4.823395e-03	1.031642e-05	-3.066557e-03	-1.700624e-02	-1.335572e-02	6.127290e-03	1.236033e-02	-1.366588e-02	5.402251e-03	-6.670191e-03	2.519182e-03	1.681544e-02	-1.062927e-02	-5.349715e-03	-1.612535e-03	-1.698736e-02	-4.592582e-03	-9.826165e-03
-2.945560e-03	6.839042e-03	-2.820536e-04	1.425743e-02	1.293746e-02	-1.785432e-03	1.541661e-03	-3.555206e-03	1.418747e-03	4.086079e-03	1.286549e-02	1.530808e-02	1.759237e-03	1.294443e-02	1.344752e-03	-3.743732e-03	-9.074119e-03	1.091997e-02	8.727963e-03	-2.523522e-02	-2.541257e-03	1.312791e-02	3.417845e-03	-6.082533e-03	1.276821e-03	-1.785805e-02	-1.520396e-02	5.026441e-03	1.662073e-02	-1.197744e-02	7.562435e-03	-2.166556e-03	2.658790e-03	1.429348e-02	-1.330325e-02	-1.212127e-02	-2.605444e-03	-1.826975e-02	-5.173957e-03	-1.073324e-02
-1.379126e-03	3.345951e-03	-5.570447e-05	1.563122e-02	1.226829e-02	-1.555357e-03	1.658347e-03	-3.301099e-03	1.963433e-03	9.464058e-03	1.530562e-02	1.250518e-02	1.515984e-03	1.127923e-02	8.708630e-04	-5.470125e-03	-8.109298e-03	1.062058e-02	9.455706e-03	-2.427165e-02	-5.285240e-03	1.381194e-02	5.173020e-03	-4.855048e-03	1.183989e-03	-1.703735e-02	-1.270786e-02	8.890703e-04	1.986726e-02	-1.408437e-02	2.993383e-03	-4.512189e-03	4.083939e-03	1.661429e-02	-1.088477e-02	-1.731964e-02	-5.209841e-04	-1.757843e-02	-7.237859e-03	-1.031369e-02
-2.031679e-04	4.234568e-03	-3.793755e-03	2.048833e-02	1.355658e-02	3.349301e-04	1.848352e-03	-3.598583e-03	2.295877e-03	1.149218e-02	1.121188e-02	8.869075e-03	2.186662e-03	8.420765e-03	3.144424e-03	-5.719655e-03	-8.260264e-03	1.130970e-02	8.317027e-03	-2.687560e-02	-4.216916e-03	1.465199e-02	8.627147e-03	-7.334676e-03	-1.113322e-03	-1.625953e-02	-1.239044e-02	-9.156659e-04	1.985467e-02	-1.489247e-02	4.797976e-03	-5.050642e-03	3.411476e-03	1.796892e-02	-7.609731e-03	-2.075207e-02	2.180517e-04	-1.657558e-02	-1.124712e-02	-6.243418e-03
-5.498387e-03	1.581473e-03	-1.028279e-02	1.749712e-02	1.006951e-02	-1.201870e-03	1.736977e-03	-4.281582e-03	1.994501e-03	4.171817e-03	8.013003e-03	1.763350e-02	-3.841611e-03	1.326157e-02	6.327753e-03	6.635303e-04	-4.003868e-03	1.185675e-02	5.516642e-03	-2.219253e-02	-7.855786e-03	1.765908e-02	-1.555985e-03	1.485068e-03	-1.209730e-03	-1.907283e-02	-7.655160e-03	8.287848e-03	1.480286e-02	-1.329560e-02	2.487169e-03	-1.113374e-02	3.123468e-03	2.112700e-02	-1.010827e-02	-5.494389e-03	6.320176e-04	-2.071505e-02	-9.547454e-03	-7.394396e-03
-3.865439e-03	3.679915e-03	-5.738799e-03	1.632414e-02	1.568991e-02	1.188009e-03	6.348500e-04	-3.280017e-03	1.805498e-04	5.938261e-03	1.001420e-02	1.270215e-02	1.876950e-03	1.663215e-02	3.993283e-03	-5.876554e-03	-4.288868e-03	8.162448e-03	6.484561e-03	-2.682030e-02	-3.672200e-03	9.949576e-03	6.276945e-03	-4.947867e-03	3.248472e-03	-1.773110e-02	-1.174795e-02	6.711068e-04	1.776112e-02	-1.370108e-02	5.061374e-03	-3.743884e-03	2.878758e-03	1.421706e-02	-1.197328e-02	-1.466114e-02	-2.710636e-04	-1.455778e-02	-4.221074e-03	-8.491704e-03
-3.175933e-03	2.503468e-03	-1.427199e-03	1.876362e-02	1.316986e-02	1.136155e-03	1.606411e-03	-3.571540e-03	7.116373e-04	9.770470e-03	1.333606e-02	9.736953e-03	1.550425e-03	1.622287e-02	4.758970e-03	-7.894254e-03	-5.004715e-03	1.012878e-02	1.017654e-02	-2.646784e-02	-5.937614e-03	1.134834e-02	9.340813e-03	-5.151168e-03	3.035315e-03	-2.003666e-02	-1.000633e-02	-4.164268e-03	1.790682e-02	-1.728605e-02	3.250303e-03	-6.268777e-03	5.303549e-03	1.686477e-02	-1.177368e-02	-1.904957e-02	7.254717e-04	-1.421777e-02	-6.606570e-03	-9.271814e-03
-3.317004e-03	3.288327e-03	-4.061080e-03	2.206468e-02	1.278572e-02	2.674293e-03	3.377694e-03	-4.213004e-03	1.213842e-03	9.565688e-03	1.140529e-02	7.537742e-03	1.620413e-03	1.384048e-02	6.694307e-03	-8.040152e-03	-5.428991e-03	9.448448e-03	9.298549e-03	-2.772258e-02	-6.714686e-03	1.177694e-02	1.237910e-02	-6.806242e-03	1.064659e-03	-1.762039e-02	-9.547556e-03	-2.680846e-03	1.887565e-02	-1.818195e-02	2.503348e-03	-4.025586e-03	3.140178e-03	1.567536e-02	-7.873974e-03	-2.004887e-02	9.776500e-05	-1.381520e-02	-1.086449e-02	-5.354952e-03
-1.972643e-03	2.333412e-03	-4.864967e-03	2.010709e-02	1.218219e-02	-6.888973e-06	4.696527e-03	-6.673732e-03	3.359640e-04	3.756321e-03	7.067864e-03	1.317201e-02	6.667910e-05	2.060632e-02	4.987069e-03	-1.005440e-02	1.957827e-03	7.027432e-03	9.716308e-03	-2.646861e-02	-5.141205e-03	1.069725e-02	2.238134e-03	-2.279675e-03	-7.724747e-04	-1.710941e-02	-9.257702e-03	-1.354998e-03	1.524330e-02	-1.972124e-02	3.697593e-04	-7.991952e-03	5.371831e-03	1.891654e-02	-8.068969e-03	-1.047832e-02	2.675278e-03	-1.309163e-02	-6.074746e-03	-8.562657e-03
-5.577707e-03	4.691407e-03	-5.130614e-03	1.710702e-02	1.635341e-02	2.776047e-03	2.833110e-03	-5.363528e-03	9.590710e-04	3.337679e-03	1.054051e-02	1.404797e-02	5.244416e-04	2.009482e-02	7.147150e-03	-8.970340e-03	-1.020561e-03	7.358011e-03	8.209595e-03	-2.929803e-02	-3.519834e-03	7.439927e-03	9.320071e-03	-5.005500e-03	2.369779e-03	-1.632137e-02	-1.106008e-02	-7.849817e-04	1.723085e-02	-1.629574e-02	4.285176e-03	-2.090661e-03	1.770644e-03	1.095794e-02	-1.207836e-02	-1.412974e-02	-2.750288e-03	-1.145717e-02	-5.364773e-03	-9.144810e-03
-4.487979e-03	2.324726e-03	-3.064607e-04	1.898271e-02	1.190315e-02	3.398222e-03	3.022877e-03	-5.649332e-03	1.064373e-03	6.872524e-03	1.494247e-02	1.231098e-02	1.127723e-04	2.048055e-02	5.833278e-03	-1.048003e-02	-2.970569e-03	1.050928e-02	1.110503e-02	-2.855798e-02	-5.685803e-03	8.293502e-03	1.187673e-02	-4.965481e-03	2.504960e-03	-1.882197e-02	-9.745468e-03	-6.560981e-03	1.784468e-02	-1.908997e-02	2.125697e-03	-4.829206e-03	6.402419e-03	1.141491e-02	-1.035810e-02	-1.892990e-02	-1.874295e-03	-8.444267e-03	-6.183088e-03	-1.128988e-02
-3.234821e-03	4.253792e-03	4.238297e-05	2.301549e-02	9.184785e-03	5.628083e-03	3.046571e-03	-6.152214e-03	-5.268836e-04	8.227232e-03	1.242709e-02	9.329869e-03	1.948550e-03	1.795543e-02	9.100629e-03	-1.130843e-02	-5.345874e-03	1.081745e-02	1.155500e-02	-2.847494e-02	-5.437047e-03	8.897824e-03	1.426653e-02	-8.892337e-03	2.636290e-04	-1.819973e-02	-1.053049e-02	-7.603897e-03	1.632705e-02	-1.915107e-02	2.200555e-03	-3.653614e-03	5.035230e-03	1.270574e-02	-5.399691e-03	-2.055219e-02	-7.257654e-04	-9.514844e-03	-1.018467e-02	-7.076690e-03
-2.763284e-03	3.392536e-03	-2.398741e-03	2.005238e-02	8.420315e-03	2.625792e-03	4.141497e-03	-7.972593e-03	-2.068228e-04	1.398817e-03	8.011006e-03	1.566507e-02	-7.578324e-04	2.351441e-02	7.621357e-03	-1.091612e-02	3.580930e-03	8.702134e-03	8.775018e-03	-2.830756e-02	-3.946175e-03	8.006064e-03	3.639371e-03	-2.792391e-03	-3.782364e-04	-1.724323e-02	-9.300791e-03	-3.832711e-03	1.207422e-02	-1.876716e-02	-4.383017e-06	-8.870074e-03	5.504800e-03	1.598506e-02	-6.318266e-03	-8.580156e-03	2.049072e-03	-9.367629e-03	-5.374119e-03	-1.133070e-02
-5.212691e-03	4.887598e-03	6.697444e-04	1.894608e-02	9.741821e-03	6.527946e-03	5.653021e-04	-5.877139e-03	-3.027708e-03	3.577265e-03	9.536886e-03	1.323368e-02	1.022515e-03	2.489894e-02	1.055231e-02	-1.092686e-02	-2.182623e-03	8.113970e-03	1.118731e-02	-2.784986e-02	-2.997015e-03	3.662650e-03	1.143605e-02	-6.966501e-03	3.872521e-03	-2.095916e-02	-1.175010e-02	-3.658200e-03	1.316690e-02	-1.558822e-02	4.420195e-03	-4.451671e-03	5.633583e-03	9.843224e-03	-9.676010e-03	-1.275617e-02	-1.284799e-03	-9.100026e-03	-4.132299e-03	-1.287182e-02
-3.062571e-03	2.419222e-03	5.754315e-03	2.084019e-02	7.001397e-03	6.173130e-03	-4.746883e-04	-6.033697e-03	-9.735625e-04	6.715604e-03	1.443555e-02	1.244770e-02	4.625796e-05	2.262474e-02	9.779935e-03	-1.335791e-02	-2.703438e-03	1.022496e-02	1.402361e-02	-2.696161e-02	-4.903129e-03	4.552392e-03	1.479709e-02	-6.903141e-03	3.015256e-03	-2.069378e-02	-1.030144e-02	-6.991771e-03	1.515549e-02	-1.886332e-02	2.129317e-04	-6.237708e-03	8.481186e-03	1.101422e-02	-8.038364e-03	-1.819301e-02	-9.967458e-04	-8.865725e-03	-6.457913e-03	-1.444288e-02
-2.119067e-03	3.274024e-03	6.003295e-03	2.611852e-02	3.050967e-03	8.423862e-03	5.533015e-04	-7.398372e-03	-1.232367e-03	6.723508e-03	1.184787e-02	9.294359e-03	7.880884e-04	2.188904e-02	1.330402e-02	-1.468060e-02	-4.778357e-03	1.056368e-02	1.393502e-02	-2.832984e-02	-5.381495e-03	4.015763e-03	1.761868e-02	-9.946404e-03	1.373738e-03	-1.803900e-02	-1.078523e-02	-8.481056e-03	1.413414e-02	-1.958857e-02	4.455907e-04	-4.169275e-03	7.943820e-03	1.020737e-02	-2.726051e-03	-1.842384e-02	3.331264e-04	-9.541237e-03	-1.075887e-02	-1.106534e-02
-3.147086e-04	3.145822e-03	4.384303e-03	2.179993e-02	7.935451e-04	4.403189e-03	1.836729e-03	-9.545497e-03	-1.645253e-03	1.595439e-03	8.039832e-03	1.401160e-02	-8.011716e-04	2.669394e-02	1.111170e-02	-1.480879e-02	3.379783e-03	8.251711e-03	1.241155e-02	-2.744945e-02	-3.517669e-03	5.016205e-03	6.564309e-03	-5.352513e-03	2.622757e-04	-1.751904e-02	-9.844084e-03	-3.430177e-03	9.767996e-03	-1.860251e-02	-1.679748e-03	-1.045975e-02	9.987631e-03	1.531561e-02	-2.727312e-03	-6.291766e-03	1.813342e-03	-1.047156e-02	-6.385582e-03	-1.576682e-02
-2.545645e-03	4.252834e-03	5.420110e-03	1.986184e-02	3.962634e-03	7.996454e-03	-2.526805e-03	-6.189187e-03	-4.037007e-03	3.829482e-03	9.559377e-03	1.129478e-02	9.754011e-04	2.738770e-02	1.446495e-02	-1.447125e-02	-4.371199e-04	8.059709e-03	1.271469e-02	-2.792690e-02	-3.289629e-03	4.029652e-05	1.422667e-02	-8.751144e-03	5.229424e-03	-1.986414e-02	-1.213565e-02	-2.709022e-03	1.332783e-02	-1.476476e-02	3.852803e-03	-4.230732e-03	7.560958e-03	8.014091e-03	-6.948544e-03	-1.148196e-02	-2.836782e-03	-1.027938e-02	-4.317366e-03	-1.780252e-02
-4.573532e-04	3.632392e-03	1.296015e-02	2.065819e-02	-7.622228e-04	7.215820e-03	-3.235938e-03	-6.191582e-03	-2.167110e-03	8.977160e-03	1.532391e-02	1.067681e-02	-3.383531e-04	2.417446e-02	1.328831e-02	-1.759783e-02	-2.729786e-03	1.151490e-02	1.631723e-02	-2.801108e-02	-4.551568e-03	1.971827e-03	1.756001e-02	-8.818462e-03	6.127716e-03	-2.005731e-02	-1.066467e-02	-6.811944e-03	1.570000e-02	-1.737779e-02	-4.663703e-04	-5.963042e-03	9.821459e-03	1.128460e-02	-5.648958e-03	-1.636417e-02	-1.542020e-03	-1.263341e-02	-7.834279e-03	-2.231590e-02
2.130736e-03	5.367904e-03	1.125897e-02	2.496852e-02	-3.515782e-03	8.407791e-03	-1.562954e-03	-8.546165e-03	-1.282118e-03	8.457098e-03	1.214473e-02	7.727508e-03	-3.537754e-04	2.179136e-02	1.622048e-02	-1.943428e-02	-5.403567e-03	1.187470e-02	1.440664e-02	-2.974707e-02	-4.763109e-03	2.082815e-03	2.035698e-02	-1.169611e-02	2.537968e-03	-1.724410e-02	-1.155620e-02	-6.719848e-03	1.547024e-02	-1.775731e-02	-7.908728e-04	-3.399626e-03	9.229195e-03	1.078916e-02	6.058129e-06	-1.674296e-02	-5.733837e-04	-1.187280e-02	-1.167110e-02	-1.591518e-02
3.662762e-03	2.222466e-03	1.108955e-02	2.369950e-02	-4.739605e-03	6.868049e-03	1.062327e-04	-9.791281e-03	-2.174655e-03	2.728988e-03	7.767375e-03	1.120237e-02	-3.004897e-03	2.892477e-02	1.430170e-02	-1.933150e-02	2.496547e-03	8.478399e-03	1.390875e-02	-2.811421e-02	-4.527802e-03	1.745401e-03	1.067183e-02	-6.918532e-03	1.185180e-03	-1.688043e-02	-9.866544e-03	-3.989032e-03	1.170028e-02	-1.974873e-02	-3.640558e-03	-8.744140e-03	1.216718e-02	1.467937e-02	-5.339337e-04	-5.444667e-03	1.521434e-03	-1.259449e-02	-6.077904e-03	-2.072916e-02
1.101998e-03	5.898466e-03	1.183527e-02	2.060070e-02	-8.826171e-04	8.933120e-03	-3.695232e-03	-7.847704e-03	-3.640959e-03	5.532660e-03	9.478778e-03	1.036264e-02	-1.243925e-03	2.773327e-02	1.657506e-02	-1.833254e-02	-1.936692e-03	8.599618e-03	1.461246e-02	-2.792550e-02	-3.358732e-03	-1.371025e-03	1.588059e-02	-1.051874e-02	6.560279e-03	-1.931549e-02	-1.242486e-02	-3.193334e-03	1.321141e-02	-1.458769e-02	1.672141e-03	-2.469990e-03	8.370198e-03	8.729005e-03	-6.879618e-03	-9.701909e-03	-2.322512e-03	-1.333691e-02	-4.844802e-03	-2.111587e-02
4.056818e-03	4.270671e-03	1.842774e-02	1.856438e-02	-6.617101e-03	9.101279e-03	-4.961079e-03	-9.145370e-03	1.358689e-03	9.013874e-03	1.468429e-02	1.011742e-02	-4.991809e-03	2.410552e-02	1.464572e-02	-2.187615e-02	-3.511094e-03	1.221445e-02	1.689442e-02	-2.661680e-02	-4.532717e-03	-1.413320e-03	1.860044e-02	-1.060681e-02	6.431855e-03	-1.519481e-02	-1.116885e-02	-7.498297e-03	1.591699e-02	-1.591247e-02	-2.421769e-03	-2.961416e-03	1.095664e-02	9.572081e-03	-4.013427e-03	-1.403879e-02	-1.971773e-03	-1.316914e-02	-7.135635e-03	-2.435383e-02
7.010010e-03	7.190545e-03	1.868499e-02	2.338985e-02	-9.118070e-03	1.060696e-02	-3.490908e-03	-9.061084e-03	2.448567e-03	8.119521e-03	1.126398e-02	8.178201e-03	-2.938457e-03	2.016163e-02	1.896421e-02	-2.233110e-02	-7.543253e-03	1.364489e-02	1.547864e-02	-2.877387e-02	-3.485252e-03	-1.279818e-03	2.062148e-02	-1.494569e-02	4.887213e-03	-1.443848e-02	-1.323365e-02	-8.350984e-03	1.409357e-02	-1.574424e-02	-2.696014e-03	-1.955676e-03	9.235121e-03	1.014782e-02	4.246079e-04	-1.512723e-02	-8.322151e-04	-1.418225e-02	-1.167746e-02	-1.826751e-02
8.534961e-03	4.308762e-03	1.643079e-02	2.124575e-02	-9.930492e-03	9.035703e-03	-3.689125e-03	-9.333188e-03	1.042041e-03	2.470850e-03	4.818387e-03	1.336752e-02	-5.089430e-03	2.596560e-02	1.732236e-02	-2.051763e-02	-3.537640e-05	1.125887e-02	1.369516e-02	-2.671117e-02	-1.957924e-03	-1.349258e-03	8.067582e-03	-1.032681e-02	3.992110e-03	-1.523396e-02	-1.153378e-02	-5.299990e-03	8.816050e-03	-1.630896e-02	-5.255225e-03	-7.494848e-03	1.254850e-02	1.689106e-02	-2.121974e-03	-2.296532e-03	2.897938e-03	-1.572497e-02	-4.444860e-03	-2.343875e-02
5.753998e-03	8.106278e-03	1.619794e-02	1.502531e-02	-6.646235e-03	1.193033e-02	-7.210644e-03	-7.564574e-03	1.834561e-03	3.512695e-03	5.517914e-03	1.355215e-02	-4.888727e-03	2.490344e-02	1.803493e-02	-2.021894e-02	-5.080790e-03	1.241286e-02	1.371147e-02	-2.648193e-02	1.528897e-04	-5.165112e-03	1.257279e-02	-1.333189e-02	7.630421e-03	-1.534443e-02	-1.394204e-02	-3.585040e-03	1.099062e-02	-1.076598e-02	5.428646e-04	1.427892e-03	8.275263e-03	8.721965e-03	-6.980798e-03	-5.579928e-03	-2.081008e-03	-1.568416e-02	-2.693675e-03	-2.257736e-02
9.044264e-03	6.439273e-03	2.433708e-02	1.522256e-02	-1.293423e-02	1.281184e-02	-9.778291e-03	-8.246232e-03	4.553292e-03	8.176577e-03	9.784180e-03	1.229488e-02	-9.248118e-03	2.186860e-02	1.604358e-02	-2.242396e-02	-7.933887e-03	1.541619e-02	1.729615e-02	-2.427203e-02	-1.609159e-03	-3.626007e-03	1.657233e-02	-1.345766e-02	7.703469e-03	-1.218043e-02	-1.173161e-02	-9.624058e-03	1.245859e-02	-1.295066e-02	-3.130657e-03	-5.155780e-04	1.199739e-02	9.797412e-03	-5.330060e-03	-1.117259e-02	-9.901534e-04	-1.573723e-02	-3.874065e-03	-2.598959e-02
1.159924e-02	7.951491e-03	1.934201e-02	1.994348e-02	-1.277120e-02	1.453636e-02	-7.491901e-03	-1.008244e-02	6.571613e-03	7.779847e-03	4.105750e-03	8.618502e-03	-7.887784e-03	1.764833e-02	1.714049e-02	-2.246150e-02	-1.062445e-02	1.633199e-02	1.392546e-02	-2.728502e-02	-1.336599e-03	-2.028827e-03	1.888859e-02	-1.559486e-02	6.287371e-03	-9.953436e-03	-1.333058e-02	-1.059421e-02	1.300786e-02	-1.200252e-02	-2.455440e-03	1.355635e-04	9.495037e-03	1.045561e-02	-1.115563e-03	-1.187436e-02	7.700933e-04	-1.398499e-02	-8.195836e-03	-1.819486e-02
1.092103e-02	6.183911e-03	1.822367e-02	1.705891e-02	-1.374023e-02	1.136293e-02	-4.785814e-03	-1.195499e-02	4.804644e-03	1.106522e-03	1.620835e-04	1.346275e-02	-9.350018e-03	2.581350e-02	1.584891e-02	-2.154922e-02	-1.794154e-03	1.529237e-02	1.273302e-02	-2.513512e-02	-9.599543e-06	-2.615464e-03	5.742421e-03	-9.783431e-03	3.583558e-03	-1.088558e-02	-1.286964e-02	-6.186512e-03	6.816715e-03	-1.359915e-02	-3.929078e-03	-4.215912e-03	1.206918e-02	1.496135e-02	-2.358764e-03	7.898723e-04	1.961528e-03	-1.479882e-02	-2.060454e-03	-2.257202e-02
9.294056e-03	8.171805e-03	2.101569e-02	1.429607e-02	-1.104049e-02	1.572385e-02	-1.107191e-02	-9.139915e-03	2.559158e-03	5.631190e-03	-5.368665e-06	9.890753e-03	-7.510408e-03	2.524864e-02	1.764785e-02	-2.205816e-02	-7.175541e-03	1.412573e-02	1.609478e-02	-2.465023e-02	1.939557e-04	-6.216496e-03	1.261960e-02	-1.439191e-02	8.128309e-03	-1.264134e-02	-1.307925e-02	-7.051398e-03	8.863358e-03	-8.170225e-03	3.840640e-03	2.894864e-04	1.010266e-02	9.156888e-03	-5.741168e-03	-5.825309e-03	-1.878029e-03	-1.537693e-02	-7.901208e-04	-2.379437e-02
1.133761e-02	6.943792e-03	2.664459e-02	1.505671e-02	-1.595259e-02	1.221940e-02	-1.019543e-02	-9.350493e-03	5.155178e-03	1.267116e-02	6.643278e-03	6.876945e-03	-9.005574e-03	2.217869e-02	1.616632e-02	-2.511648e-02	-8.419492e-03	1.632878e-02	1.964983e-02	-2.321228e-02	-2.715478e-03	-4.771350e-03	1.531826e-02	-1.287821e-02	9.641851e-03	-1.216967e-02	-1.098044e-02	-1.118367e-02	1.204024e-02	-1.080626e-02	-1.389068e-03	-8.534611e-04	1.344444e-02	1.249538e-02	-4.262140e-03	-1.149558e-02	4.665451e-04	-1.895411e-02	-4.950861e-03	-2.729177e-02
