0	0	0	7.720812e-01
0	0	1	4.662735e-01
0	0	2	8.406174e-01
0	0	3	5.862530e-01
0	0	4	6.522554e-01
0	0	5	1.193124e-02
0	0	6	3.369386e-01
0	0	7	8.067764e-01
0	0	8	7.117304e-01
0	0	9	7.319630e-01
0	1	0	5.590859e-01
0	1	1	9.791230e-01
0	1	2	6.135403e-02
0	1	3	6.419256e-01
0	1	4	2.993948e-01
0	1	5	4.933721e-01
0	1	6	1.778174e-02
0	1	7	4.783860e-01
0	1	8	1.716674e-01
0	1	9	3.552078e-01
0	2	0	5.613437e-01
0	2	1	4.361765e-02
0	2	2	7.496187e-02
0	2	3	6.275506e-01
0	2	4	1.711015e-01
0	2	5	9.259340e-01
0	2	6	3.794759e-01
0	2	7	7.008105e-01
0	2	8	7.101720e-01
0	2	9	5.142865e-01
0	3	0	6.177365e-01
0	3	1	4.822531e-01
0	3	2	9.805600e-01
0	3	3	4.583540e-01
0	3	4	6.850618e-02
0	3	5	6.328154e-01
0	3	6	4.702852e-01
0	3	7	4.054448e-01
0	3	8	4.395918e-01
0	3	9	1.820157e-01
0	4	0	1.374078e-01
0	4	1	9.986778e-01
0	4	2	1.611387e-01
0	4	3	1.987619e-01
0	4	4	6.406034e-01
0	4	5	4.605335e-01
0	4	6	6.921339e-01
0	4	7	6.583851e-01
0	4	8	9.389195e-01
0	4	9	8.638013e-01
0	5	0	1.359291e-02
0	5	1	5.002632e-01
0	5	2	9.074190e-01
0	5	3	8.855478e-02
0	5	4	1.278138e-01
0	5	5	7.852050e-02
0	5	6	1.448881e-02
0	5	7	5.072898e-01
0	5	8	7.793310e-01
0	5	9	7.246608e-01
0	6	0	2.157630e-02
0	6	1	3.970675e-01
0	6	2	2.069139e-01
0	6	3	2.136320e-03
0	6	4	8.554215e-01
0	6	5	2.754201e-01
0	6	6	6.349517e-01
0	6	7	3.257067e-01
0	6	8	6.808649e-01
0	6	9	7.454351e-02
0	7	0	5.077224e-01
0	7	1	8.182728e-01
0	7	2	7.322126e-02
0	7	3	6.688611e-01
0	7	4	1.703463e-02
0	7	5	7.138246e-01
0	7	6	1.293946e-01
0	7	7	7.091686e-01
0	7	8	3.722098e-01
0	7	9	6.831410e-02
0	8	0	5.729699e-01
0	8	1	3.858027e-01
0	8	2	5.685773e-01
0	8	3	4.803889e-01
0	8	4	4.743575e-01
0	8	5	6.963912e-01
0	8	6	5.589094e-01
0	8	7	4.888463e-01
0	8	8	2.036809e-01
0	8	9	3.382404e-01
0	9	0	2.135071e-01
0	9	1	2.252572e-01
0	9	2	7.353079e-01
0	9	3	4.204210e-01
0	9	4	2.273935e-01
0	9	5	5.907294e-01
0	9	6	6.958411e-01
0	9	7	8.623452e-01
0	9	8	9.164361e-01
0	9	9	3.767060e-01
1	0	0	9.368887e-01
1	0	1	4.241584e-01
1	0	2	1.949788e-01
1	0	3	1.011001e-02
1	0	4	9.301946e-02
1	0	5	2.120134e-01
1	0	6	7.239347e-01
1	0	7	2.224141e-01
1	0	8	9.211820e-01
1	0	9	9.614442e-02
1	1	0	2.907282e-01
1	1	1	4.941519e-01
1	1	2	4.819471e-01
1	1	3	8.593055e-01
1	1	4	9.745408e-01
1	1	5	9.563046e-01
1	1	6	5.556966e-01
1	1	7	5.334502e-01
1	1	8	4.451508e-01
1	1	9	7.593776e-01
1	2	0	8.716905e-01
1	2	1	6.586579e-01
1	2	2	9.846348e-01
1	2	3	6.069984e-01
1	2	4	7.907890e-02
1	2	5	2.120283e-01
1	2	6	1.977277e-01
1	2	7	7.749200e-01
1	2	8	7.437357e-02
1	2	9	1.141638e-01
1	3	0	1.516260e-01
1	3	1	1.126232e-02
1	3	2	5.383222e-01
1	3	3	3.466049e-01
1	3	4	2.137232e-02
1	3	5	6.313417e-01
1	3	6	5.586183e-01
1	3	7	7.453070e-01
1	3	8	8.537557e-01
1	3	9	4.798003e-01
1	4	0	8.414514e-01
1	4	1	1.444839e-01
1	4	2	9.739522e-01
1	4	3	3.233985e-01
1	4	4	3.789376e-03
1	4	5	9.484930e-01
1	4	6	2.797031e-01
1	4	7	5.594860e-01
1	4	8	4.819431e-01
1	4	9	7.248539e-01
1	5	0	3.188636e-01
1	5	1	3.536337e-01
1	5	2	3.835118e-01
1	5	3	3.034984e-01
1	5	4	9.606320e-01
1	5	5	4.625907e-01
1	5	6	5.155267e-01
1	5	7	1.583598e-01
1	5	8	2.375107e-01
1	5	9	5.899003e-01
1	6	0	2.725236e-01
1	6	1	3.891368e-01
1	6	2	6.011626e-01
1	6	3	8.108458e-01
1	6	4	7.357417e-01
1	6	5	6.225349e-01
1	6	6	4.421875e-01
1	6	7	2.943600e-01
1	6	8	3.678419e-01
1	6	9	2.959432e-01
1	7	0	7.741603e-01
1	7	1	2.092933e-01
1	7	2	4.404271e-01
1	7	3	7.481124e-01
1	7	4	5.326918e-01
1	7	5	4.442164e-01
1	7	6	6.966054e-01
1	7	7	8.123949e-01
1	7	8	3.702469e-03
1	7	9	1.785485e-01
1	8	0	5.372488e-01
1	8	1	3.225661e-01
1	8	2	5.321822e-01
1	8	3	9.207606e-01
1	8	4	6.260644e-01
1	8	5	4.928142e-01
1	8	6	3.833514e-01
1	8	7	1.415911e-01
1	8	8	6.511740e-01
1	8	9	6.208621e-01
1	9	0	7.314914e-01
1	9	1	9.236976e-01
1	9	2	9.998906e-03
1	9	3	3.326540e-01
1	9	4	7.345434e-01
1	9	5	7.457406e-01
1	9	6	9.551889e-01
1	9	7	1.767308e-01
1	9	8	4.010051e-02
1	9	9	3.230307e-01
2	0	0	4.726740e-01
2	0	1	8.142608e-01
2	0	2	5.323240e-01
2	0	3	9.131011e-01
2	0	4	5.623732e-01
2	0	5	6.501582e-02
2	0	6	3.573175e-01
2	0	7	2.589786e-01
2	0	8	8.774107e-01
2	0	9	3.610200e-01
2	1	0	4.375271e-01
2	1	1	4.146595e-01
2	1	2	6.835861e-01
2	1	3	9.697093e-01
2	1	4	3.354202e-01
2	1	5	3.096505e-01
2	1	6	4.625235e-01
2	1	7	7.187715e-01
2	1	8	4.512416e-01
2	1	9	1.136975e-01
2	2	0	3.396337e-01
2	2	1	1.827330e-01
2	2	2	3.739515e-02
2	2	3	3.496326e-01
2	2	4	5.153869e-01
2	2	5	7.719385e-01
2	2	6	9.537313e-02
2	2	7	4.705758e-01
2	2	8	9.486694e-01
2	2	9	1.354736e-01
2	3	0	7.936065e-01
2	3	1	4.213434e-01
2	3	2	9.497344e-01
2	3	3	3.259306e-01
2	3	4	3.344445e-01
2	3	5	5.121076e-01
2	3	6	3.909464e-01
2	3	7	6.917620e-01
2	3	8	7.710862e-01
2	3	9	2.683571e-01
2	4	0	5.278204e-02
2	4	1	2.086134e-01
2	4	2	6.830166e-01
2	4	3	7.363681e-01
2	4	4	1.783227e-01
2	4	5	1.843676e-02
2	4	6	4.601858e-02
2	4	7	6.408462e-01
2	4	8	7.372083e-01
2	4	9	4.972602e-01
2	5	0	7.545437e-01
2	5	1	7.684198e-02
2	5	2	6.799931e-01
2	5	3	7.919389e-01
2	5	4	4.264746e-01
2	5	5	1.953801e-01
2	5	6	5.638774e-01
2	5	7	5.218477e-01
2	5	8	6.659559e-01
2	5	9	5.125468e-01
2	6	0	6.573213e-01
2	6	1	4.595624e-01
2	6	2	9.338902e-01
2	6	3	6.070557e-01
2	6	4	7.854929e-01
2	6	5	2.683347e-01
2	6	6	1.191634e-01
2	6	7	1.764393e-01
2	6	8	9.600967e-01
2	6	9	8.902496e-01
2	7	0	4.447964e-01
2	7	1	1.287874e-02
2	7	2	9.886293e-02
2	7	3	1.278130e-01
2	7	4	7.492468e-01
2	7	5	2.771856e-01
2	7	6	1.462498e-01
2	7	7	7.952654e-01
2	7	8	9.180318e-01
2	7	9	8.834581e-01
2	8	0	2.925256e-01
2	8	1	6.725755e-01
2	8	2	9.603001e-01
2	8	3	9.725187e-01
2	8	4	4.645144e-01
2	8	5	3.867746e-01
2	8	6	1.678988e-01
2	8	7	2.839187e-02
2	8	8	9.086223e-01
2	8	9	8.338547e-01
2	9	0	5.409387e-01
2	9	1	5.659436e-01
2	9	2	2.934171e-01
2	9	3	4.748289e-01
2	9	4	1.729994e-01
2	9	5	7.891000e-02
2	9	6	7.431635e-01
2	9	7	2.921627e-01
2	9	8	2.553493e-01
2	9	9	7.032602e-01
3	0	0	1.824123e-01
3	0	1	7.001457e-01
3	0	2	7.161390e-01
3	0	3	2.812752e-01
3	0	4	8.279587e-01
3	0	5	4.653858e-01
3	0	6	5.584608e-01
3	0	7	9.742085e-01
3	0	8	2.606512e-01
3	0	9	4.764926e-01
3	1	0	8.576666e-01
3	1	1	5.531768e-01
3	1	2	1.490682e-01
3	1	3	8.179666e-01
3	1	4	5.256956e-01
3	1	5	6.135826e-01
3	1	6	2.047412e-01
3	1	7	6.935944e-01
3	1	8	6.419745e-01
3	1	9	1.133635e-01
3	2	0	5.274491e-01
3	2	1	1.829132e-01
3	2	2	6.793072e-01
3	2	3	8.208661e-01
3	2	4	6.577420e-01
3	2	5	8.523065e-01
3	2	6	8.997761e-01
3	2	7	4.009056e-01
3	2	8	1.444693e-01
3	2	9	1.551254e-01
3	3	0	1.041658e-01
3	3	1	3.268816e-01
3	3	2	8.552712e-01
3	3	3	8.203048e-01
3	3	4	6.081568e-01
3	3	5	6.832299e-01
3	3	6	2.856906e-01
3	3	7	1.666176e-01
3	3	8	6.574384e-01
3	3	9	5.463418e-01
3	4	0	6.431103e-01
3	4	1	5.151050e-01
3	4	2	9.951863e-02
3	4	3	7.921785e-01
3	4	4	3.330716e-01
3	4	5	6.252142e-01
3	4	6	4.057611e-01
3	4	7	5.378129e-01
3	4	8	3.188086e-01
3	4	9	4.773557e-02
3	5	0	6.511764e-01
3	5	1	8.462576e-01
3	5	2	2.306487e-01
3	5	3	3.304836e-01
3	5	4	6.671238e-01
3	5	5	8.883907e-01
3	5	6	1.827901e-01
3	5	7	5.668999e-01
3	5	8	2.892963e-01
3	5	9	3.272594e-01
3	6	0	7.220253e-01
3	6	1	3.934621e-01
3	6	2	6.541410e-01
3	6	3	5.772965e-01
3	6	4	2.137668e-01
3	6	5	2.622978e-01
3	6	6	2.605264e-01
3	6	7	4.994574e-01
3	6	8	4.289154e-01
3	6	9	9.179648e-01
3	7	0	4.579922e-02
3	7	1	7.202571e-02
3	7	2	4.330698e-01
3	7	3	1.453179e-01
3	7	4	8.642042e-01
3	7	5	7.661415e-01
3	7	6	7.705320e-01
3	7	7	2.699652e-01
3	7	8	3.039543e-01
3	7	9	8.934062e-02
3	8	0	3.177008e-01
3	8	1	9.551308e-01
3	8	2	9.355983e-01
3	8	3	5.483495e-01
3	8	4	2.856144e-01
3	8	5	6.027220e-01
3	8	6	4.367403e-01
3	8	7	4.684045e-01
3	8	8	1.696219e-01
3	8	9	7.260366e-01
3	9	0	7.956639e-01
3	9	1	8.916472e-01
3	9	2	1.194987e-01
3	9	3	4.498049e-01
3	9	4	4.689437e-01
3	9	5	3.332655e-01
3	9	6	7.121027e-01
3	9	7	7.294701e-01
3	9	8	8.327229e-01
3	9	9	1.410181e-01
4	0	0	6.474350e-01
4	0	1	8.785222e-01
4	0	2	2.130439e-01
4	0	3	8.050481e-02
4	0	4	2.384001e-02
4	0	5	7.724802e-02
4	0	6	8.466463e-01
4	0	7	7.943721e-01
4	0	8	3.472133e-01
4	0	9	1.506006e-01
4	1	0	8.837127e-01
4	1	1	6.649141e-01
4	1	2	1.057314e-01
4	1	3	8.193109e-01
4	1	4	2.132636e-01
4	1	5	3.913457e-01
4	1	6	4.220329e-01
4	1	7	6.500039e-01
4	1	8	8.597503e-01
4	1	9	5.916548e-01
4	2	0	3.760405e-01
4	2	1	6.554142e-01
4	2	2	4.833020e-01
4	2	3	4.955391e-01
4	2	4	1.052191e-01
4	2	5	9.522458e-01
4	2	6	8.288046e-01
4	2	7	8.173218e-01
4	2	8	6.817159e-01
4	2	9	6.615276e-01
4	3	0	9.583399e-01
4	3	1	3.291509e-01
4	3	2	5.400497e-01
4	3	3	1.713838e-01
4	3	4	4.096557e-01
4	3	5	5.638897e-01
4	3	6	2.486318e-01
4	3	7	2.563020e-01
4	3	8	3.582618e-01
4	3	9	5.958451e-01
4	4	0	4.069026e-01
4	4	1	2.419745e-01
4	4	2	2.607591e-01
4	4	3	5.126340e-01
4	4	4	6.128540e-02
4	4	5	4.740227e-01
4	4	6	9.039797e-01
4	4	7	4.833183e-01
4	4	8	1.240266e-01
4	4	9	7.637300e-01
4	5	0	7.497318e-02
4	5	1	5.000671e-01
4	5	2	4.191441e-01
4	5	3	5.582752e-01
4	5	4	9.956062e-01
4	5	5	5.243632e-01
4	5	6	5.105210e-01
4	5	7	8.244109e-01
4	5	8	3.416850e-01
4	5	9	1.922369e-01
4	6	0	4.859384e-01
4	6	1	3.000249e-01
4	6	2	5.213878e-01
4	6	3	2.598817e-02
4	6	4	4.714087e-01
4	6	5	9.310435e-01
4	6	6	5.898779e-01
4	6	7	7.200405e-01
4	6	8	1.873455e-01
4	6	9	9.481397e-01
4	7	0	3.158855e-01
4	7	1	5.942481e-01
4	7	2	1.901142e-01
4	7	3	5.766447e-01
4	7	4	1.068821e-01
4	7	5	2.513996e-01
4	7	6	5.066740e-02
4	7	7	1.086179e-02
4	7	8	7.347179e-01
4	7	9	1.746940e-01
4	8	0	7.745918e-01
4	8	1	8.096911e-01
4	8	2	6.747611e-01
4	8	3	1.937359e-01
4	8	4	3.679663e-01
4	8	5	6.703674e-01
4	8	6	7.180991e-01
4	8	7	8.784873e-01
4	8	8	4.947783e-01
4	8	9	5.978414e-02
4	9	0	7.072421e-02
4	9	1	9.807167e-01
4	9	2	3.598090e-01
4	9	3	5.921120e-01
4	9	4	6.704865e-03
4	9	5	8.312177e-01
4	9	6	5.231555e-01
4	9	7	5.965828e-01
4	9	8	5.512582e-01
4	9	9	7.105010e-01
5	0	0	5.447225e-01
5	0	1	8.671437e-01
5	0	2	3.047491e-01
5	0	3	7.348366e-01
5	0	4	4.437884e-01
5	0	5	4.116311e-01
5	0	6	9.862362e-01
5	0	7	4.944558e-01
5	0	8	4.224929e-01
5	0	9	7.209541e-01
5	1	0	6.691498e-01
5	1	1	1.970847e-01
5	1	2	5.306452e-01
5	1	3	3.439110e-01
5	1	4	3.908206e-01
5	1	5	8.986115e-01
5	1	6	1.427834e-02
5	1	7	1.089198e-01
5	1	8	7.770988e-01
5	1	9	5.090566e-01
5	2	0	1.687039e-01
5	2	1	8.478231e-01
5	2	2	4.897733e-01
5	2	3	5.285129e-01
5	2	4	4.399351e-01
5	2	5	4.964781e-01
5	2	6	3.597307e-01
5	2	7	9.630906e-01
5	2	8	9.306092e-02
5	2	9	9.109889e-01
5	3	0	6.735916e-01
5	3	1	6.377834e-01
5	3	2	7.781326e-01
5	3	3	9.783406e-01
5	3	4	3.726200e-01
5	3	5	2.219209e-01
5	3	6	3.899718e-01
5	3	7	3.588562e-01
5	3	8	7.163767e-01
5	3	9	8.124647e-01
5	4	0	7.981037e-02
5	4	1	3.855265e-01
5	4	2	9.549412e-03
5	4	3	6.104556e-01
5	4	4	7.294375e-01
5	4	5	4.003700e-01
5	4	6	5.090671e-01
5	4	7	7.437158e-01
5	4	8	5.092898e-01
5	4	9	2.861660e-01
5	5	0	2.527724e-01
5	5	1	6.779937e-01
5	5	2	1.339890e-01
5	5	3	7.425457e-01
5	5	4	2.065067e-01
5	5	5	5.739241e-01
5	5	6	2.390238e-01
5	5	7	5.662373e-01
5	5	8	5.370146e-01
5	5	9	3.320848e-01
5	6	0	4.772262e-01
5	6	1	2.106062e-01
5	6	2	9.698682e-01
5	6	3	2.553587e-01
5	6	4	1.889468e-01
5	6	5	3.424882e-01
5	6	6	4.772797e-01
5	6	7	5.789186e-01
5	6	8	7.013444e-01
5	6	9	1.936564e-01
5	7	0	3.913833e-01
5	7	1	7.811548e-01
5	7	2	5.791829e-01
5	7	3	4.009327e-01
5	7	4	3.916104e-01
5	7	5	3.086204e-01
5	7	6	8.013028e-01
5	7	7	9.006775e-01
5	7	8	5.233622e-02
5	7	9	3.105926e-01
5	8	0	1.868435e-01
5	8	1	3.051086e-01
5	8	2	9.885863e-01
5	8	3	3.208325e-01
5	8	4	4.765432e-02
5	8	5	1.950929e-01
5	8	6	8.947566e-01
5	8	7	2.866782e-01
5	8	8	7.613303e-01
5	8	9	4.317712e-01
5	9	0	6.187629e-01
5	9	1	2.385564e-01
5	9	2	6.423774e-01
5	9	3	5.886311e-01
5	9	4	4.939152e-01
5	9	5	8.313242e-01
5	9	6	9.311192e-01
5	9	7	9.711949e-01
5	9	8	4.102428e-01
5	9	9	6.324637e-01
6	0	0	1.648512e-01
6	0	1	8.016261e-01
6	0	2	4.136185e-01
6	0	3	7.440342e-01
6	0	4	2.025589e-01
6	0	5	8.052289e-01
6	0	6	5.265456e-02
6	0	7	3.861612e-03
6	0	8	7.059064e-01
6	0	9	1.049908e-01
6	1	0	3.144542e-01
6	1	1	8.927499e-01
6	1	2	4.100994e-01
6	1	3	3.030404e-01
6	1	4	2.135824e-01
6	1	5	4.577537e-01
6	1	6	4.981334e-01
6	1	7	1.083389e-01
6	1	8	7.444319e-01
6	1	9	2.594636e-01
6	2	0	5.401101e-01
6	2	1	3.631948e-01
6	2	2	4.980200e-01
6	2	3	1.824875e-01
6	2	4	9.518259e-01
6	2	5	9.919352e-01
6	2	6	1.381178e-02
6	2	7	8.829451e-01
6	2	8	9.631301e-01
6	2	9	4.240546e-01
6	3	0	5.154088e-01
6	3	1	1.279813e-01
6	3	2	2.256807e-01
6	3	3	9.290273e-01
6	3	4	8.720155e-01
6	3	5	4.282396e-01
6	3	6	7.342561e-01
6	3	7	9.246701e-01
6	3	8	4.321012e-01
6	3	9	4.401625e-01
6	4	0	2.966084e-02
6	4	1	7.465554e-01
6	4	2	3.329124e-01
6	4	3	4.397602e-01
6	4	4	4.959583e-02
6	4	5	5.464947e-01
6	4	6	8.975140e-01
6	4	7	5.477292e-01
6	4	8	6.548337e-01
6	4	9	6.419459e-01
6	5	0	8.071928e-01
6	5	1	1.949438e-01
6	5	2	5.140646e-03
6	5	3	3.052129e-01
6	5	4	3.774314e-01
6	5	5	9.569665e-01
6	5	6	2.971481e-01
6	5	7	3.912431e-01
6	5	8	8.399116e-01
6	5	9	2.602782e-01
6	6	0	8.152978e-01
6	6	1	3.553204e-01
6	6	2	3.882595e-01
6	6	3	4.097850e-02
6	6	4	2.843476e-01
6	6	5	2.602750e-01
6	6	6	4.692181e-01
6	6	7	1.860377e-02
6	6	8	1.849451e-01
6	6	9	9.013193e-01
6	7	0	4.587663e-01
6	7	1	2.146059e-01
6	7	2	6.478747e-01
6	7	3	7.916786e-01
6	7	4	6.543662e-01
6	7	5	6.974705e-01
6	7	6	3.381734e-01
6	7	7	5.518801e-01
6	7	8	2.451997e-01
6	7	9	9.930071e-01
6	8	0	1.938260e-01
6	8	1	5.239257e-02
6	8	2	1.879509e-01
6	8	3	1.989666e-01
6	8	4	3.576054e-01
6	8	5	5.653822e-01
6	8	6	1.559331e-01
6	8	7	6.547535e-01
6	8	8	9.566254e-01
6	8	9	9.958447e-01
6	9	0	9.150317e-01
6	9	1	7.719231e-01
6	9	2	3.511651e-01
6	9	3	3.032912e-01
6	9	4	8.129016e-01
6	9	5	6.355128e-01
6	9	6	5.635663e-01
6	9	7	2.821197e-01
6	9	8	6.541165e-01
6	9	9	7.485113e-01
7	0	0	1.834390e-01
7	0	1	1.128828e-01
7	0	2	9.631172e-01
7	0	3	8.313138e-01
7	0	4	9.045615e-01
7	0	5	6.174834e-01
7	0	6	5.287843e-01
7	0	7	2.427348e-01
7	0	8	1.693635e-01
7	0	9	7.739840e-01
7	1	0	2.357419e-01
7	1	1	3.631895e-01
7	1	2	8.263766e-01
7	1	3	4.236928e-01
7	1	4	5.621561e-01
7	1	5	1.839821e-01
7	1	6	9.890750e-01
7	1	7	7.180893e-01
7	1	8	8.387356e-01
7	1	9	9.457004e-01
7	2	0	7.139340e-01
7	2	1	7.537674e-01
7	2	2	7.176235e-01
7	2	3	6.509912e-02
7	2	4	5.705860e-02
7	2	5	5.305251e-01
7	2	6	7.006119e-01
7	2	7	6.206249e-01
7	2	8	8.126448e-01
7	2	9	3.547284e-01
7	3	0	3.691362e-01
7	3	1	9.960839e-01
7	3	2	4.676112e-01
7	3	3	3.322534e-01
7	3	4	8.273976e-01
7	3	5	3.721727e-01
7	3	6	9.497368e-01
7	3	7	3.561819e-01
7	3	8	6.149075e-01
7	3	9	1.191003e-01
7	4	0	1.301660e-01
7	4	1	8.506494e-01
7	4	2	4.822898e-01
7	4	3	9.565426e-01
7	4	4	2.743422e-01
7	4	5	4.444596e-02
7	4	6	1.405247e-01
7	4	7	2.634172e-01
7	4	8	7.625352e-01
7	4	9	9.792603e-01
7	5	0	2.091175e-01
7	5	1	4.764692e-01
7	5	2	7.330277e-01
7	5	3	9.267410e-01
7	5	4	5.415683e-01
7	5	5	7.900863e-01
7	5	6	4.572661e-01
7	5	7	2.421802e-01
7	5	8	4.107111e-01
7	5	9	2.699109e-01
7	6	0	5.969087e-01
7	6	1	7.798473e-01
7	6	2	2.659948e-01
7	6	3	6.451987e-02
7	6	4	1.121007e-01
7	6	5	9.339246e-02
7	6	6	4.366925e-01
7	6	7	6.183752e-02
7	6	8	4.495744e-01
7	6	9	5.160006e-02
7	7	0	1.809379e-01
7	7	1	5.797404e-01
7	7	2	9.022495e-01
7	7	3	6.632277e-01
7	7	4	5.362830e-01
7	7	5	1.765916e-01
7	7	6	7.076736e-01
7	7	7	6.768077e-01
7	7	8	4.400088e-01
7	7	9	4.702089e-01
7	8	0	6.560680e-01
7	8	1	6.491263e-01
7	8	2	9.466781e-01
7	8	3	3.890956e-01
7	8	4	5.758673e-01
7	8	5	4.882464e-01
7	8	6	1.791819e-01
7	8	7	3.313341e-02
7	8	8	7.304267e-01
7	8	9	5.898930e-01
7	9	0	3.030444e-01
7	9	1	3.273353e-01
7	9	2	3.697403e-01
7	9	3	5.690392e-01
7	9	4	3.918552e-01
7	9	5	4.818410e-01
7	9	6	6.624316e-01
7	9	7	8.285478e-01
7	9	8	5.436786e-01
7	9	9	1.120060e-01
8	0	0	8.801478e-01
8	0	1	7.246164e-01
8	0	2	6.917464e-01
8	0	3	7.823973e-01
8	0	4	3.878441e-01
8	0	5	2.280294e-01
8	0	6	9.589889e-01
8	0	7	9.551773e-02
8	0	8	9.048371e-01
8	0	9	3.989977e-01
8	1	0	5.657266e-01
8	1	1	5.609050e-01
8	1	2	4.812400e-02
8	1	3	5.124047e-01
8	1	4	9.500007e-01
8	1	5	6.239913e-01
8	1	6	6.511384e-04
8	1	7	1.291826e-01
8	1	8	6.571247e-01
8	1	9	7.310778e-01
8	2	0	7.190756e-01
8	2	1	9.601691e-01
8	2	2	5.841314e-02
8	2	3	8.881592e-02
8	2	4	5.292082e-01
8	2	5	4.502683e-01
8	2	6	5.706570e-01
8	2	7	1.916399e-01
8	2	8	2.788161e-01
8	2	9	1.143355e-01
8	3	0	3.036459e-01
8	3	1	1.589639e-01
8	3	2	8.389519e-01
8	3	3	9.953923e-01
8	3	4	9.413612e-01
8	3	5	2.267960e-01
8	3	6	2.234217e-01
8	3	7	9.003501e-01
8	3	8	3.223137e-01
8	3	9	1.282587e-01
8	4	0	2.993478e-01
8	4	1	8.880403e-01
8	4	2	6.891638e-01
8	4	3	3.474718e-01
8	4	4	4.004450e-01
8	4	5	6.391644e-01
8	4	6	9.714631e-01
8	4	7	4.010962e-01
8	4	8	7.683470e-01
8	4	9	6.285878e-01
8	5	0	1.321740e-01
8	5	1	4.874226e-01
8	5	2	5.887569e-01
8	5	3	1.905871e-01
8	5	4	5.762385e-01
8	5	5	1.179651e-01
8	5	6	6.408555e-01
8	5	7	1.468955e-01
8	5	8	3.096050e-01
8	5	9	9.196716e-01
8	6	0	2.612310e-01
8	6	1	6.132509e-01
8	6	2	7.863548e-02
8	6	3	1.001829e-01
8	6	4	6.086432e-01
8	6	5	1.999665e-02
8	6	6	3.269789e-01
8	6	7	8.320648e-01
8	6	8	9.203467e-01
8	6	9	6.492927e-01
8	7	0	9.603236e-01
8	7	1	2.196945e-01
8	7	2	5.373330e-01
8	7	3	6.494873e-01
8	7	4	5.671663e-01
8	7	5	9.377781e-01
8	7	6	2.886518e-01
8	7	7	5.386294e-01
8	7	8	3.388742e-01
8	7	9	5.699877e-02
8	8	0	1.672172e-01
8	8	1	4.710482e-01
8	8	2	5.444214e-01
8	8	3	7.559740e-01
8	8	4	6.616354e-01
8	8	5	1.206599e-01
8	8	6	8.739392e-01
8	8	7	3.024909e-01
8	8	8	2.675554e-01
8	8	9	1.835441e-01
8	9	0	2.221624e-01
8	9	1	5.287864e-01
8	9	2	7.967950e-01
8	9	3	3.007979e-01
8	9	4	6.289693e-01
8	9	5	4.054382e-01
8	9	6	3.207946e-01
8	9	7	9.559482e-01
8	9	8	2.375030e-01
8	9	9	2.411413e-01
9	0	0	6.052409e-01
9	0	1	1.978266e-01
9	0	2	4.608358e-01
9	0	3	1.425739e-01
9	0	4	8.473139e-01
9	0	5	2.800211e-02
9	0	6	8.035197e-02
9	0	7	1.359657e-01
9	0	8	5.666315e-01
9	0	9	4.192262e-01
9	1	0	1.929645e-01
9	1	1	7.338486e-01
9	1	2	8.902744e-01
9	1	3	7.373858e-01
9	1	4	4.898227e-01
9	1	5	5.519098e-01
9	1	6	8.580458e-01
9	1	7	3.637618e-01
9	1	8	8.544007e-01
9	1	9	1.256011e-01
9	2	0	5.473060e-01
9	2	1	7.656311e-02
9	2	2	6.543875e-01
9	2	3	3.441010e-01
9	2	4	3.773610e-01
9	2	5	2.833568e-01
9	2	6	7.495392e-01
9	2	7	6.981556e-01
9	2	8	2.393051e-01
9	2	9	9.870423e-01
9	3	0	9.392969e-01
9	3	1	8.445459e-01
9	3	2	1.848689e-01
9	3	3	4.001327e-01
9	3	4	9.871199e-01
9	3	5	3.218281e-02
9	3	6	4.281348e-01
9	3	7	6.747182e-02
9	3	8	1.681485e-01
9	3	9	9.947663e-01
9	4	0	4.866980e-01
9	4	1	3.611130e-01
9	4	2	7.286149e-01
9	4	3	3.769725e-01
9	4	4	9.849883e-02
9	4	5	2.184376e-01
9	4	6	9.288823e-01
9	4	7	9.565446e-01
9	4	8	5.821995e-01
9	4	9	7.832830e-01
9	5	0	8.214573e-02
9	5	1	1.295055e-01
9	5	2	8.598461e-01
9	5	3	7.365333e-01
9	5	4	4.736065e-01
9	5	5	2.372071e-01
9	5	6	1.989009e-02
9	5	7	2.231457e-01
9	5	8	9.353627e-01
9	5	9	2.591951e-01
9	6	0	2.101880e-01
9	6	1	8.746596e-01
9	6	2	1.037411e-01
9	6	3	3.950568e-01
9	6	4	2.747923e-01
9	6	5	9.086095e-02
9	6	6	4.272397e-01
9	6	7	7.029271e-01
9	6	8	1.583328e-01
9	6	9	5.953882e-01
9	7	0	6.976934e-01
9	7	1	6.450308e-01
9	7	2	9.565011e-01
9	7	3	4.263083e-01
9	7	4	2.200328e-02
9	7	5	5.499997e-02
9	7	6	6.447459e-01
9	7	7	9.508856e-01
9	7	8	1.154455e-02
9	7	9	2.269454e-01
9	8	0	7.341686e-01
9	8	1	9.369028e-02
9	8	2	3.564509e-01
9	8	3	5.940147e-01
9	8	4	8.302235e-01
9	8	5	8.300573e-01
9	8	6	8.312218e-01
9	8	7	8.501136e-01
9	8	8	5.320304e-02
9	8	9	7.665845e-01
9	9	0	1.093088e-01
9	9	1	2.633910e-01
9	9	2	6.412441e-01
9	9	3	2.130499e-01
9	9	4	6.584479e-01
9	9	5	9.160364e-01
9	9	6	3.039108e-01
9	9	7	8.568752e-02
9	9	8	6.189635e-01
9	9	9	4.622436e-01
