-3.956196e-01	-9.076305e-02	2.004257e+00	4.161348e-01	9.559248e-01	6.547399e-01	-2.941066e+00	1.908903e+00	5.907721e-01	-1.904642e+00
-5.040706e-01	2.940208e-01	7.292316e-01	3.984482e-01	1.437596e+00	1.120399e+00	-2.461939e+00	-2.611250e-01	-2.853754e-01	-1.718397e+00
1.020746e+00	-2.133852e-01	4.991333e-02	8.118001e-01	-1.350843e+00	7.156111e-01	1.771385e+00	5.872215e-01	-2.163384e-01	1.790905e+00
-1.492689e+00	1.872901e+00	-5.266847e-02	1.353691e+00	-1.159891e+00	4.383721e-01	1.169398e-01	3.251736e-01	-1.139582e+00	3.138994e-01
9.345736e-01	2.262819e+00	-1.005585e+00	4.102418e-01	-1.791121e+00	5.552400e-01	-1.277749e+00	1.172859e+00	6.968386e-01	-8.037107e-01
1.608366e+00	1.131591e-01	2.765479e-01	-8.437231e-01	1.664368e+00	6.217119e-01	9.295035e-01	-4.498750e-01	1.423034e+00	-5.667387e-02
-7.090506e-01	-3.981504e-02	2.262992e+00	-6.102498e-01	2.627427e+00	-2.137304e-02	-4.061472e+00	3.142470e-01	1.423113e+00	-3.360081e+00
1.254867e+00	9.962521e-01	-1.605167e+00	1.180542e+00	-8.343173e-01	1.875237e+00	3.445390e+00	6.876417e-01	-1.136432e+00	2.719499e+00
-9.945618e-01	1.261885e-01	2.021743e+00	-5.348377e-01	2.466866e+00	-2.832814e-01	-4.198737e+00	5.812744e-01	1.028130e+00	-3.540746e+00
-1.013917e+00	4.174700e-02	2.097855e+00	-5.650399e-01	2.497136e+00	-2.553728e-01	-4.304676e+00	4.937430e-01	1.026876e+00	-3.586039e+00
1.210057e-02	9.711957e-01	-1.000915e-01	9.534020e-02	7.637423e-01	8.131655e-01	3.899070e-01	3.060968e-01	-4.053788e-01	1.894763e-01
9.252723e-01	8.876213e-01	-5.948583e-01	4.735554e-01	-7.233534e-01	5.357179e-01	3.171651e+00	3.112395e-01	-4.706261e-01	2.415586e+00
7.725928e-01	2.157355e-01	7.741369e-01	1.076337e+00	-1.549809e+00	1.535776e+00	1.091684e+00	2.593248e+00	3.093188e-02	1.509357e+00
5.482209e-01	1.597745e-01	4.586531e-01	7.476378e-01	1.291827e+00	1.468158e-01	-3.899567e-02	-3.690022e-01	2.489310e-01	-6.987059e-01
1.386394e+00	1.275887e+00	7.768446e-01	-1.668117e+00	1.860560e-01	-5.739041e-01	2.868824e+00	-6.844897e-02	2.172577e+00	1.073021e+00
1.250573e+00	9.692946e-01	7.777173e-01	-1.334488e+00	6.764283e-01	-4.866665e-01	2.039165e+00	5.280579e-02	1.742869e+00	3.861955e-01
4.499643e-01	-1.613353e-01	8.037968e-01	-1.202475e+00	1.823040e+00	1.028783e+00	3.616020e-01	-6.470694e-01	2.639999e-01	1.599185e+00
-1.736441e-01	3.836023e-01	-1.250798e+00	2.618992e+00	8.448091e-01	2.181287e+00	-1.818107e+00	1.565970e+00	-2.084264e+00	-9.342415e-01
1.353043e+00	1.377943e+00	7.573179e-01	-1.880443e+00	1.204661e-01	-5.713246e-01	2.959581e+00	1.715757e-01	1.888081e+00	1.359401e+00
