2.903394e-02	8.646577e-02	-5.393804e-02	3.874845e-02	-1.552520e-02	-2.884975e-02	-2.287649e-02	6.758352e-02	-1.547288e-02	-4.824438e-02
2.796294e-02	6.778969e-02	-3.999016e-02	3.950416e-02	-1.824764e-02	-3.575105e-02	3.051505e-03	4.655572e-02	-1.212317e-02	-4.415160e-02
2.718284e-02	7.753741e-02	-3.953737e-02	3.403332e-02	-1.648882e-02	-4.257324e-02	-9.041962e-03	7.719293e-02	-2.364423e-02	-5.216173e-02
4.099904e-02	9.258463e-02	-5.508119e-02	3.782826e-02	-1.876432e-02	-4.740752e-02	-1.444004e-02	8.390418e-02	-2.749253e-02	-6.135665e-02
4.308637e-02	9.412385e-02	-5.490632e-02	3.683789e-02	-1.680438e-02	-4.857403e-02	-1.896386e-02	9.113676e-02	-3.156399e-02	-6.413860e-02
3.979138e-02	9.255040e-02	-5.137342e-02	4.588117e-02	-2.327692e-02	-5.720158e-02	-5.261029e-03	7.675017e-02	-2.345880e-02	-6.348526e-02
3.480137e-02	8.078638e-02	-4.297154e-02	3.741869e-02	-1.764436e-02	-4.985565e-02	-1.170460e-02	8.986508e-02	-2.911498e-02	-5.998138e-02
4.857852e-02	9.102043e-02	-5.527014e-02	3.774011e-02	-1.909777e-02	-5.399574e-02	-1.311763e-02	9.389491e-02	-3.193427e-02	-6.611555e-02
5.496781e-02	9.634838e-02	-5.975238e-02	3.767536e-02	-1.871176e-02	-5.511223e-02	-1.924268e-02	1.038933e-01	-3.773479e-02	-7.128508e-02
5.375054e-02	8.511970e-02	-5.522019e-02	5.042374e-02	-2.476988e-02	-6.153134e-02	-2.313357e-03	8.585057e-02	-3.131718e-02	-6.924802e-02
4.619784e-02	8.432342e-02	-5.120517e-02	4.038121e-02	-1.783310e-02	-5.530447e-02	-1.260564e-02	1.018579e-01	-3.477449e-02	-6.837059e-02
5.501277e-02	9.014214e-02	-6.555556e-02	4.347436e-02	-1.930243e-02	-5.206761e-02	-1.426446e-02	9.732853e-02	-3.099782e-02	-7.072186e-02
6.248217e-02	8.905703e-02	-6.665243e-02	4.513710e-02	-1.904062e-02	-5.205164e-02	-2.142590e-02	1.058307e-01	-3.701523e-02	-7.319087e-02
5.848648e-02	7.677839e-02	-5.687382e-02	5.515172e-02	-2.602827e-02	-5.991001e-02	-3.721742e-03	8.658443e-02	-2.842208e-02	-6.904668e-02
5.375201e-02	7.381372e-02	-5.153208e-02	4.499839e-02	-1.965158e-02	-5.459256e-02	-1.365398e-02	1.031672e-01	-3.493473e-02	-6.807289e-02
6.671096e-02	8.458162e-02	-6.548796e-02	4.907550e-02	-2.249767e-02	-5.589156e-02	-1.904681e-02	1.062770e-01	-3.483161e-02	-7.553693e-02
7.141865e-02	8.292846e-02	-6.885036e-02	5.325472e-02	-2.421154e-02	-5.374124e-02	-2.565467e-02	1.124831e-01	-3.875748e-02	-7.598660e-02
6.932563e-02	6.836507e-02	-5.590020e-02	6.398414e-02	-2.872840e-02	-6.256975e-02	-6.419578e-03	8.940242e-02	-3.283977e-02	-7.232035e-02
6.260373e-02	6.857520e-02	-4.881447e-02	5.117289e-02	-2.254911e-02	-6.016593e-02	-1.803545e-02	1.156074e-01	-4.150767e-02	-7.442141e-02
8.106281e-02	8.168276e-02	-6.622263e-02	5.634933e-02	-2.725788e-02	-6.324102e-02	-2.405391e-02	1.207465e-01	-4.272305e-02	-8.356454e-02
8.155851e-02	8.513437e-02	-6.967342e-02	5.980501e-02	-2.645157e-02	-6.208343e-02	-3.408333e-02	1.275994e-01	-4.594945e-02	-8.376300e-02
8.181953e-02	6.879087e-02	-5.971943e-02	6.986937e-02	-3.260669e-02	-6.815237e-02	-1.168712e-02	1.027539e-01	-3.986478e-02	-7.893702e-02
7.308698e-02	6.438642e-02	-4.961868e-02	5.727248e-02	-2.678391e-02	-6.372761e-02	-2.315839e-02	1.238907e-01	-4.568208e-02	-7.684432e-02
8.633050e-02	7.431490e-02	-6.841145e-02	6.863397e-02	-3.274617e-02	-6.140705e-02	-3.193549e-02	1.230842e-01	-4.194842e-02	-8.281710e-02
8.863943e-02	6.988570e-02	-6.675399e-02	6.916154e-02	-3.289633e-02	-5.770233e-02	-4.087626e-02	1.288854e-01	-4.301549e-02	-8.138278e-02
8.419873e-02	4.963386e-02	-5.171373e-02	7.849078e-02	-3.833908e-02	-6.508428e-02	-1.654971e-02	1.012757e-01	-3.309646e-02	-7.519011e-02
7.215230e-02	4.926641e-02	-4.490821e-02	6.712079e-02	-3.236083e-02	-5.658840e-02	-2.931340e-02	1.200506e-01	-3.884817e-02	-7.179287e-02
8.470804e-02	5.664587e-02	-6.366970e-02	7.628402e-02	-3.734299e-02	-5.166976e-02	-3.771385e-02	1.156898e-01	-3.479994e-02	-7.400396e-02
8.355694e-02	5.216685e-02	-6.289320e-02	7.766385e-02	-3.884672e-02	-4.534897e-02	-4.564419e-02	1.172098e-01	-3.465395e-02	-6.799610e-02
7.939404e-02	3.519162e-02	-5.048567e-02	8.803484e-02	-4.139552e-02	-5.415613e-02	-1.835712e-02	8.862133e-02	-2.823797e-02	-6.403572e-02
7.150384e-02	3.172898e-02	-4.018545e-02	7.441859e-02	-3.570378e-02	-5.129436e-02	-2.953113e-02	1.126100e-01	-3.679288e-02	-6.231189e-02
9.066101e-02	5.100996e-02	-5.962515e-02	8.079979e-02	-3.952047e-02	-5.523864e-02	-3.639956e-02	1.178295e-01	-4.133856e-02	-7.469084e-02
