-5.524642e-01	-2.779102e-01	7.041560e-01	-4.610208e-01	-1.728449e+00	2.578775e+00	-1.493590e+00	2.368857e-01	2.835459e+00	1.695380e+00
6.446285e-01	3.225345e-01	-4.278398e-01	1.992229e+00	-7.553466e-01	1.110095e+00	-1.954298e-01	4.640257e-01	2.042674e+00	6.865491e-01
1.505954e+00	-6.824793e-01	4.036112e-02	-3.599812e-01	-6.165537e-01	2.725384e+00	6.116720e-01	-5.113191e-01	9.383800e-01	1.624689e+00
1.284813e+00	-4.651848e-01	3.785956e-01	-6.102260e-01	-2.112833e-01	2.122864e+00	6.007208e-01	-1.848886e-01	7.540705e-01	8.656093e-01
1.371009e+00	-1.438544e+00	2.834238e-01	8.455356e-01	1.185425e+00	1.872063e+00	6.730342e-01	9.959467e-01	-1.180969e+00	1.029898e+00
1.622832e+00	-1.663923e+00	3.732677e-01	1.891102e-01	6.174787e-01	2.320424e+00	8.565087e-03	7.492944e-01	-1.048595e+00	1.521957e+00
1.145494e+00	-1.534894e+00	5.714845e-01	2.416219e-01	6.966946e-01	3.803665e+00	3.873091e-01	3.862907e-01	-9.628559e-01	5.511366e-01
-6.870151e-01	-2.061887e-01	2.831383e+00	-1.374415e+00	-8.955415e-02	2.768580e+00	1.702042e-02	7.038306e-01	1.114276e+00	-3.260609e-01
-8.482012e-01	3.304401e+00	-4.849361e-02	-9.157447e-02	-1.319761e+00	-2.122832e+00	-2.089331e-01	-3.829435e-01	6.932593e+00	3.610695e-01
1.670057e-01	-2.015570e+00	4.607357e-01	-6.295037e-01	-3.554825e-02	4.330408e+00	-2.087949e+00	4.534675e-02	2.393518e-01	1.846530e+00
1.103737e+00	3.949242e-01	-4.822098e-01	2.740747e-01	1.189960e+00	2.048721e-01	6.613563e-01	-4.568160e-01	1.320930e+00	1.094748e+00
1.428126e+00	-1.442327e+00	3.721476e-01	2.054672e-01	-3.643805e-01	2.571304e+00	2.360113e-01	1.627987e-01	-3.257021e-01	1.745445e+00
1.444112e+00	-1.933859e+00	7.172143e-01	7.187731e-01	1.923401e+00	3.720825e+00	1.358533e+00	3.083824e-01	-2.472062e+00	1.597345e-01
1.341411e+00	1.607890e-01	3.257238e+00	-9.640241e-01	9.892392e-01	2.007912e+00	3.039636e+00	-4.198877e-01	-1.023341e+00	-1.382686e+00
1.247403e+00	-1.926194e+00	2.360770e+00	4.754077e-01	9.536995e-01	4.326906e+00	3.248665e+00	3.946580e-01	-3.027549e+00	1.269488e-01
2.957066e-01	-1.629286e+00	-7.281110e-03	7.525575e-01	2.666297e-01	3.112364e+00	-1.458971e+00	1.622985e-01	1.312854e-01	2.140925e+00
1.667455e+00	-1.566583e+00	5.949634e-01	-6.637566e-02	-8.851920e-02	2.841401e+00	4.733502e-01	1.755469e-01	-7.437869e-01	1.935482e+00
-5.387443e-01	2.563146e+00	1.584851e+00	-2.175606e-01	-2.825115e+00	-2.563113e-01	8.009662e-01	8.791021e-01	5.099024e+00	-7.920031e-01
1.702879e-01	-1.487669e+00	3.566084e+00	-1.155453e+00	-8.856262e-01	5.161182e+00	1.356366e+00	8.719179e-01	-1.311109e+00	-8.553665e-01
4.943246e-01	-9.760198e-01	2.184291e+00	-9.653315e-01	-9.116488e-01	2.906277e+00	7.505905e-01	1.347151e+00	1.126102e-02	1.025074e-01
1.014252e+00	-7.011227e-01	-3.643093e-01	6.497289e-01	1.162341e-01	9.210769e-01	-2.381424e-01	1.836416e+00	1.004758e+00	1.408544e+00
1.246031e+00	-3.566176e-01	-4.764522e-01	1.444245e-01	-3.960953e-01	5.937707e-01	-9.936458e-01	1.417583e+00	1.846025e+00	1.673421e+00
4.976406e-01	1.656108e+00	-1.141488e+00	1.442988e+00	-1.364928e+00	-1.580149e+00	2.285791e-01	1.452709e+00	4.248306e+00	1.252171e+00
-4.431092e-02	-1.030001e+00	7.049796e-01	5.816199e-01	1.057248e+00	3.245278e+00	-3.215606e-01	2.746286e-01	-6.266688e-01	1.000234e+00
7.532176e-01	-1.994154e+00	1.018513e+00	4.411799e-01	4.235121e-01	2.700432e+00	-2.119949e-01	1.934468e+00	-9.504199e-01	4.318942e-01
1.340566e+00	-4.534513e-01	-4.230272e-01	7.518257e-02	-8.069473e-01	1.320943e+00	-1.607518e-01	1.057025e+00	1.499427e+00	2.091665e+00
1.391401e+00	-2.888244e+00	1.256521e+00	2.554964e-01	6.395231e-01	4.307874e+00	-4.012637e-01	1.557645e+00	-2.367013e+00	1.352691e+00
2.745051e-01	2.196882e+00	-4.288179e-01	4.442847e-02	-3.501240e+00	-1.233872e+00	-7.555750e-02	6.887556e-01	6.398703e+00	1.436166e+00
-1.029388e+00	2.913282e+00	7.460772e-01	8.313781e-01	-6.070828e-01	-1.947008e+00	9.877285e-01	-1.359928e-02	5.436453e+00	-1.069668e-01
8.747983e-01	-1.880092e+00	8.196448e-01	3.953524e-01	-6.785727e-02	3.285025e+00	2.285302e-02	1.735573e+00	-1.055400e+00	1.218571e+00
-8.672612e-01	1.097024e-01	-9.460099e-01	-2.000324e+00	-4.427714e+00	2.659426e+00	-2.705035e-01	7.994544e-01	3.481383e+00	1.861871e+00
1.243678e+00	-2.161744e+00	1.940570e+00	1.326676e+00	6.797652e-01	4.046163e+00	1.291040e+00	2.238817e-01	-2.463803e+00	9.127308e-02
5.734481e-01	8.308506e-01	2.080499e-01	1.136877e+00	9.014222e-01	1.223761e+00	1.898258e+00	-1.086609e+00	1.259368e+00	-1.546957e-01
1.391049e+00	1.290891e+00	-6.934580e-01	7.899912e-01	-6.465093e-01	-3.095881e-01	1.316444e+00	-7.694371e-01	2.997730e+00	1.035546e+00
2.626379e-01	1.956487e-01	-2.299214e-01	7.360356e-01	4.344793e-01	1.228797e+00	5.014014e-02	-3.735215e-01	2.188784e+00	9.405820e-01
-2.568525e-01	-2.457621e+00	1.881260e+00	-6.325154e-01	1.309509e+00	4.454108e+00	-1.126306e+00	5.802272e-01	-1.230872e+00	1.200444e+00
-3.712678e-01	-1.968409e+00	9.014640e-01	-2.436087e-01	5.400615e-01	3.664283e+00	-1.930494e+00	9.599033e-01	-2.597772e-02	1.290084e+00
2.051677e+00	7.224011e-01	1.436916e+00	2.078129e+00	3.114959e+00	-4.019412e-02	5.166237e+00	-1.818191e+00	-1.889402e+00	-1.595465e+00
4.948454e-01	-4.139555e-01	1.223073e+00	2.485697e-01	2.426757e+00	3.392639e-01	1.364043e+00	-2.024977e-01	2.582365e-01	2.077155e-01
1.771552e-02	6.178213e-01	-1.230426e+00	4.073041e-01	-7.172659e-01	-4.228352e-01	-1.601509e+00	7.310092e-01	4.079629e+00	2.545950e+00
3.877786e-02	-1.604311e+00	2.731890e-01	1.096244e+00	1.590564e+00	2.856471e+00	-1.271574e+00	-2.752792e-01	-4.946847e-01	1.600819e+00
-5.225395e-01	5.769357e-01	8.469752e-01	2.193873e-01	-6.458269e-01	1.622218e+00	-5.886129e-01	-9.250893e-01	3.510773e+00	5.688434e-01
1.440432e+00	-1.027587e+00	-1.274607e-01	-3.674448e-01	-4.133172e-01	2.564825e+00	-1.869006e-01	6.519927e-02	8.729873e-01	1.673016e+00
1.293694e+00	-8.153786e-01	1.317002e+00	1.662907e+00	1.403252e+00	3.006987e+00	2.338935e+00	-7.052235e-01	-1.479094e+00	-8.465633e-01
6.437049e-01	9.043323e-01	-2.526957e-01	3.007796e-01	1.612786e-01	3.467142e-01	8.140240e-01	9.885855e-01	2.250284e+00	7.009697e-02
1.221147e+00	-1.771260e-02	1.233831e+00	1.395974e+00	6.244402e-01	1.936478e+00	2.934258e+00	-1.134584e+00	-2.535164e-01	-6.323388e-01
1.107865e+00	-2.058683e+00	2.161364e-01	1.440072e+00	2.232273e-02	3.121624e+00	-5.674088e-01	1.205934e+00	-1.043907e+00	1.548774e+00
1.188406e+00	-1.770440e+00	8.160904e-01	8.007051e-01	8.222120e-01	1.959974e+00	3.852410e-01	1.317509e+00	-9.289435e-01	4.943431e-01
6.425943e-01	2.812689e-01	-7.845834e-01	1.174006e+00	-1.004172e+00	7.685822e-01	-1.068242e+00	8.107851e-01	2.931439e+00	9.830816e-01
1.444400e+00	-5.757450e-01	1.518273e+00	-4.102635e-01	-1.549277e-01	2.669802e+00	8.515460e-01	-9.708562e-01	1.990699e-02	5.395810e-01
-2.099309e-01	3.279702e-01	1.717362e+00	-4.752785e-01	7.016348e-01	1.016521e+00	5.981904e-01	4.369843e-01	1.753095e+00	2.310409e-02
-2.579638e-02	-2.598988e-01	-1.604947e-01	3.226626e-01	5.849753e-01	3.925233e-01	-1.634714e+00	8.711168e-01	2.064785e+00	1.556467e+00
-9.415011e-01	-1.007012e+00	3.357648e+00	-1.543579e+00	1.864554e-01	3.400595e+00	-4.120543e-01	1.416059e+00	3.551082e-01	-5.117110e-01
1.145214e+00	-1.509288e+00	6.555213e-01	-4.919719e-01	-6.938705e-01	3.051238e+00	-4.567484e-01	4.962433e-01	1.223285e-01	1.560009e+00
1.059410e+00	-1.247481e+00	4.587581e-01	-1.079235e+00	-1.472368e+00	2.830338e+00	-5.912573e-01	7.083601e-01	1.271352e+00	1.868476e+00
1.217684e+00	-2.577738e+00	1.446420e+00	-4.685227e-03	5.097167e-01	4.355469e+00	4.901187e-01	9.516041e-01	-2.075252e+00	8.645651e-01
7.934799e-01	-6.144592e-01	1.288168e+00	9.601949e-01	-6.947602e-02	1.437714e+00	9.917957e-01	1.942157e+00	3.944085e-01	1.693396e-01
9.832980e-01	-3.250842e+00	1.898657e+00	-1.456383e-01	-1.952104e-01	5.724417e+00	-1.915875e-01	1.145693e+00	-2.459927e+00	1.138368e+00
2.525013e-01	2.693342e+00	-5.575978e-01	1.629968e+00	-2.304610e+00	-2.531340e+00	9.342733e-01	1.254514e+00	5.833787e+00	5.525398e-01
4.620248e-01	-9.340473e-01	-7.133550e-01	3.188876e-01	1.092067e+00	1.344297e+00	-1.064316e+00	1.246386e-01	9.918626e-01	2.428329e+00
1.247530e+00	-1.373242e+00	4.254992e-01	-5.293596e-01	-1.016227e-01	2.207899e+00	-7.645923e-01	1.384686e+00	1.933510e-01	1.891552e+00
-2.556573e-01	2.843103e+00	-8.513760e-01	1.044217e+00	-1.835078e+00	-2.755793e+00	4.110314e-02	3.391043e-01	7.015901e+00	1.170548e+00
-8.053730e-01	-9.553792e-01	2.899139e+00	-1.537454e+00	-9.612021e-02	3.893483e+00	-1.111398e+00	-1.615398e-01	7.587009e-01	1.601004e-01
1.581525e+00	2.847282e-01	5.837187e-01	4.705529e-01	1.850054e-01	8.019717e-01	1.855888e+00	-7.011978e-01	5.956009e-01	8.422293e-01
6.720766e-01	3.541530e-01	2.275926e-01	7.186157e-01	-3.100722e-01	-1.760306e-01	1.346523e-01	1.809650e+00	2.268466e+00	4.021121e-01
3.404598e-01	-1.416113e+00	3.242064e+00	-1.014019e+00	-4.517087e-01	4.933900e+00	1.340579e+00	6.177998e-01	-1.312137e+00	-9.044523e-01
1.396379e+00	-8.057619e-01	2.044333e+00	5.604756e-01	1.429231e+00	1.197996e+00	2.784044e+00	1.422484e+00	-1.298611e+00	-4.007778e-01
6.698866e-01	-1.321883e+00	1.403807e+00	-2.069491e+00	-2.942602e+00	4.094209e+00	3.546514e-01	7.006283e-01	1.247452e+00	2.132025e+00
1.157838e+00	-1.875929e+00	1.271364e-01	1.291779e+00	-5.436606e-02	3.027593e+00	-5.708981e-01	8.213150e-01	-7.003472e-01	1.583075e+00
2.956674e-01	-2.996542e-01	4.643199e-01	1.693906e-01	-1.436764e+00	1.544304e+00	-4.713150e-01	1.799867e+00	2.190026e+00	8.327875e-01
8.292913e-01	-1.761067e+00	2.462683e+00	-7.082724e-01	-2.125607e-01	3.870569e+00	8.341108e-01	1.606884e+00	-1.411196e+00	2.134472e-01
8.081524e-01	-9.038568e-01	5.403293e-01	6.744896e-01	-3.699020e-02	2.942814e+00	6.914010e-01	-1.571736e-01	-1.209781e-02	1.588588e+00
1.620691e+00	3.275331e-01	8.584866e-02	3.429323e-01	8.582733e-01	1.121836e-01	1.149178e+00	1.306059e-01	5.500729e-01	8.251496e-01
1.012771e+00	-1.678290e+00	1.236485e+00	9.971295e-01	6.981217e-01	3.547991e+00	9.348007e-01	2.921607e-01	-1.727592e+00	2.977613e-01
1.342215e+00	3.738305e-02	-4.461749e-01	-2.144202e-01	-5.099550e-01	1.653004e+00	3.259101e-01	-7.447557e-01	1.376600e+00	1.565961e+00
1.670668e+00	-3.193091e-01	2.865542e+00	1.768960e+00	2.582801e+00	1.978394e+00	5.399314e+00	-1.254279e+00	-2.859872e+00	-2.008970e+00
9.886511e-01	-1.827000e+00	9.823609e-01	1.681443e+00	1.415997e+00	2.989769e+00	1.209461e+00	3.548666e-01	-2.257511e+00	-2.544391e-01
1.243997e+00	-3.188292e-01	2.692468e-01	-6.610943e-01	-1.368963e+00	2.229381e+00	1.512039e-01	-5.535370e-02	2.118725e+00	1.466049e+00
1.569287e+00	-1.360456e+00	1.721068e-01	-1.368648e-01	1.734365e-01	2.114975e+00	5.720133e-01	7.460110e-01	-5.808268e-01	1.973907e+00
1.441710e+00	-9.694647e-01	2.050399e+00	1.281189e+00	1.170136e+00	2.443651e+00	3.494825e+00	-7.062870e-01	-1.756761e+00	-7.042842e-01
-5.674935e-01	-2.309109e+00	2.195792e+00	-5.280248e-01	6.385240e-01	4.688789e+00	-1.293571e+00	3.954359e-01	-1.080208e+00	1.039007e+00
1.204816e+00	-4.970196e-01	7.498327e-01	1.466153e+00	8.569587e-01	2.494908e+00	2.179561e+00	-9.306422e-01	-4.779575e-01	-3.875093e-01
1.490235e+00	2.428070e-01	1.976468e+00	1.274609e+00	1.671577e+00	1.717965e+00	4.364644e+00	-1.540465e+00	-1.333076e+00	-1.368071e+00
1.093999e-01	-2.701913e+00	1.389103e+00	2.574612e-02	2.510393e+00	4.277306e+00	-8.634486e-01	6.765054e-01	-2.318961e+00	1.166220e+00
-7.738848e-01	3.097735e+00	-2.000385e-01	1.191758e+00	-1.292172e+00	-1.419934e+00	4.425015e-01	-3.684508e-01	6.065001e+00	-9.716239e-02
1.226010e+00	-1.985627e+00	8.180631e-01	-4.746351e-01	-9.407473e-01	3.383651e+00	-6.032516e-01	1.111950e+00	7.935999e-02	1.908729e+00
6.372919e-01	-4.496079e-01	-5.933222e-02	1.684715e+00	7.118709e-02	2.923704e+00	-1.291752e-01	-2.648245e-01	1.093246e-01	5.630416e-01
-5.875901e-02	2.254729e+00	-1.931335e-01	1.108288e+00	-2.746471e+00	-1.664020e+00	5.835744e-02	1.435918e+00	5.619166e+00	5.867371e-01
1.267736e+00	-2.331211e-01	2.395272e+00	4.165158e-01	1.226252e+00	1.307382e+00	3.856459e+00	5.111464e-01	-1.234130e+00	-8.633907e-01
5.013952e-01	-2.604796e+00	2.005929e+00	-9.207315e-01	-4.628070e-01	5.114644e+00	-1.080774e-01	1.774809e+00	-1.862212e+00	7.689915e-01
1.158802e+00	-8.284923e-01	1.503051e+00	1.456658e+00	2.232791e+00	1.948960e+00	3.466962e+00	-6.405587e-01	-2.109652e+00	-1.510938e+00
8.913588e-01	-1.522391e-01	-3.758693e-01	1.055464e+00	-7.499510e-01	8.816075e-01	3.087903e-01	1.160484e+00	1.492916e+00	1.533948e+00
7.385703e-01	-1.426984e-01	1.961881e-01	1.065481e+00	-8.094094e-01	1.596779e+00	-5.401283e-02	5.990997e-01	1.959878e+00	6.038206e-01
1.291249e+00	1.030597e-01	5.484611e-01	-4.686368e-01	-2.426160e-01	1.128058e+00	9.475515e-01	8.111572e-02	1.533631e+00	6.460123e-01
1.032510e+00	-9.202631e-02	6.452073e-01	-2.086464e-01	-1.279410e-01	1.329466e+00	6.763095e-01	6.154955e-01	1.046927e+00	4.750256e-01
6.491599e-01	-1.281915e+00	4.066057e+00	-6.188126e-01	2.847424e-01	3.476480e+00	1.908460e+00	1.506563e+00	-1.600720e+00	-1.308793e+00
6.745572e-01	-2.891745e+00	2.051525e+00	-7.551647e-01	-5.398057e-01	5.551565e+00	-2.995250e-01	1.038165e+00	-2.214049e+00	1.068096e+00
8.074420e-01	-2.680593e+00	1.133739e+00	5.610671e-01	-3.968721e-03	4.464684e+00	-5.359561e-01	1.635822e+00	-1.891036e+00	1.230181e+00
5.496596e-01	4.766467e-01	2.458788e-01	-5.121473e-02	1.152178e+00	4.241690e-01	5.349568e-02	-3.925991e-01	1.773222e+00	1.024259e+00
1.614165e+00	-1.607967e+00	2.295611e+00	5.656751e-01	2.069785e+00	4.060391e+00	3.125649e+00	-6.264150e-01	-2.829594e+00	-8.714489e-01
1.064417e+00	-8.867150e-02	2.662578e+00	-1.387970e-01	1.694949e+00	2.963095e+00	3.899213e+00	-3.793373e-01	-1.439331e+00	-1.774147e+00
-4.123846e-01	-8.729145e-01	1.889505e-01	-3.433663e-01	8.369934e-01	2.117528e+00	-1.607276e+00	1.143380e+00	1.141571e+00	1.638317e+00
1.079026e+00	-7.938163e-01	9.388109e-01	-2.457308e-01	-6.352429e-01	3.037917e+00	3.491987e-01	-1.834275e-01	3.425359e-01	9.542959e-01
1.135759e+00	-2.236290e+00	1.214718e+00	8.140359e-01	6.875560e-01	3.887991e+00	6.287709e-01	1.292505e+00	-2.235305e+00	8.617862e-01
4.616678e-01	-1.233548e+00	1.936764e+00	-1.228028e+00	3.411738e-01	4.585498e+00	3.404761e-01	-3.265413e-01	-8.628549e-01	1.585954e-01
5.002708e-01	-1.674220e+00	3.471998e+00	-9.625526e-01	1.082682e-01	6.127375e+00	1.949460e+00	-3.811395e-01	-2.031875e+00	-1.075675e+00
-1.425819e+00	2.766181e+00	-8.833085e-02	5.617969e-01	-2.798737e+00	-1.949835e+00	-1.738324e+00	1.237964e+00	7.353109e+00	1.032389e+00
1.054943e+00	-2.414917e+00	2.793859e-01	1.305654e-01	1.368501e+00	3.330783e+00	-4.384179e-01	1.918144e+00	-2.564650e+00	1.267546e+00
1.148791e+00	7.067058e-01	4.808610e-01	9.949555e-01	8.381308e-01	6.703299e-01	2.223594e+00	1.581503e-01	9.266715e-01	-2.577803e-01
3.030242e-01	-1.662775e+00	2.344962e+00	-4.709536e-01	-5.317756e-01	4.172872e+00	-1.794070e-01	1.218080e+00	-1.052530e+00	-1.670739e-01
8.043593e-01	-6.395078e-01	-3.859860e-01	9.589697e-01	-2.708074e-01	1.583466e+00	-2.545735e-01	1.229634e+00	6.738178e-01	1.473460e+00
2.590422e-01	2.802872e+00	-1.141641e+00	1.654708e+00	-2.354531e+00	-2.468327e+00	5.841138e-01	1.190586e+00	5.937075e+00	1.009697e+00
8.677930e-01	-2.670825e+00	1.306956e+00	5.592259e-02	-6.184436e-02	4.927149e+00	1.508297e-01	1.128477e+00	-2.162486e+00	1.233598e+00
2.184432e-01	1.114273e+00	-2.537418e-01	1.187806e+00	-2.035396e+00	-9.051095e-03	-1.939513e-01	1.124500e+00	3.776315e+00	1.026860e+00
-5.683303e-01	4.367288e-01	2.012764e+00	-9.298138e-01	-2.477178e-02	2.691075e+00	6.983170e-01	-5.375697e-01	1.658369e+00	-6.534483e-01
1.038797e+00	-1.312240e+00	7.211302e-01	4.141284e-01	3.524317e-01	3.128108e+00	1.027251e+00	4.304170e-01	-9.342338e-01	9.836224e-01
1.054096e+00	-8.475455e-01	1.337500e-01	4.669868e-01	-1.747077e-01	2.518774e+00	-3.777495e-01	6.441285e-01	8.633711e-01	8.870628e-01
2.564751e-01	-1.746268e+00	2.865586e+00	-1.105875e+00	-1.274310e+00	5.111972e+00	3.092292e-01	1.082991e+00	-8.223668e-01	-1.999777e-02
1.627525e+00	-1.239459e+00	2.205272e+00	1.112696e+00	2.198520e+00	2.162420e+00	3.051192e+00	-5.148412e-01	-2.635641e+00	-1.149187e+00
-6.152812e-02	-1.336092e+00	2.966972e+00	-1.128685e+00	-2.161820e+00	4.124628e+00	-6.052910e-01	1.677993e+00	7.993373e-01	8.483373e-02
1.361240e+00	-3.934429e-01	1.121517e-01	7.749471e-01	-2.612278e-02	1.486540e+00	-4.034777e-01	-2.804842e-01	7.562596e-01	9.242859e-01
9.580204e-01	-8.222847e-01	3.161442e+00	-1.420073e+00	8.796186e-02	3.301200e+00	2.118116e+00	3.027452e-01	-1.250659e+00	-6.304931e-01
7.954276e-01	6.457541e-02	-1.941324e-01	3.599884e-01	-9.547261e-01	6.902620e-01	-9.757745e-03	9.775808e-01	1.982404e+00	1.404946e+00
9.729355e-01	-5.546618e-01	3.539473e-01	1.710253e+00	1.288792e+00	2.058165e+00	1.654164e+00	-5.103923e-01	-4.385634e-01	-7.223870e-01
4.590457e-01	2.512971e+00	-3.301382e-01	8.304844e-01	-2.968752e+00	-2.108209e+00	1.344869e+00	9.939121e-01	6.043581e+00	1.155217e+00
9.883782e-01	-1.796491e+00	1.730139e+00	2.665674e-03	1.719375e+00	3.869565e+00	2.023148e+00	1.329060e+00	-2.930216e+00	-1.313767e-01
-7.715045e-01	-1.471609e+00	2.278386e+00	-1.401310e+00	-4.323469e-01	4.273257e+00	-1.136723e+00	6.918791e-01	5.061087e-01	9.080310e-01
-1.711069e-01	3.873311e-01	1.213748e+00	-7.390687e-01	-1.053664e+00	2.117382e+00	7.284829e-02	1.042039e-01	2.640840e+00	3.136352e-01
7.348103e-01	-8.284359e-01	7.616221e-01	1.697908e+00	5.336643e-02	2.179932e+00	8.315116e-01	5.179981e-01	-4.183230e-01	1.664177e-01
2.158352e-01	3.399639e-01	-1.764628e-01	2.648875e-02	5.215167e-01	1.232151e+00	-6.423922e-01	1.801505e-01	1.779952e+00	8.941131e-01
1.500419e+00	-3.622533e-02	1.432172e+00	2.147068e-01	8.540565e-01	2.585712e+00	2.861870e+00	-1.731813e+00	-2.941436e-01	-6.191510e-01
-7.677275e-02	-4.393185e-01	-1.406837e-01	5.194560e-01	5.338312e-01	1.552299e+00	-1.290279e+00	-3.722528e-01	1.956439e+00	1.703250e+00
1.289676e+00	-3.457420e-01	-8.861528e-01	5.936263e-01	-4.253094e-01	2.269160e-02	-5.264428e-01	1.287702e+00	1.596103e+00	2.077149e+00
4.817923e-01	1.292177e+00	1.660617e+00	3.556298e-01	1.316736e+00	1.091077e+00	3.769464e+00	-1.319339e+00	1.285628e+00	-7.449420e-01
9.188319e-01	1.651509e+00	-1.002160e+00	1.797030e+00	-3.891686e-01	-1.311227e+00	1.080293e+00	2.160034e-01	3.176083e+00	7.156278e-01
9.261098e-01	-2.548162e+00	1.413990e+00	1.388526e-01	2.347768e-02	4.130062e+00	-2.311614e-01	1.857007e+00	-1.556395e+00	9.967791e-01
9.146391e-01	-1.237357e+00	1.734731e+00	-1.905023e-02	2.423571e+00	1.785873e+00	1.251938e+00	-9.652927e-02	-1.251574e+00	7.752735e-01
8.340417e-01	1.499211e-01	-1.225889e-01	9.893153e-01	-6.479274e-01	1.539354e+00	3.876269e-01	2.488495e-01	2.025313e+00	6.056941e-01
9.475276e-01	-7.007948e-01	7.064020e-01	1.619804e+00	1.663217e+00	2.150553e+00	1.761187e+00	-3.722178e-01	-1.024628e+00	-1.117683e+00
9.842625e-01	-6.497316e-01	3.030374e-01	1.301707e+00	7.109833e-01	2.257646e+00	3.465827e-01	-1.288574e-01	-1.098345e-01	-1.839451e-01
7.405146e-01	-9.759977e-01	1.860869e+00	-1.036291e+00	-9.111182e-01	3.852609e+00	6.810786e-02	6.563007e-01	3.124391e-01	3.450744e-01
1.431962e+00	1.489978e-01	8.241577e-01	1.871831e+00	1.599292e+00	1.564991e+00	3.343952e+00	-1.114720e+00	-8.639741e-01	-8.325003e-01
1.223652e+00	-1.274603e+00	1.496820e+00	-1.049437e+00	-7.306090e-01	2.988610e+00	8.720204e-01	2.508403e-01	-5.064834e-01	1.333352e+00
-6.209125e-01	-7.156111e-01	3.391913e-01	-6.534387e-02	-1.931102e-01	2.512187e+00	-1.972657e+00	4.064816e-01	2.069781e+00	1.770523e+00
1.758081e-01	-1.221362e+00	1.931878e+00	-9.946952e-01	-1.307947e+00	4.392798e+00	-8.917937e-01	4.185238e-01	7.446012e-01	7.988709e-01
1.528231e+00	-1.583701e+00	1.313190e+00	7.928708e-01	1.418834e+00	2.818631e+00	1.914874e+00	-3.423657e-01	-2.193358e+00	1.877877e-01
1.639426e+00	-5.343159e-01	-2.997238e-01	-5.590664e-02	-5.814990e-01	2.224513e+00	4.739919e-01	-7.638668e-01	1.267028e+00	1.832205e+00
-4.810677e-01	-9.106023e-01	4.083261e+00	-1.062568e+00	2.127169e-01	4.121503e+00	1.515837e+00	-1.397505e-01	-7.008380e-01	-1.115763e+00
2.862748e-01	2.108599e+00	-5.109254e-01	2.058699e+00	-1.920239e+00	-1.066739e+00	7.961403e-01	6.215460e-01	4.676054e+00	4.391128e-01
1.071233e+00	-2.029325e+00	3.255976e-01	4.754921e-01	6.733556e-01	3.870467e+00	-1.626098e-01	8.864058e-01	-1.682615e+00	1.222290e+00
6.296473e-01	-2.164457e+00	8.264182e-01	1.568075e-01	-1.892356e-01	3.895762e+00	-4.910831e-01	1.619903e+00	-1.449620e+00	1.199644e+00
5.965553e-02	-1.851484e+00	3.553395e-01	5.558514e-02	9.657813e-01	3.311111e+00	-1.380836e+00	1.431249e-01	-1.851187e-01	1.918348e+00
1.593720e-01	1.296050e-01	9.334168e-01	5.081594e-01	7.304803e-01	1.102782e+00	8.864986e-01	-1.972276e-01	1.429053e+00	7.396428e-01
1.326241e+00	-1.235756e+00	-1.488570e-01	4.806416e-01	2.613641e-01	3.097395e+00	-9.800452e-03	3.468549e-01	-2.726371e-01	1.435687e+00
6.019194e-01	-2.228224e+00	1.528850e+00	-4.414291e-01	-6.566311e-01	4.602610e+00	-3.186356e-01	1.463943e+00	-1.091569e+00	1.216716e+00
7.473560e-01	-9.406884e-01	5.634124e-01	1.851048e+00	8.344151e-01	1.483089e+00	7.088198e-01	7.687736e-01	-5.822919e-01	-3.270659e-01
1.146307e+00	-9.424529e-01	1.367199e+00	1.553045e+00	2.163790e+00	2.205882e+00	2.968685e+00	-2.295744e-01	-2.523927e+00	-1.130073e+00
1.130107e+00	-1.308133e+00	1.601411e+00	1.202092e+00	1.404576e-01	3.162071e+00	1.742836e+00	7.719062e-02	-1.117908e+00	1.541277e-01
1.455888e+00	-8.941754e-01	1.384151e+00	1.527769e+00	1.521684e+00	1.975345e+00	3.129924e+00	-6.216813e-01	-1.949947e+00	-5.301043e-01
1.067464e+00	-1.638337e+00	2.403540e-01	4.399847e-01	2.428657e-01	3.906050e+00	-3.513380e-01	2.420370e-01	-8.619773e-01	1.145333e+00
-5.097174e-02	-9.702036e-01	2.796340e+00	-1.506770e+00	-1.465837e+00	4.487472e+00	7.699992e-01	2.080843e-01	4.592447e-01	-2.386919e-01
2.788152e-01	1.602994e-01	7.934562e-01	-9.981088e-01	7.504381e-01	9.596170e-01	7.946283e-01	7.546756e-01	1.425872e+00	5.297173e-01
1.231479e+00	-7.854345e-01	1.839554e+00	1.093988e+00	1.648335e+00	2.629313e+00	2.772190e+00	-8.605937e-01	-1.698416e+00	-1.302002e+00
5.570241e-01	-7.941110e-01	1.219383e+00	-3.186125e-01	1.480763e+00	2.657758e+00	-5.072567e-02	1.216690e-02	-5.817532e-02	-9.687629e-02
4.198202e-01	2.513359e+00	-5.109062e-01	1.644062e+00	-1.793678e+00	-1.444482e+00	1.052007e+00	2.666652e-01	5.483949e+00	7.860106e-02
-1.759608e-02	-1.242539e-01	-7.472182e-01	1.251723e+00	3.216357e-01	2.221845e+00	-1.038661e+00	-1.844024e+00	1.629911e+00	2.296309e+00
1.796173e+00	1.878999e-02	3.982181e-01	-1.441473e-01	6.817889e-01	1.571985e+00	1.574278e+00	-9.394749e-01	5.874622e-03	9.428304e-01
5.018987e-01	-9.669126e-01	1.429442e-01	5.590047e-01	1.713128e+00	1.057392e+00	-5.707813e-01	4.538372e-01	3.149901e-01	1.552612e+00
9.044419e-01	-2.330449e+00	5.452756e-01	8.003136e-03	2.297456e-01	3.609385e+00	-1.074037e+00	1.880371e+00	-1.303194e+00	1.444880e+00
2.980807e-01	2.651416e+00	1.472157e-01	-1.672658e-01	-2.923042e+00	-1.065514e+00	1.033914e+00	1.805031e-01	6.028152e+00	3.824042e-01
1.127861e+00	-3.871967e+00	1.718869e+00	-1.343908e-01	9.562174e-01	5.888504e+00	-4.013575e-01	1.329719e+00	-3.770916e+00	1.020388e+00
6.575232e-01	-6.547606e-01	5.576577e-01	2.930646e-01	-6.994185e-01	3.255032e+00	-8.430985e-02	2.933041e-02	4.763088e-01	7.689808e-01
1.144089e+00	2.674299e-01	9.380771e-01	3.771394e-01	-1.909437e-01	1.671425e+00	2.080501e+00	-2.846063e-01	1.329265e+00	-2.802835e-03
1.433321e-01	3.281503e-02	1.091191e-01	5.908148e-01	-1.968721e-01	1.682360e+00	-1.328139e-01	-5.153616e-01	1.807285e+00	1.542233e+00
-2.093839e-01	2.684887e+00	-1.144558e+00	1.735543e+00	-3.175633e+00	-2.552934e+00	-9.486115e-01	2.112463e+00	6.792076e+00	9.876543e-01
3.236968e-01	2.972911e+00	-1.354286e+00	1.454291e+00	-2.276746e+00	-2.184928e+00	5.021016e-01	4.412271e-01	6.476680e+00	6.849497e-01
8.913826e-01	-3.707114e-01	-7.598484e-02	6.651246e-01	-4.844014e-01	1.942402e+00	-5.898553e-01	7.499227e-01	1.589640e+00	9.370901e-01
1.658259e+00	-1.115370e+00	2.443366e+00	1.630529e+00	2.373303e+00	2.422050e+00	3.952378e+00	-5.271300e-01	-3.025783e+00	-1.338328e+00
-1.200159e-01	-1.335139e+00	3.964317e-02	5.574832e-01	7.656966e-02	3.646553e+00	-1.108597e+00	-3.144982e-02	2.330540e-01	1.704219e+00
2.438354e-01	2.348879e+00	-1.110341e+00	1.841807e+00	-2.110685e+00	-2.231930e+00	5.846989e-01	1.524261e+00	5.636305e+00	8.646669e-01
