0	0	0	5.303974e-01
0	0	1	5.075400e-01
0	0	2	8.972617e-01
0	0	3	6.384728e-01
0	0	4	9.931521e-01
0	0	5	6.122935e-01
0	0	6	5.008277e-01
0	0	7	8.642916e-01
0	0	8	3.023787e-01
0	0	9	5.402273e-01
0	1	0	9.529047e-01
0	1	1	9.294520e-01
0	1	2	7.320328e-01
0	1	3	9.961652e-01
0	1	4	1.952196e-01
0	1	5	2.396432e-01
0	1	6	2.548750e-01
0	1	7	3.879563e-02
0	1	8	4.352433e-01
0	1	9	5.660916e-01
0	2	0	9.117780e-01
0	2	1	6.492318e-01
0	2	2	3.871671e-01
0	2	3	9.002400e-02
0	2	4	8.149238e-01
0	2	5	2.656040e-01
0	2	6	7.730079e-01
0	2	7	1.533694e-01
0	2	8	5.615038e-01
0	2	9	2.591316e-01
0	3	0	3.618869e-01
0	3	1	9.190121e-02
0	3	2	7.666716e-01
0	3	3	2.591486e-01
0	3	4	7.303740e-01
0	3	5	7.598236e-01
0	3	6	8.714420e-01
0	3	7	2.312017e-01
0	3	8	6.241152e-01
0	3	9	1.738208e-01
0	4	0	7.714290e-01
0	4	1	5.770200e-01
0	4	2	1.032727e-01
0	4	3	5.034618e-01
0	4	4	5.731851e-01
0	4	5	2.984923e-01
0	4	6	7.431050e-01
0	4	7	8.280602e-01
0	4	8	3.372879e-01
0	4	9	1.783483e-01
0	5	0	3.941518e-01
0	5	1	2.490660e-01
0	5	2	8.275801e-01
0	5	3	7.813188e-01
0	5	4	3.390900e-01
0	5	5	6.425039e-01
0	5	6	4.692284e-02
0	5	7	1.120978e-01
0	5	8	7.958732e-01
0	5	9	6.084266e-01
0	6	0	3.712294e-01
0	6	1	1.577601e-01
0	6	2	7.003278e-01
0	6	3	1.379010e-01
0	6	4	4.169087e-01
0	6	5	4.307018e-01
0	6	6	8.977246e-01
0	6	7	2.883507e-01
0	6	8	6.619035e-01
0	6	9	5.218398e-01
0	7	0	4.621715e-01
0	7	1	4.333325e-01
0	7	2	9.885978e-02
0	7	3	5.654442e-01
0	7	4	9.367943e-01
0	7	5	6.720449e-01
0	7	6	8.639365e-01
0	7	7	6.798993e-01
0	7	8	5.001051e-01
0	7	9	2.012245e-01
0	8	0	8.582477e-01
0	8	1	8.942569e-01
0	8	2	4.502904e-01
0	8	3	6.858278e-01
0	8	4	6.755757e-01
0	8	5	7.893804e-01
0	8	6	3.283317e-01
0	8	7	7.224985e-01
0	8	8	9.014782e-01
0	8	9	1.242049e-01
0	9	0	3.309251e-01
0	9	1	2.727076e-01
0	9	2	2.819650e-01
0	9	3	3.125295e-02
0	9	4	4.106086e-01
0	9	5	6.988737e-01
0	9	6	4.619547e-01
0	9	7	3.083332e-01
0	9	8	9.872245e-01
0	9	9	1.238583e-01
1	0	0	8.301730e-01
1	0	1	4.493960e-01
1	0	2	5.571907e-01
1	0	3	9.290328e-01
1	0	4	1.484021e-02
1	0	5	4.939850e-01
1	0	6	6.010777e-01
1	0	7	8.787768e-01
1	0	8	1.738844e-01
1	0	9	1.011828e-01
1	1	0	8.000124e-02
1	1	1	3.213202e-02
1	1	2	9.954397e-01
1	1	3	5.302917e-01
1	1	4	7.179598e-01
1	1	5	6.710154e-01
1	1	6	3.196721e-01
1	1	7	4.629147e-02
1	1	8	3.935139e-01
1	1	9	2.211503e-01
1	2	0	1.704964e-01
1	2	1	7.244391e-01
1	2	2	4.938580e-01
1	2	3	4.524614e-01
1	2	4	7.556920e-01
1	2	5	9.044666e-01
1	2	6	1.513351e-01
1	2	7	2.176468e-01
1	2	8	2.127998e-01
1	2	9	1.385596e-01
1	3	0	3.415050e-01
1	3	1	4.297284e-02
1	3	2	5.879555e-01
1	3	3	8.986958e-01
1	3	4	9.720057e-01
1	3	5	6.027957e-01
1	3	6	3.926808e-01
1	3	7	5.730834e-01
1	3	8	4.815725e-01
1	3	9	5.665651e-01
1	4	0	6.742662e-01
1	4	1	5.615737e-01
1	4	2	5.986972e-01
1	4	3	6.697059e-01
1	4	4	9.186541e-02
1	4	5	3.166570e-01
1	4	6	3.407213e-01
1	4	7	4.115375e-01
1	4	8	3.629484e-01
1	4	9	7.342353e-01
1	5	0	6.326878e-01
1	5	1	5.334448e-01
1	5	2	4.586744e-01
1	5	3	1.265458e-01
1	5	4	9.859062e-01
1	5	5	2.143664e-01
1	5	6	3.101235e-02
1	5	7	1.372413e-01
1	5	8	4.320131e-01
1	5	9	2.438122e-01
1	6	0	2.758009e-01
1	6	1	7.735182e-01
1	6	2	2.867850e-01
1	6	3	8.637564e-01
1	6	4	6.722139e-01
1	6	5	2.587907e-01
1	6	6	4.665521e-01
1	6	7	6.489468e-02
1	6	8	8.318740e-01
1	6	9	9.481246e-01
1	7	0	6.314598e-01
1	7	1	5.061403e-01
1	7	2	5.096983e-01
1	7	3	2.301570e-01
1	7	4	1.758462e-01
1	7	5	6.015637e-01
1	7	6	5.468139e-01
1	7	7	5.165676e-01
1	7	8	1.310123e-02
1	7	9	9.097624e-01
1	8	0	2.508028e-01
1	8	1	6.457890e-01
1	8	2	4.432072e-01
1	8	3	7.094772e-01
1	8	4	7.723348e-01
1	8	5	4.291134e-01
1	8	6	9.238436e-01
1	8	7	8.033472e-01
1	8	8	5.663547e-01
1	8	9	3.558567e-01
1	9	0	4.715931e-02
1	9	1	8.421555e-01
1	9	2	1.293749e-01
1	9	3	3.339443e-01
1	9	4	7.059119e-01
1	9	5	8.015888e-01
1	9	6	5.927350e-01
1	9	7	1.724640e-01
1	9	8	8.664835e-01
1	9	9	4.246090e-01
2	0	0	1.205886e-01
2	0	1	4.979433e-01
2	0	2	9.307493e-01
2	0	3	6.302869e-01
2	0	4	7.281002e-01
2	0	5	1.065955e-01
2	0	6	2.318507e-01
2	0	7	2.749142e-01
2	0	8	6.231631e-01
2	0	9	2.449519e-01
2	1	0	1.846765e-01
2	1	1	8.739659e-01
2	1	2	8.907409e-01
2	1	3	6.278837e-01
2	1	4	5.834431e-01
2	1	5	6.630757e-01
2	1	6	5.699709e-02
2	1	7	5.072867e-01
2	1	8	4.664229e-01
2	1	9	6.233518e-01
2	2	0	8.631434e-01
2	2	1	5.135822e-01
2	2	2	4.655073e-01
2	2	3	9.925182e-01
2	2	4	8.475265e-01
2	2	5	1.714192e-01
2	2	6	7.941070e-01
2	2	7	4.402615e-01
2	2	8	3.438832e-01
2	2	9	6.605905e-01
2	3	0	8.648705e-01
2	3	1	4.644718e-01
2	3	2	1.585338e-01
2	3	3	7.956198e-01
2	3	4	9.475873e-02
2	3	5	8.866340e-01
2	3	6	9.022152e-01
2	3	7	3.266094e-01
2	3	8	1.615482e-01
2	3	9	5.253783e-01
2	4	0	5.715613e-01
2	4	1	3.462247e-01
2	4	2	3.993442e-01
2	4	3	4.623023e-01
2	4	4	9.741085e-01
2	4	5	9.827873e-01
2	4	6	1.253780e-01
2	4	7	3.110557e-02
2	4	8	4.900739e-01
2	4	9	5.918009e-01
2	5	0	6.544573e-01
2	5	1	3.532173e-01
2	5	2	1.053831e-01
2	5	3	1.199646e-01
2	5	4	3.457356e-01
2	5	5	9.529096e-01
2	5	6	2.913838e-01
2	5	7	1.398426e-01
2	5	8	3.931711e-01
2	5	9	6.352669e-01
2	6	0	8.004331e-01
2	6	1	2.580416e-01
2	6	2	9.973872e-02
2	6	3	9.589669e-01
2	6	4	5.366135e-02
2	6	5	1.944974e-01
2	6	6	8.456009e-01
2	6	7	9.558766e-01
2	6	8	5.211069e-01
2	6	9	7.149072e-03
2	7	0	4.812549e-01
2	7	1	9.266817e-02
2	7	2	3.533738e-01
2	7	3	8.805991e-01
2	7	4	5.549704e-01
2	7	5	3.274823e-01
2	7	6	8.633864e-01
2	7	7	6.803484e-01
2	7	8	3.585879e-01
2	7	9	3.534603e-01
2	8	0	2.721493e-01
2	8	1	1.304519e-02
2	8	2	7.066776e-01
2	8	3	3.775325e-01
2	8	4	1.330098e-01
2	8	5	5.241315e-02
2	8	6	3.304421e-01
2	8	7	4.243935e-01
2	8	8	1.922557e-01
2	8	9	7.236132e-01
2	9	0	5.966047e-02
2	9	1	9.926888e-01
2	9	2	9.816548e-01
2	9	3	1.593992e-01
2	9	4	9.516557e-01
2	9	5	3.531619e-02
2	9	6	3.538966e-01
2	9	7	7.972565e-01
2	9	8	9.911928e-01
2	9	9	8.750035e-01
3	0	0	8.044056e-01
3	0	1	4.724477e-01
3	0	2	9.676717e-01
3	0	3	1.577794e-01
3	0	4	3.530468e-01
3	0	5	5.226421e-01
3	0	6	4.852617e-01
3	0	7	2.164331e-01
3	0	8	2.029905e-01
3	0	9	8.438496e-01
3	1	0	5.698934e-01
3	1	1	4.751398e-01
3	1	2	8.568948e-01
3	1	3	2.765710e-01
3	1	4	8.526723e-01
3	1	5	9.899046e-01
3	1	6	3.289842e-01
3	1	7	1.831144e-01
3	1	8	4.142981e-01
3	1	9	5.212399e-01
3	2	0	9.067276e-01
3	2	1	4.739586e-01
3	2	2	5.139287e-01
3	2	3	8.883825e-01
3	2	4	6.333577e-01
3	2	5	4.655844e-01
3	2	6	9.236987e-01
3	2	7	9.872544e-01
3	2	8	2.628409e-01
3	2	9	9.148915e-01
3	3	0	8.622579e-01
3	3	1	6.724652e-02
3	3	2	3.873392e-01
3	3	3	8.299295e-01
3	3	4	2.250260e-01
3	3	5	7.403859e-01
3	3	6	3.525716e-01
3	3	7	7.102877e-01
3	3	8	9.568190e-01
3	3	9	5.555621e-01
3	4	0	5.541373e-01
3	4	1	5.267125e-01
3	4	2	3.070192e-02
3	4	3	4.110320e-01
3	4	4	8.032835e-01
3	4	5	8.833742e-01
3	4	6	4.009366e-01
3	4	7	1.322676e-01
3	4	8	6.648863e-02
3	4	9	8.152347e-01
3	5	0	6.535075e-01
3	5	1	9.732163e-01
3	5	2	2.891932e-01
3	5	3	1.674362e-01
3	5	4	8.615988e-01
3	5	5	9.225510e-01
3	5	6	6.330206e-01
3	5	7	7.852974e-01
3	5	8	9.098054e-01
3	5	9	8.958615e-01
3	6	0	7.001889e-01
3	6	1	7.720632e-01
3	6	2	9.631080e-01
3	6	3	8.752805e-02
3	6	4	6.019927e-01
3	6	5	1.881340e-01
3	6	6	8.279140e-01
3	6	7	9.545643e-01
3	6	8	8.984216e-01
3	6	9	7.847330e-01
3	7	0	5.101264e-01
3	7	1	4.525589e-01
3	7	2	3.114455e-01
3	7	3	5.408283e-01
3	7	4	8.635910e-01
3	7	5	1.147289e-01
3	7	6	4.242026e-01
3	7	7	2.645276e-01
3	7	8	2.469966e-01
3	7	9	4.906912e-01
3	8	0	7.976226e-02
3	8	1	9.005041e-01
3	8	2	4.639075e-01
3	8	3	3.689555e-01
3	8	4	6.794029e-02
3	8	5	3.255062e-01
3	8	6	2.915065e-01
3	8	7	7.009609e-01
3	8	8	1.108037e-01
3	8	9	2.013119e-01
3	9	0	5.968223e-01
3	9	1	8.109926e-01
3	9	2	9.733751e-01
3	9	3	5.599304e-01
3	9	4	8.985206e-01
3	9	5	5.753678e-01
3	9	6	7.480643e-01
3	9	7	7.264346e-01
3	9	8	5.299321e-01
3	9	9	6.464860e-01
4	0	0	5.111676e-01
4	0	1	4.005856e-02
4	0	2	9.904488e-02
4	0	3	8.226131e-01
4	0	4	5.808869e-01
4	0	5	9.626358e-01
4	0	6	9.373420e-01
4	0	7	5.089463e-03
4	0	8	2.271634e-01
4	0	9	1.843386e-01
4	1	0	4.957807e-01
4	1	1	3.069257e-01
4	1	2	8.484266e-02
4	1	3	9.596881e-01
4	1	4	6.758812e-01
4	1	5	1.527829e-01
4	1	6	2.851944e-01
4	1	7	9.673877e-01
4	1	8	8.537438e-01
4	1	9	3.959980e-01
4	2	0	1.686995e-01
4	2	1	4.505662e-01
4	2	2	2.069906e-01
4	2	3	1.420746e-01
4	2	4	1.049652e-02
4	2	5	1.055112e-01
4	2	6	7.174424e-01
4	2	7	7.585608e-01
4	2	8	8.319458e-01
4	2	9	2.473746e-01
4	3	0	4.050468e-01
4	3	1	3.431134e-01
4	3	2	2.874331e-01
4	3	3	5.040917e-01
4	3	4	1.657264e-01
4	3	5	8.683200e-01
4	3	6	4.667275e-01
4	3	7	1.030685e-01
4	3	8	8.734095e-01
4	3	9	6.938909e-01
4	4	0	2.874070e-01
4	4	1	3.691902e-01
4	4	2	8.165711e-04
4	4	3	3.722497e-01
4	4	4	3.288783e-01
4	4	5	6.766977e-01
4	4	6	5.250327e-01
4	4	7	6.140726e-01
4	4	8	6.440854e-01
4	4	9	3.787765e-01
4	5	0	1.007066e-02
4	5	1	8.127849e-01
4	5	2	8.293426e-01
4	5	3	2.170612e-01
4	5	4	9.548595e-01
4	5	5	8.398391e-01
4	5	6	3.225724e-01
4	5	7	6.723020e-01
4	5	8	5.984000e-01
4	5	9	1.545182e-01
4	6	0	9.196765e-01
4	6	1	3.446778e-03
4	6	2	4.976315e-01
4	6	3	2.071097e-01
4	6	4	5.075385e-01
4	6	5	6.633580e-01
4	6	6	7.542974e-02
4	6	7	9.742660e-01
4	6	8	7.664264e-01
4	6	9	9.488392e-01
4	7	0	6.681569e-01
4	7	1	5.383345e-02
4	7	2	3.180294e-01
4	7	3	6.689734e-01
4	7	4	4.260831e-01
4	7	5	6.469077e-01
4	7	6	3.456712e-01
4	7	7	9.511158e-01
4	7	8	2.609803e-01
4	7	9	9.897566e-01
4	8	0	3.298923e-01
4	8	1	2.710510e-01
4	8	2	8.025415e-01
4	8	3	1.592349e-01
4	8	4	4.881122e-01
4	8	5	7.574010e-01
4	8	6	9.990740e-01
4	8	7	8.106847e-01
4	8	8	4.297030e-01
4	8	9	5.974740e-01
4	9	0	9.652028e-01
4	9	1	3.493795e-01
4	9	2	6.009208e-01
4	9	3	4.628344e-01
4	9	4	5.564892e-01
4	9	5	1.084593e-01
4	9	6	1.261923e-01
4	9	7	6.319190e-01
4	9	8	8.272521e-02
4	9	9	8.926187e-01
5	0	0	5.807582e-01
5	0	1	7.508821e-01
5	0	2	9.464522e-01
5	0	3	8.987876e-01
5	0	4	4.198555e-01
5	0	5	3.725353e-01
5	0	6	5.456953e-01
5	0	7	7.655267e-01
5	0	8	3.236511e-01
5	0	9	8.066757e-01
5	1	0	7.552833e-01
5	1	1	6.535434e-01
5	1	2	7.772668e-02
5	1	3	5.578248e-01
5	1	4	8.127783e-01
5	1	5	5.658389e-01
5	1	6	3.152258e-01
5	1	7	8.118523e-01
5	1	8	3.765236e-01
5	1	9	7.449288e-01
5	2	0	4.093263e-01
5	2	1	3.417264e-01
5	2	2	9.430834e-02
5	2	3	1.024715e-02
5	2	4	8.045608e-01
5	2	5	6.507976e-01
5	2	6	1.187064e-01
5	2	7	9.307531e-01
5	2	8	2.827165e-01
5	2	9	2.014316e-01
5	3	0	8.233718e-01
5	3	1	8.634748e-01
5	3	2	9.523137e-01
5	3	3	7.698240e-01
5	3	4	7.622624e-01
5	3	5	3.721692e-01
5	3	6	1.423593e-01
5	3	7	3.079577e-01
5	3	8	1.376959e-01
5	3	9	4.660104e-01
5	4	0	1.146334e-01
5	4	1	8.929792e-01
5	4	2	1.195538e-01
5	4	3	1.923601e-01
5	4	4	4.508040e-01
5	4	5	9.323321e-01
5	4	6	7.581990e-01
5	4	7	7.660298e-01
5	4	8	7.441844e-01
5	4	9	1.347226e-01
5	5	0	5.109586e-01
5	5	1	1.535108e-01
5	5	2	4.764490e-01
5	5	3	6.052670e-01
5	5	4	1.637579e-01
5	5	5	2.810097e-01
5	5	6	2.560645e-01
5	5	7	2.824643e-01
5	5	8	2.117628e-01
5	5	9	5.387811e-01
5	6	0	4.838959e-01
5	6	1	3.513465e-02
5	6	2	4.022558e-01
5	6	3	4.362096e-01
5	6	4	8.049586e-01
5	6	5	1.645182e-01
5	6	6	8.083789e-01
5	6	7	9.473179e-01
5	6	8	4.724759e-01
5	6	9	9.460748e-01
5	7	0	4.133284e-01
5	7	1	5.871093e-01
5	7	2	8.390540e-01
5	7	3	5.328822e-01
5	7	4	7.794693e-01
5	7	5	2.898580e-01
5	7	6	4.652143e-01
5	7	7	5.376683e-01
5	7	8	5.588781e-02
5	7	9	2.093987e-01
5	8	0	6.723908e-01
5	8	1	5.668464e-01
5	8	2	3.629095e-01
5	8	3	1.488398e-01
5	8	4	1.721134e-01
5	8	5	5.266674e-01
5	8	6	4.298496e-01
5	8	7	4.281779e-01
5	8	8	8.091318e-01
5	8	9	6.416124e-01
5	9	0	9.669590e-01
5	9	1	2.930277e-01
5	9	2	6.767470e-01
5	9	3	3.692148e-01
5	9	4	7.292374e-01
5	9	5	4.817057e-01
5	9	6	5.337330e-01
5	9	7	5.376162e-01
5	9	8	4.290236e-01
5	9	9	6.208860e-03
6	0	0	4.836910e-01
6	0	1	8.423520e-01
6	0	2	5.933181e-01
6	0	3	3.227451e-01
6	0	4	3.752342e-01
6	0	5	3.727874e-01
6	0	6	6.126031e-01
6	0	7	8.404485e-01
6	0	8	9.104557e-01
6	0	9	6.684909e-01
6	1	0	4.984718e-02
6	1	1	5.828466e-01
6	1	2	2.353373e-01
6	1	3	4.127567e-01
6	1	4	7.316864e-01
6	1	5	4.074507e-01
6	1	6	9.394241e-01
6	1	7	1.615359e-01
6	1	8	8.356286e-01
6	1	9	7.485559e-01
6	2	0	8.031483e-01
6	2	1	8.025875e-01
6	2	2	4.158362e-02
6	2	3	4.798954e-01
6	2	4	1.718023e-01
6	2	5	7.708210e-01
6	2	6	9.616010e-01
6	2	7	7.055353e-01
6	2	8	3.084372e-01
6	2	9	3.906247e-01
6	3	0	7.117441e-01
6	3	1	7.921283e-01
6	3	2	2.329766e-01
6	3	3	3.050623e-01
6	3	4	1.148733e-01
6	3	5	6.082108e-01
6	3	6	6.778497e-01
6	3	7	7.274764e-01
6	3	8	4.486593e-01
6	3	9	5.883054e-01
6	4	0	3.959673e-01
6	4	1	4.985065e-01
6	4	2	1.711520e-01
6	4	3	6.313046e-01
6	4	4	9.112631e-01
6	4	5	9.028383e-01
6	4	6	3.875522e-02
6	4	7	8.506873e-01
6	4	8	6.437428e-02
6	4	9	8.743838e-01
6	5	0	5.992432e-01
6	5	1	8.675226e-01
6	5	2	6.769713e-01
6	5	3	6.408268e-01
6	5	4	3.474180e-01
6	5	5	8.487736e-01
6	5	6	4.116478e-01
6	5	7	3.090190e-01
6	5	8	5.543089e-01
6	5	9	7.200850e-01
6	6	0	6.996437e-01
6	6	1	2.660530e-01
6	6	2	5.122133e-01
6	6	3	9.326203e-01
6	6	4	5.711153e-01
6	6	5	6.270866e-01
6	6	6	5.408311e-01
6	6	7	2.489650e-01
6	6	8	3.545630e-01
6	6	9	9.894904e-01
6	7	0	8.372704e-01
6	7	1	7.505302e-01
6	7	2	4.879969e-01
6	7	3	8.422354e-03
6	7	4	3.818348e-01
6	7	5	3.992600e-01
6	7	6	9.112607e-01
6	7	7	4.205900e-01
6	7	8	2.499473e-01
6	7	9	9.756350e-01
6	8	0	2.949738e-01
6	8	1	8.491904e-01
6	8	2	8.431576e-01
6	8	3	9.719451e-01
6	8	4	4.900172e-01
6	8	5	1.905756e-01
6	8	6	8.207187e-01
6	8	7	9.016650e-01
6	8	8	4.995946e-01
6	8	9	3.750276e-01
6	9	0	6.217500e-01
6	9	1	1.992383e-01
6	9	2	6.410807e-01
6	9	3	1.339632e-01
6	9	4	1.318586e-01
6	9	5	2.121959e-01
6	9	6	7.610498e-01
6	9	7	6.726898e-01
6	9	8	4.611609e-01
6	9	9	1.156128e-01
7	0	0	6.621802e-01
7	0	1	2.984313e-01
7	0	2	8.661430e-01
7	0	3	1.501770e-01
7	0	4	3.068537e-01
7	0	5	2.479777e-01
7	0	6	5.494370e-01
7	0	7	2.181144e-01
7	0	8	6.685677e-01
7	0	9	7.993843e-01
7	1	0	1.937493e-01
7	1	1	9.635415e-01
7	1	2	6.485747e-01
7	1	3	3.690694e-02
7	1	4	9.354866e-01
7	1	5	1.385919e-01
7	1	6	2.274825e-01
7	1	7	7.562053e-01
7	1	8	4.025688e-02
7	1	9	7.270771e-01
7	2	0	1.312329e-01
7	2	1	6.620069e-01
7	2	2	9.263154e-01
7	2	3	7.723136e-01
7	2	4	7.959701e-01
7	2	5	5.817406e-02
7	2	6	9.845095e-01
7	2	7	5.570199e-01
7	2	8	7.308638e-01
7	2	9	4.456704e-01
7	3	0	6.726327e-01
7	3	1	3.930440e-01
7	3	2	7.441017e-01
7	3	3	5.387756e-01
7	3	4	5.432210e-01
7	3	5	5.095542e-02
7	3	6	7.867534e-01
7	3	7	9.265802e-02
7	3	8	2.690698e-01
7	3	9	4.553211e-01
7	4	0	8.920423e-01
7	4	1	4.628191e-01
7	4	2	4.188626e-01
7	4	3	5.406170e-01
7	4	4	4.997261e-01
7	4	5	3.543492e-01
7	4	6	6.792089e-01
7	4	7	7.272086e-01
7	4	8	1.105544e-01
7	4	9	7.194657e-01
7	5	0	4.542857e-01
7	5	1	2.417874e-01
7	5	2	3.814726e-01
7	5	3	3.806011e-01
7	5	4	1.410091e-02
7	5	5	1.774427e-01
7	5	6	4.387752e-01
7	5	7	9.986104e-01
7	5	8	7.344626e-01
7	5	9	1.696390e-01
7	6	0	4.442808e-01
7	6	1	4.070952e-01
7	6	2	5.626830e-01
7	6	3	1.883826e-01
7	6	4	9.458708e-01
7	6	5	1.059040e-01
7	6	6	2.393380e-01
7	6	7	7.326242e-01
7	6	8	1.985620e-01
7	6	9	5.084078e-01
7	7	0	1.879453e-01
7	7	1	9.060433e-02
7	7	2	9.712269e-01
7	7	3	6.068078e-01
7	7	4	6.312213e-01
7	7	5	4.709530e-01
7	7	6	9.611570e-01
7	7	7	3.104302e-01
7	7	8	1.981616e-01
7	7	9	7.171144e-02
7	8	0	2.989592e-02
7	8	1	6.524473e-01
7	8	2	3.134988e-01
7	8	3	4.113685e-01
7	8	4	3.304844e-02
7	8	5	3.275997e-01
7	8	6	5.888112e-01
7	8	7	4.718236e-01
7	8	8	3.262101e-01
7	8	9	3.232738e-01
7	9	0	6.414627e-01
7	9	1	7.704910e-01
7	9	2	7.303690e-01
7	9	3	2.041457e-01
7	9	4	9.588736e-01
7	9	5	6.762399e-01
7	9	6	3.100497e-01
7	9	7	1.982116e-01
7	9	8	4.088641e-01
7	9	9	5.086118e-01
8	0	0	7.066194e-01
8	0	1	5.968093e-01
8	0	2	5.992161e-01
8	0	3	6.778463e-01
8	0	4	2.036172e-01
8	0	5	2.304374e-01
8	0	6	1.487993e-01
8	0	7	1.647742e-01
8	0	8	5.408676e-01
8	0	9	3.469609e-01
8	1	0	2.364856e-01
8	1	1	5.707635e-01
8	1	2	9.994082e-01
8	1	3	5.499844e-01
8	1	4	9.821320e-01
8	1	5	3.245664e-02
8	1	6	8.775841e-01
8	1	7	5.709432e-01
8	1	8	5.042803e-01
8	1	9	2.037942e-01
8	2	0	8.942170e-01
8	2	1	1.457430e-01
8	2	2	9.742852e-01
8	2	3	6.245860e-01
8	2	4	3.498886e-01
8	2	5	9.331588e-01
8	2	6	3.008259e-01
8	2	7	6.599384e-01
8	2	8	1.313704e-01
8	2	9	7.096900e-01
8	3	0	1.685501e-01
8	3	1	8.379897e-01
8	3	2	3.064993e-01
8	3	3	7.677663e-01
8	3	4	5.158360e-01
8	3	5	5.101165e-01
8	3	6	9.982037e-01
8	3	7	6.646354e-01
8	3	8	6.748907e-01
8	3	9	5.390713e-01
8	4	0	1.159626e-02
8	4	1	9.113763e-01
8	4	2	1.098348e-01
8	4	3	1.100446e-02
8	4	4	4.613607e-01
8	4	5	9.196681e-02
8	4	6	4.346110e-02
8	4	7	3.389448e-01
8	4	8	6.629101e-01
8	4	9	5.477414e-01
8	5	0	5.427390e-01
8	5	1	5.571271e-01
8	5	2	6.934843e-01
8	5	3	5.170243e-01
8	5	4	1.817131e-01
8	5	5	4.337299e-02
8	5	6	4.501830e-01
8	5	7	4.825390e-01
8	5	8	7.033114e-01
8	5	9	5.815534e-01
8	6	0	1.922290e-01
8	6	1	8.718615e-01
8	6	2	4.195431e-01
8	6	3	4.987283e-01
8	6	4	6.396278e-01
8	6	5	9.353792e-01
8	6	6	8.844788e-03
8	6	7	6.378314e-01
8	6	8	6.000145e-01
8	6	9	6.837354e-01
8	7	0	1.769027e-01
8	7	1	6.116108e-01
8	7	2	5.951117e-01
8	7	3	2.867374e-01
8	7	4	6.226153e-01
8	7	5	5.647240e-02
8	7	6	3.787043e-01
8	7	7	6.660764e-01
8	7	8	3.954172e-01
8	7	9	4.161431e-02
8	8	0	2.138177e-01
8	8	1	9.381562e-01
8	8	2	5.987414e-01
8	8	3	9.073021e-01
8	8	4	4.551805e-01
8	8	5	7.804545e-01
8	8	6	9.506751e-01
8	8	7	9.053635e-01
8	8	8	2.629936e-01
8	8	9	6.539864e-01
8	9	0	4.869169e-01
8	9	1	4.552226e-01
8	9	2	5.258479e-01
8	9	3	9.064601e-01
8	9	4	9.539509e-01
8	9	5	1.654757e-01
8	9	6	8.418393e-01
8	9	7	9.627957e-01
8	9	8	8.033071e-01
8	9	9	4.418538e-01
9	0	0	6.465311e-01
9	0	1	9.802098e-01
9	0	2	5.346459e-02
9	0	3	2.416428e-01
9	0	4	2.669472e-01
9	0	5	6.760798e-01
9	0	6	2.981152e-01
9	0	7	6.456515e-01
9	0	8	3.421562e-01
9	0	9	6.935324e-01
9	1	0	6.872658e-01
9	1	1	5.559739e-01
9	1	2	6.316887e-01
9	1	3	2.860072e-01
9	1	4	4.632760e-01
9	1	5	8.686918e-02
9	1	6	6.646174e-02
9	1	7	4.139511e-01
9	1	8	9.922327e-01
9	1	9	3.294553e-01
9	2	0	6.793750e-02
9	2	1	4.791497e-01
9	2	2	7.846779e-01
9	2	3	5.937854e-01
9	2	4	3.856097e-01
9	2	5	7.386288e-01
9	2	6	7.592611e-01
9	2	7	2.274490e-01
9	2	8	7.014245e-01
9	2	9	5.625682e-01
9	3	0	6.693028e-01
9	3	1	3.479556e-01
9	3	2	5.427780e-01
9	3	3	7.227674e-01
9	3	4	5.895984e-01
9	3	5	8.097252e-01
9	3	6	3.988472e-01
9	3	7	8.877137e-01
9	3	8	4.553767e-01
9	3	9	7.410034e-01
9	4	0	5.812461e-01
9	4	1	1.426425e-01
9	4	2	2.969774e-01
9	4	3	2.129348e-01
9	4	4	4.286497e-01
9	4	5	7.602534e-01
9	4	6	2.998039e-01
9	4	7	4.951114e-01
9	4	8	1.742045e-01
9	4	9	2.920367e-01
9	5	0	8.245667e-01
9	5	1	2.421420e-01
9	5	2	7.711863e-01
9	5	3	6.092446e-01
9	5	4	8.359274e-01
9	5	5	1.567961e-01
9	5	6	3.478734e-01
9	5	7	5.951885e-01
9	5	8	3.842451e-01
9	5	9	4.929789e-02
9	6	0	1.577567e-01
9	6	1	5.354786e-02
9	6	2	3.972535e-01
9	6	3	7.005347e-01
9	6	4	7.763152e-01
9	6	5	9.868519e-01
9	6	6	5.102599e-01
9	6	7	1.751625e-01
9	6	8	8.745656e-01
9	6	9	9.656366e-01
9	7	0	9.161659e-01
9	7	1	4.558117e-01
9	7	2	1.082791e-01
9	7	3	2.131433e-01
9	7	4	6.687464e-01
9	7	5	5.369288e-01
9	7	6	9.733967e-01
9	7	7	9.685504e-01
9	7	8	3.204022e-02
9	7	9	1.476011e-01
9	8	0	2.605870e-01
9	8	1	8.566070e-01
9	8	2	3.897431e-01
9	8	3	3.177339e-02
9	8	4	4.658516e-01
9	8	5	2.256705e-01
9	8	6	1.885695e-01
9	8	7	8.137250e-01
9	8	8	8.208590e-01
9	8	9	5.728146e-01
9	9	0	8.630229e-01
9	9	1	9.786158e-01
9	9	2	6.263624e-01
9	9	3	2.602764e-01
9	9	4	6.791505e-01
9	9	5	4.026776e-01
9	9	6	2.471283e-01
9	9	7	1.894104e-01
9	9	8	5.778401e-01
9	9	9	1.216939e-01
