3.139728e-01	-5.742402e-01	2.965575e-01	4.054325e-02	-7.238950e-01	-1.199858e+00	-5.537372e-01	1.851927e+00	1.573117e-01	8.904934e-02
-2.211835e-02	-3.804406e-01	1.155064e-01	8.538006e-02	-8.298149e-01	-9.974879e-01	-2.150947e-01	9.991742e-01	-1.102832e+00	1.092178e+00
2.885084e-01	1.185109e+00	-2.814463e-02	4.491133e-01	9.532402e-01	9.591502e-01	8.668030e-01	-2.924467e-02	1.062792e+00	-1.206723e-01
9.429504e-01	-1.343327e+00	3.385919e-01	1.120058e+00	6.921397e-02	1.257906e+00	1.002907e+00	8.927929e-02	1.494411e+00	2.263387e+00
1.225492e+00	-3.980316e-01	8.851604e-02	-8.191603e-01	5.479150e-01	6.942025e-01	-4.096168e-01	-1.535854e-01	1.310954e+00	1.777740e+00
-5.282455e-01	1.752592e+00	7.747233e-01	-9.225358e-01	-1.272320e-01	-1.357137e-01	-6.539983e-01	7.188494e-01	-8.060300e-01	-8.596801e-01
-1.546175e-01	-9.138246e-01	3.094518e-01	-4.140188e-01	-1.603342e+00	-2.225935e+00	-1.479703e+00	2.092830e+00	-1.480972e+00	6.420974e-02
4.298972e-01	1.797668e+00	5.354060e-01	2.950719e-01	1.824524e+00	2.014491e+00	1.885185e+00	-8.216241e-01	1.210267e+00	6.762568e-01
-8.538428e-02	-1.335450e+00	1.919808e-01	-3.794756e-01	-1.585850e+00	-2.176354e+00	-1.345620e+00	1.834241e+00	-1.331213e+00	2.531296e-01
-1.232667e-01	-1.390695e+00	1.996783e-01	-3.995310e-01	-1.696169e+00	-2.256266e+00	-1.449885e+00	1.872962e+00	-1.396247e+00	2.609921e-01
-5.049714e-02	1.838055e-01	2.964298e-01	7.583487e-02	8.781517e-02	4.465233e-01	3.791826e-01	3.047725e-01	-1.420414e-01	8.474334e-01
4.051803e-01	1.402654e+00	4.174124e-01	3.135858e-01	1.445642e+00	1.506108e+00	1.280114e+00	-4.446900e-01	1.210111e+00	1.304971e-01
6.815909e-01	8.559198e-01	4.294065e-01	1.101416e+00	1.305298e+00	1.096869e+00	1.135251e+00	9.432905e-01	2.096986e+00	5.870768e-02
4.611590e-01	6.452568e-01	4.154837e-01	-5.921038e-01	-9.417416e-02	-5.210299e-01	4.106389e-01	3.409905e-01	-5.183251e-01	1.915240e-01
-2.645979e-01	1.515934e+00	1.326826e+00	-3.232862e-01	2.074703e-01	8.265356e-01	-9.235043e-01	9.661635e-01	9.025641e-01	-1.213435e+00
-1.777669e-01	1.329946e+00	1.266708e+00	-4.655853e-01	1.157049e-01	3.714825e-01	-7.414323e-01	8.085151e-01	6.137366e-01	-1.063306e+00
-1.140940e+00	1.434663e+00	-4.587654e-01	-1.725514e-02	-3.997970e-03	2.245614e-01	-3.009879e-01	8.764752e-01	-1.581627e+00	-2.717171e-01
1.171116e+00	1.647689e-02	-3.415464e-01	-2.279376e-01	1.203524e+00	-5.072172e-01	2.047859e+00	-4.722816e-01	-3.030261e-01	1.684554e+00
-5.167323e-01	1.411098e+00	1.132604e+00	-2.577329e-01	1.822198e-01	1.109951e+00	-9.247201e-01	8.484765e-01	8.942617e-01	-9.928270e-01
