8.011500e-01	1.981005e+00	1.446529e+00	4.198174e-01	1.343980e+00	-6.410435e-01	2.291966e-01	2.459447e+00	-6.936551e-01	-9.603928e-01
9.644320e-01	1.664743e+00	3.624269e-01	-4.279528e+00	-1.596101e-01	1.554958e+00	1.449224e+00	2.065752e+00	1.333331e+00	3.592329e-01
-3.844978e-01	3.150423e+00	1.681676e+00	-5.826130e-01	1.139429e+00	-1.178779e+00	-4.732934e-01	2.978965e+00	-4.641765e-01	-4.274729e-01
-3.943354e-01	2.020500e+00	1.098252e+00	-9.179767e-03	1.450314e+00	-9.017117e-01	-3.160513e-01	1.886229e+00	4.345829e-02	-1.630797e-01
1.505798e-01	1.086024e+00	1.862672e+00	1.118161e+00	-2.577065e-01	-5.152528e-01	-2.283381e-02	2.015854e+00	-8.185736e-02	7.155023e-01
8.256850e-02	2.617567e+00	2.341789e+00	5.597759e-01	-3.500160e-01	-9.689859e-01	-3.766726e-01	2.135627e+00	-4.516715e-01	-2.040913e-01
-4.006449e-01	1.945047e+00	1.842420e+00	-2.643866e-01	1.767127e+00	-1.288230e+00	-3.538996e-01	2.141767e+00	1.995308e-01	2.227360e-01
1.152840e+00	1.377641e-01	2.585732e-01	3.373321e+00	2.160150e+00	1.303313e-02	9.721242e-01	3.396180e-02	-6.872265e-02	-1.234687e+00
2.229582e+00	-2.761710e-01	-3.827170e+00	-4.321338e+00	9.312541e-01	4.269364e+00	4.066280e+00	5.858163e-01	1.943376e+00	4.945240e-02
-5.311054e-01	3.280379e+00	3.068220e+00	1.405915e+00	2.259338e+00	-2.849521e+00	-7.558063e-01	1.945781e+00	-1.716332e+00	-9.063087e-01
-3.202654e-01	8.880793e-01	1.431518e+00	1.932783e+00	-5.739683e-01	-6.985650e-01	1.181614e+00	3.571652e-01	-3.037892e-01	6.541569e-01
-4.535438e-01	2.672648e+00	2.956362e+00	1.405582e+00	6.085569e-02	-1.951000e+00	-8.170778e-01	2.544020e+00	-1.195303e+00	-2.323127e-01
-1.155197e+00	6.514738e-01	2.484170e+00	1.976670e+00	1.450790e+00	-2.008048e+00	-1.832468e-01	1.042247e+00	-7.387873e-02	1.144392e+00
7.911827e-01	-8.048063e-01	1.913359e-01	3.824746e+00	4.349664e-01	1.016598e+00	7.181641e-01	-8.252586e-01	1.215980e+00	-7.662102e-01
7.951001e-02	1.958579e-01	1.734215e+00	2.542595e+00	5.071790e-01	-8.751327e-01	-2.413375e-01	2.950190e+00	3.744260e-01	4.393161e-01
-1.691480e-01	3.090478e+00	3.415775e+00	8.598948e-01	1.992513e-01	-2.414596e+00	1.404570e-03	2.465734e+00	-1.571143e+00	-3.891328e-01
-3.014946e-01	3.265094e+00	3.326429e+00	1.797533e+00	7.466904e-02	-2.132406e+00	-1.016227e+00	2.728732e+00	-1.115235e+00	-8.249126e-01
3.107259e+00	1.955851e-02	-3.922831e+00	-5.382823e+00	1.348721e+00	5.267882e+00	2.124226e+00	1.843202e+00	3.498301e+00	-1.117322e+00
9.267939e-01	5.740569e-01	7.476966e-01	1.459726e+00	3.153965e+00	-2.948954e-01	-9.214225e-01	2.196441e+00	9.697062e-01	-1.465303e+00
7.988988e-01	1.553451e+00	5.842200e-01	7.298712e-01	1.755712e+00	8.264642e-02	-7.477487e-01	2.024443e+00	2.253253e-01	-8.468779e-01
4.474432e-01	2.213744e+00	1.111173e+00	-1.100630e+00	6.373204e-01	-1.319446e-01	-9.541583e-02	2.832789e+00	1.451681e-01	4.891625e-01
2.641530e-01	2.970982e+00	1.413190e+00	-8.465888e-01	7.668117e-02	-1.669174e-01	-1.981671e-02	1.808782e+00	-2.853178e-01	-1.055218e-01
1.758211e+00	1.398754e+00	-1.248033e+00	-4.503676e+00	-8.833250e-01	2.888004e+00	1.644322e+00	2.997266e+00	1.744747e+00	7.217426e-01
2.677256e-01	1.657254e+00	2.587823e+00	1.430670e+00	4.520349e-01	-1.961747e+00	7.634637e-01	1.953201e+00	-2.782614e-01	-2.601794e-01
-1.101115e-01	1.099017e+00	1.512315e+00	9.759609e-01	1.101810e+00	-6.087292e-01	-6.118972e-01	1.552146e+00	-5.909904e-01	8.119278e-01
5.654394e-01	3.881724e+00	1.277169e+00	-1.994212e+00	3.956964e-01	-4.659513e-01	-5.407437e-01	4.270807e+00	1.292462e-01	-4.729002e-01
-1.147853e-01	2.609314e+00	3.726983e+00	2.508963e+00	6.419434e-01	-2.125701e+00	-1.221523e+00	1.883454e+00	-1.088109e+00	-3.610002e-01
1.732605e+00	2.096883e+00	-2.355692e+00	-5.010149e+00	4.995527e-01	3.354671e+00	1.291007e+00	3.236893e+00	1.413198e+00	-4.485923e-01
2.770567e+00	-1.926750e+00	-3.806400e+00	-3.084580e+00	-1.133409e-02	4.893978e+00	4.430141e+00	6.053424e-01	2.390943e+00	4.227146e-01
1.642939e-01	2.644115e+00	2.555898e+00	2.208783e-01	7.500958e-01	-1.480476e+00	-8.549572e-01	3.068642e+00	-3.813548e-01	-1.663597e-01
-6.898793e-02	6.417007e+00	4.785111e+00	-5.278488e+00	-5.160914e+00	-1.270676e+00	-5.592695e+00	7.607035e+00	4.536123e+00	-1.800889e+00
1.334986e-01	8.864124e-01	2.879243e+00	2.022753e+00	1.610998e-01	-9.446104e-01	-3.874399e-01	1.855318e+00	-2.792566e-01	-1.769425e-01
-2.184452e-01	-1.180467e-01	3.001583e-01	4.322070e-01	3.707024e-01	1.670617e-01	1.964425e+00	3.351920e-01	7.015628e-01	6.821513e-01
4.683965e-01	1.775080e+00	-4.591782e-01	-2.939501e+00	-4.537879e-01	1.558560e+00	1.490999e+00	2.156114e+00	9.729014e-01	2.466628e-01
-2.166463e-01	7.481622e-01	6.392711e-01	-1.435636e-01	9.497236e-01	-2.681451e-01	1.552483e+00	9.038186e-01	-1.619022e-01	8.804716e-01
-9.522067e-02	2.430094e+00	3.242175e+00	3.278375e+00	2.626783e+00	-3.185007e+00	-5.421727e-01	1.771657e+00	-2.212869e+00	-8.491737e-01
-3.035444e-01	1.733644e+00	2.548216e+00	2.669097e+00	2.071586e+00	-2.496025e+00	1.838302e-02	1.014428e+00	-1.611086e+00	-1.528944e-01
-4.592592e-01	-3.160549e+00	2.024815e-01	3.325587e+00	-1.668927e+00	1.387188e+00	2.538599e+00	-2.074449e+00	1.233478e+00	1.878105e+00
-5.160832e-01	-1.703895e+00	3.041112e-01	4.543177e+00	1.647937e-01	-8.380566e-02	2.139505e+00	-1.359096e+00	-1.223142e+00	1.874239e+00
1.042017e+00	2.800441e+00	4.545707e-01	-2.789986e+00	4.775411e-02	3.578885e-01	1.595318e+00	2.872065e+00	-4.381274e-01	1.558573e-01
-2.452703e-01	1.740552e+00	3.254875e+00	1.833653e+00	5.059790e-01	-2.415398e+00	1.198695e+00	6.383054e-01	-1.801686e+00	5.913633e-02
6.784664e-01	4.432871e-01	-2.674401e-01	-6.735517e-01	1.904004e+00	8.001020e-01	2.158649e+00	4.590571e-01	-4.945847e-02	-3.258586e-01
-4.917779e-01	3.068746e+00	1.796957e+00	-4.050618e-01	1.230261e+00	-1.176797e+00	-5.310906e-01	2.265369e+00	-6.136948e-01	-1.340398e-01
-1.914013e-01	-9.157729e-01	9.023909e-01	5.321064e-01	8.884339e-01	3.619914e-01	1.036144e+00	4.069552e-01	1.062676e+00	9.105411e-01
6.150962e-01	1.084330e+00	-5.343464e-01	-2.257559e+00	1.225684e+00	1.011058e+00	8.866835e-01	1.914064e+00	1.552231e+00	7.244763e-01
-4.012740e-01	-1.017605e+00	7.608532e-01	1.382012e+00	5.825131e-01	2.313839e-01	9.934154e-01	4.612567e-01	6.205972e-01	8.838053e-01
3.111376e-01	2.549427e+00	2.679159e+00	-7.984756e-01	2.090891e-02	-9.481958e-01	-4.046807e-01	2.985321e+00	-3.208716e-01	-6.203764e-02
-3.137890e-01	3.558612e-01	1.495990e+00	1.685048e+00	6.645904e-01	-3.954149e-01	-2.397298e-01	9.783483e-01	-6.461201e-01	1.080619e+00
6.043087e-01	2.244078e+00	4.264585e-01	-3.672854e+00	6.293243e-01	9.928981e-01	8.359455e-01	1.925092e+00	6.780525e-01	3.339050e-01
4.316426e-01	2.146584e+00	1.655003e+00	7.461804e-01	5.907777e-01	-2.956360e-01	-6.400871e-02	1.308374e+00	7.471099e-02	-1.393248e+00
1.019470e+00	-7.153910e-01	-5.304887e-01	2.021904e+00	8.491512e-01	1.084115e+00	2.107343e+00	-1.100780e-01	4.448487e-01	2.962369e-01
7.049055e-01	9.917958e-01	1.498030e+00	1.922575e+00	-3.472665e-01	-3.919085e-01	1.294852e+00	7.754997e-01	-8.666496e-01	1.383681e-01
1.419311e+00	5.238477e-01	4.511549e-02	1.825950e+00	3.476863e+00	6.891808e-03	3.994528e-01	7.089290e-01	-1.158387e-01	-1.383696e+00
-3.280995e-01	3.148783e+00	2.492960e+00	9.871102e-01	1.185013e+00	-1.855068e+00	-1.111450e+00	2.508040e+00	-1.030867e+00	-8.837633e-01
-3.465255e-01	3.449802e+00	1.996967e+00	3.525338e-01	1.888609e+00	-1.636149e+00	-1.358839e+00	2.925310e+00	-1.113135e+00	-6.446117e-01
-6.986690e-01	2.183132e+00	3.397452e+00	2.880465e+00	1.631741e+00	-2.614096e+00	-1.442169e+00	2.086001e+00	-1.362086e+00	-1.182448e-01
1.182718e+00	6.241188e-01	-8.269259e-02	-1.016005e+00	3.676049e-02	1.766349e+00	7.867240e-01	2.070360e+00	9.033014e-01	7.090093e-01
-3.524119e-01	2.662737e+00	3.774044e+00	2.285150e+00	1.919272e+00	-2.690066e+00	-1.777123e+00	2.675042e+00	-1.239019e+00	-6.420007e-01
2.350873e+00	-1.358401e-01	-3.328749e+00	-5.692865e+00	-6.432187e-01	5.080241e+00	2.713669e+00	2.500056e+00	2.790752e+00	7.695686e-01
7.597188e-02	2.674948e+00	2.445866e+00	4.445014e-01	2.035632e-01	-1.723319e+00	6.429607e-01	2.280227e+00	-1.455278e+00	1.679068e-01
4.890486e-01	3.591024e+00	1.762267e+00	-2.566811e-01	1.399313e-01	-6.437618e-01	-3.924837e-01	2.532120e+00	-5.977114e-01	-4.979156e-01
1.444676e+00	-1.671994e-01	-2.840285e+00	-3.847975e+00	-8.008043e-02	3.781924e+00	3.490490e+00	1.193859e+00	1.335401e+00	1.169606e+00
1.117538e+00	8.379363e-01	7.876253e-01	2.301763e+00	2.989454e+00	-4.408051e-01	7.329507e-01	6.568502e-02	-5.931819e-01	-1.861355e+00
1.622126e-01	1.586415e+00	1.719942e+00	1.666937e+00	-9.663844e-01	-3.760808e-01	4.498866e-01	1.325710e+00	-1.519457e-01	-3.740199e-01
1.424693e+00	4.450472e-01	-1.434302e+00	-2.934751e+00	3.115649e-01	2.864550e+00	1.313013e+00	1.634992e+00	1.579331e+00	8.716357e-01
5.368050e-01	1.066394e+00	1.086010e+00	1.216981e+00	3.191826e+00	-7.881335e-01	-9.642643e-01	2.161472e+00	7.639645e-01	-1.396107e+00
6.900058e-01	-1.213317e+00	3.635757e-01	3.066360e+00	-7.384172e-01	1.307861e+00	7.395465e-01	9.076405e-01	6.698321e-01	1.273559e+00
8.243899e-01	3.699116e+00	6.276049e-01	-1.079658e+00	1.339707e+00	-2.969751e-01	-1.418225e+00	5.288344e+00	-1.984668e-01	-1.381122e+00
-2.214582e-01	2.881144e+00	3.610592e+00	8.930077e-01	1.075788e-01	-2.002647e+00	-8.439010e-01	2.489370e+00	-1.134561e+00	-2.953181e-01
1.091252e+00	2.188415e+00	-4.001263e-02	-2.637857e+00	1.536941e+00	9.945257e-01	-1.604410e-01	3.021698e+00	5.466450e-01	-1.869716e-01
5.374069e-01	1.936983e+00	1.874824e+00	1.893602e+00	1.672613e+00	-1.018984e+00	-1.126248e+00	2.312833e+00	7.818333e-02	-1.007558e+00
8.153941e-02	2.442112e+00	2.659544e+00	1.406229e+00	-1.461119e-01	-1.692542e+00	9.987100e-02	2.932175e+00	-7.745261e-01	-5.142446e-01
4.501077e-01	1.442604e+00	9.340482e-01	2.864494e-01	-1.012728e+00	4.243056e-01	8.397354e-01	1.055939e+00	6.180054e-01	7.290036e-02
-3.700371e-01	1.287616e+00	2.549765e+00	1.782185e+00	8.408129e-01	-1.641883e+00	-3.367717e-01	1.697975e+00	-3.822467e-01	-3.438415e-02
3.869028e-02	3.034092e+00	1.024969e+00	-1.819512e+00	8.054927e-01	-5.270839e-01	3.817025e-03	2.588382e+00	2.934750e-01	-9.325768e-01
-3.650765e-01	-2.819510e+00	7.209889e-01	3.745467e+00	3.245591e-02	5.989505e-01	1.463618e+00	-6.940098e-01	1.051793e+00	1.257966e+00
-8.136458e-01	7.881800e-02	2.459487e+00	1.554150e+00	9.561878e-01	-1.480480e+00	-1.903100e-01	8.778150e-01	-4.656125e-01	9.563558e-01
-1.290246e-01	3.126609e+00	1.145940e+00	-1.013902e+00	1.714659e+00	-6.266239e-01	-5.148241e-01	2.781158e+00	-3.217935e-01	-6.214221e-01
-4.192774e-01	3.084070e+00	2.943153e+00	1.883766e+00	-1.201499e-01	-2.224451e+00	-1.051163e+00	2.968064e+00	-1.192007e+00	-2.035747e-01
-5.401780e-01	-1.552425e+00	1.321869e+00	3.461758e+00	3.917359e-01	-2.096326e-01	4.824815e-01	5.120657e-01	-3.856483e-04	1.012336e+00
1.956563e-01	1.823442e+00	3.147691e+00	3.584774e+00	2.010160e+00	-2.719928e+00	-6.040743e-02	1.128625e+00	-1.921385e+00	-1.105824e+00
-5.656393e-01	-5.296930e-01	5.838623e-01	-9.955138e-03	1.343925e+00	5.024984e-02	9.003378e-01	9.278372e-01	8.411842e-01	9.453651e-01
-2.425858e-01	-2.270147e+00	5.822919e-01	3.187698e+00	-1.802956e-01	6.796181e-01	1.552820e+00	-6.023771e-01	1.227081e+00	9.227753e-01
-1.716048e-01	1.455642e+00	3.066148e+00	3.280573e+00	1.031028e+00	-2.551202e+00	6.694967e-01	8.589882e-01	-1.664932e+00	2.708206e-01
1.751906e+00	-5.314451e-01	-2.621666e+00	-3.736463e+00	5.328337e-01	3.453044e+00	3.757507e+00	5.632068e-01	2.190379e+00	2.955804e-01
1.620694e-01	3.318524e+00	2.325005e+00	2.888945e-01	1.267944e+00	-1.213634e+00	-1.237591e+00	3.154837e+00	-9.059692e-01	-8.627392e-01
1.684630e-01	1.869326e+00	2.540721e+00	-1.030103e+00	5.358120e-01	-1.006913e+00	3.858242e-01	1.598846e+00	6.269213e-01	-4.324034e-01
2.476207e+00	6.892208e-01	-2.972709e+00	-5.945410e+00	2.424466e-01	4.629610e+00	2.161164e+00	2.426394e+00	2.588547e+00	-8.183334e-02
8.251640e-01	-1.941934e+00	-4.620419e-01	2.836726e+00	-2.323575e-01	1.726115e+00	9.697740e-01	8.967470e-01	1.320517e+00	8.993453e-01
2.570870e-02	2.396879e+00	2.672834e+00	2.216782e+00	2.147102e+00	-2.246851e+00	-1.741715e+00	2.824069e+00	-6.816075e-01	-6.920610e-01
-1.261106e+00	-2.111191e+00	1.104627e+00	3.038114e+00	1.172354e+00	-6.305304e-01	6.427184e-01	-9.187970e-01	9.188295e-02	1.926120e+00
8.546733e-01	2.078297e+00	1.100725e+00	-1.694406e+00	-3.935866e-01	3.256612e-01	2.959950e-01	3.367499e+00	4.631904e-01	1.730166e-01
3.003231e-01	1.275568e+00	4.691436e-01	-1.529488e+00	1.091132e+00	7.039089e-01	6.048268e-01	1.733762e+00	5.723874e-01	3.453955e-01
5.124765e-02	1.489705e+00	-1.934962e-01	-6.383284e-01	1.468708e+00	5.329564e-01	3.602701e-01	1.438682e+00	5.988818e-01	-3.729592e-02
9.655150e-02	1.831748e+00	7.603330e-01	8.335231e-01	1.031015e+00	-2.166458e-01	-3.075479e-02	1.132099e+00	1.331653e-01	-5.162870e-01
1.821008e+00	-5.323030e-01	9.617520e-02	2.637651e+00	1.022549e+00	1.752913e+00	7.948954e-02	9.413255e-01	1.194163e+00	-8.705210e-01
-1.902691e-01	3.070188e+00	3.508604e+00	2.264473e+00	2.321736e+00	-2.878542e+00	-2.193864e+00	2.988460e+00	-1.264111e+00	-1.330414e+00
1.725857e-01	2.498524e+00	3.145948e+00	1.014146e+00	9.351650e-01	-1.843076e+00	-1.099134e+00	2.997539e+00	-5.777095e-01	-4.285219e-01
6.306249e-01	1.041016e+00	7.149985e-01	6.559238e-01	-3.635238e-02	1.292108e-01	1.918736e+00	6.007637e-01	8.176016e-02	-7.935548e-02
-8.315815e-01	-6.524992e-01	1.919744e+00	3.469674e+00	1.760368e+00	-1.265184e+00	8.206722e-02	5.801555e-01	2.560551e-01	7.226214e-01
3.791168e-01	-1.421225e+00	-5.153885e-01	1.950848e+00	1.536161e+00	9.565625e-01	1.039331e+00	6.599557e-01	1.936183e+00	3.390410e-01
6.017883e-01	2.364425e+00	1.302309e+00	-4.176266e-01	1.342541e+00	-1.154055e+00	1.051558e+00	1.885514e+00	-7.426459e-01	1.833881e-01
3.096745e-01	2.299692e+00	1.250966e+00	1.105522e-02	1.308836e+00	-5.694059e-01	-4.395091e-01	2.635761e+00	1.640839e-01	-1.113417e+00
1.823546e-02	1.959633e+00	3.141935e+00	1.877375e+00	3.136909e-01	-1.819114e+00	-7.619912e-01	2.700684e+00	-4.159228e-01	9.694197e-03
8.028355e-02	1.619512e+00	1.748077e+00	2.660045e+00	2.135705e+00	-1.649595e+00	-1.998513e-01	1.083478e+00	-1.168225e-01	-1.306066e+00
1.044128e-01	1.095766e-01	1.110969e+00	2.363574e+00	3.638120e+00	-8.547764e-01	-5.420149e-01	1.228884e+00	9.383596e-01	-1.102733e+00
3.375044e+00	5.486495e-01	-3.482560e+00	-5.229409e+00	2.418720e-01	4.872033e+00	3.526469e+00	1.798921e+00	2.071383e+00	-8.284516e-01
-6.874447e-01	2.615440e+00	3.764449e+00	2.753109e+00	2.854926e-01	-3.150542e+00	-1.333036e+00	2.037370e+00	-9.622542e-01	1.961663e-01
6.523891e-01	2.499497e-01	-1.460470e-01	-8.465817e-01	3.237543e-01	1.230910e+00	1.179613e+00	1.736740e+00	1.631174e+00	6.918887e-01
6.900234e-01	1.934475e+00	1.511581e+00	1.689364e-01	2.133050e+00	-6.023485e-01	-8.864498e-01	1.824349e+00	2.206351e-01	-1.250418e+00
7.968388e-01	2.169901e+00	1.242695e+00	-2.059838e+00	-2.582137e-01	9.422336e-02	3.147173e-01	3.202937e+00	6.074710e-01	1.100433e-01
2.633456e+00	9.896093e-01	-3.013918e+00	-6.688343e+00	-9.655853e-01	4.826174e+00	2.621821e+00	3.434645e+00	2.981220e+00	3.234284e-01
-3.266994e-01	2.797340e+00	3.438885e+00	1.720058e+00	1.798329e+00	-2.861095e+00	-1.716533e+00	3.457578e+00	-1.002032e+00	-7.512623e-01
1.970108e+00	1.261456e+00	-1.189061e+00	-4.516023e+00	-2.497879e-01	2.972651e+00	1.542015e+00	2.859901e+00	1.886534e+00	1.303418e-01
6.317138e-01	-4.082402e-01	-8.127121e-02	2.402077e+00	2.335750e+00	6.296411e-02	1.299390e+00	-7.015192e-02	4.931709e-01	-6.812247e-01
1.223969e-01	1.762801e+00	2.211696e+00	9.361380e-01	5.584715e-01	-1.206879e+00	-4.751869e-01	2.740056e+00	-1.870394e-01	-1.514298e-01
1.499217e-01	1.848872e+00	1.056941e+00	-1.434991e+00	1.163169e+00	1.628006e-01	3.988217e-01	1.448274e+00	4.705702e-01	2.065004e-01
6.060049e-01	2.304883e+00	1.805727e+00	1.079897e+00	2.727586e+00	-1.168497e+00	-1.379545e+00	2.581880e+00	-2.871533e-03	-1.681517e+00
-4.006084e-01	-1.896031e+00	1.126342e+00	3.637544e+00	4.114742e-01	1.827867e-01	7.203725e-01	-8.843846e-01	2.205325e-01	8.842876e-01
1.834248e+00	1.635704e+00	-2.167701e-01	-7.533039e-01	2.848502e+00	1.433649e+00	-6.345108e-01	2.314334e+00	8.413945e-01	-1.967592e+00
4.681331e-01	2.403797e+00	1.471098e+00	-1.406981e+00	9.059521e-02	1.661903e-01	3.127007e-01	1.404517e+00	2.880937e-01	-6.845408e-01
6.724112e-01	8.093494e-01	7.794266e-01	2.761285e+00	1.439147e+00	-2.209501e-01	-6.287440e-01	1.493791e+00	4.713451e-01	-1.327108e+00
9.762000e-01	1.994958e+00	4.089820e-01	-1.869930e+00	1.540553e-01	7.394899e-01	1.683067e-01	2.907652e+00	5.482733e-01	-1.538933e-01
-1.081610e+00	-9.614007e-01	8.745284e-01	2.435645e-01	1.734913e+00	-5.105978e-01	7.537946e-01	2.368629e-01	5.704242e-01	1.593343e+00
2.120907e+00	7.627211e-01	-2.996867e+00	-5.180180e+00	-3.296829e-01	4.451596e+00	2.037238e+00	3.566961e+00	2.182551e+00	3.068756e-01
-1.581669e-04	5.654595e-01	1.770254e+00	2.171372e+00	9.327237e-01	-1.320605e+00	-2.794192e-01	2.277148e+00	6.941449e-01	6.090120e-01
2.841810e-01	1.816379e+00	1.946279e+00	2.996747e+00	2.668813e+00	-2.023984e+00	-4.184757e-02	1.253483e+00	-1.485858e+00	-9.608245e-01
5.946401e-01	4.881503e-01	-1.119299e-01	9.203843e-01	1.664752e+00	5.099012e-01	9.877247e-01	7.351480e-01	3.890932e-01	-2.349083e-01
4.868918e-01	5.369439e-01	1.414079e+00	-4.181273e-01	1.823851e-01	1.254164e-01	3.039404e-01	1.984902e+00	5.301960e-01	2.483708e-01
2.762457e-01	1.364884e+00	1.265417e+00	1.183869e+00	5.066241e-02	-6.584633e-01	1.289226e+00	6.093234e-01	2.088291e-02	-5.786389e-02
-7.255688e-01	3.518911e-03	9.529775e-01	1.610291e+00	1.490919e+00	-6.377215e-01	5.141974e-01	6.972105e-01	5.289719e-01	1.968152e-01
2.168723e-01	1.767238e+00	1.604463e+00	-1.583421e-01	1.111460e+00	-1.077358e+00	1.263940e+00	1.437535e+00	-1.250752e+00	1.743595e-01
5.642912e-01	2.923007e+00	1.117794e+00	-1.679522e+00	-1.026544e+00	2.776504e-01	1.742748e-01	2.775429e+00	-2.571005e-01	3.059685e-01
7.910191e-02	-1.769172e+00	-6.320892e-01	2.384811e+00	7.144565e-01	8.156338e-01	2.469078e+00	3.124494e-01	1.189490e+00	1.024279e+00
1.242088e+00	5.220787e-01	-1.095056e+00	-3.931833e+00	-7.029352e-01	2.635492e+00	2.034102e+00	2.043290e+00	2.031718e+00	7.269353e-01
1.230609e-01	2.074218e+00	2.779848e+00	1.889151e+00	1.246558e+00	-1.650015e+00	-1.180178e+00	2.699638e+00	-5.961477e-01	-1.397051e-01
2.932538e-02	3.408179e-01	1.721728e+00	3.910769e+00	1.578020e-01	-9.715379e-01	1.312089e+00	-2.582931e-02	-1.243531e+00	4.789704e-01
1.961275e-01	1.476493e+00	4.091029e-01	-2.407450e+00	1.547833e+00	4.374836e-01	5.366362e-01	2.082085e+00	8.325654e-01	3.762424e-01
-8.897130e-01	-1.354140e+00	7.517247e-01	5.832353e-01	1.504755e+00	-1.823424e-01	8.951269e-01	-3.381530e-01	6.379565e-01	1.698863e+00
-5.956288e-01	1.163499e+00	1.988841e+00	-1.976891e-01	1.487863e+00	-1.085376e+00	8.360090e-02	7.018784e-01	2.319000e-01	2.046465e-01
6.616901e-01	2.394878e+00	7.158001e-01	-1.666050e-01	1.984939e+00	3.095986e-02	-3.099969e-01	1.784684e+00	6.012002e-01	-1.289178e+00
-5.696913e-01	-1.172279e+00	1.134826e+00	1.319387e+00	-2.382497e-02	-4.261922e-02	1.195854e+00	3.964296e-01	9.470789e-01	1.416111e+00
2.302579e-01	2.957014e+00	2.187899e+00	1.764577e+00	8.005017e-01	-1.561091e+00	-1.339147e+00	3.157085e+00	-6.790348e-01	-1.493424e+00
4.836880e-01	2.309448e+00	1.977026e+00	6.204427e-01	1.696134e+00	-1.650057e+00	7.039766e-01	2.082084e+00	-1.329731e+00	-4.609470e-01
6.075253e-01	2.474238e+00	1.452826e+00	9.081372e-01	2.396660e+00	-7.888899e-01	-4.011598e-01	1.701454e+00	-2.398127e-01	-1.680799e+00
-5.320882e-01	8.285168e-01	2.672797e+00	2.853784e+00	1.636187e-01	-1.378848e+00	-2.527837e-01	6.445240e-01	-8.113132e-01	2.774213e-01
-4.397107e-01	3.017794e+00	1.828828e+00	-4.399430e-01	5.803794e-01	-1.118400e+00	-2.692548e-01	2.836114e+00	-6.129902e-01	-2.723148e-01
1.136173e+00	-1.271454e+00	1.726063e-03	4.220590e+00	2.368670e+00	4.946369e-01	9.091834e-01	-1.844344e-01	3.967959e-01	-1.442522e+00
1.845452e+00	5.516277e-01	-1.862387e+00	-5.426379e+00	-4.832573e-01	3.663930e+00	2.351614e+00	2.710360e+00	2.349277e+00	6.092892e-01
-3.853349e-01	2.428842e+00	3.079608e+00	9.186651e-01	6.978211e-01	-2.203077e+00	-6.922950e-01	2.424296e+00	-3.630379e-01	1.998978e-02
-2.058037e-01	2.674645e+00	3.093521e+00	8.673566e-01	8.511955e-01	-2.329837e+00	-1.185669e+00	2.831353e+00	-7.174210e-01	-1.560408e-01
-4.064785e-01	1.811092e+00	3.114152e+00	2.739410e+00	7.663382e-01	-2.584305e+00	3.215572e-01	1.369881e+00	-1.905050e+00	2.760726e-01
6.836303e-01	-1.339133e-01	2.491698e-01	9.240583e-01	4.769974e-01	5.119999e-01	2.011028e+00	8.424717e-01	1.080315e-02	5.293190e-01
-2.049014e-01	2.973264e+00	2.433211e+00	-2.735785e-01	5.599063e-01	-1.572419e+00	-5.223825e-01	3.028292e+00	-2.304427e-01	3.160285e-03
1.301266e-01	2.952250e+00	2.988232e+00	2.030691e+00	1.552974e+00	-2.192198e+00	-1.510678e+00	3.075281e+00	-9.369252e-01	-1.126326e+00
1.467398e-01	-4.804054e-01	5.788834e-01	-6.197089e-01	3.582826e-01	7.845129e-01	7.576597e-01	6.175903e-01	5.088143e-01	1.249721e+00
-1.086963e+00	-1.699289e+00	1.616668e+00	3.080083e+00	5.101508e-01	-1.005843e+00	5.951846e-01	-2.465307e-01	2.272134e-01	1.668703e+00
3.419282e-01	4.658383e-01	1.829935e+00	1.254830e+00	2.515008e-01	-1.437650e-01	-5.421229e-02	2.065898e+00	1.303416e-01	1.645935e-01
-9.196952e-01	-1.342376e+00	1.734593e+00	3.420342e+00	-1.530400e-01	-7.435886e-01	6.072178e-01	5.712836e-03	-1.960506e-01	1.386115e+00
-3.210544e-01	2.752596e+00	2.757338e+00	-8.896913e-02	1.103830e+00	-1.822026e+00	-5.316133e-01	2.321622e+00	-2.463125e-01	-3.506082e-01
4.987369e-01	9.039188e-01	3.377855e-01	1.717910e+00	2.959963e+00	-3.534082e-01	-4.592111e-01	1.886745e+00	1.304486e-01	-1.261381e+00
2.193261e-01	1.523111e-01	-1.838273e-01	2.382698e+00	8.390162e-01	-4.742911e-02	1.020906e+00	9.466877e-01	6.474859e-02	7.458757e-01
-6.273150e-01	-1.991178e+00	8.663999e-01	2.986769e+00	1.275732e+00	-7.958992e-02	6.585521e-01	-5.996468e-01	7.105044e-01	9.647054e-01
-2.770634e-01	1.733576e-01	1.002386e+00	2.631408e+00	1.536322e+00	-6.315919e-01	1.084054e+00	-9.211192e-01	-1.082400e-01	3.494454e-01
1.565934e+00	2.210825e-01	-2.918446e+00	-5.945608e+00	7.396598e-01	4.190250e+00	2.617534e+00	2.022191e+00	2.770050e+00	7.017767e-01
-6.207892e-02	2.760653e+00	3.006552e+00	-1.887797e-01	2.228858e-02	-2.236118e+00	1.674284e+00	1.735117e+00	-1.390270e+00	-5.673250e-01
-9.798323e-02	2.099291e+00	1.927456e+00	1.497548e+00	-3.979932e-01	-8.851060e-01	2.943699e-01	1.146223e+00	1.473349e-01	-6.697428e-01
-1.230891e-01	1.451590e+00	1.919685e+00	1.868975e+00	3.297432e-02	-1.294643e+00	1.389727e+00	4.933089e-01	-1.661468e+00	6.419996e-01
1.182233e-01	3.337419e+00	2.971652e+00	4.127293e-01	8.210135e-01	-1.854481e+00	-1.220602e+00	2.759404e+00	-7.715086e-01	-3.490628e-01
1.693658e+00	1.211060e+00	-2.994946e+00	-4.991568e+00	1.145004e+00	3.719648e+00	1.691916e+00	2.612965e+00	2.285452e+00	-4.364751e-01
-1.076806e+00	2.600831e+00	4.666588e+00	4.012898e+00	1.947004e+00	-4.032929e+00	-2.263390e+00	2.303436e+00	-1.950532e+00	-3.032103e-01
1.054445e-01	2.588881e+00	1.764805e+00	-8.900354e-01	1.817786e+00	-1.063566e+00	-3.638892e-01	2.170555e+00	3.535981e-01	-1.098606e+00
2.296113e-01	1.607761e-01	-4.145977e-01	-6.696430e-01	1.260141e+00	1.266376e+00	9.821107e-01	1.285142e+00	1.042731e+00	5.420540e-01
3.822045e-01	1.629584e+00	1.839008e+00	1.350403e+00	2.210063e-01	-9.895339e-01	9.780244e-01	1.671782e+00	-5.738696e-01	-5.818243e-01
3.305728e+00	1.273966e+00	-3.722110e+00	-8.705562e+00	-3.234672e-01	5.833557e+00	2.518176e+00	3.539016e+00	3.264982e+00	-1.490584e-03
1.782419e+00	6.629542e-01	-3.128697e+00	-6.663255e+00	2.404892e-01	4.323752e+00	2.590698e+00	2.648705e+00	2.728965e+00	7.694925e-01
7.830656e-01	2.199428e+00	5.517655e-01	-2.927741e+00	8.526145e-01	9.320088e-01	6.628969e-01	2.134651e+00	9.134450e-01	-6.962973e-02
-4.808170e-01	-2.321723e+00	1.287742e+00	3.814347e+00	-7.207748e-02	1.183575e-01	1.089977e+00	-5.672379e-01	5.697243e-01	1.461072e+00
-5.419227e-01	1.999558e+00	3.325893e+00	1.947182e+00	1.021258e+00	-2.975726e+00	1.657081e-01	1.914319e+00	-1.244984e+00	-1.496070e-01
1.813855e+00	3.838501e-01	-2.540586e+00	-5.444924e+00	-5.408819e-01	4.052895e+00	2.307716e+00	2.880378e+00	2.287424e+00	1.218796e+00
