-9.239679e-02	1.635806e-02	-6.477184e-02	1.060811e-02	1.351347e-02	9.581507e-03	3.680268e-02	1.021450e-01	7.245222e-02	-6.056417e-02
-9.470440e-02	1.060079e-02	-7.422174e-02	6.768032e-03	3.788684e-03	2.708035e-02	4.076584e-02	9.234316e-02	6.744906e-02	-4.293193e-02
-1.046911e-01	-7.554554e-04	-7.928882e-02	3.273641e-03	1.592417e-02	2.248512e-03	5.335673e-02	1.189305e-01	7.769730e-02	-5.085007e-02
-1.167858e-01	6.385196e-03	-8.061597e-02	-9.247778e-04	2.163726e-02	7.327308e-03	5.552192e-02	1.255064e-01	6.155484e-02	-4.384753e-02
-1.151042e-01	1.583786e-03	-8.538008e-02	-1.033349e-03	2.791347e-02	3.647752e-03	5.358835e-02	1.351977e-01	5.843090e-02	-4.289390e-02
-1.225415e-01	6.703721e-03	-8.778154e-02	-2.934658e-03	1.682275e-02	2.327834e-02	5.737986e-02	1.256122e-01	6.202338e-02	-4.400459e-02
-1.135874e-01	-7.764546e-03	-9.042446e-02	-3.446133e-03	2.597414e-02	9.924212e-04	5.989070e-02	1.387644e-01	7.147405e-02	-4.647410e-02
-1.209595e-01	-9.750743e-03	-9.842485e-02	-6.580902e-03	3.241634e-02	7.588976e-03	5.709550e-02	1.409512e-01	6.347730e-02	-2.955964e-02
-1.261685e-01	-8.614527e-03	-1.008702e-01	-9.989151e-03	4.022533e-02	2.128036e-03	5.864336e-02	1.537035e-01	5.630867e-02	-2.853183e-02
-1.298175e-01	-8.754134e-03	-1.083819e-01	-1.639988e-02	3.725955e-02	2.199157e-02	5.897198e-02	1.481436e-01	5.246193e-02	-1.977208e-02
-1.218425e-01	-1.657377e-02	-1.059954e-01	-1.254148e-02	3.985707e-02	-2.420131e-03	6.188830e-02	1.602403e-01	6.828607e-02	-3.257693e-02
-1.229307e-01	-6.607833e-03	-9.912271e-02	-1.561630e-02	4.179891e-02	4.630246e-03	5.692609e-02	1.494258e-01	6.114534e-02	-2.808932e-02
-1.295753e-01	-1.399648e-02	-1.015790e-01	-1.871272e-02	5.090384e-02	1.288870e-03	5.817943e-02	1.555343e-01	6.257706e-02	-2.203823e-02
-1.282891e-01	-1.431949e-02	-1.069914e-01	-2.092155e-02	4.374343e-02	2.511493e-02	5.706079e-02	1.439804e-01	5.795967e-02	-1.787594e-02
-1.245967e-01	-2.408635e-02	-1.024832e-01	-1.852034e-02	4.907696e-02	9.397281e-04	5.985765e-02	1.532798e-01	7.291355e-02	-2.651123e-02
-1.329341e-01	-2.263600e-02	-1.041649e-01	-1.934179e-02	5.254066e-02	8.241933e-03	5.756815e-02	1.548854e-01	6.325833e-02	-1.584917e-02
-1.358451e-01	-2.585394e-02	-1.026378e-01	-2.307377e-02	6.012629e-02	3.300172e-03	6.095584e-02	1.598368e-01	5.702339e-02	-1.185628e-02
-1.386789e-01	-2.253546e-02	-1.101559e-01	-2.494663e-02	5.372411e-02	3.037616e-02	5.880252e-02	1.507768e-01	5.423235e-02	-1.175561e-02
-1.393614e-01	-3.835707e-02	-1.081180e-01	-2.185536e-02	6.067774e-02	6.657095e-04	6.483181e-02	1.689798e-01	7.300238e-02	-2.070482e-02
-1.506394e-01	-3.473765e-02	-1.104013e-01	-2.019498e-02	6.579793e-02	1.338718e-02	6.013957e-02	1.694959e-01	6.044728e-02	-1.122411e-02
-1.534706e-01	-3.527486e-02	-1.102251e-01	-2.315725e-02	7.229755e-02	7.774083e-03	6.327905e-02	1.760188e-01	5.740608e-02	-1.203366e-02
-1.558022e-01	-3.270564e-02	-1.161229e-01	-2.609363e-02	6.571774e-02	3.202636e-02	6.138410e-02	1.625925e-01	5.318093e-02	-3.619914e-03
-1.503727e-01	-4.712103e-02	-1.153183e-01	-2.001965e-02	7.030896e-02	5.745491e-03	6.444880e-02	1.787105e-01	6.932449e-02	-1.542678e-02
-1.572570e-01	-4.409385e-02	-1.071463e-01	-1.956733e-02	7.362940e-02	1.845822e-02	5.988864e-02	1.682992e-01	5.852433e-02	-7.806609e-03
-1.575190e-01	-4.860292e-02	-1.027615e-01	-1.903782e-02	8.012762e-02	1.738542e-02	5.687049e-02	1.701907e-01	5.770444e-02	-9.732806e-03
-1.575054e-01	-4.633773e-02	-1.077258e-01	-2.342322e-02	6.987100e-02	4.521771e-02	5.475454e-02	1.532823e-01	5.764154e-02	-3.711592e-03
-1.467632e-01	-6.042521e-02	-1.013306e-01	-1.350943e-02	7.286228e-02	1.633584e-02	5.549096e-02	1.634318e-01	7.330971e-02	-1.651001e-02
-1.502422e-01	-5.521482e-02	-9.345573e-02	-1.026144e-02	7.510530e-02	2.920396e-02	4.918111e-02	1.532356e-01	5.626711e-02	-9.736861e-03
-1.498504e-01	-5.255796e-02	-8.644669e-02	-1.179478e-02	7.965619e-02	2.268338e-02	4.795376e-02	1.508902e-01	5.994595e-02	-1.345817e-02
-1.453835e-01	-4.652248e-02	-9.521507e-02	-1.872404e-02	6.995507e-02	4.507799e-02	5.059389e-02	1.384083e-01	6.131265e-02	-1.619683e-02
-1.428239e-01	-7.201455e-02	-9.959334e-02	-1.063046e-02	7.728954e-02	1.885752e-02	5.239546e-02	1.574585e-01	7.340044e-02	-1.215120e-02
-1.597773e-01	-6.516877e-02	-9.912981e-02	-1.233103e-02	7.953777e-02	2.806483e-02	5.629376e-02	1.562808e-01	6.043661e-02	-1.676142e-03
