-6.013139e-03	1.100687e-02	-9.263292e-03	1.022768e-03	2.028284e-02	-4.275158e-03	4.374602e-03	-1.723388e-03	-4.514086e-03	1.142032e-02	7.377321e-05	2.339198e-02	1.004078e-02	7.690896e-03	-1.561694e-02	-1.233979e-02	-9.431097e-03	-3.013951e-03	-9.250839e-03	1.385010e-02	-3.002783e-03	-1.688321e-03	-1.841098e-03	-1.147496e-02	5.558883e-03	1.259062e-02	-5.830487e-03	1.988716e-03	7.175929e-03	5.909457e-03	-1.459415e-02	1.019895e-02	-5.246926e-03	2.675878e-03	1.635863e-03	-1.724769e-02	8.135474e-03	4.501891e-03	-1.047909e-02	-1.490348e-02
5.994176e-04	9.393525e-03	-1.437239e-02	4.654039e-05	1.829450e-02	-2.430922e-03	2.631304e-03	-4.829086e-03	-1.363145e-03	1.056770e-02	-1.260276e-03	1.818784e-02	6.495091e-03	1.794673e-02	-2.242922e-02	-3.755425e-03	-7.391110e-03	-4.983501e-03	-9.074004e-04	1.226247e-02	-4.989816e-03	-5.892721e-03	3.382097e-03	-1.058863e-02	1.540221e-03	6.104039e-03	-1.537223e-02	1.354692e-03	1.985674e-03	8.360192e-03	-1.015624e-02	1.447016e-02	-4.080732e-03	8.118867e-03	-6.687885e-04	-1.501215e-02	4.060132e-03	-1.014590e-03	-5.363249e-03	-6.448132e-03
-5.119093e-03	1.159101e-02	-1.450543e-02	4.132439e-03	2.422756e-02	-2.140214e-03	4.515048e-03	-4.875489e-04	2.685789e-03	1.042637e-02	1.690525e-03	1.613011e-02	2.948063e-03	1.685491e-02	-2.080408e-02	-7.176135e-03	-6.092055e-03	-6.427533e-03	-1.422970e-03	1.073542e-02	-5.415453e-03	-9.704407e-03	1.196972e-03	-1.053476e-02	1.054121e-03	9.186807e-03	-1.320458e-02	1.288422e-03	1.593431e-03	9.628922e-03	-8.728212e-03	1.520122e-02	-4.813688e-03	9.074681e-03	-6.466023e-03	-1.569465e-02	4.409808e-03	-1.451547e-03	-5.837032e-03	-9.407766e-03
-7.070128e-03	1.164438e-02	-1.390148e-02	2.343693e-03	2.530070e-02	-2.241999e-03	5.664369e-03	1.119393e-04	2.108563e-03	1.156810e-02	1.678308e-03	1.607160e-02	2.346067e-03	1.745202e-02	-1.915724e-02	-9.478307e-03	-5.214157e-03	-8.916388e-03	-3.221971e-03	8.516766e-03	-2.302729e-03	-9.459137e-03	-7.204217e-04	-1.015732e-02	-3.596954e-04	1.149286e-02	-1.085024e-02	1.822599e-03	1.920099e-03	9.905401e-03	-1.159604e-02	1.557564e-02	-2.634415e-03	9.364640e-03	-5.466439e-03	-1.596803e-02	5.667361e-03	-2.482786e-03	-6.397810e-03	-9.994347e-03
-5.992665e-03	8.633605e-03	-1.428334e-02	3.079607e-03	2.639924e-02	-1.139741e-03	6.113799e-03	1.735051e-04	3.185925e-03	1.236190e-02	3.868907e-03	1.860512e-02	3.724524e-03	1.497423e-02	-1.809698e-02	-1.059298e-02	-8.086542e-03	-8.143756e-03	-3.129792e-03	6.606920e-03	-2.416427e-03	-9.366957e-03	-2.061232e-03	-1.056380e-02	-1.403356e-03	1.327664e-02	-1.253193e-02	1.867902e-03	1.677023e-03	8.958208e-03	-1.186269e-02	1.749501e-02	-2.561080e-03	9.493503e-03	-5.639656e-03	-1.676674e-02	5.867119e-03	-2.491842e-03	-6.292418e-03	-9.692978e-03
-3.363827e-04	1.059065e-02	-1.637465e-02	-1.448009e-03	2.216176e-02	-3.358702e-03	4.237737e-03	-7.194432e-03	1.381030e-03	9.136816e-03	1.985322e-03	1.854925e-02	4.842363e-03	2.022850e-02	-1.981234e-02	-4.950500e-03	-6.649274e-03	-6.209511e-03	-2.796172e-03	1.114060e-02	-2.857441e-03	-1.135650e-02	-1.326160e-03	-8.157377e-03	-2.344983e-04	8.805485e-03	-1.429407e-02	3.672388e-03	2.375604e-03	1.001723e-02	-8.392589e-03	1.468485e-02	-2.784359e-03	9.624222e-03	1.996655e-04	-1.732693e-02	3.784474e-03	-2.106950e-03	-6.907480e-03	-9.456398e-03
-6.577673e-03	1.144875e-02	-1.445312e-02	5.134159e-03	2.729431e-02	-2.210178e-03	8.122729e-03	-4.149777e-04	4.427918e-03	9.971966e-03	-6.840790e-04	1.409802e-02	9.123937e-04	1.749122e-02	-1.890966e-02	-8.105326e-03	-5.702707e-03	-1.064834e-02	-2.897066e-04	7.855694e-03	-5.090841e-03	-1.036139e-02	-7.844727e-04	-7.734675e-03	-2.409845e-04	1.147493e-02	-1.314053e-02	7.848712e-04	1.590692e-03	1.211767e-02	-8.777146e-03	1.497242e-02	-2.043722e-03	8.129656e-03	-6.319082e-03	-1.537609e-02	4.035215e-03	-2.982128e-03	-4.935327e-03	-1.060534e-02
-8.343049e-03	1.016561e-02	-1.453227e-02	4.208467e-03	2.864124e-02	-2.403613e-03	8.782837e-03	1.241453e-03	3.336123e-03	1.102282e-02	-8.280257e-04	1.463036e-02	-3.639593e-05	1.858579e-02	-1.816405e-02	-1.012557e-02	-4.813988e-03	-1.395115e-02	-1.947646e-03	6.561493e-03	-3.148001e-03	-1.153958e-02	-3.713999e-04	-7.890962e-03	-2.085593e-03	1.248441e-02	-1.266697e-02	9.882073e-04	1.336977e-03	1.276923e-02	-1.024926e-02	1.643842e-02	1.015605e-03	9.705518e-03	-7.444981e-03	-1.474077e-02	5.614796e-03	-4.375216e-03	-4.019460e-03	-1.028165e-02
-7.659058e-03	7.634482e-03	-1.432392e-02	3.625266e-03	2.790094e-02	-1.006033e-03	8.363411e-03	7.532685e-04	3.888369e-03	1.053653e-02	-4.556310e-04	1.632707e-02	1.321247e-03	1.496094e-02	-1.552006e-02	-9.748303e-03	-6.526368e-03	-1.308094e-02	-2.649912e-03	4.894615e-03	-1.997979e-03	-9.761130e-03	-2.294368e-03	-6.463633e-03	-1.788241e-03	1.355548e-02	-1.285128e-02	1.646644e-03	1.591661e-03	1.135842e-02	-1.065922e-02	1.517230e-02	8.262278e-04	8.736610e-03	-5.924462e-03	-1.430381e-02	6.484993e-03	-3.750969e-03	-4.767221e-03	-1.042499e-02
-3.143021e-03	9.473086e-03	-1.383830e-02	2.954745e-03	2.455467e-02	-2.652597e-03	1.008010e-02	-2.980066e-03	3.858127e-03	7.958296e-03	-5.587491e-03	1.310353e-02	1.226372e-04	2.011217e-02	-1.667895e-02	-6.775309e-03	-6.386151e-03	-1.525764e-02	2.170062e-03	5.527987e-03	-4.444734e-03	-8.731097e-03	-1.546540e-03	-4.803127e-03	-2.168616e-03	1.205415e-02	-1.673729e-02	4.516935e-04	1.903848e-03	1.371184e-02	-8.188515e-03	1.238641e-02	1.328895e-03	8.796632e-03	-3.138208e-03	-1.304186e-02	4.167296e-03	-4.604133e-03	-3.951272e-03	-6.257394e-03
-6.823588e-03	1.195300e-02	-1.241368e-02	6.440966e-03	2.969101e-02	-1.558120e-03	1.097679e-02	-1.130725e-03	5.417875e-03	8.883489e-03	-3.182747e-03	1.230864e-02	-1.752759e-03	1.699669e-02	-1.501573e-02	-8.255059e-03	-5.905247e-03	-1.511115e-02	1.398932e-03	6.665909e-03	-6.746663e-03	-1.233748e-02	-1.996837e-03	-5.296019e-03	-1.726953e-03	1.236792e-02	-1.365141e-02	1.033266e-03	1.981772e-03	1.411974e-02	-8.161593e-03	1.264426e-02	9.544418e-05	7.172792e-03	-7.351541e-03	-1.327085e-02	4.429282e-03	-4.091719e-03	-3.473650e-03	-1.131412e-02
-8.835028e-03	1.161291e-02	-1.275318e-02	5.348012e-03	3.290787e-02	-2.264122e-03	1.265508e-02	-6.046467e-04	3.474210e-03	1.029184e-02	-4.534785e-03	1.219969e-02	-2.944747e-03	1.731292e-02	-1.426915e-02	-1.177824e-02	-4.566470e-03	-1.975377e-02	-1.788540e-04	5.150322e-03	-5.439996e-03	-1.224883e-02	-1.900301e-03	-5.333426e-03	-3.170287e-03	1.203188e-02	-1.182960e-02	1.557673e-03	1.414988e-03	1.496782e-02	-9.719566e-03	1.492146e-02	2.851943e-03	8.032742e-03	-6.862501e-03	-1.244496e-02	7.218463e-03	-5.477800e-03	-2.896713e-03	-1.046728e-02
-8.253930e-03	7.705820e-03	-1.189421e-02	6.111546e-03	3.176010e-02	-9.366708e-04	1.362347e-02	1.106083e-03	4.302714e-03	9.111861e-03	-3.920591e-03	1.342469e-02	-2.887603e-03	1.376270e-02	-1.231843e-02	-1.242397e-02	-6.173479e-03	-1.945389e-02	-6.461166e-04	3.515727e-03	-5.343636e-03	-1.192707e-02	-2.578390e-03	-3.779114e-03	-3.522454e-03	1.316199e-02	-1.345632e-02	1.053007e-03	1.442482e-03	1.305182e-02	-9.045050e-03	1.407480e-02	3.595445e-03	8.474353e-03	-5.957302e-03	-1.096943e-02	8.591677e-03	-5.527248e-03	-3.494698e-03	-9.295874e-03
-2.678258e-03	9.781504e-03	-1.153500e-02	4.308130e-03	2.669965e-02	-1.988417e-03	1.424910e-02	-4.359886e-03	3.392825e-03	6.522420e-03	-8.070525e-03	1.078662e-02	-3.725641e-03	1.953304e-02	-1.269979e-02	-7.837495e-03	-6.388521e-03	-1.994514e-02	4.108233e-03	4.434678e-03	-8.960230e-03	-1.029135e-02	-1.621870e-03	-3.008784e-03	-2.708193e-03	1.065533e-02	-1.654259e-02	1.296950e-03	2.233703e-03	1.477985e-02	-6.419803e-03	1.062963e-02	2.800980e-03	7.665301e-03	-2.511537e-03	-9.518490e-03	5.287683e-03	-4.814871e-03	-2.879240e-03	-6.547727e-03
-7.528300e-03	9.406381e-03	-1.103074e-02	8.671233e-03	3.138607e-02	-1.610938e-03	1.526559e-02	-3.857620e-04	5.693035e-03	6.150963e-03	-6.599119e-03	8.115248e-03	-6.222508e-03	1.685072e-02	-1.278959e-02	-1.011100e-02	-4.123622e-03	-1.976853e-02	3.456594e-03	4.766036e-03	-9.410753e-03	-1.344123e-02	-8.225731e-04	-3.565235e-03	-2.632044e-03	1.131335e-02	-1.371936e-02	-1.650194e-04	1.093794e-03	1.548648e-02	-4.454152e-03	1.133255e-02	3.197243e-03	7.684459e-03	-6.889744e-03	-8.883574e-03	5.828335e-03	-5.230629e-03	-2.696279e-03	-9.352665e-03
-8.622087e-03	1.049861e-02	-1.037759e-02	7.435037e-03	3.261857e-02	-2.258391e-03	1.676829e-02	3.055439e-04	3.920963e-03	7.746189e-03	-6.468667e-03	8.557280e-03	-8.483310e-03	1.711943e-02	-1.131020e-02	-1.323789e-02	-3.199431e-03	-2.370817e-02	1.881270e-03	4.043573e-03	-7.368791e-03	-1.337193e-02	-2.040671e-03	-2.919745e-03	-3.955555e-03	1.209836e-02	-1.175719e-02	5.210598e-04	1.361135e-03	1.569397e-02	-6.657750e-03	1.273338e-02	4.634793e-03	8.353181e-03	-7.442800e-03	-8.548448e-03	8.376290e-03	-6.808684e-03	-2.739078e-03	-9.288914e-03
-7.565618e-03	7.219140e-03	-9.902914e-03	8.338969e-03	3.195655e-02	-7.617910e-04	1.781118e-02	2.838985e-04	4.565024e-03	6.715306e-03	-5.970982e-03	9.621931e-03	-8.057642e-03	1.379976e-02	-9.284601e-03	-1.346938e-02	-5.335951e-03	-2.418068e-02	9.759892e-04	2.306225e-03	-8.019175e-03	-1.178446e-02	-2.443290e-03	-1.442830e-03	-3.485091e-03	1.318520e-02	-1.371878e-02	6.463363e-04	1.548018e-03	1.433965e-02	-6.443780e-03	1.249191e-02	5.271828e-03	8.004741e-03	-5.464474e-03	-7.157786e-03	9.726978e-03	-6.786610e-03	-4.300944e-03	-8.870021e-03
-1.655316e-03	9.201247e-03	-9.288162e-03	5.605858e-03	2.696609e-02	-1.317049e-03	1.774496e-02	-4.533918e-03	3.696216e-03	3.010311e-03	-1.027491e-02	6.557608e-03	-9.462880e-03	2.009479e-02	-1.076598e-02	-8.505184e-03	-4.304270e-03	-2.351795e-02	6.488403e-03	2.999231e-03	-1.088754e-02	-1.018956e-02	-1.197224e-03	-1.742507e-03	-3.101222e-03	9.993156e-03	-1.730557e-02	-1.359419e-03	1.088192e-03	1.571640e-02	-3.051539e-03	8.956028e-03	5.370502e-03	8.223327e-03	-1.882282e-03	-5.189207e-03	6.363795e-03	-6.564621e-03	-2.913788e-03	-4.664500e-03
-7.381890e-03	9.870604e-03	-1.019237e-02	1.079600e-02	3.163685e-02	-3.391813e-04	1.884811e-02	-5.174712e-04	5.757355e-03	3.619969e-03	-8.119500e-03	4.765327e-03	-1.152607e-02	1.788571e-02	-1.168432e-02	-1.084226e-02	-3.423013e-03	-2.332057e-02	5.544518e-03	4.155324e-03	-1.149185e-02	-1.309031e-02	-1.390977e-03	-2.048589e-03	-2.446642e-03	1.181110e-02	-1.422097e-02	-1.096675e-03	6.816542e-04	1.719740e-02	-1.992546e-03	9.915281e-03	4.031638e-03	8.091811e-03	-7.028297e-03	-5.676781e-03	6.519170e-03	-5.841104e-03	-3.287900e-03	-9.479623e-03
-9.012453e-03	1.113739e-02	-8.955861e-03	9.166406e-03	3.376771e-02	-4.206820e-04	2.058126e-02	3.148012e-04	3.181077e-03	4.990917e-03	-7.275070e-03	5.233344e-03	-1.522400e-02	1.943471e-02	-1.062429e-02	-1.435871e-02	-1.260627e-03	-2.758931e-02	3.639218e-03	3.526521e-03	-1.027042e-02	-1.393147e-02	-2.471777e-03	-2.992290e-03	-3.343098e-03	1.242991e-02	-1.236671e-02	-6.342877e-04	7.662656e-04	1.736474e-02	-4.027982e-03	1.170609e-02	6.856788e-03	8.996827e-03	-7.873872e-03	-4.405418e-03	9.323309e-03	-7.853335e-03	-3.294892e-03	-9.590561e-03
-7.468105e-03	7.092435e-03	-8.583834e-03	9.812343e-03	3.210274e-02	1.111878e-03	2.078766e-02	6.014423e-04	4.501546e-03	3.612159e-03	-6.542706e-03	7.421772e-03	-1.367019e-02	1.547148e-02	-8.256324e-03	-1.522526e-02	-3.878974e-03	-2.803505e-02	3.411351e-03	2.300224e-03	-1.033809e-02	-1.215001e-02	-3.564430e-03	-7.225348e-04	-2.787924e-03	1.314226e-02	-1.374814e-02	-9.716367e-04	1.043418e-03	1.513392e-02	-4.475745e-03	1.074570e-02	6.314882e-03	8.322205e-03	-5.384379e-03	-3.264326e-03	1.159760e-02	-6.962814e-03	-4.737967e-03	-8.997707e-03
-2.806799e-03	8.986023e-03	-8.938929e-03	8.064008e-03	2.701867e-02	5.854728e-04	2.122958e-02	-4.639315e-03	2.858323e-03	1.567038e-03	-1.111599e-02	4.287787e-03	-1.445470e-02	2.186521e-02	-1.105849e-02	-1.035962e-02	-3.392614e-03	-2.774455e-02	8.425075e-03	2.527184e-03	-1.300704e-02	-9.644208e-03	-2.400394e-03	-3.234460e-04	-3.174464e-03	1.046093e-02	-1.804980e-02	-7.012055e-04	1.749944e-03	1.770545e-02	-1.799620e-03	8.267180e-03	6.115951e-03	8.480263e-03	-1.810131e-03	-2.533417e-03	7.796964e-03	-6.762278e-03	-4.256745e-03	-4.207502e-03
-7.288174e-03	1.006256e-02	-7.575835e-03	1.230394e-02	3.057451e-02	2.072156e-04	2.096759e-02	-1.548718e-04	5.633719e-03	1.010956e-03	-7.545023e-03	2.532852e-03	-1.589637e-02	1.900134e-02	-1.077859e-02	-1.235170e-02	-1.574238e-03	-2.669134e-02	7.066149e-03	4.082889e-03	-1.419522e-02	-1.376436e-02	-2.246944e-03	-1.017515e-03	-1.850881e-03	1.169320e-02	-1.479578e-02	-2.033311e-03	9.440611e-04	1.721598e-02	2.495049e-04	8.529203e-03	4.795426e-03	7.956180e-03	-7.307922e-03	-1.598617e-03	8.048605e-03	-6.200068e-03	-4.255237e-03	-8.697492e-03
-8.984801e-03	1.259098e-02	-6.115792e-03	1.074782e-02	3.323825e-02	9.018582e-04	2.408844e-02	-5.429949e-04	2.441430e-03	2.229528e-03	-6.922203e-03	2.992116e-03	-2.085345e-02	2.034532e-02	-8.644368e-03	-1.638802e-02	6.046915e-04	-3.225380e-02	4.680703e-03	3.332275e-03	-1.480224e-02	-1.343109e-02	-3.762650e-03	-1.644260e-03	-2.448153e-03	1.148356e-02	-1.238563e-02	-1.426471e-04	1.745852e-03	1.788185e-02	-2.671158e-03	1.027351e-02	6.685530e-03	7.954139e-03	-6.858145e-03	-4.412339e-04	1.142930e-02	-7.173691e-03	-5.132317e-03	-9.110670e-03
-6.721277e-03	8.464136e-03	-4.971793e-03	1.171260e-02	3.169946e-02	2.147463e-03	2.483528e-02	-6.104703e-04	3.174413e-03	7.132597e-04	-5.478050e-03	5.068730e-03	-2.029651e-02	1.645102e-02	-6.852967e-03	-1.729092e-02	-1.863086e-03	-3.150783e-02	4.440629e-03	3.097442e-03	-1.636668e-02	-1.163306e-02	-4.505588e-03	-1.490629e-03	-1.068399e-03	1.179561e-02	-1.462507e-02	-1.047362e-03	1.882431e-03	1.545516e-02	-2.455345e-03	9.833596e-03	6.418071e-03	7.885390e-03	-4.491654e-03	1.593115e-03	1.325385e-02	-6.741304e-03	-6.478430e-03	-8.241109e-03
-9.937047e-04	1.136430e-02	-6.234373e-03	9.911070e-03	2.651489e-02	1.156065e-03	2.531511e-02	-6.962216e-03	1.281296e-03	-2.138495e-03	-1.036874e-02	2.588746e-03	-2.121870e-02	2.310334e-02	-1.042833e-02	-1.237543e-02	-2.322968e-03	-3.132258e-02	9.690397e-03	4.357282e-03	-1.945832e-02	-9.778158e-03	-2.484808e-03	-1.040288e-03	-1.162753e-04	7.960217e-03	-1.848696e-02	-1.162564e-03	2.286594e-03	1.760148e-02	1.144420e-03	7.329187e-03	6.309706e-03	8.190357e-03	-7.464384e-04	2.223012e-03	9.791883e-03	-5.271983e-03	-6.525266e-03	-3.613018e-03
-4.912621e-03	1.232953e-02	-4.865735e-03	1.410099e-02	3.044818e-02	1.763180e-03	2.499812e-02	-2.419986e-03	4.075066e-03	-2.153362e-03	-6.712154e-03	8.211290e-04	-2.253199e-02	1.921591e-02	-1.038351e-02	-1.469571e-02	-2.231815e-04	-2.942420e-02	9.358233e-03	7.392550e-03	-2.160696e-02	-1.295990e-02	-2.858034e-03	-2.284502e-03	9.324531e-04	8.821535e-03	-1.508019e-02	-1.505871e-03	2.155603e-03	1.733743e-02	2.288799e-03	7.405702e-03	3.259182e-03	6.971284e-03	-5.969859e-03	2.416530e-03	1.004695e-02	-5.193109e-03	-6.354800e-03	-8.749627e-03
-7.020536e-03	1.346648e-02	-3.734328e-03	1.270060e-02	3.247674e-02	1.115410e-03	2.672473e-02	-1.501657e-03	1.029598e-03	-9.037057e-04	-6.236218e-03	1.162689e-03	-2.641879e-02	1.997653e-02	-8.924249e-03	-1.927411e-02	2.946416e-03	-3.468690e-02	7.001918e-03	6.769390e-03	-2.095094e-02	-1.325380e-02	-3.394147e-03	-3.547623e-03	2.915017e-04	8.177516e-03	-1.282560e-02	-1.277261e-03	1.707657e-03	1.741598e-02	8.657449e-04	9.101185e-03	5.490300e-03	7.828854e-03	-5.790210e-03	5.004627e-03	1.367511e-02	-6.178517e-03	-6.601820e-03	-7.514039e-03
-5.617729e-03	1.028289e-02	-3.848981e-03	1.306267e-02	2.980917e-02	2.968448e-03	2.561731e-02	-2.330684e-03	1.684503e-03	-1.093974e-03	-2.937342e-03	4.012205e-03	-2.347239e-02	1.580675e-02	-7.196092e-03	-1.992892e-02	-1.629114e-04	-3.259920e-02	5.843392e-03	6.162721e-03	-2.169452e-02	-1.024855e-02	-4.012144e-03	-3.282795e-03	4.029466e-05	8.424062e-03	-1.488520e-02	-2.243526e-04	2.172389e-03	1.494412e-02	1.034988e-04	1.037829e-02	3.598660e-03	6.364541e-03	-4.296189e-03	6.210598e-03	1.487016e-02	-5.407108e-03	-7.256385e-03	-6.761125e-03
-4.294567e-04	1.273966e-02	-3.632883e-03	1.098840e-02	2.481526e-02	2.268706e-03	2.524141e-02	-7.264724e-03	6.765735e-04	-4.359170e-03	-8.188529e-03	9.614326e-04	-2.320412e-02	2.233476e-02	-9.123690e-03	-1.404409e-02	1.200966e-04	-3.188979e-02	1.144400e-02	6.242051e-03	-2.553439e-02	-8.696641e-03	-2.597302e-03	-1.450282e-03	2.432190e-04	5.261973e-03	-1.889544e-02	-7.031496e-04	2.786362e-03	1.702412e-02	2.134028e-03	6.456577e-03	3.994608e-03	6.804685e-03	-7.067327e-04	6.029653e-03	1.058245e-02	-4.214613e-03	-6.486328e-03	-2.540372e-03
-5.245897e-03	1.195651e-02	-3.355068e-03	1.593888e-02	2.948027e-02	3.137683e-03	2.465724e-02	-1.618983e-03	3.277292e-03	-4.532312e-03	-4.827367e-03	-1.505619e-03	-2.545246e-02	1.950026e-02	-1.050605e-02	-1.624049e-02	3.108994e-03	-3.009579e-02	1.121291e-02	6.987383e-03	-2.586674e-02	-1.264739e-02	-2.219449e-03	-3.305285e-03	1.223194e-04	6.994968e-03	-1.702458e-02	-1.800263e-03	1.685737e-03	1.746328e-02	4.928734e-03	7.338701e-03	2.368181e-03	7.721563e-03	-6.418241e-03	6.123776e-03	1.071174e-02	-4.701980e-03	-5.821641e-03	-6.063610e-03
-7.768910e-03	1.234734e-02	-3.339655e-03	1.368042e-02	3.109232e-02	2.916513e-03	2.470637e-02	-2.608733e-04	6.682794e-04	-2.642011e-03	-4.593410e-03	-5.882154e-04	-2.692843e-02	2.150599e-02	-9.300327e-03	-2.053899e-02	5.331154e-03	-3.383647e-02	8.221736e-03	5.268001e-03	-2.300121e-02	-1.309312e-02	-3.658307e-03	-4.665995e-03	-6.514439e-04	7.776253e-03	-1.397327e-02	-1.654530e-04	1.156241e-03	1.750374e-02	2.895337e-03	9.652843e-03	5.365618e-03	7.877313e-03	-6.899688e-03	6.855283e-03	1.388979e-02	-5.653505e-03	-5.441356e-03	-6.533233e-03
