-6.953238e-01	-1.273552e+00	1.619191e+00	4.515856e+00	-3.318056e+00	2.187516e+00	2.236315e+00	2.006746e+00	-4.219292e+00	-7.537915e-01	3.414057e+00	4.588062e+00	-2.933219e+00	2.599068e+00	-1.063363e+00	6.457709e-01	3.592822e-02	1.905951e+00	1.024629e+00	-4.287578e-01	5.548314e-01	3.076081e-02	2.492779e+00	3.681652e+00	-3.723441e-01	3.878524e+00	-3.819380e-01	-5.494687e-01	3.569360e+00	6.159409e-01	-1.713457e+00	1.810848e-01	3.996657e+00	3.660467e+00	2.958550e+00	-1.513738e+00	7.413778e-01	-8.494243e-01	1.751629e+00	1.836605e+00
5.904831e-01	-2.510895e+00	-2.317579e+00	5.711095e+00	2.111194e+00	3.312239e+00	4.311839e+00	8.366708e+00	-2.247654e+00	-1.510388e+00	2.085967e+00	6.166582e-02	2.667167e+00	-1.406176e+00	-6.275958e-01	-1.271816e+00	1.478636e+00	1.159769e+00	-5.668465e-01	-1.739207e+00	4.754744e+00	5.750908e-01	1.032019e-02	-2.640225e+00	8.090680e-01	4.904297e+00	6.573298e-01	1.741846e+00	2.327131e+00	-4.809522e-01	3.017632e+00	-2.518783e+00	1.549512e+00	2.745071e-02	2.481310e+00	1.962113e+00	2.080315e+00	-2.647838e+00	1.437046e+00	-1.851151e+00
1.137328e+00	-5.474921e+00	5.299321e-02	6.171284e+00	-2.282129e+00	3.178672e+00	4.676068e+00	5.403063e+00	-9.001570e-01	1.276816e+00	2.481067e+00	5.209268e+00	-1.354369e+00	-2.975655e-01	-4.593643e+00	9.793902e-01	-1.399913e+00	3.160568e+00	-2.524077e-01	-1.611633e+00	1.039813e+00	7.923011e-02	1.302686e+00	-1.098661e+00	8.089567e-01	4.882016e+00	2.327713e+00	1.058094e+00	3.566710e+00	-1.985286e+00	-4.877314e-01	9.102508e-01	7.992894e-01	3.318444e+00	3.549363e+00	3.586468e+00	4.000412e+00	-1.402994e+00	2.101583e+00	5.648711e-01
-1.276546e+00	-5.304461e-01	2.536369e+00	1.501939e+00	-1.069337e+00	3.219851e-01	2.475756e+00	3.018110e+00	-3.360332e-01	1.107160e+00	-7.901742e-02	3.786726e-01	-1.837194e-01	-2.233524e-01	-9.456237e-01	1.592571e+00	8.269697e-01	2.229883e+00	2.283773e+00	-5.677733e-01	3.987734e+00	7.604451e-01	1.695326e-01	-2.819819e-01	2.905648e+00	2.191082e+00	1.135503e-01	8.994727e-01	3.590121e+00	1.917196e+00	9.383377e-01	6.653546e-02	8.578479e-01	4.492229e+00	1.747575e-01	-1.787048e+00	8.517730e-01	1.709353e+00	2.369589e+00	-1.134676e+00
-2.579150e+00	-2.568321e+00	3.769179e+00	3.218890e+00	-1.195736e+00	1.934719e+00	1.122642e+00	7.651372e-01	5.193004e-01	3.128954e+00	5.733993e-02	1.729358e+00	-2.000588e+00	8.236799e-01	-8.999615e-01	2.111181e+00	-8.078237e-01	-3.324186e-01	1.145647e+00	-1.759055e+00	7.258461e-01	9.163475e-01	-1.775465e-01	1.867696e+00	-1.153942e+00	1.481093e+00	1.568989e+00	1.553267e+00	4.121779e+00	4.204788e-01	-3.172719e-01	5.742198e-01	4.117760e+00	4.726055e+00	-7.012083e-01	-8.674240e-01	2.841267e+00	-5.661119e-01	1.712072e+00	1.287472e+00
-2.523220e+00	-2.646268e+00	1.830188e+00	2.966185e+00	-1.121827e+00	2.466633e+00	2.579736e+00	3.689719e+00	-1.411217e+00	-3.232036e-03	2.554177e+00	1.725299e+00	8.635061e-01	3.150875e+00	-3.891857e+00	2.979842e+00	1.394786e-01	2.994840e+00	1.765863e+00	-1.205890e+00	6.032989e+00	1.347100e+00	-3.913593e-01	-1.008866e+00	3.791861e+00	5.089914e+00	-8.467223e-01	4.568878e-01	5.618471e+00	2.093457e+00	1.661579e+00	-2.378729e+00	1.663541e+00	1.527116e+00	7.192322e-01	3.157793e-01	3.024016e+00	1.349239e-01	2.112273e+00	-1.882456e+00
3.442893e-01	-5.152635e+00	6.223258e-01	3.770987e+00	-6.405008e-01	3.105947e+00	5.763779e+00	6.819134e+00	1.448314e+00	1.004711e+00	1.989449e+00	1.324650e+00	6.797077e-01	-9.253907e-01	-2.954881e-01	2.224878e-01	2.617411e-01	8.244866e-01	-4.504643e-01	-2.344926e+00	2.680990e+00	-7.133586e-01	-2.134988e-02	-1.242751e+00	5.096492e-01	4.497304e+00	2.616604e+00	1.748116e+00	4.202255e+00	1.595086e+00	-5.772874e-01	-2.561780e-01	1.560380e+00	6.816993e-01	2.786891e+00	1.330949e+00	1.415923e+00	-3.218708e+00	2.591668e+00	-1.246427e+00
-2.090663e+00	-1.025638e+00	2.140226e+00	2.656240e-01	1.268693e+00	1.474091e+00	3.856680e-01	4.508131e+00	2.755921e-01	-5.892228e-01	3.729837e+00	7.020890e-01	-2.315787e+00	2.467162e+00	8.731463e-01	-9.039737e-01	2.994990e+00	5.835866e-01	2.331479e+00	4.136337e+00	3.886214e+00	-2.450075e+00	2.026719e+00	-8.975907e-01	6.227566e-01	7.773541e-01	-1.266030e+00	-4.778932e-01	2.803599e+00	-2.461022e-02	-1.174212e-01	-2.447574e+00	5.171563e-01	1.998295e+00	2.746142e-01	-1.140933e+00	-2.033376e+00	4.034517e-01	5.045460e+00	-1.170003e+00
2.625923e+00	2.475057e+00	2.848243e-01	-8.252868e-01	4.900496e+00	9.968204e-01	-1.778487e-01	2.352376e+00	-1.729187e+00	-3.039742e+00	2.193627e+00	-1.755890e+00	1.921527e-01	-1.370558e+00	3.425771e-01	-1.897721e+00	4.209585e+00	-8.350514e-02	2.204841e+00	2.534981e+00	-2.894520e-01	6.895907e-01	2.576189e-01	-2.745400e-01	-1.113119e+00	1.309991e+00	-2.491215e+00	-2.796894e+00	-2.762652e-01	6.387274e-01	7.950352e-01	-4.256621e+00	-5.527472e-01	-1.521611e+00	-2.208996e+00	-1.630170e+00	4.116278e-02	3.738630e+00	-1.708794e+00	-9.055718e-01
-1.954981e-01	-7.791236e+00	-3.787563e-01	5.079648e+00	-4.891586e+00	3.095068e+00	4.572274e+00	4.533327e+00	-5.673162e-02	2.507959e+00	5.478529e+00	5.596450e+00	-3.219918e+00	9.302510e-01	-3.505413e+00	-1.163227e-01	-2.627426e+00	1.639476e+00	-1.981020e+00	-1.653849e+00	-8.717266e-01	-1.328896e+00	3.213608e+00	1.296909e+00	1.418901e+00	2.673954e+00	2.970272e+00	2.392717e+00	5.399322e+00	-7.749850e-02	-2.562354e+00	4.158211e+00	4.297370e-01	4.632381e+00	5.507148e+00	3.644807e+00	2.128327e+00	-2.813088e+00	5.224667e+00	2.329667e+00
-1.379350e+00	1.170874e+00	1.481936e+00	1.947288e+00	-1.844139e+00	-1.600801e-01	1.188690e+00	7.282257e-01	-3.223081e+00	5.410742e-01	2.837830e+00	4.620127e+00	1.892733e-01	3.703891e+00	-2.760450e+00	2.683239e+00	-7.787954e-01	3.457837e+00	2.683836e-01	-1.210532e+00	1.359841e+00	1.317604e+00	1.039457e+00	5.239271e-01	2.012259e+00	1.441383e+00	-4.136549e-01	1.411544e+00	1.642486e+00	2.579820e+00	-1.953179e+00	3.933254e-01	2.877534e+00	2.288499e+00	4.238239e+00	2.778039e+00	1.275431e+00	1.113899e-01	1.485048e+00	1.594807e+00
-7.546035e-01	-1.524049e+00	1.693249e+00	1.928437e+00	-1.280726e-01	3.620323e+00	3.015980e+00	4.187332e+00	-2.482783e+00	-3.025056e-01	3.150914e+00	2.474329e+00	-1.788466e-01	2.651147e+00	-1.486215e+00	1.506485e+00	6.074873e-01	1.389471e+00	2.547529e+00	-1.852510e-01	1.874402e+00	1.511734e+00	-8.336582e-01	1.115127e+00	2.178105e+00	3.538149e+00	7.224809e-02	-2.018632e+00	3.752481e+00	-1.655051e-01	9.484029e-02	-2.084749e+00	2.193228e+00	2.625387e+00	3.075588e+00	-7.501072e-01	1.328726e+00	7.934664e-03	1.950317e+00	-1.079610e+00
8.335753e-01	-4.477132e+00	3.914632e-01	4.335029e+00	-3.147048e-01	2.063454e+00	4.172042e+00	5.775584e+00	-9.794745e-02	2.305513e+00	3.183254e+00	5.269426e-01	7.360431e-01	8.596146e-01	-1.108265e+00	1.603712e+00	2.103831e-01	7.077167e-01	6.273002e-01	-2.735943e+00	1.813428e+00	-1.563469e+00	1.687620e+00	-1.400798e+00	1.174744e+00	3.785857e+00	1.679426e+00	1.267532e+00	2.990867e+00	1.424031e+00	-6.314490e-01	7.869336e-01	1.829901e+00	2.394571e+00	2.759559e+00	1.103867e+00	7.229534e-01	-3.184592e+00	2.655443e+00	2.114695e-01
-1.555976e+00	8.396897e-01	1.015646e+00	2.914125e-01	1.172872e+00	-3.319148e-01	-1.190160e-01	4.223522e+00	7.325372e-01	4.250492e-01	-3.790424e-02	1.896815e+00	1.969802e-01	3.574373e-01	-1.378164e+00	7.102603e-01	6.846984e-01	4.328062e+00	1.758918e+00	2.063718e+00	7.064332e-01	-2.187508e+00	4.958941e-01	-3.293009e+00	1.361006e+00	1.089147e-01	3.189430e-01	8.442928e-01	3.733620e+00	8.253615e-01	-2.699707e+00	-4.633359e+00	2.519093e-01	2.689280e+00	1.846748e+00	7.351017e-02	1.395633e+00	-8.387822e-01	2.739450e+00	-1.023371e+00
-1.840106e-01	-4.098958e+00	5.001045e-01	1.633332e+00	3.085630e+00	4.480032e+00	8.072164e-01	8.619359e+00	1.870513e+00	2.613987e+00	1.462755e+00	5.012040e+00	-1.113608e+00	-2.471815e+00	-7.185797e-01	-2.872117e-01	-1.308822e+00	2.410186e+00	1.999347e+00	2.367659e+00	-3.966049e-01	-3.010318e-01	-4.426969e+00	-2.175798e+00	-7.321570e-01	8.475331e-01	2.556030e-01	-1.275259e-01	3.592901e+00	-4.819024e+00	-1.383347e+00	-1.960131e+00	1.508881e+00	3.878383e+00	3.525765e+00	1.830618e+00	3.302432e+00	-1.583002e+00	5.109863e+00	-1.620850e+00
1.967645e-01	-6.656319e-01	3.333621e-01	2.862458e+00	7.737593e-01	2.976501e+00	-1.368099e+00	8.417748e-01	-3.807402e+00	4.452465e-01	6.357686e+00	2.616079e+00	1.873868e+00	6.309416e+00	-4.596224e+00	1.943413e+00	4.465708e-01	3.135509e+00	3.223123e-01	-5.302167e-01	3.553396e+00	-2.088834e+00	3.414510e+00	1.616620e+00	1.550496e+00	2.298961e+00	-1.641811e+00	2.893488e-01	1.007988e+00	-1.252969e+00	1.323982e+00	2.866107e+00	-4.303351e-01	3.099300e+00	1.520583e+00	2.235329e+00	1.960280e+00	-6.431050e-01	2.845877e+00	3.163468e+00
-1.311965e+00	-1.902442e+00	1.930837e+00	4.317582e-01	2.828640e-01	3.604304e+00	9.234224e-01	3.886599e+00	-5.456620e-02	9.679788e-01	1.419682e+00	3.286843e+00	2.464243e+00	2.228257e+00	-3.140081e+00	2.078929e+00	4.063307e-01	1.916907e+00	1.153508e+00	-1.096140e+00	8.414186e-01	7.176302e-01	2.772926e-02	1.018452e+00	2.766488e+00	4.770960e+00	-1.264633e+00	-8.591463e-01	2.153519e+00	-2.053447e+00	1.400637e+00	-1.381561e+00	9.582994e-01	1.182558e+00	8.757937e-01	-5.030286e-01	2.889487e+00	1.699806e+00	7.528249e-01	3.000662e-02
4.993647e+00	-1.337973e+00	-2.149241e+00	5.604144e+00	-5.266792e-01	-2.240680e+00	-1.508365e+00	5.038524e+00	-6.635823e+00	-4.147333e+00	2.125869e+00	-5.484085e-01	-8.443302e-01	-2.405529e-01	-1.047786e+00	6.305798e-01	2.042411e+00	3.240440e+00	2.635059e+00	3.573235e+00	1.989171e+00	-2.114806e+00	5.412907e+00	-2.168143e+00	-8.076785e-01	1.704384e+00	-3.195976e+00	-2.838555e-01	-4.312919e+00	-2.942289e+00	1.005042e+00	4.484107e-01	-4.684432e-01	1.850112e+00	-3.237467e+00	2.417716e-01	3.320825e-02	3.841331e+00	-1.642169e-01	7.533199e-01
-6.892737e-01	-2.224156e+00	2.689742e+00	-1.188809e-01	-2.329780e+00	8.285150e-01	6.559763e-01	1.937668e+00	-1.793840e+00	9.088069e-01	6.041878e+00	1.424704e-01	-3.753680e-01	4.036639e+00	6.726721e-01	3.919184e+00	2.691915e+00	3.087636e+00	5.604179e+00	9.835180e-01	6.574315e+00	-2.619736e+00	5.141805e+00	-2.423510e+00	3.710537e+00	2.235536e+00	4.626337e-01	7.896871e-02	4.694102e+00	3.125389e+00	2.417115e+00	6.935390e-01	-1.201232e+00	1.901367e+00	-1.520263e+00	-2.732446e+00	-3.846759e-01	1.715697e+00	6.274471e+00	-9.328207e-02
1.554937e+00	-1.477992e+00	2.096951e+00	-1.028483e-01	-1.188046e-02	-9.120719e-02	-3.517192e-01	2.040796e+00	-3.029315e+00	-2.933359e-01	4.402965e+00	-3.980494e-03	-1.272423e+00	1.032807e+00	2.311807e+00	3.104896e+00	2.531241e+00	9.800803e-02	5.218233e+00	1.120297e+00	3.907759e+00	-2.455013e+00	3.193247e+00	-1.470471e+00	3.784063e+00	3.075413e+00	-3.943342e-01	-1.649904e-01	2.815987e+00	1.884895e+00	2.497203e+00	-2.257887e-01	-5.337139e-01	1.638546e+00	-1.760574e+00	-3.332344e+00	-1.257050e+00	2.204262e+00	3.385620e+00	-8.663577e-01
-3.482389e+00	-6.690391e-01	5.640000e+00	2.600259e+00	-1.360856e+00	2.641842e+00	4.185021e+00	2.195534e+00	7.312326e-02	2.884341e-01	1.355800e+00	1.687033e-01	-1.079922e+00	2.336371e+00	7.943084e-01	1.644253e+00	6.606634e-01	-7.341979e-01	4.495235e+00	-3.459284e+00	4.562989e+00	1.681500e+00	-3.854482e-01	1.669459e+00	2.297916e-01	3.163717e+00	1.565240e+00	2.274259e+00	7.298689e+00	5.925294e+00	1.543612e+00	-3.452629e+00	4.591912e+00	3.970435e+00	1.503471e-01	-3.883045e+00	2.933674e+00	-2.135948e+00	1.505041e+00	-4.439106e-01
9.574412e-01	-1.510429e+00	1.107101e+00	1.929119e+00	1.103383e+00	1.956407e+00	5.328996e-01	2.602243e+00	-1.733044e+00	-1.576617e+00	2.761036e+00	-1.157539e+00	1.558976e+00	2.381063e+00	-6.252101e-01	1.722399e+00	2.571970e+00	-6.307449e-01	8.940630e-01	-4.833905e-01	2.539295e+00	-6.037115e-01	1.345002e+00	2.452774e-01	1.445901e+00	3.504392e+00	-9.195825e-01	8.662408e-03	7.958142e-01	3.356758e-01	2.390200e+00	-2.109531e-01	-3.498166e-01	1.209225e+00	-1.010533e+00	7.648764e-01	9.428667e-01	-3.550238e-01	-3.061432e-01	7.792289e-01
2.422987e-01	6.151426e-01	-3.207640e-02	2.345142e+00	1.056702e+00	1.314773e+00	-2.649962e-01	3.707358e+00	-8.781776e-01	-2.297810e+00	-3.272315e-01	2.829743e+00	1.123177e+00	-2.443962e-01	-2.308032e+00	-5.765016e-01	1.575508e+00	1.944128e+00	1.142957e+00	-1.834604e+00	8.397268e-01	2.117372e+00	2.074350e-01	-7.137255e-01	-1.846123e+00	3.722617e+00	-1.936802e+00	9.490312e-01	2.599182e+00	-6.271194e-01	3.555213e+00	-1.414023e+00	3.337706e+00	4.180247e+00	-1.158006e+00	-1.353415e+00	2.845081e+00	2.975857e+00	1.581857e+00	1.569868e-02
-1.414927e+00	-3.790637e+00	3.116693e+00	3.568682e+00	-1.110540e+00	5.279633e+00	6.468134e-02	3.162439e+00	-4.359340e-01	3.329021e+00	3.494765e+00	8.577356e-02	2.737992e+00	4.491271e+00	-4.868460e+00	1.821557e+00	2.341604e+00	5.077048e+00	1.049122e+00	-1.252751e+00	2.893015e+00	-1.432131e+00	1.943829e+00	-1.588268e+00	-2.525903e-01	1.985959e+00	-4.456918e+00	-3.528120e-01	1.205476e+00	-3.557445e+00	1.579321e+00	9.203102e-01	1.996267e+00	1.251964e+00	-1.420782e+00	1.705598e-01	3.413634e+00	3.588437e+00	2.849171e+00	2.386305e+00
-3.458681e+00	-1.828567e+00	2.494732e+00	-2.920514e+00	4.042833e+00	3.152044e+00	9.198172e-01	5.791760e+00	3.970004e-01	-4.340898e-01	4.547425e+00	4.160981e+00	-3.029331e+00	-1.056640e+00	1.914047e+00	1.408434e-01	6.359524e-01	-3.004519e+00	2.530267e+00	1.411497e+00	2.137913e+00	2.109143e+00	-3.244565e+00	1.578851e+00	2.615984e+00	2.690463e+00	2.441383e+00	-1.992605e+00	4.231687e+00	5.933987e-01	1.619304e+00	-3.779342e+00	8.050364e-01	5.951551e-01	2.146396e+00	5.039369e-01	3.268666e-01	-8.619214e-01	4.100310e+00	-3.505042e+00
1.634035e+00	2.363889e+00	-2.402773e-02	2.355112e+00	2.602847e+00	7.448737e-01	-6.466548e-01	-3.533636e+00	-4.868220e-01	-2.301852e+00	1.069763e+00	3.081183e+00	-1.254396e+00	3.583022e+00	1.063587e+00	1.827777e+00	3.038005e-01	2.452278e-01	2.052748e+00	6.911627e-01	1.911160e+00	8.598423e-01	-3.265953e+00	1.616339e+00	-1.403474e-01	7.616214e-01	3.758090e+00	1.995065e+00	2.202587e+00	1.801791e-01	9.760019e-01	1.349907e+00	1.575891e+00	3.123065e+00	1.150903e+00	6.078722e-01	1.138963e+00	-2.187560e+00	-6.181095e-01	1.157167e+00
-2.616611e-01	-1.030173e+00	2.344054e+00	-1.412820e+00	1.584501e+00	3.277743e+00	-7.926329e-01	1.080264e+00	7.544706e-01	9.305536e-01	3.959358e+00	1.614068e+00	1.958452e+00	4.935927e+00	-6.625116e-01	3.459756e+00	1.049022e+00	1.127621e+00	2.627516e+00	-8.279407e-01	2.499369e+00	4.667733e-02	1.533018e+00	8.485558e-01	2.171830e+00	3.457790e+00	-1.238592e+00	5.106807e-01	2.230372e+00	-1.380466e+00	2.587653e+00	9.133770e-01	-4.044694e-01	1.388134e+00	-1.401362e+00	-8.358514e-01	6.951119e-01	6.986492e-01	2.839869e+00	2.561514e-02
3.600648e+00	-9.902504e-01	-1.675915e+00	3.715702e+00	2.366905e+00	5.907277e-01	2.674740e+00	6.706752e+00	-4.629605e+00	-4.830840e+00	2.523563e+00	1.713670e+00	-2.658999e+00	-3.175549e+00	1.281228e+00	-1.355586e+00	3.053482e+00	-7.569912e-01	1.119247e+00	2.090986e+00	3.183126e+00	-4.088200e-01	-4.410611e-01	-1.152899e+00	-5.831697e-01	4.024606e+00	9.719524e-01	-7.619562e-01	2.237903e+00	1.003208e+00	2.075329e+00	-2.523263e+00	-7.066869e-01	1.361057e+00	1.056734e+00	1.361848e+00	5.219276e-01	-5.790527e-01	7.851252e-01	-1.745270e+00
8.569211e-01	1.528721e+00	-2.181120e+00	1.688631e+00	2.580629e+00	-2.648922e-01	-3.277134e-01	3.921013e+00	8.264015e-01	-2.885351e+00	9.337359e-01	-6.941635e-01	1.857772e+00	-1.021911e+00	-2.055959e+00	-2.472883e+00	2.297280e+00	2.479905e+00	-7.731907e-01	3.214496e+00	2.439498e+00	6.159243e-01	-7.017358e-01	-3.555198e+00	-4.592715e-01	6.175716e-01	-2.107417e+00	4.192880e-02	2.312956e+00	2.425349e+00	1.492160e-01	-5.135848e+00	-1.134024e+00	2.868922e-01	4.274095e-01	2.847684e+00	2.181013e+00	-2.122272e-01	1.280337e+00	-1.641990e+00
4.478001e-01	-1.628564e-01	6.089275e-01	-1.513268e-01	3.668981e+00	3.598754e+00	-2.434076e+00	2.815835e+00	-2.775135e+00	9.774085e-01	4.657433e+00	2.104178e+00	2.300599e+00	4.272176e+00	-1.243421e+00	1.897559e+00	1.423701e+00	1.208134e+00	2.682838e+00	1.026670e+00	1.736842e+00	-8.373753e-01	4.430571e-01	-1.500355e-01	1.887523e+00	2.209909e+00	-1.196172e+00	-9.168166e-01	1.275628e+00	-4.611388e+00	3.345107e+00	3.352798e-01	3.530470e-01	5.231912e-01	4.647437e-01	-6.624004e-01	7.272124e-01	2.336899e+00	3.320716e+00	1.305549e+00
-6.010540e-02	-3.167120e+00	-1.024185e+00	5.577208e-01	4.622123e+00	-1.358694e+00	4.248173e+00	2.687474e-01	-9.336509e+00	-2.344670e+00	4.319866e+00	-1.746775e+00	-3.102725e+00	1.333346e+00	-8.262682e+00	8.134757e+00	-1.843964e+00	1.180035e-01	6.810322e+00	-2.868029e+00	2.714660e+00	9.690692e+00	-4.961068e+00	9.862869e-01	-4.993344e+00	5.084552e+00	5.542587e+00	7.289994e+00	5.848079e+00	4.099105e+00	3.039895e+00	1.719333e+00	6.040354e+00	4.078972e+00	8.224784e+00	-3.758008e+00	1.078280e+01	1.728010e+00	4.487204e+00	-1.999123e+00
-5.638474e+00	-6.600475e-01	3.864369e+00	-6.257346e+00	6.179537e+00	6.550431e+00	4.160313e+00	6.862415e+00	7.154015e+00	7.223254e-01	5.825446e-01	1.769095e+00	4.574556e-01	-1.787680e+00	4.581044e+00	-7.931410e-01	2.462493e-01	-2.764729e+00	2.463588e+00	-1.311274e-01	2.235393e+00	2.971664e+00	-7.083743e+00	1.338100e+00	5.647714e-01	5.083674e+00	1.673518e+00	-1.043252e+00	9.117083e+00	3.226918e+00	1.209744e+00	-7.515785e+00	7.359045e-01	-2.048254e+00	4.876714e-01	-4.246659e+00	8.820453e-01	-1.964419e+00	4.148684e+00	-7.963637e+00
-1.978088e+00	-2.118786e+00	6.235857e-01	1.443004e+00	1.950109e+00	3.016041e+00	6.195741e+00	7.231182e+00	7.072237e-01	-2.152252e+00	2.816973e+00	1.405482e+00	-2.874492e-01	3.754492e-01	7.731072e-01	-2.656426e+00	1.614837e+00	4.029821e-01	1.068807e+00	-2.083346e+00	4.310477e-01	1.398900e+00	-2.801685e+00	-1.319533e+00	8.461074e-01	3.366050e+00	1.027866e+00	1.161741e+00	7.687491e+00	5.648237e+00	-2.216509e+00	-5.469371e+00	3.732983e+00	1.610234e+00	5.616523e+00	-1.811910e+00	2.641561e-01	-3.199836e+00	2.957993e+00	-4.069125e+00
1.979381e+00	-3.360030e+00	-1.044400e+00	6.380482e+00	5.232040e-01	2.588096e+00	4.551773e+00	5.747330e+00	-3.365904e+00	-9.805960e-01	1.586061e+00	2.487846e+00	1.066584e+00	-6.558896e-01	-2.874371e+00	-3.331054e-01	7.688800e-01	3.413663e+00	-1.158452e+00	-1.818183e+00	2.065017e+00	-2.103079e-02	5.579256e-01	-2.844517e+00	-6.786588e-01	5.600635e+00	8.298534e-01	5.155801e-01	1.937065e+00	-6.190173e-01	-2.066018e-02	-1.726251e+00	1.593024e+00	7.256509e-01	2.670746e+00	3.047822e+00	3.683881e+00	-1.534185e+00	-6.220496e-01	-3.264514e-01
8.295326e-01	-3.312036e+00	-1.158454e+00	4.594977e+00	8.105021e-01	3.354184e+00	5.211797e+00	7.795381e+00	2.450832e-02	-5.167275e-02	3.981848e+00	4.060100e+00	-9.164011e-01	-8.864196e-01	-1.412406e+00	-2.563017e+00	-1.437177e+00	-5.255807e-02	-1.406459e+00	-6.387083e-01	2.279583e-01	-1.627092e-01	-5.189448e-01	-5.922353e-01	-2.636053e-01	3.028398e+00	2.464101e+00	2.819983e+00	3.805581e+00	1.368447e+00	-2.780639e+00	-2.983284e-01	1.704534e+00	1.584075e+00	6.699918e+00	3.999268e+00	5.890873e-01	-5.031536e+00	4.190808e+00	-1.423488e+00
-3.265915e+00	-2.377627e+00	4.462448e+00	-2.064150e+00	-1.077996e+00	3.673642e+00	1.239845e+00	9.380436e-01	1.925481e+00	2.452626e+00	5.599932e+00	2.991834e+00	-1.909025e+00	1.541952e+00	3.154894e-01	1.576713e+00	1.773020e+00	-1.497050e+00	2.567140e+00	1.154707e-01	1.425382e+00	1.082783e+00	1.741105e+00	2.372170e+00	4.222232e+00	4.950666e-01	1.285978e+00	-4.595370e-01	3.339357e+00	1.341470e+00	1.157535e-01	3.809788e-01	2.510438e-01	2.912485e+00	1.461764e+00	-4.986324e-01	-1.066060e-01	-1.289523e-01	3.422374e+00	5.824630e-01
-2.853702e+00	-1.631626e-01	1.912974e+00	-1.184261e+00	1.843482e+00	1.766334e+00	9.185968e-01	3.641471e+00	9.610428e-01	-8.187158e-02	2.919772e+00	2.016628e+00	-3.123335e+00	-1.580109e-02	2.204509e+00	-9.136155e-01	1.315348e+00	-2.621958e+00	1.491866e+00	1.152289e+00	1.636624e+00	6.694932e-01	-3.713941e-01	3.799524e+00	2.347142e+00	7.676480e-01	-1.564960e-01	-4.765055e-01	3.205379e+00	1.226289e+00	6.380911e-01	-7.414391e-01	2.031078e+00	4.221802e+00	3.201498e+00	-2.198703e+00	-2.554141e+00	-5.644523e-01	3.926850e+00	-9.624832e-01
1.335965e+00	-6.835773e-01	-3.614505e-01	1.583544e+00	3.186320e+00	-1.173465e+00	3.705786e+00	6.566546e+00	1.981242e+00	1.565230e+00	-3.491391e-01	-4.092402e-01	-2.075564e+00	-1.079500e+00	1.867994e+00	-1.862832e-01	-1.437816e+00	1.767584e+00	2.215643e+00	1.627682e+00	1.231601e-02	5.227807e-01	-5.317310e+00	-3.350894e+00	-1.369983e+00	-2.772707e+00	2.455691e-01	8.527925e-01	2.459497e+00	1.923596e-01	-4.034355e+00	-2.312903e+00	2.331644e+00	4.386583e+00	4.966045e-01	2.139074e+00	-2.385576e-01	-2.248809e+00	2.737590e+00	-4.699759e+00
-1.861687e+00	-5.278784e-01	1.298636e+00	-1.493941e+00	3.586772e+00	-1.324877e+00	-9.864401e-01	2.437068e+00	8.013379e-01	-9.941227e-01	2.749568e+00	5.270797e+00	-5.896810e+00	-6.987105e-01	-9.409213e-01	2.730554e-01	-1.353208e+00	1.115203e+00	2.401781e+00	3.799192e+00	1.794876e+00	2.384562e+00	-4.848956e+00	-1.057792e+00	4.448046e+00	-5.690791e-01	-6.273204e-01	-2.967514e+00	3.132234e+00	2.040848e+00	-9.914279e-01	-4.572897e+00	2.047606e+00	5.049231e+00	3.426791e+00	2.658543e+00	1.758181e-01	-6.594150e-01	1.619259e+00	-3.965275e+00
7.711331e-01	3.893513e+00	3.188879e+00	8.929685e-01	2.821560e+00	1.474844e+00	3.200329e+00	-1.900214e+00	-5.142050e-01	-2.282854e+00	2.103083e+00	1.233186e-01	-4.282373e-01	1.671369e+00	2.318959e+00	1.317737e+00	3.548342e+00	-2.052172e+00	2.678181e+00	-6.249100e-01	5.681263e+00	7.645597e-01	-2.229079e+00	2.040632e+00	-1.845124e+00	2.054970e+00	2.127207e+00	1.180987e+00	3.102684e+00	5.494561e+00	1.662812e+00	-2.041810e+00	3.294146e+00	-5.715635e-01	-1.364397e+00	-1.925900e+00	-6.395746e-01	-1.990442e+00	-1.414348e+00	-4.080890e-01
-1.627559e-01	-8.443007e-01	8.406855e-01	8.846850e-01	2.333150e+00	3.865777e+00	1.361373e+00	4.171182e+00	2.004120e+00	2.018272e+00	4.275208e+00	1.790299e+00	9.526404e-01	1.994330e+00	-3.540217e+00	-9.441921e-01	4.401664e-01	1.160011e+00	-4.452750e-01	9.704936e-01	2.073947e+00	-2.469498e-01	1.925835e-01	3.049642e-01	4.298024e-01	4.157641e-01	-6.797091e-01	-1.644738e+00	1.007773e+00	-2.287524e+00	1.498932e-01	8.892572e-02	6.403161e-01	2.243554e+00	2.718826e+00	3.836540e+00	1.146614e+00	-1.435923e+00	3.730990e+00	-2.343564e-01
1.947868e+00	2.268233e-01	4.182349e+00	-3.836611e+00	2.385424e+00	-8.205680e-01	2.290480e+00	1.006633e+00	2.360873e+00	8.706923e-01	2.840348e+00	-3.729019e+00	-2.092401e+00	-1.393754e+00	4.610464e+00	-3.974272e-01	3.228845e+00	-3.117777e+00	3.581118e+00	5.580577e-02	2.137499e+00	-2.865552e+00	2.362170e+00	1.530523e+00	6.102790e-01	-1.136013e+00	3.344010e-02	-5.338587e-01	4.456331e+00	7.256066e+00	1.471213e+00	-2.874182e-01	-3.266967e+00	1.379180e+00	-3.088287e+00	-3.146522e+00	-2.268791e+00	8.852670e-01	1.653834e+00	-7.784510e-01
1.608560e+00	-4.532009e+00	1.521267e+00	5.930424e+00	-1.725379e+00	3.471564e+00	5.646543e+00	4.776114e+00	-4.225796e-01	4.350203e-01	2.066304e+00	3.848917e+00	-7.574677e-01	6.549277e-01	-3.376702e+00	1.307802e+00	-3.003856e-01	2.114724e+00	-6.672565e-01	-2.450905e+00	2.274155e+00	-2.785993e-01	6.957110e-01	-6.438785e-01	-9.864151e-02	4.887354e+00	2.685975e+00	2.000591e+00	2.636225e+00	1.343563e-02	-1.594105e+00	4.652110e-01	1.666704e+00	8.319471e-01	2.546633e+00	3.366646e+00	2.774026e+00	-3.170863e+00	7.517116e-01	2.690325e-01
-2.184574e+00	-2.513265e+00	2.363574e-01	3.812620e+00	2.523832e+00	2.827989e+00	4.509976e+00	8.104889e+00	1.984250e+00	-9.255343e-02	1.979791e+00	2.236206e+00	-9.499236e-01	-9.708496e-01	-4.036660e-01	-1.214964e+00	6.833182e-01	1.485893e+00	-2.828540e-01	3.965357e-01	4.021083e+00	-6.074682e-01	-2.527587e+00	-2.944260e+00	-2.266349e+00	3.551384e+00	2.368161e+00	2.383953e-01	4.973963e+00	1.131005e+00	-1.056987e+00	-2.530240e+00	3.442211e+00	2.865264e+00	2.316313e+00	1.640370e+00	2.982695e-01	-4.478203e+00	5.982602e+00	-3.744465e+00
3.421721e-01	2.575492e-01	-8.102749e-01	1.781212e+00	3.643137e+00	7.652790e-01	-3.558955e+00	4.648277e+00	5.455810e-01	-2.373108e-01	6.265284e-01	3.587200e+00	-2.789020e+00	-2.516509e+00	-3.276476e+00	-1.067587e+00	-2.499396e+00	3.101137e+00	9.757801e-01	3.534044e+00	-2.560732e+00	1.878506e-01	-2.898504e+00	-4.815067e-01	-1.082178e+00	-1.459535e+00	-3.912811e-01	1.799112e-01	1.256174e+00	-4.702140e+00	-3.469421e-01	-1.041307e+00	-2.434272e-01	7.684099e+00	2.562785e+00	2.377923e+00	3.323744e+00	1.094854e+00	3.968499e+00	-1.440297e-01
-2.385423e+00	5.598972e-01	1.105653e+00	-1.171615e-02	3.902367e+00	2.180414e+00	3.327591e+00	7.495110e+00	-7.355120e-01	6.382164e-01	3.163813e+00	3.594218e+00	-2.721657e+00	-1.648556e+00	1.039247e+00	-4.746871e-01	-5.012194e-02	-1.770776e-01	2.205591e+00	1.664416e+00	2.070116e+00	1.853211e+00	-3.324142e+00	-1.104330e+00	1.414520e+00	5.206124e-01	2.856394e+00	-8.426865e-01	4.304521e+00	1.883341e+00	-1.784758e+00	-3.297978e+00	2.101446e+00	2.797141e+00	4.617266e+00	1.046882e+00	-5.668070e-01	-2.167825e+00	5.498498e+00	-4.317436e+00
-2.207329e+00	-7.233708e-01	5.383553e-01	-3.141007e-01	3.907132e+00	3.564272e+00	9.499938e-01	6.212913e+00	-1.529039e+00	-1.590769e-02	5.206647e+00	3.995921e+00	6.136739e-01	9.252459e-01	-1.742686e+00	1.075693e+00	9.460381e-04	-1.736907e-01	1.274199e+00	1.364927e-01	3.805008e+00	5.163172e-01	-1.281774e+00	1.464969e+00	1.124233e+00	4.610538e+00	1.013333e+00	-1.341421e+00	3.567202e+00	-3.894011e-01	2.705358e+00	-2.256375e+00	5.989357e-01	2.599350e-01	2.197389e+00	1.491084e+00	2.428922e+00	-1.447272e+00	4.137095e+00	-1.791042e+00
-3.563199e+00	-1.671686e+00	2.593483e+00	-2.164427e-01	2.322491e+00	1.671580e+00	1.264901e+00	5.262868e+00	2.409472e-01	-1.347297e+00	2.881804e+00	3.539133e+00	-2.478324e+00	9.303765e-02	6.844566e-01	3.966524e-01	1.928512e-02	6.856025e-01	2.288378e+00	1.582606e+00	4.878047e+00	1.421228e+00	-4.522705e+00	3.108753e-01	2.662507e+00	2.347136e+00	1.152837e+00	-1.482245e+00	4.987799e+00	1.419257e+00	6.948006e-01	-4.174247e+00	2.054274e+00	3.671099e+00	2.284956e+00	7.610837e-01	1.034359e+00	-3.116872e+00	3.832334e+00	-3.749753e+00
-2.535519e-01	1.206545e+00	5.119023e-01	6.159565e+00	-6.793935e-01	-1.234775e+00	-1.659874e+00	-5.457758e-01	-7.425877e+00	-2.249676e+00	3.872584e+00	8.265762e-01	1.649094e-02	4.410027e+00	-2.581249e+00	3.352818e+00	1.184727e+00	2.537188e+00	1.723407e+00	5.659334e-01	7.384617e+00	-2.602186e-01	1.684037e+00	6.439151e-01	1.767245e+00	-2.963933e-01	4.863330e-01	2.940020e+00	-2.247031e-01	1.626500e+00	2.985708e+00	1.582976e+00	2.191280e+00	2.226959e+00	1.431153e-01	2.895638e+00	1.024263e+00	-7.486609e-01	1.230874e+00	3.459181e+00
1.524929e+00	2.893563e-02	-7.951413e-01	2.657814e+00	-1.097740e+00	4.020380e-01	-1.629883e-01	2.181626e+00	-2.078113e+00	1.050066e+00	7.463307e-01	1.605192e+00	1.591531e+00	2.695862e-01	-2.725260e+00	1.778470e+00	-3.194149e-01	3.555665e+00	-1.976665e-02	-1.726698e+00	1.275311e+00	-2.492960e+00	5.240824e+00	-2.385692e-01	3.027020e+00	4.297250e+00	2.021164e-01	-2.822918e-01	6.886508e-01	1.301832e+00	9.973633e-01	-2.652783e-01	-9.872302e-01	2.583326e+00	2.055514e+00	1.497384e+00	2.996613e+00	-1.177195e+00	1.053616e-02	1.410025e+00
1.705409e+00	-1.829252e+00	-2.572909e+00	5.530502e-01	2.939151e+00	-5.369701e-01	2.220545e+00	6.941605e+00	1.937431e+00	-3.523514e-01	2.401222e+00	9.742451e-01	-2.015542e+00	-3.037038e+00	-8.896647e-01	-2.457842e+00	-6.283945e-01	1.255743e+00	-8.650491e-01	2.222034e+00	1.303261e+00	-2.053017e+00	-2.235950e-01	-3.189795e+00	8.198898e-01	2.345560e+00	3.508605e-01	-6.204900e-01	6.774756e+00	4.298485e+00	-1.954921e+00	-4.193808e+00	-1.306264e+00	2.730141e+00	3.820355e+00	1.758570e+00	1.356989e+00	-2.023551e+00	4.214618e+00	-3.342270e+00
-4.573668e+00	-5.046283e-01	1.615887e+01	-1.031080e+01	9.731141e-01	2.240603e+00	7.926555e+00	-9.798264e+00	4.833446e+00	-1.034539e+00	1.875040e+00	-2.397752e+01	9.092769e-01	9.053158e+00	1.904223e+01	3.708753e+00	1.189849e+01	-1.098299e+01	1.258983e+01	-8.134330e+00	8.652474e+00	-1.157344e+00	-2.334610e+00	5.669462e+00	6.502871e-01	1.592403e+00	-3.557594e+00	-1.848569e-01	1.882970e+01	2.641672e+01	4.819455e+00	-6.803583e+00	1.519379e+00	-3.270917e+00	-1.881127e+01	-2.549173e+01	-5.285317e+00	2.893998e+00	-6.050638e+00	-5.019165e+00
7.794298e-02	1.192524e+00	1.229397e+00	-1.279993e+00	3.578781e-01	6.445907e-01	2.595362e-02	2.431665e+00	1.214884e+00	1.277899e+00	2.860635e+00	5.888221e-01	-4.357719e-01	-2.815018e-01	1.285055e+00	3.773449e-01	2.242915e+00	-6.956936e-02	3.740808e+00	2.954549e+00	2.773789e+00	-1.089551e+00	3.751824e+00	-1.632868e-01	2.661858e+00	1.593859e+00	4.001160e-01	-1.678528e+00	1.298121e+00	-5.101814e-01	1.005549e+00	-1.245759e+00	-4.025448e-01	7.169865e-01	-7.514765e-01	-1.439677e+00	-1.888427e+00	1.020664e+00	3.283977e+00	-7.069399e-01
-5.447166e-01	1.396972e+00	1.696926e+00	1.118296e+00	6.848487e-01	2.945205e+00	5.037872e-01	1.534348e+00	-1.851613e+00	7.331957e-01	2.554683e+00	1.931427e+00	8.213358e-01	3.394107e+00	-1.023976e+00	1.932602e+00	7.277197e-01	-1.859501e-01	1.650075e+00	9.755771e-02	1.652996e+00	-2.931229e-01	2.426076e+00	2.666000e+00	1.743483e+00	2.421206e+00	1.220270e+00	-4.950672e-01	1.092054e+00	-9.246789e-01	1.092913e+00	-5.258119e-04	-9.299194e-01	8.388975e-01	1.786411e+00	1.105185e+00	8.440437e-01	-6.190008e-01	1.056338e+00	2.148186e+00
6.670192e-01	-3.040448e+00	2.516297e+00	3.153235e+00	-1.774539e+00	3.295318e+00	2.300730e+00	2.139954e+00	-1.825405e+00	7.505479e-01	2.655552e+00	2.895729e+00	-4.146556e-01	2.382632e+00	-1.930238e+00	2.275616e+00	3.133751e-01	1.941679e+00	1.863514e+00	-4.911107e-01	1.977670e+00	2.411306e-01	1.159807e+00	9.016641e-01	2.432152e+00	3.758470e+00	8.079444e-01	5.045415e-01	2.827978e+00	-1.706702e+00	3.962505e-01	2.443043e-01	3.378728e-02	1.047341e+00	1.451054e+00	5.936319e-01	2.049130e+00	2.457667e-01	1.234706e+00	1.221617e+00
-1.186014e+00	-3.439986e+00	3.911950e+00	-1.162974e-01	3.744485e-02	3.064534e+00	6.946794e-01	3.239919e+00	-3.051415e-01	2.284332e+00	4.477515e+00	2.384510e+00	-1.399324e+00	1.986758e+00	-5.332789e-03	2.218776e+00	9.438361e-01	-1.052213e+00	2.387536e+00	-1.707215e-01	8.087403e-01	-4.653752e-01	1.860890e+00	1.680876e+00	2.345650e+00	1.497528e+00	8.764489e-01	-3.421494e-01	2.500954e+00	-8.483926e-01	5.657006e-01	1.566005e+00	-3.910000e-01	3.092526e+00	1.035986e+00	2.295816e-01	4.075614e-01	1.619245e-01	3.788608e+00	9.794526e-01
-5.621296e-01	-2.906525e+00	1.553416e+00	2.848342e-01	1.625334e+00	3.387359e+00	-9.396178e-01	4.768230e+00	-2.079378e+00	7.214700e-01	5.269162e+00	1.938291e+00	6.560289e-01	1.641977e+00	-1.213919e+00	1.827584e+00	3.201050e+00	1.494277e+00	2.328790e+00	-6.301821e-01	3.479235e+00	1.741480e-01	2.589199e+00	-3.293509e+00	2.356346e+00	3.185768e+00	-1.579833e+00	4.852103e-01	3.449793e+00	-1.125744e+00	3.867572e+00	-2.913798e-01	-8.164091e-01	2.236893e+00	-1.822502e+00	3.461512e-01	1.829177e+00	3.304276e+00	5.156044e+00	-1.918634e-01
4.731492e-01	-4.259997e+00	2.642735e+00	7.309873e-01	-1.284941e-01	3.341507e+00	1.785069e-01	3.083956e+00	-9.207749e-01	3.638346e+00	5.769902e+00	2.546632e+00	-1.895411e+00	1.569858e+00	-3.204184e-01	2.883132e+00	1.578842e-01	-3.067712e-01	1.841889e+00	4.423007e-01	1.612870e+00	-1.527572e+00	2.777026e+00	1.040955e+00	2.382901e+00	-4.945779e-01	2.233575e+00	1.431003e+00	1.895008e+00	-1.887308e+00	-2.020614e-01	4.406301e+00	-2.278309e+00	3.796413e+00	7.211133e-01	2.293370e+00	8.935389e-01	-7.009830e-01	5.302209e+00	1.817453e+00
3.433391e+00	-1.295503e+00	-2.051318e+00	2.084838e+00	2.843641e+00	-3.366239e-01	8.638912e-01	6.453669e+00	-1.780158e+00	-3.476448e+00	2.590290e+00	3.530485e-01	5.056451e-01	-2.044997e+00	-6.314096e-01	-9.984114e-01	2.480602e+00	-2.205378e-01	1.993704e-01	1.699013e+00	2.800807e+00	2.557161e-02	2.244096e-01	-3.517176e+00	-1.289004e+00	3.028458e+00	-6.843176e-01	7.696275e-01	2.287650e+00	1.526635e+00	2.827834e+00	-1.833486e+00	-2.000433e+00	6.270958e-01	-9.685633e-01	2.830251e+00	1.521227e+00	1.274429e+00	3.022178e+00	-2.205625e+00
-2.440914e+00	-1.314774e+00	3.905245e+00	2.274767e+00	-1.376449e+00	2.838651e+00	4.600746e+00	1.812839e+00	9.416851e-01	1.432472e+00	1.347010e+00	3.460977e+00	-2.298256e+00	6.541613e-02	-6.852987e-01	6.719273e-01	-5.343055e-01	-4.677658e-01	1.952095e+00	-2.276334e+00	2.078982e+00	2.663457e+00	-2.431062e+00	2.989186e+00	-2.320169e-01	1.999857e+00	1.823376e+00	8.712948e-01	4.922894e+00	3.424457e+00	-5.674883e-01	-1.840170e+00	5.365329e+00	3.418207e+00	2.091435e+00	-6.476153e-01	2.626283e+00	-2.222418e+00	2.309713e-01	-4.717448e-01
-3.901804e-01	-1.135375e+00	1.845672e+00	-1.522444e+00	3.839230e+00	6.023083e+00	1.108332e+00	5.424836e+00	3.219057e+00	1.268557e+00	1.030692e+00	3.571619e+00	7.661649e-01	-2.226217e+00	-2.764548e-01	-1.044945e+00	5.420500e-01	-6.856204e-01	2.566694e-01	-1.315714e+00	-1.407177e+00	4.588291e-01	-8.634019e-01	-4.873084e-01	1.036342e+00	3.674112e+00	1.210526e+00	5.116948e-01	2.948169e+00	-2.724911e+00	1.667114e+00	-2.752939e+00	-1.317982e+00	7.312598e-01	1.486172e+00	8.999638e-01	3.583560e+00	-5.088118e-01	7.420839e-01	-8.694988e-01
2.577963e+00	1.016628e+00	-1.750197e+00	2.591098e+00	3.938316e+00	-1.029065e+00	9.142875e-01	4.366377e+00	-3.925078e+00	-4.483655e+00	3.011179e+00	1.550351e+00	-2.368196e+00	-1.703601e+00	8.349385e-01	-1.863848e+00	3.458465e+00	-3.357262e-01	-5.461000e-01	1.770795e+00	3.461174e+00	-2.567258e-01	2.320724e-01	-1.138605e+00	-7.198878e-01	1.879357e+00	-6.575315e-01	8.289846e-01	1.732064e+00	3.141531e+00	7.402027e-01	-1.297206e+00	-1.834806e-01	3.003686e+00	1.066216e+00	1.474944e+00	-1.189149e+00	-5.523072e-02	1.991035e+00	-1.086845e+00
-2.790578e-01	-7.522007e-01	-2.619388e-01	8.793040e-01	-4.288676e-01	3.771634e+00	1.687546e+00	2.190468e+00	2.298667e+00	6.379766e-01	1.764016e+00	3.074596e+00	-9.996300e-01	1.866662e-01	-2.909273e-01	-8.257681e-01	7.618953e-01	1.097491e+00	-1.627341e-01	1.217899e+00	2.738731e-01	8.495389e-01	3.089803e+00	-2.234871e-01	1.695833e+00	1.149006e+00	1.491158e+00	3.569504e-01	1.075200e-03	-9.141171e-01	-9.926195e-01	-1.346889e+00	5.205867e-01	-3.238444e-01	2.687860e+00	1.374061e+00	-6.540194e-02	-1.854168e+00	8.490409e-01	3.308545e-01
-1.169842e+00	-1.027597e-01	4.078251e+00	8.705477e-01	-2.398519e-01	1.953934e+00	2.870691e+00	3.573518e+00	2.448644e-01	-3.668442e-02	4.938046e-01	6.534184e-01	-1.213781e+00	1.291248e+00	3.937697e-01	1.311995e+00	2.479126e+00	7.395371e-01	4.041660e+00	-1.797402e+00	1.664904e+00	2.649881e-01	-4.547919e-01	7.076216e-02	8.102098e-01	1.269024e+00	-8.724334e-01	3.423835e-01	3.682374e+00	2.783357e+00	3.827578e-01	-3.014964e+00	2.713971e+00	4.809499e+00	-2.701232e-02	-2.228211e+00	1.333258e+00	-2.660173e-01	9.672083e-01	-1.281947e+00
-3.958716e-01	-1.710389e+00	-1.978310e+00	3.218408e+00	1.441886e+00	1.119387e+00	-1.958885e+00	4.484314e+00	1.803625e+00	9.830047e-02	2.219022e-01	5.928317e+00	-1.155715e+00	-2.677428e+00	-5.462587e+00	-1.347578e+00	-1.768501e+00	2.072285e+00	-3.484621e+00	-1.993051e-02	-3.375792e-01	9.765809e-01	1.782250e+00	-1.006968e+00	-2.081826e+00	2.046298e+00	1.119751e+00	3.403805e+00	1.451101e+00	-2.811987e+00	6.131733e-01	1.103919e+00	-3.413023e-01	5.026501e+00	1.360595e+00	5.227394e+00	4.610524e+00	1.191461e-01	5.085708e+00	1.210315e+00
-2.878536e+00	-2.484080e-02	2.959647e+00	-4.013259e+00	1.252630e+00	3.351082e+00	1.986772e+00	4.855449e+00	2.371702e+00	2.592401e-01	3.437971e+00	-1.403942e-01	1.150542e+00	8.162655e-01	3.525991e+00	4.708494e-01	3.141794e+00	-2.225796e-01	5.496834e+00	1.297225e-01	3.241375e+00	-1.113630e+00	1.893982e+00	-7.828699e-01	2.530841e+00	3.166686e+00	1.243364e+00	-1.033637e+00	6.161126e+00	4.123931e+00	2.591688e+00	-3.540016e+00	-5.359458e-01	9.477026e-01	-8.745033e-03	-5.398237e+00	-8.354507e-01	6.042321e-01	5.566194e+00	-2.272031e+00
-4.385730e+00	-2.297276e+00	2.595577e+00	2.376035e+00	-8.664051e-01	8.747227e-01	8.190224e-01	6.276976e+00	-2.143695e-01	-2.213436e-01	2.302022e+00	7.122919e+00	-3.903435e+00	4.101238e-01	-3.116966e+00	3.116738e+00	-1.421540e+00	3.592143e+00	1.962631e+00	2.229585e+00	4.199155e+00	2.427983e+00	-4.090254e+00	-3.313186e+00	2.942545e+00	2.405891e+00	2.313066e-01	2.253638e-01	4.889618e+00	2.357756e+00	-1.785752e+00	-5.513954e+00	3.440489e+00	3.639513e+00	3.173672e+00	3.630500e+00	2.834896e+00	-1.270248e+00	4.584076e+00	-4.072595e+00
-1.120211e+01	5.574672e+00	1.062166e+00	-2.255809e+01	2.146672e+01	1.702960e+01	4.809270e+00	1.460130e+01	2.392177e+01	6.755760e-01	-7.138740e+00	1.737995e+01	-5.007108e+00	-1.917323e+01	1.283599e+01	-1.360054e+01	-2.582939e+00	-1.432312e+01	-1.777106e+00	8.692804e-01	-1.755004e+01	1.171923e+01	-1.966717e+01	8.053739e+00	-5.493836e+00	7.234789e+00	1.146170e+01	-3.456630e+00	1.314170e+01	-6.360053e+00	-3.547145e-01	-1.845560e+01	4.510477e-01	-5.906655e+00	1.136565e+01	-5.373741e+00	2.830135e+00	-2.755654e+00	6.274162e+00	-1.421499e+01
-1.650418e+00	-1.584804e+00	1.476675e+00	-7.421814e-01	1.295585e+00	3.914866e+00	1.814317e+00	3.250420e+00	1.660703e+00	1.619745e-01	3.606251e+00	3.473912e+00	1.224897e+00	2.624028e+00	-6.507750e-01	1.282874e+00	3.712870e-01	-4.225736e-01	6.606402e-01	-1.437559e+00	3.055828e+00	1.251544e+00	1.229306e-01	1.643042e+00	1.403153e+00	3.361295e+00	1.389406e+00	4.130999e-01	3.032044e+00	3.754725e-01	2.797881e+00	5.019201e-02	5.391286e-01	8.613547e-01	2.057353e+00	1.923829e+00	1.689405e+00	-1.625441e+00	3.613571e+00	-5.626447e-01
-2.864085e+00	-3.775516e-01	3.266484e+00	2.810552e+00	-1.404252e-01	1.861168e+00	2.409049e+00	1.511364e+00	-2.256859e+00	-1.859574e+00	2.919478e+00	4.491621e+00	-5.858685e+00	3.891732e-01	1.833416e+00	5.146335e-01	6.909431e-02	-2.392773e+00	4.604339e+00	6.559251e-01	3.119736e+00	2.565044e+00	-1.902775e+00	3.173297e+00	-1.421242e+00	6.681701e-01	4.602827e+00	2.475694e+00	6.024311e+00	2.885864e+00	8.344728e-01	-1.561778e+00	6.079355e+00	4.030913e+00	1.556136e+00	-2.378666e+00	6.045820e-01	-1.644182e+00	4.119340e+00	-3.474019e-01
-1.080408e+00	3.783419e-01	1.508276e+00	-9.081119e-01	1.457356e+00	1.933372e+00	-4.743142e-01	3.432254e+00	-1.027399e+00	3.194907e-01	3.728775e+00	3.008246e+00	4.809131e-01	1.953269e+00	5.992410e-01	3.022975e+00	9.411184e-01	1.553520e+00	3.780795e+00	7.757754e-01	4.226958e+00	-1.277077e+00	2.502176e+00	-4.179588e-01	2.845858e+00	4.929519e+00	-2.939310e-01	-2.690309e-01	2.632468e+00	1.565078e-01	2.582289e+00	-1.484466e+00	-8.451104e-02	1.196809e+00	8.060554e-01	-1.721679e+00	3.036522e-01	1.552509e-01	3.952361e+00	-1.052980e+00
-1.086722e+00	-1.705853e-01	1.686078e+00	2.235046e-01	1.848777e+00	3.363061e+00	-1.270377e+00	1.973174e+00	-7.064117e-01	-5.851135e-01	4.338933e+00	3.690244e+00	1.964233e+00	6.248371e+00	-3.953466e+00	1.585667e+00	4.756247e-01	2.187333e+00	1.750848e+00	4.072266e-02	2.681628e+00	2.233053e-01	1.630500e+00	8.177002e-02	2.469516e+00	2.084658e+00	-2.224321e+00	1.242738e+00	2.011707e+00	1.633519e-01	2.016820e+00	8.033807e-02	-1.266262e-01	2.219058e+00	2.573064e+00	1.456240e+00	1.967290e+00	7.078899e-01	3.131062e+00	5.494054e-01
3.104131e+00	-5.971423e+00	1.173180e+00	1.110044e+01	-7.245123e+00	-1.408235e+00	1.029659e-01	1.796198e+00	-6.190966e+00	1.775167e+00	2.910685e+00	-3.236948e+00	2.800163e+00	6.699326e+00	-8.752252e+00	6.415185e+00	1.945578e+00	1.017952e+01	8.623015e-01	-2.236997e+00	8.533634e+00	-4.779461e+00	5.923409e+00	-6.647202e+00	3.127128e+00	3.282701e+00	-6.238125e+00	2.187010e+00	3.824093e-02	-1.910653e-01	1.643616e+00	3.299222e+00	-4.553711e-01	5.177007e+00	-4.900029e+00	3.629246e+00	4.791903e+00	2.342785e+00	2.591346e-01	3.342950e+00
-3.074087e+00	-4.491597e-01	3.485706e+00	-7.046138e-01	1.381899e+00	3.040041e+00	1.495891e+00	5.838542e+00	-6.474622e-01	1.177610e+00	5.034432e+00	2.050488e+00	-5.227379e-01	2.215259e+00	-5.299950e-01	1.855810e+00	1.869309e+00	-7.777300e-01	3.410697e+00	-2.641545e-01	3.483121e+00	3.619118e-01	1.403029e+00	1.357186e+00	2.549921e+00	1.117808e+00	1.317118e-01	-3.369691e-02	2.623523e+00	1.668088e+00	1.215622e+00	-1.626525e+00	-5.125642e-01	2.148234e+00	2.491938e+00	1.260089e+00	1.716000e-01	-1.196934e+00	4.947817e+00	-9.501869e-01
2.500120e+00	-4.653772e+00	-7.487828e-01	7.012908e+00	-4.719617e+00	2.736300e+00	5.247918e+00	3.872389e+00	-1.392640e+00	2.134318e+00	1.746174e+00	1.070982e+00	1.232834e+00	3.450924e-01	-3.794765e+00	1.624020e+00	-8.197240e-01	2.642080e+00	-9.701934e-01	-3.295850e+00	8.072836e-01	-9.840563e-01	3.699473e+00	-1.233853e+00	2.173303e-01	4.379166e+00	1.938444e+00	2.276444e+00	1.259077e+00	7.792710e-01	-6.353059e-01	2.359185e+00	2.354026e-01	1.426492e+00	2.091288e+00	3.671794e+00	4.152593e+00	-2.248680e+00	-6.793060e-03	2.230951e+00
-1.928788e-01	1.423191e+00	-5.622381e-01	1.079898e+00	5.722157e+00	-9.704272e-02	-1.178719e+00	6.834259e+00	-8.747701e-01	2.172437e+00	1.603445e+00	1.017522e+00	-6.937720e-01	5.765962e-01	-5.384864e-01	2.134335e-01	-1.297192e-01	2.167598e+00	2.117852e+00	4.564034e+00	1.278954e+00	-6.007062e-01	-1.841215e+00	-2.236406e+00	-3.071784e-02	-2.346451e+00	-1.274010e+00	-7.323555e-01	5.288756e-01	-4.265400e+00	-2.314376e+00	-1.387786e+00	-5.456648e-02	4.619570e+00	1.331548e+00	2.032904e+00	-1.046841e+00	2.671292e-01	5.934061e+00	-2.191276e+00
-7.927785e-01	-3.299209e-01	-1.367689e-01	-5.352309e-01	3.859421e+00	2.855745e+00	1.916080e+00	5.957697e+00	-1.081879e+00	2.121257e+00	3.828212e+00	1.613210e+00	1.289756e+00	4.568723e-01	1.079618e+00	-7.241084e-01	7.767056e-01	-3.591157e-01	6.325211e-01	-4.120085e-01	1.778800e+00	-4.633880e-02	1.943777e-01	1.483740e-01	6.918746e-01	7.345108e-01	2.249557e+00	-9.974865e-01	2.074397e+00	-1.136738e+00	3.644798e-01	-7.654892e-02	8.772808e-01	1.753929e+00	3.190684e+00	7.006028e-01	-4.187414e-01	-1.727768e+00	4.933974e+00	-3.602503e-01
1.349267e+00	1.665313e-01	1.717515e+00	4.508849e+00	-1.744528e+00	1.003370e-01	1.253942e+00	-1.017786e+00	-4.495695e+00	-9.721953e-01	3.555917e+00	3.004875e+00	-1.624679e+00	3.570793e+00	-2.293846e+00	4.153067e+00	5.078846e-01	3.107879e+00	2.344755e+00	-3.654173e-01	4.780304e+00	-5.466182e-01	2.332982e+00	9.893005e-01	1.927476e+00	2.868174e+00	1.743880e+00	1.255028e+00	2.191261e+00	2.007799e+00	7.196263e-01	1.222932e+00	4.980401e-02	1.922584e+00	8.210867e-01	2.052697e+00	1.764380e+00	-7.742507e-01	7.620199e-01	2.344115e+00
-4.698703e-02	-2.296027e-01	1.810481e+00	-9.300463e-02	-4.240798e-02	3.951116e+00	3.827126e-01	2.344875e+00	-5.524281e-01	1.313354e+00	2.915687e+00	4.080348e+00	1.589904e+00	4.429374e+00	-2.971834e+00	2.685070e+00	8.070691e-01	1.341382e+00	2.486442e+00	-1.032606e+00	-4.592770e-01	1.105260e+00	9.411837e-01	4.906987e-01	1.641240e+00	3.242003e+00	-7.899704e-01	-1.233393e+00	1.759648e+00	-2.377083e+00	1.389321e+00	2.860740e-01	1.043756e+00	2.076768e+00	1.250711e+00	3.461748e-01	1.521167e+00	2.383527e+00	1.921355e+00	1.342929e+00
-1.524735e+00	9.704430e-02	8.323899e-01	-3.466122e-02	3.395607e+00	9.803500e-01	-1.519309e-01	5.064606e+00	-4.689817e-01	1.022091e+00	1.850976e+00	4.113858e+00	-1.996919e+00	-5.363476e-01	1.036947e+00	8.093060e-01	-6.992183e-03	1.861718e+00	2.071142e+00	2.632758e+00	2.311859e+00	1.007557e+00	-3.331361e+00	-1.319045e+00	2.066385e+00	-1.539066e-01	5.417016e-01	-1.105051e+00	2.558524e+00	-1.568960e+00	-1.030449e+00	-1.431486e+00	1.432729e+00	4.379692e+00	2.451924e+00	1.552085e+00	-5.294094e-01	-1.196185e+00	4.986550e+00	-2.725399e+00
-1.658183e+00	-1.517156e+00	1.658922e+00	-1.445857e+00	1.074864e+00	2.487202e+00	2.541651e-01	1.588679e+00	1.010484e+00	1.754473e+00	4.414017e+00	2.465935e+00	-3.325863e+00	2.461517e-01	1.259458e+00	6.071652e-01	8.255239e-02	-8.911189e-01	3.096808e+00	2.095801e+00	9.869582e-01	8.446499e-01	3.189263e-01	2.085137e+00	4.513053e+00	-2.489931e-01	7.106270e-01	-1.759118e+00	3.470041e+00	-5.450591e-02	4.873162e-01	-1.381475e+00	5.824496e-01	2.809119e+00	3.443777e+00	-6.341073e-01	-3.102914e-01	-6.113267e-01	2.721566e+00	-9.013023e-01
-1.259120e-01	-2.136370e+00	-7.611664e-01	2.632019e+00	2.906599e+00	2.632603e+00	5.071562e+00	8.343746e+00	5.668300e-01	4.757537e-01	2.237541e+00	3.200211e+00	-1.104423e+00	-2.312171e+00	1.053828e+00	-1.804867e+00	-7.544551e-01	9.070052e-01	4.460385e-01	1.790115e-02	1.478978e+00	4.754766e-01	-2.801977e+00	-2.607096e+00	-6.115680e-01	2.762614e+00	3.751908e+00	-4.865606e-01	3.579431e+00	9.264348e-01	-1.370505e+00	-1.892014e+00	2.754516e+00	3.118769e+00	4.737284e+00	2.219404e+00	4.986264e-01	-4.882907e+00	3.793441e+00	-3.634828e+00
-1.201867e+00	-9.308989e-01	1.084434e+00	1.570574e+00	2.261431e+00	2.088837e+00	4.049771e+00	7.825148e+00	2.019877e+00	7.770646e-01	9.694370e-01	1.832408e+00	-1.798364e+00	-4.994097e-01	7.885958e-01	-6.103092e-01	-1.134257e-01	2.821965e+00	2.759702e+00	2.164040e+00	1.335159e+00	4.937227e-01	-4.778568e+00	-2.960965e+00	-1.690179e+00	-1.394049e+00	1.247857e+00	4.063756e-01	3.592550e+00	7.383475e-01	-4.148747e+00	-3.230932e+00	3.701533e+00	4.452660e+00	2.402047e+00	8.350290e-01	-5.398611e-02	-2.903678e+00	5.539489e+00	-4.311466e+00
-1.476418e+00	-1.105584e+00	3.730201e+00	-2.970220e+00	2.491985e+00	5.007552e+00	2.890715e+00	3.836419e+00	3.032622e+00	2.242870e+00	4.656022e+00	1.628482e+00	6.935765e-01	2.260620e+00	-2.646562e-01	7.155114e-01	2.043129e+00	-2.688059e-01	2.453092e+00	-5.010337e-01	3.139866e+00	8.770505e-01	-4.145266e-01	-5.658198e-01	2.014439e+00	2.115655e+00	-3.193447e-01	-1.810934e+00	3.740450e+00	2.077571e+00	9.247867e-01	-2.458794e+00	1.789566e+00	-6.048701e-01	1.459995e+00	-6.705785e-01	1.438586e-01	3.239344e-01	2.988936e+00	-1.951314e+00
-4.247382e-02	9.905850e-01	-1.047941e-01	-1.348036e+00	6.525651e+00	1.364577e+00	1.521213e+00	7.418387e+00	7.079658e-01	-3.325896e+00	2.837228e+00	-2.401234e+00	-6.110237e-01	-1.185999e+00	1.456239e+00	-4.299087e+00	2.605443e+00	-2.120302e+00	1.822041e+00	2.426334e+00	7.725164e-01	3.565089e-01	-9.415669e-01	-4.803285e-01	-2.038452e+00	1.836625e+00	-2.696061e+00	-1.135682e+00	3.926778e+00	3.141892e+00	1.292335e+00	-4.724432e+00	-1.884314e-01	9.121471e-01	-3.368203e-02	-2.342444e+00	-8.963461e-01	1.626800e+00	3.572652e+00	-4.423507e+00
-1.950031e+00	-7.713793e-01	1.215983e+00	1.459995e+00	7.115937e-01	3.941918e+00	-8.608166e-01	1.209978e+00	-7.163686e-01	-2.626374e-01	2.332424e+00	2.360304e+00	3.635027e+00	4.645707e+00	-3.089156e+00	1.399911e+00	1.916052e+00	2.455005e+00	2.919328e-04	-6.372010e-01	2.051088e+00	-6.170409e-01	1.306125e+00	1.158055e+00	1.879652e+00	4.911917e+00	-7.812301e-02	-1.733911e-01	3.833183e+00	-2.554695e+00	2.133810e+00	-9.831094e-01	-1.075127e+00	8.969684e-01	-2.628264e-01	-2.007542e-01	2.635234e+00	-1.710099e-01	1.270823e+00	2.500927e+00
-9.461084e-01	2.165757e+00	1.218909e+00	1.035461e-01	3.029074e+00	3.281738e+00	-6.377299e-01	3.192356e+00	2.058448e+00	-1.193701e-01	3.955561e-01	1.669236e+00	2.151775e+00	2.927675e+00	-3.337357e+00	2.849104e-01	1.549090e+00	1.967393e+00	6.739812e-01	-1.551663e+00	2.249174e-01	-3.521599e-01	1.289296e+00	8.971400e-01	-2.963982e+00	5.203267e-01	-8.694623e-01	-1.087445e-01	2.467756e-01	-1.006410e+00	1.851332e+00	3.208176e-01	1.880555e+00	3.304127e+00	-7.942209e-01	-7.134716e-01	8.425767e-01	9.848395e-01	2.013602e+00	1.244145e+00
4.753394e+00	-1.544791e+00	-3.773575e+00	2.973151e-01	6.179940e+00	-3.449672e-01	1.863554e+00	1.017382e+01	3.783846e-02	-5.148437e+00	1.163007e+00	-1.578289e+00	-6.395155e-01	-6.424027e+00	3.182226e+00	-3.895822e+00	2.204510e+00	-2.665842e+00	3.424424e-01	2.807597e+00	1.653202e+00	-1.014047e+00	-1.256601e+00	-1.688304e+00	-1.444186e+00	3.088003e+00	-3.068692e-01	-1.112906e+00	2.232888e+00	1.079566e+00	2.908940e+00	-4.237297e+00	-3.625172e+00	6.647343e-01	5.285460e-01	1.450355e+00	7.572039e-01	-1.233159e+00	1.448510e+00	-4.265300e+00
-6.217989e+00	-9.265976e-01	8.978160e-01	-4.817463e+00	5.448271e+00	2.646971e+00	3.167838e-01	6.989877e+00	6.442717e+00	-1.251095e-01	-7.409761e-01	7.765048e+00	-4.191841e+00	-4.393793e+00	2.103349e+00	-1.186175e+00	-2.326404e+00	6.934535e-02	1.784857e+00	3.438871e+00	-1.139588e+00	4.265281e+00	-9.414850e+00	-1.594210e+00	4.874165e-01	1.481776e+00	2.501032e+00	-1.330480e+00	7.185928e+00	8.081545e-01	-1.114391e+00	-8.799839e+00	2.260676e+00	1.957682e+00	3.283763e+00	9.280721e-01	2.842889e+00	-1.492108e+00	4.203134e+00	-7.042817e+00
-2.271851e+00	-2.462857e+00	2.745152e+00	7.980327e-01	-7.898480e-01	1.269932e+00	-9.282702e-02	4.054315e+00	-3.439946e-01	4.017770e-02	2.712990e+00	3.654177e+00	-1.402311e+00	1.424984e+00	-1.418610e+00	2.688811e+00	7.292199e-01	1.882729e+00	2.593639e+00	8.796618e-01	3.516744e+00	-2.732840e-01	1.132617e+00	7.600079e-01	3.792335e+00	3.234738e+00	-8.158277e-01	-1.581571e-01	2.893149e+00	-9.817116e-01	1.541279e+00	-1.001908e+00	4.675702e-01	3.358679e+00	1.535199e+00	-1.407110e+00	6.567922e-01	1.320046e+00	3.678219e+00	-4.406703e-01
-1.990745e+00	-9.964723e-01	2.049994e+00	-3.640838e-01	2.433590e+00	8.268675e-01	1.892731e+00	6.907099e+00	-5.947389e-01	1.485690e+00	2.678603e+00	-6.880528e-01	-1.012766e+00	3.942890e-01	2.104959e+00	8.821584e-02	1.049817e+00	2.052323e+00	3.959563e+00	1.125100e+00	4.078492e+00	7.012986e-02	-3.545968e+00	-1.556055e+00	2.398010e+00	-1.123419e+00	-6.184563e-01	-1.603158e+00	3.561683e+00	1.160361e+00	-8.702513e-01	-1.748795e+00	1.770526e+00	5.755503e+00	5.699851e-01	-1.429342e+00	-1.161252e+00	-1.166540e+00	5.415314e+00	-3.375234e+00
5.252934e+00	2.543030e+00	-5.056305e-01	-1.125793e+00	4.293637e+00	-5.962536e-01	1.178920e+00	3.278705e+00	2.421266e+00	-1.536810e+00	1.606632e+00	4.807935e-01	1.025334e+00	7.659078e-01	1.484838e+00	1.410563e+00	5.168088e-01	-2.226218e+00	1.138893e+00	2.432152e+00	2.494478e+00	-1.673756e+00	-1.098805e+00	1.814312e-01	-1.911371e+00	-1.109702e+00	2.003480e+00	1.497695e+00	-4.416148e-01	2.078603e+00	3.342399e-01	7.939714e-01	-3.298708e+00	-2.802291e-02	1.177301e+00	4.460505e+00	-9.013734e-01	-2.291692e+00	1.915942e+00	-7.596185e-01
1.707794e+00	-5.232992e+00	-4.470660e-01	6.117261e+00	-1.232434e-01	1.842317e+00	4.368303e+00	6.479652e+00	-2.315680e+00	1.109567e+00	4.217470e+00	1.283579e+00	-4.428228e+00	-1.919767e+00	-6.736807e-01	1.275986e-02	-1.480237e+00	-1.155611e+00	1.291127e+00	2.062455e-01	1.726381e+00	5.343147e-01	1.602069e-01	-9.360111e-01	1.474531e+00	2.082076e+00	3.136711e+00	2.581684e+00	4.908726e+00	8.829538e-01	-3.056803e-01	-1.438879e-01	6.594132e-01	3.238869e+00	3.880247e+00	3.121562e+00	1.503824e+00	-3.190030e+00	4.454259e+00	-2.275452e+00
9.255938e-01	-2.660761e+00	1.581279e+00	1.948987e+00	5.933218e-01	2.246373e+00	3.077625e-02	1.827050e+00	-1.345916e+00	2.384575e+00	2.335525e+00	1.120463e+00	-3.590877e+00	-2.123062e+00	-7.439580e-01	3.553163e-01	-6.604844e-01	3.515008e-01	1.105874e+00	-1.317530e+00	-3.026592e+00	4.580756e-02	2.902397e+00	4.999745e-01	1.326475e+00	2.324706e+00	1.279970e+00	-3.366709e-01	2.978332e+00	-7.395664e-01	-5.561083e-01	1.340353e+00	-1.349441e+00	5.785292e+00	4.424815e-01	1.352050e-02	3.656638e+00	7.658250e-01	1.119827e+00	9.884646e-01
3.471891e+00	-6.643892e+00	2.505780e+00	1.813914e+01	-1.544310e+01	-1.012407e+01	-1.137791e+00	-4.097965e+00	-1.858097e+01	-1.185889e+00	7.232380e+00	-4.678753e+00	-2.362909e+00	1.123290e+01	-9.350674e+00	1.077787e+01	1.551137e+00	1.055494e+01	4.372736e+00	7.868921e-01	1.491315e+01	-5.536510e+00	1.248887e+01	-3.000112e+00	6.273442e+00	9.720168e-01	-6.085085e+00	2.074168e+00	-1.473288e+00	4.742126e+00	1.578100e+00	1.050159e+01	3.892727e+00	1.132701e+01	-4.121205e+00	2.324803e+00	9.982605e-01	2.427085e+00	5.678610e-01	8.153096e+00
-2.429044e+00	-1.992942e-01	2.444397e+00	-5.013438e+00	4.373192e+00	1.730105e+00	3.087561e-01	3.916278e+00	2.220376e+00	-5.623051e-01	1.585874e+00	-3.146655e+00	-5.079138e-01	6.877296e-01	5.776738e+00	7.324071e-01	1.992499e+00	-3.102848e+00	4.002465e+00	2.555196e+00	2.020458e+00	1.026615e+00	-5.898164e-01	4.294158e-01	2.278597e+00	2.113640e+00	-2.591819e-01	-1.108592e+00	7.243299e+00	4.330437e+00	5.941405e-01	-6.259691e+00	-1.629422e+00	-3.045847e+00	-2.254369e+00	-4.544280e+00	-8.684642e-01	1.107317e+00	2.362840e+00	-4.526377e+00
-2.604326e-02	-2.577697e+00	1.419194e+00	-1.955432e+00	1.186299e+00	3.812949e+00	-5.624656e-01	3.946930e+00	-3.488891e-01	2.067273e+00	4.812253e+00	5.157308e+00	-1.639202e+00	8.852884e-01	3.861519e-01	1.493427e+00	-1.330798e-01	-1.211669e+00	2.741154e+00	1.530919e+00	-2.019771e+00	-2.888766e-01	1.179704e+00	2.950735e+00	1.925879e+00	1.181849e+00	1.669706e+00	-1.864600e+00	1.266945e+00	-4.863749e+00	5.151752e-01	1.952066e+00	-5.011633e-01	1.457305e+00	1.955462e+00	3.237811e-01	-2.823746e-02	9.472553e-01	3.898708e+00	1.313809e+00
-1.436139e+00	6.563474e-01	2.139683e+00	-9.796573e-01	2.607915e+00	4.212502e+00	-7.289331e-02	3.735860e+00	1.022383e-01	2.304984e-01	3.529074e+00	2.393011e+00	3.186161e+00	4.424650e+00	1.151060e-01	2.187330e+00	1.584667e+00	7.358331e-01	2.930459e+00	7.193342e-01	3.689201e+00	4.138747e-01	-1.878855e-01	8.365068e-01	1.790546e+00	2.869922e+00	-7.654617e-01	-6.211296e-02	1.310551e+00	-2.824056e+00	2.705416e+00	-8.574979e-01	7.077555e-01	-7.180672e-01	7.328787e-01	-4.860705e-01	-4.556674e-01	2.996291e-01	3.606602e+00	-4.737706e-01
1.350842e+00	-5.728325e+00	2.444438e-01	9.287736e+00	-6.415788e+00	-2.382454e+00	3.315360e-01	-2.992366e+00	-4.629976e+00	3.415266e+00	4.843583e+00	-3.830758e-01	-4.888473e+00	5.144994e+00	-4.331030e+00	3.265636e+00	-2.564424e+00	5.566593e+00	1.216974e+00	-9.223198e-01	3.824957e+00	-3.374009e+00	3.693244e+00	-2.305501e+00	1.728311e+00	-2.156737e-01	-4.429835e-01	3.629731e+00	6.554597e+00	3.198127e+00	-7.472219e-01	5.159677e+00	3.074917e+00	8.993478e+00	-7.700704e-01	1.369625e+00	3.558539e+00	-2.736975e-01	3.928336e+00	2.948317e+00
2.710576e+00	-2.953272e+00	1.238344e+00	9.494303e-01	2.598501e+00	2.743066e+00	3.271701e+00	5.885720e+00	3.571794e+00	3.989199e+00	2.591696e+00	1.107659e+00	-2.837099e+00	-2.030821e-01	1.161677e+00	-2.788240e-01	-2.063598e+00	-8.592300e-01	2.327976e+00	1.415063e+00	-2.340985e+00	-1.462309e+00	-7.142816e-01	-9.974961e-01	-2.026090e+00	-2.641688e+00	3.620819e+00	1.357554e+00	3.400264e+00	-1.481346e-01	-4.255302e+00	1.354894e+00	2.144189e-01	4.162592e+00	3.419603e+00	2.446467e+00	4.828248e-02	-3.319454e+00	6.055079e+00	-8.714850e-01
-1.645420e+00	-1.691523e+00	-2.722097e-01	2.702052e+00	-1.410587e-01	1.977210e+00	3.409463e+00	7.825894e+00	4.239281e+00	2.208337e+00	-7.119830e-01	4.187838e+00	2.032302e+00	-1.330447e+00	-1.710954e+00	-3.281763e-01	-2.704480e+00	3.920213e+00	9.514317e-01	-1.247220e+00	1.083956e+00	-2.420202e-01	3.505944e-01	-4.227052e+00	6.565013e-02	2.858067e+00	1.566420e+00	3.690619e+00	3.656400e+00	1.927391e+00	-1.878740e+00	-3.769063e+00	1.770109e+00	1.123129e+00	4.353183e+00	2.957306e+00	3.730458e+00	-3.664488e+00	3.806233e+00	-1.107695e+00
-1.011681e-01	-1.563523e+00	2.976709e+00	4.785173e-01	-4.181116e-01	4.469544e+00	3.460475e+00	2.775624e+00	2.729417e+00	1.254609e+00	4.850688e+00	3.883207e+00	-4.368661e-01	1.314599e+00	-1.489703e+00	1.072672e+00	1.423798e+00	6.245798e-01	2.781960e+00	-8.382187e-01	2.757250e+00	8.360109e-01	-2.163796e-01	-1.070937e+00	8.440793e-01	1.703552e+00	1.074148e+00	1.282220e+00	2.791110e+00	1.041448e+00	4.639938e-01	-4.829090e-01	2.098958e+00	5.586588e-01	1.539775e+00	1.828644e+00	1.011143e+00	-6.491868e-01	3.180028e+00	-4.281283e-01
-3.735735e+00	-1.909131e+00	1.748400e+00	2.331204e+00	1.333967e+00	2.752972e+00	2.336613e+00	2.479054e+00	1.150975e+00	-1.060058e+00	1.469785e-01	2.649754e+00	-2.832869e+00	-9.836313e-02	1.822335e-01	-2.648024e-01	-9.291937e-01	-8.095417e-01	1.778322e+00	1.136324e+00	1.323518e+00	2.279330e+00	-1.667827e+00	2.579846e+00	-2.756524e-02	2.476272e+00	2.576392e+00	1.119575e+00	3.897907e+00	2.832312e-01	-1.993255e-01	-2.551159e+00	2.758765e+00	3.751931e+00	2.101515e+00	-1.580556e+00	1.870710e+00	-2.118880e+00	1.014541e+00	-1.740683e+00
-1.505884e+00	-2.069309e+00	2.174883e+00	-8.084294e-01	1.444165e+00	4.851605e+00	2.417066e-01	3.378777e+00	1.004101e+00	1.836423e+00	4.248987e+00	2.862703e+00	1.997183e+00	3.846104e+00	-1.745159e+00	2.675238e+00	1.484805e+00	9.807747e-01	2.237093e+00	-1.750167e+00	2.578825e+00	8.773484e-01	1.444408e+00	-1.117368e+00	2.492342e+00	4.512641e+00	-1.045054e+00	1.079853e-01	4.066548e+00	-9.546062e-01	3.369176e+00	-1.942589e-01	6.692533e-01	6.143438e-01	5.441647e-01	-3.709456e-01	1.441017e+00	1.778336e+00	4.630710e+00	-7.670591e-01
-2.915636e+00	-3.469371e+00	1.812411e+00	2.706875e+00	-2.413581e+00	4.678053e+00	5.606752e+00	5.112641e+00	2.704678e+00	8.340417e-01	2.686254e+00	4.284232e+00	-1.492538e+00	2.502848e+00	-1.894615e+00	-7.516146e-01	-1.507325e+00	1.838776e+00	2.929385e-01	-8.807030e-01	1.125145e+00	1.127822e-01	1.776296e+00	-2.498312e-01	-4.326100e-01	3.146488e+00	2.489230e+00	3.226962e+00	7.135181e+00	3.225836e+00	-3.662083e+00	-9.240248e-01	2.686538e+00	1.244787e+00	5.187218e+00	2.205195e-01	1.185075e+00	-3.029458e+00	5.337418e+00	-9.529143e-01
-1.808427e-01	-5.250332e+00	2.045748e-02	1.756921e+00	-9.345588e-01	3.503413e+00	4.836669e+00	7.259178e+00	4.393210e+00	1.850484e+00	6.955991e-01	2.985128e+00	-1.570989e+00	-3.383831e+00	2.042512e+00	-1.378170e+00	-6.411774e-01	-8.497505e-01	1.848949e-01	-1.719712e+00	-1.736311e+00	-1.583077e-01	3.734359e+00	2.419387e-01	2.535567e-01	2.767822e+00	4.027920e+00	2.128005e+00	2.819063e+00	8.660035e-01	-2.372753e+00	2.326835e-01	7.137924e-01	2.126574e+00	4.308337e+00	6.419856e-01	8.993380e-01	-4.047471e+00	3.436819e+00	-5.457860e-01
2.105764e+00	-1.066956e+00	-1.477402e+00	1.018357e+00	2.330444e+00	4.869542e-01	1.799758e+00	5.888391e+00	-1.932373e-01	-4.802893e+00	2.445947e+00	-2.192426e+00	-3.451754e-01	-2.373278e+00	2.587254e+00	-2.649390e+00	3.743331e+00	-1.212924e+00	-3.934963e-01	2.545144e+00	4.461275e+00	-7.994834e-01	3.097540e-01	-1.564993e+00	-1.445047e+00	3.275406e+00	-2.234568e+00	4.696526e-01	2.348207e+00	3.659109e+00	2.452778e+00	-3.029232e+00	-2.605282e+00	-1.111328e+00	-2.644724e+00	8.475244e-01	-1.291938e-01	-3.567739e-01	8.867592e-01	-3.347288e+00
-2.223847e+00	-1.181922e+00	8.829229e-01	-1.894631e+00	1.978575e+00	2.203188e+00	-1.759836e+00	2.053442e+00	1.002447e+00	7.437249e-01	2.888369e+00	3.622466e+00	7.542952e-01	2.842635e+00	-1.691542e+00	2.424144e+00	-9.856019e-01	1.391630e+00	1.495000e+00	2.482005e-01	7.384021e-01	1.315327e+00	-2.744525e+00	1.320861e+00	2.991151e+00	1.472121e+00	-3.434046e-01	-5.422019e-01	2.111715e+00	-1.992592e+00	1.591251e+00	-5.440738e-01	8.957629e-01	1.658023e+00	2.138109e+00	1.210041e+00	2.185715e+00	3.233691e-01	1.685509e+00	-3.244562e-01
-3.811975e+00	1.898170e+00	1.168077e+00	-1.802732e+00	3.245690e+00	1.252264e+00	-1.622507e+00	3.044753e+00	4.077677e+00	1.122708e+00	-1.097912e+00	7.269917e+00	-1.437730e+00	-3.676644e+00	-1.813526e+00	5.991521e-04	-9.616273e-01	1.133305e+00	-7.996764e-01	-1.794872e+00	-1.433134e+00	2.441134e+00	-1.279519e+00	2.678515e-01	-1.052314e+00	2.120190e+00	1.797433e+00	2.445596e+00	3.592437e+00	6.757627e-01	7.892722e-01	-1.197271e+00	1.262866e+00	4.855967e+00	1.327731e+00	1.836774e+00	3.736408e+00	-7.590446e-02	3.469173e+00	-6.616787e-01
-7.616748e-01	-9.890461e-01	-1.375750e+00	2.768209e-01	1.490534e+00	1.212017e+00	1.178362e+00	5.804492e+00	-1.845887e+00	2.007274e-01	2.040521e+00	1.290902e+00	9.458376e-01	-3.064711e+00	2.756651e+00	-5.422405e-01	7.966459e-01	-4.329411e-01	1.621547e+00	5.146818e-01	1.914573e+00	-2.470002e-01	2.490822e+00	1.942907e+00	3.650360e+00	2.259184e+00	1.873790e+00	7.716264e-01	1.229231e+00	-1.816294e+00	1.273601e+00	-1.259974e+00	-5.738876e-01	1.146400e+00	3.271542e+00	-1.272905e+00	2.939981e-01	-8.707595e-01	2.622374e+00	2.010919e-02
3.797568e+00	2.108619e+00	-1.400423e+00	-1.024814e+00	4.021299e+00	-5.427284e-01	5.600200e-02	2.710358e+00	3.072921e+00	-1.622378e+00	1.464778e+00	2.532395e+00	1.154822e+00	1.106971e+00	-1.096284e+00	9.706463e-01	-4.390515e-01	-1.116431e+00	3.784360e-02	1.927205e+00	1.866723e+00	-1.044465e+00	-5.051825e-01	7.223627e-01	-2.062908e+00	-1.336376e+00	2.042988e+00	2.199836e+00	-7.503864e-01	7.539379e-01	8.267436e-01	1.592076e+00	-2.706450e+00	4.674630e-01	1.866316e+00	5.155697e+00	1.335333e-01	-1.608875e+00	2.603234e+00	3.842904e-01
3.149113e+00	3.034893e-01	-3.508835e+00	3.432135e+00	3.361538e+00	-3.583424e-01	-8.314312e-01	6.015085e+00	-2.626091e+00	-4.815219e+00	1.685327e+00	9.365043e-01	1.217934e+00	-1.658380e+00	-1.070337e+00	-1.115916e+00	1.266695e+00	2.494412e+00	-4.039686e-01	3.165279e+00	3.313801e+00	4.457807e-02	-2.419041e+00	-2.815873e+00	-1.134736e+00	2.241751e+00	-1.222203e+00	1.005953e+00	1.054353e+00	-1.374101e+00	2.637299e+00	-1.648766e+00	-1.709176e+00	2.726555e+00	-1.522726e-01	3.648834e+00	2.749746e+00	-1.716838e-01	1.570935e+00	-2.052522e+00
1.072031e+00	-8.890184e-01	1.336522e+00	-1.620101e+00	1.726981e+00	3.161553e+00	-9.454935e-01	9.011911e-02	1.122102e+00	1.671025e+00	4.696688e+00	3.652871e+00	4.921985e-01	4.509139e+00	3.608355e-01	3.148093e+00	-1.505586e-01	-4.266780e-01	2.958073e+00	5.133599e-01	1.504784e+00	-1.627625e-01	1.111263e+00	1.282663e+00	2.263284e+00	7.185895e-01	1.748934e+00	1.202846e+00	6.440420e-01	-2.459476e+00	2.588712e+00	3.039661e+00	-1.655891e+00	2.499753e-01	1.187015e+00	1.558215e+00	6.717718e-02	-4.884423e-02	3.464905e+00	1.340142e+00
-8.097421e-01	-3.936336e+00	5.649804e-01	5.830196e+00	5.246001e-01	2.784815e+00	1.852711e+00	4.170027e+00	-3.287001e+00	-1.529393e+00	2.380958e+00	7.165771e-01	-3.349527e+00	4.101459e-01	-9.698221e-02	-1.369828e+00	1.375240e+00	2.266578e+00	2.747689e+00	-4.373216e-01	3.762872e+00	1.217840e+00	-1.614311e+00	-1.725313e+00	-1.406618e+00	2.617435e+00	3.647929e-01	1.452379e+00	6.822865e+00	-5.443602e-01	2.453612e+00	-1.963275e+00	5.477270e+00	6.146731e+00	-9.125568e-01	-3.043622e+00	3.113051e+00	4.226979e-01	4.126784e+00	-2.398479e+00
-2.183753e+00	1.873968e-01	6.400957e+00	-3.929508e+00	1.042096e+00	6.075698e-01	1.284618e+00	9.623435e-02	2.821008e+00	-3.214505e-01	1.394671e+00	-5.394897e+00	-6.743001e-01	4.463678e+00	4.794937e+00	9.087714e-01	5.458119e+00	-1.813852e+00	4.639097e+00	4.631697e-01	2.148927e+00	-2.131939e+00	2.171508e+00	1.518682e+00	-4.781362e-01	4.350159e-03	-3.457915e+00	5.693866e-02	4.852822e+00	5.880484e+00	3.217431e-02	-9.735558e-01	-4.325203e-01	2.399979e-01	-6.659953e+00	-8.496166e+00	-4.957592e+00	4.376747e+00	1.819692e+00	-1.188481e+00
-1.934428e+00	-1.396837e+00	2.736806e+00	1.095820e+00	-1.209280e+00	3.230767e+00	3.098732e-01	3.132518e+00	4.603042e+00	7.025617e-01	-2.024573e+00	3.217054e+00	1.913634e+00	2.789199e+00	-3.626544e+00	5.778037e-01	2.623564e-01	2.428784e+00	-7.158777e-02	-1.636827e+00	-4.982593e-02	1.510379e+00	2.080914e-01	7.349638e-01	-1.237007e+00	2.805884e+00	-2.143154e+00	7.302253e-01	1.317790e+00	-1.873385e+00	1.140160e+00	4.200756e-01	2.989220e+00	4.298901e+00	-4.020578e-01	-6.817721e-01	2.003642e+00	1.746342e+00	2.379589e+00	3.744796e-01
-1.577200e+00	-1.276848e-01	1.153596e+00	2.831490e+00	-3.772013e-01	1.535574e+00	-9.460942e-01	3.133683e+00	2.376059e+00	9.250180e-01	-2.603495e-02	5.782495e+00	-1.404935e+00	-4.088541e-01	-5.170209e+00	1.026193e+00	-1.348495e+00	4.537905e+00	-3.220451e-01	-6.933731e-01	1.129930e+00	-2.798033e-02	1.035808e+00	4.160481e-01	-7.164570e-01	2.001873e+00	-3.980512e-02	1.314142e+00	1.888156e+00	-2.932274e+00	1.122783e+00	8.846269e-01	1.011809e+00	6.395152e+00	6.333020e-01	2.564823e+00	3.287177e+00	1.073011e+00	4.985550e+00	1.466936e+00
-1.370505e+00	-1.928509e-01	1.565215e+00	-5.010568e-01	1.028376e+00	2.815518e+00	5.813034e-01	5.063957e+00	-1.567870e+00	-6.725205e-01	4.166653e+00	1.530575e+00	3.295085e-01	1.862052e-01	1.734251e+00	1.233124e+00	2.164111e+00	-1.330054e-01	3.797091e+00	7.579788e-01	3.399649e+00	-8.499444e-01	3.503681e+00	1.428729e+00	4.201282e+00	3.744673e+00	5.438227e-01	-1.046072e-01	2.146817e+00	4.911406e-01	1.600794e+00	-1.800531e+00	-9.324759e-01	1.474507e+00	2.394832e+00	-2.350442e+00	-1.207652e-01	-7.283164e-01	4.078998e+00	-7.120165e-01
-2.659537e+00	5.120105e-01	8.956726e-01	-2.834064e-01	4.236299e+00	2.994200e-02	1.464695e+00	5.256023e+00	8.955425e-01	6.044471e-01	1.135232e+00	-8.297310e-01	-2.411653e+00	1.936922e+00	1.716225e+00	-5.062118e-01	-7.401347e-01	2.463497e-01	2.723957e+00	3.599022e+00	2.327111e+00	2.172997e-02	-4.133405e+00	-2.943082e-01	-1.797054e-01	-4.613418e-01	8.916045e-01	-2.825735e+00	4.865323e+00	9.948262e-01	-2.029232e+00	-4.869641e+00	2.012233e+00	3.965029e+00	1.414036e-01	-1.250606e+00	-8.978249e-01	-1.839545e+00	4.119080e+00	-4.426993e+00
5.444647e-01	-2.667274e+00	-8.899556e-01	2.976908e+00	-1.178210e-01	2.255001e+00	-8.866306e-01	3.901553e+00	-2.281128e+00	-2.077698e+00	3.521758e+00	1.859820e+00	-1.034290e+00	1.047546e+00	4.165216e-01	6.944454e-01	9.776895e-01	9.808119e-01	1.146128e+00	3.159105e+00	2.623370e+00	-1.557479e+00	3.600837e+00	-2.239578e-01	2.029867e+00	3.744290e+00	4.601112e-01	2.101655e-01	1.473478e+00	-1.950306e+00	1.353392e+00	-1.135727e+00	-1.179893e+00	2.177286e-01	1.492344e+00	6.425596e-01	3.653556e-01	-1.490828e+00	3.226996e+00	4.200028e-01
-1.383580e+00	-2.225446e+00	-9.449436e-01	3.101381e+00	3.684637e-01	2.038722e+00	4.897388e+00	6.498702e+00	2.058864e+00	-8.156050e-01	-5.140660e-01	1.193848e+00	-6.109342e-01	-3.685557e+00	-7.749117e-01	-1.172651e+00	5.458604e-01	-2.230359e-01	-2.281882e+00	-1.697243e+00	2.232544e+00	-8.310099e-02	-3.732828e-02	-7.125190e-01	9.050547e-01	4.488634e+00	2.540969e+00	1.016329e+00	6.696693e+00	3.180922e+00	1.441865e-01	-2.677767e+00	2.970558e-01	2.371815e+00	3.020951e+00	8.577012e-01	1.470100e+00	-2.805937e+00	2.236614e+00	-2.203674e+00
-1.629851e+00	3.967287e-01	2.105048e+00	2.301480e-01	-9.892904e-01	1.631722e+00	-6.141390e-01	2.062416e+00	2.882233e-01	7.481370e-01	2.326598e+00	4.745604e+00	3.209721e-01	3.770342e+00	-3.531222e+00	2.907443e+00	5.825900e-01	4.929943e+00	2.607586e+00	1.472031e+00	3.271487e+00	-1.249200e+00	2.879515e+00	-3.242824e+00	1.824396e+00	2.863374e+00	-1.267790e-01	4.160651e-01	2.722961e+00	-1.819223e-01	2.012445e-01	-1.305143e+00	-6.582028e-02	1.725119e+00	3.749706e-01	4.267112e-01	1.339090e+00	1.704977e+00	4.610902e+00	-2.080136e-01
1.987734e+00	4.081778e+00	-2.317752e-02	-1.101746e+00	1.876114e+00	2.322229e+00	4.819064e-01	1.461300e+00	1.624144e+00	-1.764430e-01	1.193561e+00	3.678783e+00	3.683772e-02	3.696172e-01	1.127431e+00	8.340724e-01	-1.345666e-01	-1.705601e+00	1.818633e+00	-1.408870e+00	-5.689713e-01	4.092873e-01	1.712313e+00	1.379727e+00	-1.696021e+00	1.833706e+00	2.495517e+00	1.742220e+00	1.782362e+00	2.336735e+00	1.765215e+00	3.369994e-01	-1.153306e-01	1.726883e+00	2.011616e+00	9.808331e-01	7.205153e-01	-1.452741e+00	2.632971e+00	9.832816e-01
-8.380058e-01	-2.686807e+00	1.734865e-01	1.447016e+00	3.932663e+00	2.392628e+00	5.384985e+00	7.987199e+00	1.215070e+00	-6.824038e-01	2.452823e+00	-7.252426e-01	-1.143946e+00	-1.526097e+00	3.178482e+00	-3.018105e+00	1.117517e+00	-6.951100e-01	1.532462e+00	-5.367739e-01	2.825619e+00	-3.283859e-02	-3.924666e+00	-1.904108e+00	-8.309018e-01	1.639600e+00	3.403838e+00	-1.122988e+00	5.599221e+00	3.540801e+00	-4.542657e-01	-2.684322e+00	3.547733e+00	3.717359e+00	3.070744e+00	-1.124460e+00	-9.174899e-01	-5.015360e+00	4.180697e+00	-4.238778e+00
2.193205e+00	-1.218464e-01	-1.752232e+00	2.897172e+00	2.536030e+00	-1.367893e-01	2.036795e+00	6.709433e+00	-2.681177e+00	-4.911402e+00	1.934490e+00	2.992242e+00	-1.040587e+00	-2.898324e+00	7.728857e-01	-5.441786e-01	2.477279e+00	-8.617682e-01	1.260568e+00	2.159572e+00	4.687163e+00	1.440841e+00	-2.014467e+00	-1.915461e+00	-1.146152e-01	4.611252e+00	5.437664e-01	1.122357e+00	2.661811e+00	2.093070e+00	2.867753e+00	-2.751677e+00	-3.116313e-01	1.070944e+00	5.998620e-01	2.682658e+00	8.798251e-01	-8.559936e-01	2.313105e+00	-3.363553e+00
1.453089e+00	-1.845152e+00	5.741516e-01	1.017784e+00	3.441324e+00	2.993615e+00	-1.460928e+00	5.485304e+00	7.472340e-01	2.363686e+00	2.995769e+00	2.093702e+00	4.944653e-01	2.992185e+00	-2.896068e+00	1.588718e+00	-8.429363e-01	2.374697e+00	2.957354e+00	3.308411e+00	3.824756e-01	-8.225438e-01	-1.008708e+00	-1.834133e+00	-1.276434e+00	-1.160055e+00	-1.293766e+00	-8.571956e-03	-3.992712e-01	-5.316498e+00	-6.692260e-01	6.852972e-01	7.712144e-01	2.266759e+00	1.314036e+00	2.340039e+00	1.300033e+00	1.777858e+00	4.931130e+00	1.806335e-01
-1.474737e+00	-2.644820e+00	6.063248e-01	-9.900853e-01	1.183060e+00	1.510601e+00	1.432490e+00	4.866474e+00	8.951730e-01	-8.110218e-01	4.172484e+00	5.367422e+00	-4.257159e+00	-3.323692e+00	1.272125e+00	-7.962762e-01	7.342586e-01	-1.003063e+00	9.536993e-01	1.907608e+00	1.168486e+00	3.261656e-01	7.929792e-01	2.062987e+00	3.749826e+00	2.292578e+00	1.214186e+00	-3.999490e-01	2.604041e+00	2.522211e-01	-4.859121e-01	-1.346173e+00	-3.201549e-01	3.359134e+00	4.443244e+00	5.424211e-01	-5.913878e-01	-2.126579e+00	2.803412e+00	-1.537201e+00
-3.505359e+00	-1.306017e+00	3.878253e+00	-3.244651e-01	-1.815129e-01	2.602165e+00	6.735810e-01	2.692874e+00	1.380388e+00	-3.236655e-01	2.839557e+00	3.833149e+00	-5.068329e+00	-1.181228e-02	3.062205e-01	-1.139829e+00	8.297230e-01	3.269544e-01	1.421802e+00	9.217048e-01	-4.550605e-01	1.248498e+00	2.693515e-02	1.025361e+00	7.537538e-02	1.393631e-01	3.020896e-01	1.697908e+00	6.560568e+00	2.176909e+00	-1.949001e+00	-1.768752e-01	1.772313e+00	6.116307e+00	1.391658e+00	-2.053807e+00	-1.445260e-01	1.306202e+00	6.382850e+00	-1.279817e+00
-1.845915e+00	2.237809e-01	-6.890089e-01	-1.498897e+00	2.643924e+00	3.210052e+00	1.632570e+00	4.497096e+00	1.786748e+00	-6.089069e-01	1.770987e+00	4.561344e+00	1.572431e+00	-1.950586e-01	5.981749e-01	2.879777e-02	-6.669329e-01	1.317377e+00	2.203442e-01	-1.988927e-01	7.141572e-01	2.781898e+00	-2.847888e+00	-4.374425e-01	1.162330e+00	3.425224e+00	1.606881e+00	-2.842705e-01	3.224858e+00	-7.540938e-02	6.585175e-01	-2.689530e+00	1.937884e+00	-2.983235e-01	3.114599e+00	1.799823e-01	8.268842e-01	-8.379411e-01	3.269077e+00	-3.331173e+00
-2.673515e+00	-3.425059e-01	4.084477e+00	-3.071139e-01	-3.794041e-01	3.080313e+00	2.635040e+00	4.070891e+00	2.156633e+00	-2.979682e-02	1.832679e+00	1.411111e+00	-1.512083e+00	3.313460e+00	-6.575075e-01	5.775582e-01	7.297361e-01	1.859187e+00	2.435919e+00	-1.980665e-01	1.574286e+00	1.288431e+00	-1.492627e+00	8.361132e-01	-4.977058e-01	1.174775e+00	-2.845405e+00	4.285323e-01	3.412916e+00	2.232603e+00	-1.536952e+00	-1.350235e+00	2.557198e+00	3.296942e+00	-2.589818e-01	-1.208293e+00	-3.057277e-01	1.379129e+00	2.831084e+00	-2.794740e+00
-1.747106e+00	-1.434439e+00	2.354517e+00	2.661101e+00	3.290685e-01	2.972307e+00	4.989339e+00	5.671043e+00	2.225784e+00	2.077000e+00	9.651642e-02	-1.538793e+00	6.892000e-01	6.977830e-01	3.394496e-01	-8.667806e-01	1.712450e+00	1.852615e+00	1.756366e+00	-8.121768e-01	2.781227e+00	-3.730288e-01	-8.757606e-01	-2.237803e+00	6.605091e-01	3.539193e-01	1.581086e+00	1.538817e+00	5.961000e+00	2.136924e+00	-1.845012e+00	-1.437923e+00	1.184802e+00	4.613505e+00	1.747710e+00	-9.252799e-01	4.256887e-01	-2.159500e+00	4.388853e+00	-1.564624e+00
-7.086596e-01	-1.301285e+00	1.939587e+00	6.656053e-01	-8.287531e-01	2.265307e+00	2.350181e+00	3.849873e-01	2.685808e+00	2.432874e+00	2.122009e+00	1.536456e+00	-3.223455e+00	-9.422042e-01	-7.073979e-01	-8.254864e-01	2.972349e-01	-3.648078e-03	-4.959628e-01	-1.180664e+00	-1.016774e-01	9.925530e-01	-3.399057e-01	1.983417e+00	-6.500315e-01	-5.030829e-01	1.676941e+00	-4.292102e-02	4.727969e+00	2.649299e+00	-8.510753e-01	1.686118e+00	1.602089e+00	6.324127e+00	8.133574e-01	1.301350e-01	1.620682e+00	-6.521223e-01	3.223680e+00	6.098595e-01
1.105311e+00	1.555205e+00	3.155362e-01	1.271570e+00	2.561031e+00	3.021929e+00	-6.523922e-01	1.557013e+00	-2.318633e+00	-1.834822e-01	4.449913e+00	4.974415e+00	1.986950e-02	3.420795e+00	-3.637667e+00	2.336963e+00	-6.363339e-01	1.687349e+00	1.918966e+00	-1.107787e-01	3.642371e+00	8.253533e-01	-2.083162e-02	-1.146049e+00	1.260597e+00	2.168230e+00	1.233580e+00	1.900700e+00	1.852013e+00	-5.751705e-01	2.993085e+00	1.133998e-01	-5.834325e-01	1.560837e+00	2.180857e+00	4.427822e+00	3.146917e+00	-1.001475e+00	2.784354e+00	2.482139e-01
-1.427176e+00	-7.835546e-02	2.575855e+00	8.927176e-01	8.731344e-01	1.019532e-01	-1.245041e+00	2.964416e+00	-1.589730e-01	-2.784387e-03	4.130104e+00	3.112052e+00	-1.994439e+00	2.509534e+00	-1.716240e+00	1.058841e+00	1.896488e-01	2.348287e+00	3.110832e+00	2.132577e+00	8.816745e-01	-2.336360e-01	-4.683652e-01	-2.103401e+00	2.247160e+00	-2.463892e+00	-1.467022e+00	2.664834e+00	3.329982e+00	3.194272e+00	-2.419633e+00	1.956405e-01	4.661646e-01	5.663765e+00	2.595032e+00	2.222554e+00	5.731954e-01	-2.883920e-01	5.234262e+00	-8.798231e-02
-3.315229e+00	4.518940e+00	5.544971e-01	-2.277487e+00	4.709234e+00	1.439736e+00	6.092463e-01	3.672809e+00	2.444845e+00	-1.870190e+00	-1.453683e+00	3.131908e+00	1.734323e+00	-1.701625e+00	4.143712e-01	-1.465794e+00	7.573620e-01	-1.142168e+00	1.518031e+00	-1.486448e+00	-4.279976e-02	3.908821e+00	-2.433244e+00	2.233002e+00	-2.644804e+00	3.689367e+00	2.281919e-01	3.364788e-01	3.101733e+00	1.608607e+00	2.834886e+00	-4.042027e+00	3.181482e+00	1.324269e+00	-6.294519e-01	-2.056655e+00	1.740142e+00	1.344119e+00	1.474676e+00	-2.371194e+00
-2.273089e+00	-1.842414e+00	3.087056e+00	-1.405024e+00	1.434011e+00	3.656988e+00	4.009978e-01	5.211574e+00	9.215573e-01	1.115929e+00	4.334981e+00	4.430173e+00	-1.242978e+00	3.577863e-01	-3.496786e-01	1.942374e+00	1.350262e-01	1.798769e-01	2.747417e+00	8.438565e-01	2.321252e+00	7.598268e-01	-3.597185e-01	8.424225e-01	2.733514e+00	2.508562e+00	8.391614e-01	1.278441e-02	4.174528e+00	-5.352046e-01	9.441167e-01	-1.043761e+00	-3.699583e-01	3.353815e+00	2.440865e+00	3.359422e-01	1.335033e+00	-3.596014e-01	5.699837e+00	-1.619391e+00
-7.272682e-01	2.643055e-01	1.981972e+00	-5.656786e-01	1.934426e+00	1.282894e+00	-8.863712e-02	1.764578e+00	8.040155e-01	1.731066e+00	3.097188e+00	2.871873e+00	-3.094541e-01	-6.434465e-01	-7.951348e-01	1.450084e+00	2.292249e+00	1.497788e+00	1.285122e+00	4.990415e-01	2.774960e+00	-5.673286e-02	9.914040e-01	-1.401567e+00	3.806893e+00	1.087988e+00	-1.877281e-01	-3.906950e-01	1.159355e+00	7.692153e-02	-1.525592e-01	-1.434065e+00	3.679499e-01	3.549669e+00	1.603170e+00	1.962181e+00	8.892497e-01	-6.511331e-01	2.268836e+00	-3.535540e-01
-2.521578e+00	-1.052964e+00	2.363543e+00	1.435624e+00	3.957818e-01	1.740070e+00	1.075078e+00	4.489826e+00	1.187671e+00	1.010157e+00	2.308474e+00	3.350373e+00	-3.292982e+00	-1.859069e+00	-2.473242e+00	3.124765e-01	-2.388656e-01	4.047154e-01	1.762315e+00	-1.317072e+00	1.654007e+00	7.310047e-01	1.177567e+00	1.331177e+00	-4.494339e-01	1.989157e+00	1.218407e+00	1.262282e+00	5.125237e+00	1.753311e+00	1.746225e+00	4.785761e-01	5.354793e-01	6.905485e+00	1.226663e-01	-2.779441e-01	2.547390e+00	9.678858e-01	6.299051e+00	-3.062278e-01
-1.086567e+00	-1.917935e+00	-1.489020e-01	1.346214e+00	3.235545e+00	2.824318e+00	5.471978e+00	8.750406e+00	1.916479e+00	1.351594e-02	2.015484e+00	6.763960e-01	-1.728435e-01	-1.472170e+00	2.486483e+00	-2.986115e+00	7.085080e-01	2.905238e-01	5.396394e-01	-4.691058e-01	2.627372e+00	6.124819e-01	-2.924077e+00	-2.425473e+00	-5.806733e-01	1.293332e+00	3.237400e+00	-4.132786e-01	3.575098e+00	1.557947e+00	-1.176110e+00	-2.325977e+00	3.486526e+00	3.005313e+00	4.141155e+00	5.889235e-01	-1.258534e+00	-4.579034e+00	5.147225e+00	-4.033895e+00
-2.198746e+00	-1.396852e+00	-5.637400e-01	1.420848e+00	3.133323e+00	3.579765e+00	5.057951e+00	8.509230e+00	8.763538e-01	9.271284e-03	2.681197e+00	2.735153e+00	-7.715058e-01	-3.004163e+00	1.630982e+00	-2.743705e+00	-7.162900e-01	-1.875011e-01	-9.001045e-01	-2.339348e-01	1.446045e+00	3.764240e-01	-3.309228e+00	-7.817623e-02	-6.231499e-01	3.296944e+00	4.600961e+00	-9.592841e-01	4.419794e+00	8.853418e-01	-1.205502e+00	-2.610222e+00	2.609285e+00	1.956955e+00	5.542386e+00	1.918635e+00	1.102991e+00	-6.065983e+00	3.949364e+00	-3.361952e+00
-1.704011e+00	-5.005193e+00	1.497586e+00	5.261857e+00	-2.207407e+00	1.554175e+00	4.056566e+00	7.156751e+00	-7.301707e-01	-1.169951e+00	1.806674e+00	2.760914e+00	-1.456002e+00	-9.655467e-01	-1.430698e+00	1.250557e+00	7.841728e-01	2.834598e+00	1.915129e+00	9.364878e-01	5.939469e+00	-7.520295e-01	9.907443e-01	-1.745919e+00	2.232920e+00	4.530861e+00	5.720992e-01	2.562852e+00	2.621796e+00	-3.862765e-01	9.090621e-01	-1.968235e+00	1.349821e+00	2.349454e+00	1.557152e+00	1.050683e+00	1.475202e+00	-1.963486e+00	2.741088e+00	-1.889937e+00
-5.421033e-01	-1.154866e+00	-5.221755e-01	4.260116e+00	1.619736e+00	2.741653e+00	5.794119e+00	6.877373e+00	1.514587e+00	2.759564e+00	-1.314863e-01	2.742109e+00	1.567039e+00	-1.492150e+00	-1.136145e+00	-1.829816e-01	-1.255187e+00	3.697500e+00	-4.319040e-01	-1.860245e+00	1.882175e+00	1.267700e+00	-1.499543e+00	-3.500210e+00	-1.002075e+00	2.656584e+00	2.656732e+00	1.839047e+00	2.748680e+00	-3.174000e-01	-2.832697e+00	-2.420818e+00	3.247682e+00	1.889395e+00	4.131356e+00	2.432163e+00	2.162236e+00	-3.304440e+00	2.864363e+00	-2.501734e+00
-1.249177e-01	3.496615e-01	2.133011e+00	-1.727610e+00	1.500305e+00	2.193989e+00	-3.803032e-01	1.239701e+00	-3.224017e-01	-3.067402e-01	2.058095e+00	4.118352e+00	-1.238205e+00	1.250926e+00	8.723637e-01	2.480616e+00	5.129358e-01	-7.483077e-01	2.876964e+00	1.580354e+00	8.071086e-02	4.322224e-01	9.370802e-02	2.420888e+00	8.934300e-01	1.938477e+00	6.656070e-01	-7.772682e-01	4.866372e-02	-1.497964e+00	6.915953e-01	4.816016e-01	-2.196825e-01	1.417844e+00	2.237033e-01	-4.051669e-01	3.216886e-01	9.615222e-01	4.989287e-01	2.862083e-01
-1.930378e+00	-1.106838e+00	3.224918e+00	2.746975e+00	-2.086379e+00	2.511063e+00	3.335799e+00	-1.490743e-01	1.157163e+00	5.603674e-02	1.784252e+00	1.791870e+00	-3.877521e+00	6.816040e-01	4.522314e-01	2.971725e-01	1.515661e+00	-2.334182e-01	1.682854e+00	-6.963980e-01	2.158152e+00	2.360230e+00	-4.594377e-01	3.179575e+00	1.290902e+00	1.503215e+00	8.767969e-01	-6.554620e-01	4.815412e+00	2.521290e+00	-6.147078e-01	-9.094803e-01	5.071596e+00	4.830193e+00	2.238329e+00	-2.315890e+00	-8.938805e-02	-8.075181e-01	1.441701e+00	-3.297753e-01
-1.011836e-01	-4.143715e+00	-1.550783e+00	7.148279e+00	-2.408096e+00	2.224147e+00	4.123801e-01	5.787887e+00	-4.901436e+00	-2.049466e+00	5.620058e+00	7.341353e+00	-4.557003e+00	1.821978e+00	-5.453644e+00	4.831666e-01	-1.592030e+00	3.845235e+00	-1.320167e-01	3.249737e+00	1.597655e+00	-1.002007e-01	3.792330e+00	-1.781588e-01	2.914020e+00	1.834111e+00	1.119579e+00	4.879380e-01	2.913282e-01	-3.231508e+00	-2.048140e+00	9.114097e-01	1.923130e+00	5.502944e+00	7.923866e+00	5.396008e+00	1.368257e+00	-2.625311e+00	4.704470e+00	1.163715e+00
4.534918e-01	-8.645010e-01	5.000544e-01	-2.952326e+00	5.156546e+00	3.887997e+00	-1.122291e+00	1.623738e+00	3.768309e+00	3.384529e+00	1.861399e+00	3.279634e+00	5.473379e-01	1.575760e+00	-8.165602e-01	4.827871e-02	-1.529818e+00	-1.112742e+00	-2.503903e-01	-4.486772e-01	-4.036160e+00	1.692904e+00	3.913105e-01	9.182607e-01	-1.192823e-01	-5.328681e-01	1.290771e+00	1.359866e+00	-6.113346e-01	-3.713161e+00	-8.791245e-01	8.586261e-01	-1.638401e+00	2.225362e-01	1.867997e+00	2.907415e+00	1.710483e+00	5.599507e-01	3.033696e+00	3.652889e-02
6.924277e-01	-3.456438e-01	2.582554e+00	1.962621e+00	-4.153070e-01	2.656639e+00	1.416642e+00	1.596227e+00	-6.445212e-01	5.477855e-01	1.402548e+00	3.346742e+00	-3.345314e-02	2.121822e+00	-2.858834e+00	2.499050e+00	-3.372189e-01	1.462961e+00	2.136664e+00	-1.048849e+00	5.354883e-01	1.011048e+00	8.018337e-01	2.626544e+00	7.052820e-01	2.441055e+00	1.252303e-01	1.002315e-01	3.717284e-01	-6.266776e-01	2.915552e-01	9.138139e-01	4.433322e-01	2.124404e+00	9.223425e-01	1.545631e+00	2.112801e+00	6.923635e-01	3.573919e-01	1.354301e+00
-3.413509e-01	4.600105e-01	-2.474302e+00	1.625853e-01	2.804852e+00	1.911724e-01	-1.978316e+00	3.154984e+00	2.043291e-01	-3.313974e-02	1.269798e+00	1.192366e+00	-1.455733e+00	1.418186e+00	6.239073e-01	-1.478486e+00	-1.257017e+00	1.327990e+00	2.760231e-01	5.074292e+00	-1.615730e+00	-1.454410e+00	2.260481e+00	8.791190e-01	1.115214e+00	1.976566e-01	-9.113671e-01	-1.464467e+00	1.463191e+00	-1.880952e+00	-2.520118e+00	-3.579196e+00	-1.686620e+00	4.182252e-01	3.211956e+00	2.868026e-01	-3.956918e-01	-5.104401e-01	2.108517e+00	-9.119990e-02
2.915188e+00	5.530381e-01	-1.766367e+00	4.503951e+00	1.839729e+00	-9.081257e-01	5.149748e-01	5.704720e+00	-4.568147e+00	-2.714915e+00	3.874179e+00	2.813256e-02	4.140747e-01	-6.605252e-01	-2.301477e+00	6.217195e-01	3.149930e+00	4.529425e-01	2.603089e-01	-9.420535e-03	5.192237e+00	-8.370028e-01	3.896425e+00	-1.680487e+00	-2.010091e-01	2.933535e+00	-8.614525e-01	1.191912e+00	8.078034e-01	2.606144e+00	2.935472e+00	1.195486e-01	-1.719008e+00	2.579725e+00	5.598393e-01	3.766281e+00	1.227181e+00	-3.544262e-01	3.512019e+00	-7.867239e-02
-2.381490e-01	-3.282309e+00	1.081023e+00	8.790237e-01	1.080595e+00	4.267254e+00	1.977830e+00	5.548522e+00	1.017338e+00	1.504293e+00	3.219884e+00	1.962325e+00	2.975580e+00	2.041607e+00	-2.045593e+00	2.053913e+00	7.299077e-01	1.014181e+00	8.848996e-01	-2.127234e+00	2.484026e+00	1.332540e-01	-9.868429e-02	-1.926862e-01	1.101419e+00	4.470332e+00	-6.587327e-01	1.098106e+00	1.334423e+00	-1.243208e+00	2.035276e+00	6.643122e-02	5.904617e-02	-1.628708e+00	2.497842e-01	2.065197e+00	2.365581e+00	-6.997406e-01	1.730506e+00	-5.868377e-01
-3.375496e-01	-1.107036e-01	1.071056e+00	-1.045716e+00	1.648887e+00	3.112631e+00	-1.004524e+00	2.783309e+00	-2.620992e+00	2.754058e+00	2.971744e+00	3.233058e-02	3.460476e+00	2.005631e+00	8.727730e-01	2.246538e+00	1.255463e+00	-1.538361e-01	2.973297e+00	-1.230356e-01	1.495516e+00	1.083929e+00	9.041863e-01	1.954370e+00	4.915080e+00	1.535144e-01	-8.702078e-01	6.279508e-01	6.162399e-01	-3.501332e+00	2.381621e+00	6.306425e-01	-4.563594e-01	-5.238448e-01	1.914220e+00	-1.141532e+00	4.892297e-01	2.896769e+00	2.339254e+00	1.624166e+00
-1.868824e+00	-1.850288e+00	3.565161e+00	1.273711e+00	-2.446622e-01	2.800983e+00	3.032441e+00	2.507099e+00	1.169633e+00	1.637925e+00	1.668349e+00	2.794380e+00	-2.663135e+00	5.984806e-01	-5.014269e-01	-1.301506e-01	5.350979e-01	-1.111248e-02	1.201067e+00	-1.677315e+00	5.849070e-01	2.572636e-01	-8.389079e-01	2.677698e+00	-9.721479e-02	2.150892e+00	1.239404e-01	-8.281933e-01	5.592429e+00	2.057398e+00	-1.387006e+00	-7.615441e-01	4.534313e+00	5.054271e+00	1.681751e+00	-2.877065e+00	2.635310e-01	-1.041564e+00	1.699817e+00	-2.107387e-01
-8.359519e-01	1.747489e+00	1.784621e+00	-2.994656e+00	4.118514e+00	3.623540e+00	2.701698e+00	5.595804e+00	7.325174e+00	5.656593e-01	-5.595135e-01	5.513490e+00	-2.174222e+00	-4.022895e+00	8.190090e-01	-3.259258e+00	5.438223e-01	-1.203645e+00	-1.447931e-01	1.788548e-01	-3.067871e+00	1.412616e+00	-1.433001e+00	1.765976e-01	-3.148415e+00	1.621990e+00	9.743137e-01	-6.663968e-01	3.555768e+00	4.450685e-01	-1.614936e+00	-2.738705e+00	1.904256e+00	4.159551e+00	3.077662e+00	-3.536850e-01	-3.048742e-01	-1.992137e-01	4.667209e+00	-2.650873e+00
2.596633e+00	-2.774515e+00	-1.296399e+00	3.319161e+00	-9.231369e-02	3.390762e+00	4.846250e+00	4.277124e+00	2.410371e+00	2.111513e+00	2.968580e+00	5.132355e+00	-2.846079e-02	-2.223400e-01	-1.062527e+00	1.055111e+00	-2.593378e+00	1.120158e-01	-2.758417e-01	-2.548431e+00	1.319685e+00	-2.108452e-01	5.465538e-01	-1.247400e+00	-2.752679e-01	2.906567e+00	5.517432e+00	4.337700e+00	3.419240e+00	1.233377e+00	1.857967e-01	2.185151e+00	1.865970e-01	6.560336e-01	5.271878e+00	5.978333e+00	2.996181e+00	-5.459215e+00	3.242854e+00	2.340745e-01
-3.325566e+00	-2.787337e+00	3.315241e+00	-9.106532e-01	1.145410e-01	3.910019e+00	6.929987e-01	4.672629e+00	1.284298e+00	-3.235112e-01	3.237113e+00	3.886034e+00	-1.228199e+00	2.029950e+00	-2.230977e-01	1.181047e+00	6.505166e-01	-1.072252e+00	3.256982e+00	9.380977e-01	1.936704e+00	2.069638e+00	4.453706e-02	2.575749e+00	3.605173e+00	1.635672e+00	3.712730e-02	4.917653e-01	2.904342e+00	-9.204253e-01	1.785831e+00	-9.976999e-01	8.024825e-01	3.007768e+00	3.025216e+00	-2.137845e-01	7.335294e-01	1.120495e-01	4.163264e+00	-9.778557e-01
-6.627926e-01	-8.125321e-02	-3.583193e-01	-1.088707e+00	5.171680e+00	1.950132e+00	1.856325e+00	5.651345e+00	-9.227383e-01	-1.136691e-01	3.129607e+00	2.160359e+00	-7.058330e-01	-1.954689e+00	2.107762e+00	-1.333224e+00	7.515894e-01	-1.742802e-01	1.071856e-01	3.092551e-01	1.235978e+00	7.536500e-01	-2.434372e+00	-8.960156e-01	-3.198535e-01	2.060221e+00	2.693803e+00	-1.425655e+00	3.941333e+00	3.947251e-01	-2.474546e-01	-2.724748e+00	8.821711e-01	1.289472e+00	2.148025e+00	-6.850319e-02	-2.032759e-03	-2.024914e+00	3.541637e+00	-3.219907e+00
-2.200529e+00	-5.380450e-01	4.754704e-01	-6.279049e-01	5.484385e+00	1.602569e+00	3.665976e-01	7.568009e+00	5.911847e-01	9.741130e-01	3.414468e+00	2.681929e+00	-3.338343e+00	-1.387509e+00	-1.192910e-02	-7.693770e-01	-2.008024e-01	1.995400e+00	2.321900e+00	3.013642e+00	1.316274e+00	3.372091e-01	-5.612813e+00	-1.943170e+00	1.047713e+00	-2.177942e+00	8.779374e-01	-2.022971e+00	3.866781e+00	-1.248961e+00	-2.327233e+00	-3.354752e+00	1.151753e+00	6.455093e+00	3.922288e+00	1.335106e+00	4.618443e-01	-1.757409e+00	6.802988e+00	-4.030287e+00
-9.313259e-01	-1.098763e+00	2.746696e+00	-2.143565e+00	3.098507e+00	2.074101e+00	1.770979e+00	4.303104e+00	7.126178e-01	1.736373e+00	1.787488e+00	-3.749523e-01	-6.777572e-01	-8.502694e-01	3.307220e+00	8.203820e-01	1.414733e+00	-8.522633e-01	2.318537e+00	1.232833e+00	2.127718e+00	2.173242e-01	-3.116698e+00	-2.414765e-01	4.749937e-01	1.525230e+00	7.232090e-01	-1.711910e+00	6.515413e+00	1.932097e+00	4.189057e-01	-1.432779e+00	5.056262e-01	2.008621e+00	-6.492598e-01	-2.606407e+00	-4.760731e-01	3.294467e-01	4.040123e+00	-3.412013e+00
-1.774257e+00	-3.955780e-01	9.943834e-01	2.528042e-01	3.024134e+00	4.018532e-01	9.659695e-01	5.445200e+00	-9.462897e-02	8.121082e-01	1.939691e+00	3.056805e+00	-2.279523e+00	-9.380795e-01	5.149209e-02	9.034231e-01	5.022919e-01	1.912345e+00	1.485903e+00	2.225736e+00	2.238968e+00	9.011319e-01	-4.462739e+00	-1.260830e+00	1.987950e+00	-1.244068e+00	7.001115e-01	-1.076043e+00	3.247015e+00	-3.744228e-01	-2.321583e+00	-2.148925e+00	1.230356e+00	4.679472e+00	2.876098e+00	1.924832e+00	-4.236716e-01	-1.157704e+00	4.943219e+00	-3.031558e+00
-1.895909e-02	-5.556830e+00	8.879650e-01	4.126678e+00	-2.020251e+00	4.136363e+00	5.973978e+00	5.968991e+00	1.532218e+00	1.326363e+00	1.716002e+00	1.011716e-01	1.941095e+00	1.653446e+00	-1.605659e+00	6.264499e-01	7.797057e-01	1.480473e+00	5.744956e-01	-3.228105e+00	2.371369e+00	-1.802787e-01	2.916231e-01	-1.197970e+00	1.944675e-01	5.405983e+00	6.621220e-01	1.034037e+00	5.388354e+00	8.465198e-01	1.257903e+00	-5.625191e-01	2.545573e+00	3.692979e-01	1.164470e+00	-4.909655e-01	1.842548e+00	-1.588380e+00	1.933350e+00	-1.055032e+00
-4.483500e+00	-1.623397e-01	7.843750e-01	-5.373549e-01	-3.379656e-01	1.514110e+00	-1.626724e+00	3.519983e+00	-1.520643e+00	-3.561189e+00	4.288679e+00	5.485319e+00	-2.432296e+00	2.595213e+00	-1.082991e+00	6.419430e-01	5.300088e-01	3.097038e+00	3.266490e+00	3.503432e+00	3.147142e+00	1.050190e+00	-3.479907e-01	4.275690e-01	5.652825e+00	3.291351e+00	-8.220961e-01	-1.398883e+00	4.240427e+00	1.778230e+00	7.675845e-01	-4.217446e+00	1.035067e+00	3.434286e+00	4.375310e+00	-1.500541e+00	-4.345186e-02	1.736698e-01	5.434272e+00	-2.238470e+00
-3.490831e-02	-5.834511e-01	-1.075335e+00	1.323697e+00	4.987640e-01	1.092083e+00	1.274656e+00	4.524396e+00	2.279430e+00	-6.013179e-01	1.626481e+00	4.324130e+00	-5.526600e-01	3.993831e-01	-1.476478e+00	-7.307771e-01	-4.269480e-01	2.585562e+00	-6.509492e-01	2.312196e-01	1.740027e+00	-4.342278e-01	1.850555e-01	-2.722976e+00	1.647358e+00	1.644184e+00	2.437926e-01	3.173262e+00	3.967483e+00	2.154216e+00	-1.530061e+00	-8.975385e-01	-6.413381e-01	4.711014e+00	4.510011e+00	2.672414e+00	1.512602e+00	-1.752141e+00	4.394886e+00	-2.422363e-01
-1.366923e+00	-1.621584e+00	-2.746093e-01	6.134170e-01	3.541240e+00	1.281980e+00	3.923160e+00	6.629153e+00	1.906638e+00	-2.758800e-01	1.040485e+00	8.254642e-01	-1.280630e+00	-1.659196e+00	1.984734e+00	-1.364349e+00	1.276982e-01	4.768947e-01	6.007695e-01	4.400775e-01	1.578659e+00	4.126016e-01	-2.481407e+00	-2.340034e+00	9.210041e-01	2.057649e+00	2.602770e+00	-6.314653e-01	5.752201e+00	3.321601e+00	-2.480407e+00	-3.709906e+00	2.192736e+00	2.505635e+00	3.675393e+00	-9.312721e-01	-1.082536e+00	-3.865657e+00	3.741717e+00	-4.512657e+00
-1.470821e+00	-4.379337e+00	1.979798e+00	2.069984e+00	7.165016e-01	2.492357e+00	6.051204e+00	8.599620e+00	3.648367e+00	7.366136e-01	2.975684e+00	1.936785e+00	-4.571648e+00	-1.477079e+00	5.413974e-01	-2.384572e+00	-8.892976e-01	2.084070e-01	5.736394e-01	1.865925e-01	3.509483e-01	-1.763105e+00	-1.046803e+00	-7.888000e-01	-1.010581e+00	4.099483e-01	2.142357e+00	2.374134e+00	6.633792e+00	3.237037e+00	-4.753472e+00	-2.863317e+00	4.647392e-01	4.775734e+00	4.273824e+00	1.496135e+00	1.231290e-01	-4.742538e+00	5.366228e+00	-3.192804e+00
2.362140e+00	6.044797e-01	-8.214381e-01	3.073804e+00	3.075970e+00	-1.915110e-01	7.064165e-01	7.326862e+00	-3.633214e+00	-3.066071e+00	2.110346e+00	4.583285e-01	3.923198e-01	-2.412030e+00	-3.963101e-01	-1.011385e+00	2.956782e+00	-1.076184e-01	1.178805e+00	2.921034e-01	3.069351e+00	1.005979e-01	1.876189e+00	-1.205836e+00	-5.006315e-01	3.906625e+00	-1.559226e+00	1.847417e-01	-5.894233e-01	6.006703e-01	3.306697e+00	-7.375514e-01	-1.513699e-02	2.448583e+00	-5.350097e-01	1.299240e+00	8.622509e-02	7.527115e-01	2.117319e+00	-1.422664e+00
1.399957e+00	-1.238942e+00	-1.651354e-01	3.009725e+00	-1.275844e+00	4.178449e+00	4.775348e+00	1.697843e+00	2.417459e+00	1.636264e+00	2.723957e+00	2.365307e+00	2.190989e+00	8.095845e-01	-2.452933e+00	2.509856e-01	2.624592e-02	9.836557e-01	-4.800914e-01	-2.783306e+00	1.303782e+00	1.017250e+00	8.190147e-01	1.263694e-01	1.509464e+00	2.261664e+00	1.356391e+00	7.837655e-01	1.818468e+00	1.806877e+00	7.100576e-01	4.210056e-01	1.984338e+00	-3.430478e-01	4.784253e+00	3.904288e+00	2.095778e+00	-3.040533e+00	2.850483e-01	5.795309e-01
-2.780556e+00	1.572554e+00	4.337607e+00	-5.115334e+00	3.787266e+00	6.494230e+00	3.030614e+00	5.057389e+00	6.622690e+00	2.372255e+00	-1.656800e+00	2.926540e+00	6.876020e-01	-1.837703e+00	1.976899e+00	-5.016496e-01	1.500687e+00	-1.952965e-01	2.977432e+00	-2.952432e+00	-3.687595e+00	2.287690e+00	-4.235698e+00	1.657865e+00	-2.206342e-01	2.544715e+00	3.025666e-01	4.412868e-01	2.788966e+00	-1.009229e+00	-1.162597e-01	-5.254858e+00	1.579791e+00	7.762738e-01	1.805715e-01	-3.435017e+00	2.306227e+00	1.339391e+00	1.109688e+00	-3.666641e+00
-1.419972e+00	9.377693e-01	1.309271e+00	1.656634e+00	1.304520e+00	2.761631e+00	-1.538358e+00	1.741218e+00	-7.823151e-01	8.633959e-01	3.829362e+00	4.448069e+00	9.346085e-01	2.935834e+00	-4.365827e+00	9.344403e-01	6.580541e-01	3.295318e+00	2.344014e-01	1.401374e+00	2.265034e+00	1.456414e+00	-3.676232e-01	1.013150e+00	2.532825e+00	1.230027e+00	-2.436906e+00	-5.777566e-01	-1.974272e+00	-4.772296e+00	3.885370e-01	-3.823042e-01	6.057436e-01	3.311787e+00	2.406600e+00	4.816351e+00	1.820672e+00	-5.909401e-01	1.845622e+00	7.235729e-01
-9.938156e-01	-9.163179e-01	1.648739e+00	-3.564065e-01	1.473954e+00	4.067506e+00	1.542073e+00	4.316812e+00	1.601636e+00	1.709337e-01	3.749789e+00	3.483343e+00	2.233739e+00	3.412503e+00	-1.984474e+00	1.369700e+00	7.426861e-01	2.061984e-01	1.105823e+00	-1.335801e+00	3.707805e+00	-2.998509e-01	1.371207e+00	6.849006e-01	8.548174e-01	3.506225e+00	1.177980e+00	1.616323e+00	2.939531e+00	1.288789e-02	2.165304e+00	-5.057255e-01	-1.568306e-01	-6.645461e-01	1.901000e+00	2.107525e+00	1.744472e+00	-1.658581e+00	3.705566e+00	4.594310e-01
1.151183e+00	1.475926e+00	1.636937e+00	4.037748e-01	4.247263e+00	1.608039e+00	-3.064290e-03	3.150736e+00	-3.042029e+00	-4.559697e+00	1.749805e+00	-1.614886e+00	-2.955729e-01	-4.439420e-01	1.989351e+00	-4.704985e-01	4.764062e+00	-8.808339e-01	2.846497e+00	1.880093e+00	1.967864e+00	1.911607e-01	-1.868814e-01	4.655976e-01	-1.020948e+00	2.924453e+00	-1.168113e+00	-8.445904e-01	8.910353e-01	1.235383e+00	2.016254e+00	-3.060945e+00	-1.044544e+00	-2.502699e-01	-3.140355e+00	-2.932606e+00	-2.618450e-01	2.661284e+00	-2.847847e-01	-1.271151e+00
-1.963488e+00	-3.674771e+00	3.805212e+00	-2.254165e+00	9.154518e-01	4.242238e+00	9.338668e-01	3.361902e+00	2.025442e+00	2.767724e+00	3.708639e+00	2.007711e+00	-8.391723e-01	2.208787e+00	1.290424e+00	1.965468e+00	8.665051e-01	-1.864929e+00	2.514243e+00	-4.165133e-01	6.790859e-01	3.845082e-01	-9.239990e-02	2.538887e+00	3.484604e+00	1.043029e+00	1.149637e+00	-7.292243e-01	3.406128e+00	-1.331843e+00	9.579330e-01	1.268546e+00	-1.122911e-01	2.442478e+00	1.350656e+00	-1.047829e+00	-5.723634e-01	-3.203655e-02	3.787205e+00	-2.084708e-01
1.829601e+00	7.075847e-01	-1.877856e+00	2.566825e+00	1.538775e+00	2.365576e+00	5.149497e+00	8.193915e+00	-7.461596e-01	-1.191372e+00	1.514912e+00	3.039448e+00	1.757103e+00	-1.241921e+00	6.211013e-01	-6.442571e-01	2.470970e+00	-1.805788e+00	-5.696986e-01	-1.271534e+00	1.535571e+00	-1.368010e+00	3.085276e+00	1.233745e+00	-1.673937e+00	5.430763e+00	2.616256e+00	-6.791177e-01	-4.470148e-01	-3.023906e-01	1.064307e+00	-8.449621e-01	1.343941e+00	-2.471098e+00	4.143475e+00	2.316141e+00	-1.569268e+00	-3.044232e+00	1.081788e+00	5.961584e-01
3.056825e+00	-5.237430e+00	5.905764e-01	4.219836e+00	1.885673e+00	1.792471e+00	6.140455e+00	8.280399e+00	-7.923502e-01	-6.463919e-01	2.107857e+00	-3.343778e-01	-2.773432e+00	-2.397718e+00	1.377752e+00	-1.107070e+00	4.600656e-01	-1.043407e+00	2.983712e+00	6.029425e-01	4.135173e-01	-5.044051e-01	-1.018278e+00	-2.236816e+00	-1.626705e+00	3.903083e+00	1.395947e+00	-8.978913e-01	5.250539e+00	1.353816e+00	-1.474475e+00	-2.592548e+00	2.366947e+00	1.686668e+00	5.713084e-01	-1.595293e+00	6.698407e-02	-6.906733e-01	1.917650e+00	-3.526884e+00
-2.454815e+00	-3.185359e-01	2.591662e-01	-7.797716e-01	1.302687e+00	1.779892e+00	2.546557e+00	4.718858e+00	3.399456e+00	-3.004994e-01	1.076685e+00	4.611046e+00	-2.304096e+00	-8.647364e-01	-4.993666e-01	-2.064887e+00	-8.548877e-01	-6.933087e-01	-7.083412e-01	-7.788102e-01	-5.970142e-01	1.270759e+00	-5.097372e-01	2.406664e+00	2.439985e-01	1.156725e+00	9.443135e-01	1.745550e+00	5.167538e+00	3.443634e+00	-8.202677e-01	-1.616860e+00	1.208714e+00	4.632136e+00	5.088505e+00	6.373107e-01	1.069253e+00	-1.881650e+00	3.972275e+00	-1.376978e+00
3.856546e+00	-8.735507e-01	-4.350704e+00	2.524314e+00	4.886548e+00	-5.780120e-01	9.827519e-01	8.777788e+00	-9.557431e-01	-5.714564e+00	1.410657e+00	-9.436773e-01	1.429631e+00	-5.490416e+00	1.476503e+00	-2.168412e+00	3.778023e+00	-2.699311e+00	-2.221288e+00	1.865881e+00	4.512881e+00	-1.145506e+00	5.060156e-01	-2.015316e+00	-1.717398e+00	5.566856e+00	-3.617901e-01	8.299778e-01	-3.415374e-01	7.299208e-01	4.748671e+00	-2.617307e+00	-4.185953e+00	-1.265454e+00	-1.519487e+00	3.948081e+00	1.010762e+00	-1.273245e+00	9.187617e-01	-2.808529e+00
3.808004e+00	1.624288e-01	-2.464446e-01	4.491301e+00	1.358071e+00	-6.098337e-01	3.131349e-01	6.560260e+00	-5.521877e+00	-3.559099e+00	2.625206e+00	-1.739270e+00	9.297933e-01	-3.112133e-01	-7.279729e-01	6.334531e-01	3.984846e+00	1.632021e+00	2.683614e+00	1.273033e+00	4.363416e+00	-5.941452e-01	1.089225e+00	-1.975715e+00	-4.831264e-01	3.194609e+00	-4.037333e+00	-6.603430e-01	-1.533553e+00	-3.492188e-01	3.449468e+00	-4.182504e-01	-1.263894e-01	2.072257e+00	-2.915363e+00	7.504807e-01	-1.970519e-01	3.061652e+00	1.433203e+00	-1.042186e+00
3.537260e-01	5.395128e-01	3.188045e+00	-1.326441e+00	2.683491e+00	2.832690e+00	8.379189e-01	4.937872e+00	1.481449e+00	1.842263e+00	1.801288e+00	1.332946e+00	7.721093e-02	-2.026771e-01	-1.260888e+00	4.994930e-01	8.852753e-01	-1.656478e-01	1.913749e+00	-7.200737e-01	1.494063e-01	-3.649243e-02	2.256294e+00	7.989014e-01	-1.463946e+00	1.533671e+00	-2.519582e-01	-1.112656e-01	1.278993e+00	-7.351523e-01	1.564800e+00	1.175912e+00	-6.146737e-01	3.193457e+00	-1.441916e+00	-4.113786e-01	5.732662e-01	2.463421e+00	3.743943e+00	-3.582734e-01
-1.582748e+00	-4.036654e-01	1.030431e+00	4.928115e-01	4.141214e+00	6.826714e-01	1.856388e+00	7.840391e+00	-1.923230e-01	1.902794e+00	1.737716e+00	-2.166372e-01	-1.282150e+00	-1.117419e+00	2.502856e+00	8.288610e-01	1.014529e+00	1.207136e+00	2.835860e+00	2.146539e+00	3.766820e+00	-2.363485e-01	-3.528590e+00	-1.580361e+00	1.638626e+00	-3.815616e-01	-3.641484e-01	-6.482843e-01	2.869500e+00	-3.881971e-01	-2.125122e+00	-2.974453e+00	5.472353e-01	4.028026e+00	2.386529e-01	1.582437e-01	-9.489145e-01	-1.801773e+00	4.663552e+00	-4.306470e+00
-1.259800e+00	-2.049653e+00	1.545487e-01	2.060816e+00	1.053397e+00	4.739699e+00	2.366910e+00	5.430754e+00	4.218104e-01	1.818120e+00	2.799408e+00	2.310343e+00	2.194987e+00	2.661102e+00	-2.553180e+00	-1.609282e+00	8.009583e-01	1.549759e+00	-1.023508e+00	-1.042431e+00	9.657259e-01	2.083331e-01	7.290933e-01	7.480863e-01	1.158180e+00	1.828127e+00	-8.714093e-01	1.705990e+00	3.133084e+00	-2.114923e+00	-4.235810e-01	1.252215e+00	2.086005e+00	2.673952e+00	4.740119e+00	-1.219579e-01	-1.526966e-01	-3.129806e-01	4.909074e+00	2.517172e-01
4.318353e+00	-7.180457e-01	-1.878340e+00	3.699886e+00	2.625503e+00	1.095170e-01	1.315399e+00	7.547625e+00	-4.339275e+00	-3.822400e+00	3.440289e+00	3.305279e-02	1.563223e+00	-1.393922e+00	-1.454951e+00	-1.361502e-01	4.434540e+00	9.377232e-01	-9.102988e-02	1.717245e-01	4.651077e+00	-5.237999e-01	1.462847e+00	-3.200102e+00	-5.588014e-01	4.344362e+00	-1.649752e+00	1.889461e-02	5.240072e-01	1.334706e+00	2.622900e+00	-1.326413e+00	-1.632307e+00	1.114299e+00	-4.657062e-01	3.018285e+00	1.161701e+00	8.203231e-01	2.258287e+00	-1.320438e+00
