7.131061e-01	4.742648e-01	5.806638e-01	-1.552220e-01	-6.433108e-01	4.282439e-01	2.828751e-01	4.464607e-01	5.562217e-01	2.354396e-01	2.836787e-01	4.950280e-01	5.757973e-01	-7.728003e-02	4.610316e-01	6.660248e-01	2.984629e-01	4.473899e-02	-1.139235e+00	1.072849e+00	9.831151e-01	1.328605e-01	-1.477715e-01	-9.538583e-02	6.089219e-01	9.978143e-01	4.739971e-01	-5.693135e-01	8.399497e-01	-1.900853e-01	6.436584e-01	8.878574e-01	-6.418973e-01	1.319530e-01	8.656530e-02	5.897729e-01	4.182373e-01	2.923870e-01	2.043316e-01	-2.757353e-01
6.827333e-01	3.212171e-01	3.885611e-01	8.364738e-02	-5.175042e-01	-8.152538e-01	9.316298e-01	-2.554499e-01	-7.822034e-01	9.482962e-02	4.853931e-02	6.934692e-01	1.085128e+00	-8.403904e-01	3.695856e-01	-1.036889e-01	2.609823e-01	-4.103752e-01	-1.001348e+00	1.556146e-01	8.606455e-01	-1.216805e-01	-7.999097e-01	-1.472383e+00	5.509910e-01	1.045385e+00	6.041676e-01	5.663452e-01	3.014696e-01	-1.216220e+00	-1.320376e+00	3.025974e-01	1.483235e-01	-3.729936e-01	-1.197775e-01	9.597025e-01	3.398728e-01	4.139894e-01	4.522331e-02	-1.725192e+00
-4.816834e-01	-3.582124e-01	-3.941870e-01	-5.574657e-02	2.127102e-01	5.360338e-01	-6.508713e-01	6.144922e-01	1.275651e+00	-1.380294e-01	8.299369e-01	-1.936236e-01	-1.292495e+00	6.364113e-01	-4.457673e-02	1.124742e+00	-2.972909e-01	3.905770e-01	2.572682e-01	4.715636e-01	-1.485344e+00	4.357525e-01	8.832918e-01	9.364474e-01	-2.615501e-01	-2.381285e-01	-3.227492e-01	-2.411715e-01	2.362344e-02	1.677924e+00	1.434646e+00	-8.367658e-01	3.281291e-01	5.952286e-01	4.317084e-01	-7.897096e-01	-1.006235e+00	1.381096e-01	4.229671e-01	8.834447e-01
-5.131612e-02	-5.542992e-01	7.481104e-01	2.248767e-01	-6.307068e-01	1.188763e+00	-9.153859e-01	-1.982293e-01	5.831068e-01	-6.681522e-01	-3.604846e-01	-9.759614e-02	2.315435e-01	-6.662205e-02	2.257488e-01	1.465026e+00	4.415118e-01	1.108974e+00	-3.474973e-01	2.491124e-01	7.745806e-02	2.420494e-01	1.467855e+00	1.801150e-01	-5.676754e-01	2.478195e-01	-2.997535e-01	5.874556e-01	3.261685e-01	1.213578e-01	4.170048e-01	1.040616e+00	6.572585e-02	-3.071267e-02	3.766286e-01	4.170439e-02	8.963664e-01	1.927537e+00	1.625783e+00	-1.307297e-01
-2.669487e-01	4.371526e-01	1.022848e+00	1.398487e-01	-2.107206e-01	-3.787191e-01	5.609208e-01	4.607378e-01	-2.217392e-01	6.348925e-01	3.736580e-01	-3.014546e-01	5.426769e-01	-3.651723e-01	8.587915e-01	5.163960e-01	-1.596450e-01	-3.490785e-01	-7.006867e-01	1.488769e-01	1.969054e-01	-1.464314e-01	2.051821e-01	1.238176e+00	-5.616118e-01	-4.122561e-01	5.409821e-01	2.032849e-01	1.848906e-01	3.518416e-01	-1.624915e-02	3.350369e-01	5.885518e-01	-3.243470e-01	3.026296e-01	2.979062e-01	-1.300326e-01	6.108892e-01	1.022914e+00	-4.137554e-01
2.282394e-01	-1.726038e-02	2.653916e-01	-6.262960e-01	1.136220e+00	-1.740002e+00	1.430813e+00	1.235087e+00	-8.910413e-01	1.450232e-01	1.046317e+00	4.966072e-01	7.675785e-01	3.325412e-01	9.768464e-01	-1.240567e+00	-1.060401e+00	2.764643e-01	3.819257e-01	3.759976e-01	4.030808e-01	3.530968e-01	-4.152861e-01	2.854930e-01	8.962134e-01	-7.173101e-02	1.064431e+00	7.437422e-01	-4.901142e-05	1.130678e-02	-3.727692e-01	-6.523436e-01	7.428797e-01	6.549140e-01	-3.930644e-01	5.401543e-01	-5.635774e-01	-1.198204e+00	-1.054079e+00	3.845791e-01
1.066525e+00	-1.610126e-01	1.249353e+00	-1.920684e-01	2.564774e-01	-1.059143e+00	5.470593e-01	2.991771e-01	-1.611589e-01	-5.151847e-02	4.633312e-01	5.990021e-01	2.733221e-01	2.003769e-01	1.229623e+00	6.026086e-01	1.443435e-01	2.735514e-01	-8.979434e-01	4.550001e-01	8.803515e-01	1.087560e+00	-1.234638e-01	-5.453560e-01	2.913847e-01	8.795376e-01	2.805666e-01	5.515876e-02	1.463250e-01	-3.278724e-01	-2.194295e-01	4.536895e-02	1.818836e-01	8.579303e-01	7.348591e-01	3.711699e-01	1.200514e-01	4.322656e-01	4.017742e-02	-4.240191e-02
-8.935978e-01	4.148672e-01	-5.328346e-01	1.509187e-01	-6.382556e-01	1.267071e+00	-1.624252e-01	1.240266e+00	1.402779e+00	5.042425e-01	-4.833644e-01	8.151820e-02	6.929187e-01	-2.317372e-01	-9.831423e-01	2.165279e-01	-1.519494e-01	7.245899e-01	8.402767e-01	2.538585e-01	-4.178319e-01	-1.222037e+00	-4.896783e-01	6.321670e-01	1.147918e-01	3.056116e-01	-1.595815e-01	-2.206771e-02	1.139253e+00	3.451009e-01	1.202448e+00	9.798383e-01	-2.243928e-01	-2.883653e-01	-9.017101e-01	6.875653e-01	-5.255225e-01	1.869056e-01	6.774962e-01	-8.948966e-02
1.102521e+00	-2.231144e-01	1.316332e+00	2.766737e-01	1.575438e-01	-1.155922e+00	4.222509e-01	2.686028e-01	-9.300078e-02	1.090613e-01	5.057327e-01	2.055850e-01	1.199971e-01	1.746617e-01	8.700197e-01	6.876641e-01	2.972371e-01	7.928965e-02	-7.536552e-01	2.647871e-01	4.228100e-01	7.261041e-01	-4.089435e-01	-3.791467e-01	-2.992839e-01	4.851178e-01	9.054861e-02	-3.133712e-01	2.286054e-01	-4.921769e-01	-1.345929e-01	3.342190e-02	-2.065561e-01	9.994315e-01	6.057180e-01	2.378663e-01	-1.086712e-01	4.553170e-01	-4.381655e-02	-1.407764e-02
1.112736e+00	-2.707616e-01	1.350077e+00	2.541868e-01	1.678549e-01	-1.159683e+00	4.084478e-01	2.908265e-01	-5.065009e-02	6.968053e-02	5.459266e-01	2.006980e-01	1.587928e-01	1.714795e-01	8.877613e-01	6.967322e-01	3.190677e-01	1.270189e-01	-8.136645e-01	3.235634e-01	4.852994e-01	7.737764e-01	-4.067126e-01	-4.077294e-01	-2.836961e-01	5.089883e-01	7.345403e-02	-2.851970e-01	2.242490e-01	-4.923932e-01	-1.016726e-01	3.792674e-02	-2.121023e-01	9.712186e-01	6.233305e-01	2.316319e-01	-1.186076e-01	4.572003e-01	-5.107230e-02	-4.160324e-02
3.191536e-02	1.001050e+00	-1.024991e+00	7.713370e-01	4.114667e-01	-7.765837e-01	1.152247e+00	9.037137e-01	-2.105011e-01	1.131373e-01	5.413763e-01	7.898533e-01	5.074831e-01	-1.175425e+00	2.558793e-01	6.323245e-01	4.486915e-01	3.648952e-01	-3.906628e-01	1.640009e-01	-6.336662e-01	-6.693351e-01	-1.862859e-01	1.184719e+00	-6.904707e-01	-4.585789e-01	2.273225e-01	-9.484673e-01	-2.035458e-02	3.657421e-02	-6.185023e-01	-8.517881e-03	-1.196102e-02	1.113754e+00	1.322229e+00	5.726079e-01	-1.939061e-01	1.320935e-01	6.177799e-01	2.103946e-01
-2.676041e-01	-3.112377e-01	-4.639099e-01	-3.967276e-01	-3.632087e-01	3.550491e-01	-4.017469e-01	3.781849e-01	4.330935e-01	2.388107e-01	-2.562672e-01	4.045743e-01	3.514662e-01	4.141958e-01	6.142032e-01	1.155768e-01	2.865917e-01	5.929862e-01	-3.445605e-03	2.422508e-01	-3.115684e-01	2.448922e-01	2.641910e-01	-1.096684e-01	5.419311e-01	3.610814e-01	5.590953e-01	3.219901e-01	3.486911e-02	1.809286e-01	2.120168e-01	3.185248e-03	6.526965e-01	-2.872912e-02	-1.443291e-01	5.502898e-01	-1.327724e-01	5.137583e-01	2.200402e-01	-7.291600e-02
2.347008e+00	-1.104107e-01	-3.870688e-01	8.350914e-01	5.753231e-01	1.226252e+00	1.123957e-01	-9.380427e-01	-1.021918e+00	-4.941248e-01	1.813300e+00	-1.880605e-01	-7.040648e-01	1.409289e+00	8.409326e-01	6.922693e-01	-7.430296e-02	-2.064188e+00	-6.314712e-01	-1.023515e+00	-1.316969e+00	-9.783871e-01	1.573774e+00	1.867700e+00	-2.500180e-01	-1.014481e-02	2.849662e+00	6.475752e-01	6.564832e-01	1.345557e-01	2.757116e-01	-4.251368e-01	-6.255141e-02	3.403197e-01	-1.094225e+00	4.585054e-01	1.245766e+00	6.986270e-01	-4.663986e-01	-4.438263e-01
6.787165e-01	4.242366e-01	2.891420e-01	-6.211441e-01	-2.381732e-01	-2.370352e-01	7.764022e-01	4.032223e-02	8.398267e-02	5.553473e-01	5.359510e-01	1.011342e+00	4.819951e-01	-6.592284e-02	5.318186e-01	-2.738407e-01	2.872108e-01	3.114181e-01	-4.860657e-01	-1.015034e-02	5.415710e-01	2.001405e-01	-8.248367e-03	-4.822419e-01	-1.585478e-01	4.271436e-01	9.742507e-01	5.468752e-01	4.759269e-01	-1.284107e-02	-5.033385e-01	3.997115e-01	1.408792e-01	3.883989e-01	6.264912e-02	7.597839e-01	5.382261e-01	8.322602e-02	7.068255e-01	-4.935761e-01
5.716240e-01	-7.331262e-02	6.807097e-01	1.302080e+00	1.743173e+00	6.969800e-01	4.527380e-01	1.568839e+00	1.399801e+00	-4.245351e-01	-3.787011e-01	-4.735455e-01	-7.587949e-01	1.451324e+00	2.536862e-01	-1.859966e-01	2.253819e-01	1.911569e+00	2.292793e+00	9.866892e-01	1.326896e+00	1.861626e+00	2.380646e+00	1.417319e+00	2.080101e+00	-6.873200e-01	-7.510322e-01	6.456655e-01	4.289230e-01	2.348333e+00	1.899953e+00	6.841084e-01	1.850856e+00	1.117653e+00	1.078906e+00	-6.404540e-01	1.977849e-01	-4.927522e-01	5.715724e-01	3.032284e+00
6.376137e-01	1.270089e-01	1.185066e+00	1.175126e+00	1.427528e+00	8.185510e-01	3.041179e-01	1.039019e+00	1.436194e+00	5.147922e-02	-1.751295e-01	1.672623e-02	-6.868514e-01	8.208114e-01	6.033481e-01	-1.975547e-01	1.360294e-01	2.035385e+00	2.176358e+00	1.008199e+00	1.329519e+00	1.897191e+00	2.158768e+00	1.272062e+00	1.892318e+00	-5.216854e-01	-5.817219e-01	3.221672e-01	3.501135e-01	2.050032e+00	1.499498e+00	8.202706e-01	1.454399e+00	6.504206e-01	1.163629e+00	-6.638808e-01	-1.190262e-01	-1.121138e-01	7.219613e-01	2.344217e+00
1.063332e-01	7.281614e-01	5.500325e-01	3.020608e-01	8.127188e-01	-7.440603e-01	7.999858e-01	1.134583e+00	-2.063418e-01	1.500012e+00	6.240904e-02	1.785055e+00	6.288951e-01	-3.053842e-01	3.129828e-01	1.603285e+00	-1.882673e-01	2.612283e-01	8.027663e-01	4.513720e-02	7.189462e-01	-3.457813e-01	-1.138320e+00	1.330108e-01	1.277734e+00	9.776038e-01	4.736208e-01	1.195139e+00	9.818366e-01	1.002271e+00	-3.608012e-01	-1.420672e-01	4.988451e-01	1.079818e+00	1.928091e-01	3.845989e-01	1.175666e+00	1.061534e+00	-7.377516e-01	3.824901e-01
-1.964874e-01	-1.833947e-01	1.104064e-01	-1.043631e+00	-1.790893e+00	-7.609495e-01	-3.412511e-02	-1.106426e+00	-4.445603e-01	4.135698e-01	7.132013e-01	7.061002e-01	1.074484e+00	-9.164158e-01	-7.550247e-02	5.076653e-01	-1.790452e-01	-1.079138e+00	-2.117284e+00	-9.854357e-02	-1.467635e+00	-1.299533e+00	-1.777777e+00	-7.066925e-01	-1.695805e+00	1.541444e+00	1.948759e+00	-2.238346e-01	8.228548e-02	-1.831454e+00	-1.560626e+00	-5.843773e-01	-1.172657e+00	-5.313277e-01	-8.135162e-01	1.186351e+00	3.438715e-01	1.106742e+00	-1.678232e-01	-2.648277e+00
6.704594e-01	3.038746e-01	8.507238e-01	1.629726e+00	1.834002e+00	1.148222e+00	1.997138e-01	1.677552e+00	1.679555e+00	3.351520e-02	-5.254186e-01	-7.104160e-01	-1.122441e+00	1.214221e+00	3.653102e-01	-2.549847e-01	1.229398e-01	1.822315e+00	2.678842e+00	9.956386e-01	1.165955e+00	2.031748e+00	2.420744e+00	1.273408e+00	2.024733e+00	-7.099703e-01	-9.472564e-01	6.231216e-01	5.620331e-01	2.314752e+00	2.191661e+00	8.368347e-01	1.621940e+00	9.069134e-01	1.020511e+00	-7.099363e-01	-4.532084e-01	-3.927589e-01	8.289685e-01	2.631201e+00
