-2.644268e-02	5.340670e-02	3.664633e-02	-2.989814e-02	-3.321233e-03	2.396523e-02	9.747140e-03	-6.941466e-03	-1.582131e-02	-4.740597e-03	1.145661e-02	-6.555215e-03	1.249848e-02	2.551710e-03	1.859909e-02	2.441043e-02	-4.993709e-03	-3.947069e-02	-9.903130e-04	4.696935e-02	-1.509997e-02	-2.455861e-02	-9.717961e-03	-2.443530e-02	-2.697958e-04	-1.734866e-02	-3.702013e-02	1.350274e-02	2.739233e-02	2.471213e-02	5.034887e-03	-2.390309e-02	-1.974219e-02	-3.425582e-02	6.971321e-03	8.021855e-03	1.130105e-02	-9.200589e-03	1.805952e-02	8.880667e-04
3.403645e-02	4.203569e-02	-3.435635e-02	-5.725906e-02	2.840827e-02	1.917707e-02	6.466141e-02	-9.347486e-03	-1.920138e-02	3.991262e-02	-3.076434e-02	-4.675675e-04	-3.869768e-02	6.359594e-03	-4.283524e-04	3.466740e-02	-2.704006e-02	-1.839265e-02	-1.241193e-02	6.798763e-03	-3.233711e-02	-5.368345e-02	1.153916e-02	-1.395541e-02	1.875344e-02	-3.415141e-02	-1.723858e-02	5.302591e-02	4.297340e-02	1.579069e-02	2.197018e-02	-1.995524e-02	-1.522867e-02	-2.423834e-02	-1.875593e-02	6.929174e-04	6.618343e-03	1.726517e-02	4.463500e-03	1.115484e-02
3.354193e-02	4.699999e-02	8.891591e-03	-3.195833e-02	-2.717889e-02	7.418247e-03	4.576192e-03	-3.686746e-04	2.702381e-03	-2.367189e-03	-3.096058e-03	1.394104e-03	1.446688e-03	-6.222794e-03	-1.128086e-02	2.512134e-02	-2.023955e-03	-7.910767e-03	1.474782e-02	1.203805e-02	-1.105844e-02	-2.206174e-02	1.516805e-02	-2.591208e-02	-3.490190e-03	-1.461410e-02	-1.790219e-02	1.294757e-02	1.129010e-03	2.679707e-02	-9.971130e-03	-8.763624e-03	-8.209985e-03	-2.764879e-02	1.181094e-02	2.854502e-02	-6.218353e-03	-1.918936e-02	8.991418e-03	2.614105e-03
4.558331e-02	3.164696e-02	1.461945e-02	4.832257e-03	-2.061786e-02	2.235014e-03	1.270583e-02	-6.010608e-03	-4.626673e-03	-4.839094e-02	1.649175e-02	-9.723473e-03	1.280254e-02	-7.427596e-03	1.501296e-02	7.795059e-03	1.158837e-02	5.580700e-03	2.713208e-02	-2.677750e-02	4.428130e-03	-1.225305e-02	1.526708e-02	-1.721473e-02	3.588738e-02	-1.286520e-02	-1.839369e-02	-1.210442e-02	-4.735976e-03	3.994069e-03	1.121798e-02	-1.307669e-02	-2.448961e-02	-1.488115e-02	8.728035e-03	2.270036e-02	-7.258604e-03	-2.201549e-02	-4.852065e-03	-2.174233e-02
1.375572e-02	2.158255e-02	4.193634e-03	-3.613144e-03	-1.680006e-02	-3.842875e-03	1.038517e-04	5.597483e-05	-5.001119e-03	-2.583180e-02	-2.580900e-03	1.897853e-03	2.040933e-02	4.510920e-05	2.655288e-02	4.328213e-02	2.082604e-02	-3.610810e-02	1.139799e-02	1.923100e-02	-2.463785e-03	-1.822597e-02	6.047929e-03	-2.893005e-02	2.147961e-02	1.989231e-02	-8.255170e-03	-4.685987e-03	7.307093e-03	2.180316e-02	6.007472e-03	-1.559678e-02	-2.672240e-02	-2.850968e-02	4.458705e-03	9.726257e-03	-1.273807e-02	-1.248929e-02	-1.209980e-02	-1.417477e-02
1.303634e-02	1.131717e-02	2.189021e-03	-3.598712e-03	-5.584630e-03	-1.845449e-02	3.238311e-03	1.343150e-02	-7.275604e-03	-5.004376e-03	-1.131686e-02	1.858094e-02	3.356892e-02	-5.991995e-03	5.035481e-03	3.831722e-02	1.090119e-02	-2.537889e-02	-1.000279e-02	8.628710e-03	1.574892e-02	-9.098456e-03	2.278976e-02	-1.779778e-02	2.219272e-02	1.004247e-02	3.638433e-06	-3.088099e-03	1.217198e-02	2.629630e-02	7.145216e-03	-1.660943e-02	-4.093658e-02	-2.145822e-02	1.305504e-02	-3.884871e-03	6.872338e-04	-2.750470e-02	-2.857151e-02	-2.622689e-02
-2.022874e-02	1.081670e-02	1.851801e-02	-9.477317e-03	1.256243e-02	-2.184014e-02	-6.414994e-03	1.872570e-02	-1.840358e-02	-1.198237e-02	-3.458584e-03	2.301146e-03	3.833740e-02	-1.729581e-02	-3.547150e-03	3.948618e-02	1.840268e-02	-3.926907e-02	-5.980780e-05	4.784106e-03	2.652282e-03	-8.923299e-04	2.502511e-02	-2.948517e-02	1.081734e-02	6.705569e-03	2.193081e-03	1.031615e-02	2.311735e-02	3.284773e-02	7.754243e-03	-2.148780e-02	-3.814559e-02	-5.036346e-04	1.036392e-02	2.862191e-03	1.035456e-02	-2.645458e-02	-3.059974e-02	-8.484626e-03
-2.102438e-02	1.484758e-02	1.187556e-02	8.913167e-03	2.167399e-02	-1.843574e-02	-2.342781e-02	3.223620e-02	-1.974366e-02	-3.495339e-02	5.104089e-03	1.197492e-02	4.286743e-02	-2.035197e-02	7.698386e-03	3.002172e-02	1.838642e-02	-3.434146e-02	6.125193e-03	-8.030260e-05	3.574789e-03	1.241015e-02	1.156931e-02	-3.942544e-03	3.895716e-02	6.524824e-03	-1.349582e-02	-8.567519e-03	-4.805222e-03	1.688437e-02	7.895459e-03	-1.029101e-02	-4.323171e-02	1.355266e-02	3.673285e-03	5.477700e-04	3.326648e-03	-2.606777e-02	-8.400426e-03	-3.704810e-02
-1.998106e-02	1.838382e-02	1.814015e-02	2.298257e-03	6.181059e-03	-1.912019e-02	-1.123887e-02	2.115311e-02	-3.199102e-02	-3.511547e-03	1.655186e-02	1.458501e-02	2.760689e-02	-2.977519e-02	7.990356e-03	3.618220e-02	2.326020e-02	-5.443205e-02	-1.243520e-02	4.293185e-02	1.173190e-02	1.804056e-03	-1.672316e-03	-1.587609e-02	1.135155e-02	1.818464e-02	6.655861e-03	2.456536e-03	1.342555e-02	1.440790e-02	-1.535203e-03	-1.530161e-02	-2.995512e-02	-7.873134e-03	3.397839e-03	5.126329e-03	-1.920531e-02	-1.758285e-02	-9.914612e-03	-2.068950e-02
-1.138746e-02	1.038344e-02	3.471444e-02	3.168558e-03	2.557432e-02	-2.524117e-02	-1.762376e-02	2.928019e-02	-4.611370e-02	4.235677e-03	-6.842337e-03	2.857959e-02	3.052095e-02	-2.387907e-02	-3.126839e-03	2.399960e-02	3.790247e-03	-6.148924e-02	-5.486163e-03	2.947678e-02	1.353182e-02	-2.190693e-02	4.501349e-03	-1.909167e-02	1.817266e-02	1.444048e-03	1.845931e-02	7.413078e-03	1.672295e-02	2.058099e-02	5.129516e-03	-1.974554e-02	-3.142136e-02	6.260198e-03	1.598843e-02	1.499082e-02	-2.216570e-02	-1.111425e-02	-1.333615e-02	-2.419450e-02
-2.718169e-02	2.325631e-02	2.427047e-02	-8.182964e-04	1.334244e-02	-7.621121e-03	-1.527090e-02	2.460682e-02	-2.708743e-02	-2.786572e-03	1.668058e-02	2.113391e-02	4.170721e-02	-2.834123e-02	-1.149640e-02	3.312000e-02	2.612610e-02	-4.549763e-02	-5.282380e-03	1.969397e-02	2.458136e-03	-3.636873e-04	2.253871e-02	-2.000394e-02	-2.097387e-03	4.308203e-03	4.965781e-03	-5.964104e-03	2.750905e-03	1.431395e-02	1.114486e-02	-1.596218e-02	-2.684682e-02	-5.254013e-03	1.016970e-02	-1.269790e-03	-1.269513e-02	-2.000882e-02	-1.833930e-02	-1.465904e-02
-3.998044e-02	1.643232e-02	8.116582e-03	-4.529613e-03	3.313680e-02	4.043943e-03	-1.563187e-02	1.580585e-02	-4.905351e-02	-1.582864e-02	2.691672e-02	2.754860e-02	2.403061e-02	-1.626671e-02	-4.502367e-04	3.005777e-02	2.627494e-02	-4.795805e-02	6.586468e-03	1.583392e-02	-1.601257e-02	-8.507926e-03	1.754631e-02	-1.391322e-02	1.753900e-02	5.055625e-03	7.595423e-03	6.332886e-03	-6.340667e-03	7.709382e-03	7.088494e-03	-2.492637e-02	-3.139988e-02	-5.159084e-03	2.051328e-02	-6.892495e-03	8.091426e-05	-1.114459e-02	9.420650e-03	-1.792375e-02
-2.746969e-02	-3.525945e-03	1.227358e-02	-7.066141e-04	2.580510e-02	1.174297e-02	-2.167337e-02	7.086541e-03	-5.834508e-02	-1.076313e-02	2.733130e-02	1.143472e-02	1.747787e-02	-1.584645e-02	1.350899e-02	3.041676e-02	2.697494e-02	-5.807521e-02	2.122140e-02	3.051746e-02	-4.229847e-03	1.743560e-03	-9.547981e-03	-6.909950e-03	3.204826e-03	1.276301e-03	7.011759e-03	-3.295720e-04	3.372541e-05	-7.792492e-03	7.744702e-03	-1.733961e-02	2.889719e-03	-1.035445e-02	1.468048e-02	4.082233e-03	4.783596e-03	-2.980360e-03	-2.430855e-03	-2.232691e-02
-3.131172e-02	4.070716e-03	2.021205e-02	-6.456862e-03	2.758205e-02	1.192349e-02	-2.706972e-02	8.608518e-03	-3.530109e-02	2.317898e-02	2.800853e-02	7.856031e-03	3.112639e-02	-1.635696e-02	-4.367424e-03	2.026500e-02	1.014304e-02	-4.259000e-02	-1.188264e-02	2.191306e-02	8.783029e-04	-1.304812e-02	5.990402e-03	-2.493911e-02	2.079520e-02	-1.440852e-02	1.426073e-02	2.281205e-02	3.586036e-04	-8.096148e-04	3.870759e-03	-1.652777e-02	-1.311302e-02	-2.890919e-02	3.783096e-02	4.118148e-03	4.831773e-03	-2.914462e-03	-2.577323e-02	-1.555152e-02
-2.663105e-02	2.270935e-02	1.981166e-02	-1.517958e-02	1.188294e-02	1.296505e-02	-2.031488e-02	1.325599e-04	-3.398064e-02	2.262314e-02	2.288650e-02	-1.683540e-02	1.748152e-02	-1.624604e-02	-5.814857e-03	2.129426e-02	-4.268059e-03	-4.173326e-02	-8.601376e-04	1.991997e-02	2.578731e-03	8.822191e-04	3.722074e-02	-2.463953e-02	1.373727e-03	-5.620511e-03	1.485093e-02	8.980421e-03	2.642075e-03	-1.014025e-03	-1.321753e-02	-2.381617e-02	-6.271631e-03	-1.365699e-02	2.685202e-02	1.981737e-02	1.262338e-02	-1.489631e-02	-2.679251e-02	1.227927e-02
-1.262775e-02	1.054387e-02	2.154338e-03	-1.007054e-02	2.607492e-02	1.517397e-02	-2.781713e-02	-7.230420e-03	-4.445582e-02	1.390465e-02	2.434628e-02	-9.150041e-03	2.246897e-02	6.008389e-03	-9.720528e-03	2.073761e-02	-2.114879e-03	-1.902090e-02	7.184240e-03	2.117749e-02	-1.265200e-02	8.746622e-03	3.119070e-02	-3.785167e-02	1.160714e-02	-3.155550e-03	-9.281619e-05	-1.568080e-03	1.402699e-02	-1.714508e-02	-1.678136e-02	-2.163526e-02	-1.317301e-02	-2.210255e-02	2.633676e-02	1.587722e-02	5.653343e-03	-9.347595e-04	3.144189e-03	4.143528e-03
-2.101227e-02	-6.786666e-03	3.085041e-02	-6.940604e-04	2.030110e-02	1.417898e-02	-1.712895e-02	-2.158633e-02	-6.112792e-02	1.252949e-02	3.870062e-02	-1.121797e-02	1.656101e-02	6.696897e-04	1.426124e-03	2.673134e-02	9.357048e-03	-3.935494e-02	-4.356623e-03	3.908659e-02	-2.646633e-02	1.682775e-02	-3.608535e-03	-2.135726e-02	5.733396e-03	-3.886525e-03	-1.208290e-03	1.983183e-02	1.447759e-02	-7.804408e-03	-1.519866e-02	-2.838601e-02	-3.977762e-03	-1.318266e-02	2.208994e-02	2.290789e-02	-1.439721e-02	1.533577e-02	-1.030610e-02	8.490062e-03
-1.991929e-02	5.821435e-04	3.392746e-02	-1.796492e-02	2.030190e-02	7.653701e-03	-3.179705e-02	-9.078960e-03	-4.703663e-02	3.033440e-02	1.580287e-02	6.064118e-03	2.583709e-02	6.120047e-03	-2.150818e-03	2.218431e-02	-4.822130e-03	-3.134963e-02	-6.106378e-03	2.305214e-02	-1.417760e-02	-8.619279e-03	8.095009e-03	-1.606106e-02	1.472383e-02	-1.381559e-02	1.103208e-02	1.390249e-02	1.637162e-02	1.811149e-03	-2.013646e-02	-2.136639e-02	-1.705118e-02	-1.925743e-02	3.414507e-02	2.909093e-02	-1.286933e-02	1.313729e-02	-2.904703e-02	9.672950e-03
-2.541282e-02	-1.984869e-03	3.007675e-02	-1.058008e-02	1.399278e-02	1.443496e-02	-1.416373e-02	-9.268401e-03	-3.789603e-02	3.333599e-02	3.043000e-02	-1.381634e-02	2.938229e-02	-9.666510e-03	-2.537286e-02	1.650527e-02	6.288041e-03	-3.431978e-02	1.836157e-02	6.890187e-03	-2.700408e-02	5.314433e-03	1.671136e-02	-1.943157e-02	8.895442e-03	-1.662804e-02	6.593673e-03	3.973606e-03	1.396446e-02	1.523772e-03	-2.294616e-02	-1.962938e-02	-7.269294e-03	-3.967465e-03	2.579472e-02	2.327208e-02	-6.072396e-03	4.357619e-03	-2.271199e-02	2.095543e-02
-2.210420e-02	-4.459268e-03	-6.200537e-03	-1.581977e-02	3.230594e-02	7.497689e-03	-2.121594e-02	-1.510456e-03	-3.300008e-02	1.804124e-02	2.031428e-02	-1.019145e-02	2.560241e-02	4.193882e-03	-1.893435e-03	1.227476e-02	1.674022e-02	-4.815855e-03	2.873860e-02	1.716897e-03	-4.779219e-02	1.871252e-03	1.536408e-02	-1.746752e-02	1.538219e-02	-5.517602e-03	1.579261e-03	1.156060e-02	2.976824e-02	1.796226e-02	-1.467167e-02	-3.589481e-02	-2.041806e-02	-1.451304e-02	1.513701e-02	1.561047e-02	-1.613216e-03	3.826298e-03	-1.971763e-02	6.535577e-03
-3.482130e-02	-1.051721e-02	3.445147e-02	-1.575397e-02	2.999480e-02	2.934987e-02	-3.293485e-02	-9.593143e-03	-3.390554e-02	1.792569e-02	3.112973e-02	-2.707630e-03	4.999263e-03	-3.537915e-03	-3.131858e-03	2.114189e-02	1.284457e-02	-2.354646e-02	1.892968e-03	2.091046e-02	-3.757026e-02	2.654928e-02	-1.818864e-02	-2.607587e-03	5.381392e-04	1.996636e-02	1.008407e-02	1.838168e-02	2.963938e-02	1.674653e-02	-1.091429e-02	-2.196383e-02	-4.178958e-03	-1.514285e-02	-2.695285e-03	3.269495e-04	-2.098068e-02	7.307015e-03	-1.362878e-02	-1.218414e-02
-2.783254e-02	-9.817137e-04	3.450994e-02	-2.394830e-02	2.266434e-02	3.945984e-03	-3.147530e-02	-6.994169e-03	-1.829504e-02	3.246402e-02	5.119549e-03	4.249084e-03	2.097943e-02	1.628824e-03	3.038509e-03	2.812696e-02	1.246685e-02	-1.575267e-02	7.547367e-03	1.215324e-02	-2.741142e-02	-1.914372e-02	-5.129133e-05	6.323042e-03	1.891249e-02	-4.911883e-03	1.658664e-02	1.564648e-02	3.018392e-02	1.377829e-02	-1.201058e-02	-2.252068e-02	-1.966519e-02	-2.952653e-02	1.386639e-02	1.418794e-02	-2.101253e-02	-3.922646e-03	-3.466343e-02	2.863273e-03
-2.534586e-02	-8.365536e-03	3.782769e-02	-6.881310e-03	2.853515e-02	-2.435151e-03	-2.755202e-02	-1.656665e-02	-4.130428e-03	2.413734e-02	1.291317e-02	6.384181e-03	2.608222e-02	-1.319174e-02	-7.158145e-03	-1.292371e-02	-6.557185e-03	-3.143340e-02	1.041101e-02	-6.516109e-03	-3.861807e-02	2.111304e-02	2.293695e-02	4.291472e-03	1.167274e-02	-3.635629e-03	1.553691e-02	-6.133596e-04	1.439562e-02	7.766737e-03	-2.194141e-02	-2.407743e-03	-7.472976e-04	8.128841e-04	1.745731e-02	7.285206e-03	8.306170e-03	-5.040805e-03	-2.546936e-02	-5.976965e-03
-3.241937e-02	-7.532002e-03	1.395515e-02	-3.730132e-04	4.436193e-02	9.564158e-03	-2.065805e-02	-4.914577e-03	-3.546765e-02	4.658392e-03	9.288252e-04	8.941662e-04	3.459025e-02	-9.953748e-03	8.340948e-03	2.194660e-03	6.008296e-04	-2.277641e-02	1.989528e-02	-1.118407e-03	-5.742043e-02	1.565162e-02	1.244281e-02	1.259205e-03	2.042835e-02	3.776486e-03	-9.095346e-03	1.701767e-02	2.376467e-02	-9.463766e-03	-1.970170e-02	-1.334050e-02	-1.340200e-02	-2.396973e-03	4.106456e-02	9.220009e-03	3.555569e-03	-8.067842e-03	-4.874723e-03	-1.197123e-02
-3.166564e-02	-1.697110e-02	1.948722e-02	5.493852e-03	3.240813e-02	1.904083e-02	-1.781300e-02	-2.335258e-02	-2.210089e-02	2.204821e-02	1.671269e-02	-3.184643e-03	1.704028e-02	-6.518944e-03	1.171457e-02	1.376428e-02	1.362532e-02	-5.874506e-02	6.851708e-04	2.720904e-02	-1.937931e-02	2.310049e-02	-1.072479e-02	-8.916028e-03	-9.025836e-03	1.028433e-02	9.857839e-03	1.103390e-02	2.580550e-02	-5.680551e-03	-9.448987e-03	-1.714071e-02	-1.556301e-02	-1.001055e-02	1.548576e-02	3.407038e-02	-1.309140e-02	2.623493e-03	-1.535247e-02	-1.272127e-02
-2.679397e-02	3.234429e-04	1.261977e-02	-4.256537e-04	1.282291e-02	6.285030e-04	-1.839544e-02	-4.848076e-03	7.442404e-03	3.086732e-02	-1.767350e-02	1.338209e-02	2.814253e-02	4.134257e-03	4.912144e-03	3.135488e-02	-2.871313e-03	-3.072461e-02	-1.104037e-02	1.254626e-02	-8.986233e-03	-1.174795e-02	9.602471e-03	-1.248996e-02	9.249259e-03	-8.648316e-03	5.335558e-05	7.585864e-03	2.173894e-02	-1.355454e-03	-1.499882e-02	-1.872253e-02	-1.520875e-02	-2.235096e-02	3.223375e-02	4.575341e-02	-1.432865e-02	-1.010759e-02	-2.729851e-02	-4.967386e-03
-3.709862e-02	-4.092654e-03	1.666209e-02	9.620643e-04	-1.042721e-04	-3.241928e-03	-6.668430e-03	-1.729487e-02	7.290735e-03	4.822758e-02	-4.789490e-03	4.977603e-03	2.402062e-02	-1.343243e-02	-1.111911e-02	1.161286e-02	-5.715070e-03	-3.781564e-02	5.435452e-03	9.131910e-03	-1.231091e-02	3.036216e-03	3.725211e-02	-3.339945e-02	-1.739424e-02	-1.317372e-02	-1.036659e-02	9.597506e-03	2.299419e-02	3.124623e-03	-3.072937e-02	3.402961e-03	-1.140093e-02	6.588686e-03	3.776524e-02	4.565847e-02	-2.540660e-04	-8.059745e-03	-2.170988e-02	5.339807e-03
-4.064194e-02	-1.777112e-02	6.815111e-03	-1.192497e-03	9.941842e-03	4.786440e-03	-6.661687e-03	-9.724764e-03	-2.651627e-02	2.220988e-02	-6.336717e-03	8.204899e-03	2.029896e-02	-1.541884e-02	4.835560e-03	2.581977e-03	-1.621471e-02	2.011534e-03	2.596626e-02	1.662496e-02	-4.280853e-02	-9.725699e-03	1.801375e-02	-4.634254e-02	-2.987030e-02	9.357808e-03	3.061445e-03	3.733534e-02	2.499830e-02	1.299365e-02	-1.025850e-02	-6.761668e-03	-2.588477e-02	-3.244129e-03	3.561946e-02	5.474559e-02	1.030673e-07	5.627723e-03	-4.638417e-03	-3.291822e-03
-4.179960e-02	-6.965842e-03	2.323472e-02	4.132090e-03	2.337985e-02	7.694950e-03	-1.468829e-02	-3.952263e-02	-3.066352e-02	3.426627e-02	3.269210e-02	-1.639376e-03	-4.018197e-03	4.349718e-03	-3.921577e-04	1.676898e-02	1.217740e-02	-7.313441e-02	2.284533e-03	4.922053e-02	-2.382529e-02	1.296452e-02	-2.777539e-02	-3.384491e-02	-4.193813e-02	5.751506e-03	2.011866e-02	2.056332e-02	1.913302e-02	5.796885e-04	2.976866e-02	-1.842063e-02	-2.391650e-02	1.291907e-02	3.362718e-02	5.478204e-02	-2.136082e-02	1.141962e-02	-8.817757e-03	-1.300965e-02
-4.780650e-02	1.293308e-02	9.554501e-03	-5.244839e-03	1.612366e-03	-2.607534e-02	-3.553304e-02	-7.238759e-03	2.735018e-02	2.875386e-02	-1.502568e-02	2.640396e-02	1.506365e-02	2.437042e-02	-3.241578e-02	2.127961e-02	-8.883082e-03	-2.768979e-02	-1.441705e-02	4.475880e-02	6.285505e-03	5.378736e-03	-1.480971e-03	-1.661864e-02	-3.812691e-03	-2.746576e-03	1.573949e-02	2.472282e-03	-6.225007e-03	1.769775e-02	1.826481e-02	-1.190721e-02	-1.173733e-02	-1.354811e-02	4.754650e-02	4.253056e-02	-1.556344e-02	-9.039294e-03	-1.369891e-02	-3.825294e-02
-2.414869e-02	8.369890e-03	-5.344843e-03	-5.821807e-03	2.223421e-02	-3.998984e-02	6.179688e-03	-2.576933e-02	2.744138e-02	3.001570e-02	-2.139027e-03	1.925593e-02	1.760204e-02	3.976931e-05	-3.372231e-02	1.584475e-02	-8.666646e-03	-2.604614e-02	-2.980271e-03	1.460480e-02	8.252118e-03	7.877922e-03	2.697718e-02	-4.290099e-02	-2.757171e-02	5.868892e-03	1.975230e-02	-9.569116e-03	-2.494813e-03	3.379604e-02	-3.236232e-03	1.245464e-02	-3.891018e-03	3.496951e-04	2.566955e-02	4.012988e-02	-6.606820e-03	-2.724650e-02	-1.772347e-02	-2.189099e-02
-5.439830e-03	-2.974019e-02	-4.254995e-02	6.230007e-03	3.350021e-02	-4.392132e-02	1.336404e-02	-8.508670e-03	1.455528e-02	-1.591803e-03	-2.154551e-02	6.987801e-03	9.843982e-03	3.010172e-03	-8.759515e-03	5.424525e-03	-4.210159e-04	3.374648e-02	3.073403e-02	1.223941e-02	-1.590003e-02	2.513432e-03	2.418195e-02	-3.649676e-02	-2.626828e-02	-2.588930e-03	2.417085e-02	1.005099e-02	2.721361e-02	5.068168e-02	6.803011e-03	7.037127e-03	-2.597758e-02	-1.831325e-02	2.003507e-02	1.633418e-02	-8.319659e-03	-2.245557e-02	-1.835058e-02	-1.648464e-02
