3.498554e-01	6.186773e-01	2.915785e-01	2.929414e-01	2.226155e-01	7.991227e-01	5.706023e-01	7.112682e-01	2.095551e-01	9.417768e-01	4.553130e-01	5.558495e-01	5.635033e-01	2.628361e-01	4.588589e-01	6.677360e-01	5.226782e-01	4.742012e-01	5.835519e-01	5.558373e-01	3.974022e-01	1.661222e-01	4.090195e-01	4.171059e-01	7.459995e-01	4.237722e-01	3.588559e-01	5.652824e-01	4.954094e-01	5.630713e-01	1.739881e-01	2.488035e-01	4.762239e-01	2.930633e-01	4.173495e-01	6.920956e-01	1.849053e-01	6.539387e-01	2.490514e-01	5.549653e-01
2.058309e-01	3.819414e-01	9.575279e-01	7.721251e-01	3.486169e-02	3.583319e-01	1.658003e-01	7.877278e-01	8.080595e-02	6.157070e-01	-6.383899e-01	1.866692e-01	3.147566e-01	5.388724e-01	-1.600609e-02	-3.689041e-01	9.822390e-02	1.262423e-01	8.327892e-01	6.664909e-01	3.762877e-01	2.734237e-01	6.131030e-01	8.156264e-01	-1.567455e-02	4.283293e-01	8.210781e-01	9.018121e-01	-1.695187e-01	-3.253689e-01	-1.491467e-01	5.292330e-01	8.475678e-01	1.113039e-01	9.296481e-02	-7.099342e-01	7.052937e-01	3.277807e-01	6.740137e-01	-6.680757e-01
5.502536e-01	3.909894e-01	4.103323e-01	3.954885e-01	2.265440e-01	6.978685e-01	3.225855e-01	3.836221e-01	3.382613e-01	5.931467e-01	1.852230e-01	5.395296e-01	3.105340e-01	4.577838e-01	5.988669e-01	7.929475e-01	3.520059e-01	5.095185e-01	3.741742e-01	7.548753e-01	5.542265e-01	4.070333e-01	6.406393e-01	5.732057e-01	7.216978e-01	5.403598e-01	2.247221e-01	6.543017e-01	2.207157e-01	7.017632e-01	2.742242e-01	2.798120e-01	4.691192e-01	3.304855e-01	5.085667e-01	9.052670e-01	3.572776e-01	4.841686e-01	1.772838e-02	3.905861e-01
3.208140e-01	1.849205e-01	4.533639e-01	2.406861e-01	2.319337e-01	5.742758e-01	2.790492e-01	5.225045e-01	4.387146e-01	1.766355e-01	8.804176e-01	5.681014e-01	8.293644e-02	7.499717e-01	1.560760e-01	7.300160e-01	4.847590e-01	6.812705e-01	7.177812e-01	6.680215e-01	5.625609e-01	1.904862e-01	8.691766e-01	4.481100e-01	6.105282e-01	1.952363e-02	5.058221e-01	2.557287e-01	3.434226e-01	1.827077e-01	5.528472e-01	5.035208e-01	5.697825e-01	5.124558e-01	2.642604e-02	5.924723e-01	5.802597e-01	2.324413e-01	7.051036e-02	-1.362580e-01
4.634461e-01	4.395929e-01	1.635492e-01	-2.292032e-01	-2.214130e-01	8.511443e-01	3.500602e-01	6.032527e-01	2.135612e-01	6.381056e-01	6.081262e-01	3.977610e-01	4.597844e-02	3.941848e-01	7.176728e-01	6.494655e-01	2.433074e-01	4.254423e-01	4.622862e-01	6.651188e-01	1.715770e-01	3.026608e-01	3.265733e-01	5.259648e-01	5.115543e-01	4.410204e-01	4.948902e-01	6.614049e-01	7.276554e-01	5.827203e-01	7.294433e-01	4.720642e-01	1.594572e-01	4.219779e-01	6.135615e-02	6.980512e-01	3.229872e-01	3.254557e-01	1.101970e-01	5.803763e-01
5.809227e-01	7.028295e-02	8.219175e-02	5.636920e-01	2.465170e-01	7.133444e-01	2.081456e-01	6.707411e-01	6.490364e-01	9.319608e-01	-9.120415e-02	4.932904e-01	5.050755e-01	3.307894e-01	4.649877e-01	5.300609e-01	1.739223e-01	4.119305e-01	3.248795e-01	4.015555e-01	9.045937e-01	8.797044e-01	6.178810e-01	4.581128e-01	9.966851e-01	2.722334e-01	2.091563e-01	1.179601e+00	5.404676e-01	-1.719900e-01	-9.981796e-02	2.449905e-01	8.316241e-01	5.313450e-01	3.492988e-01	8.876568e-01	-2.144254e-01	2.888167e-01	1.411317e-01	4.997471e-01
8.160210e-01	-1.089729e-01	5.177638e-01	-4.174233e-01	2.762644e-02	8.107849e-01	-3.456262e-01	-2.914767e-01	3.987276e-01	2.143767e-01	-3.277472e-01	-1.347870e-01	3.644861e-01	-2.976863e-02	-2.782529e-01	9.451609e-01	3.460644e-01	1.967570e-01	-2.126093e-01	6.040326e-01	9.915407e-01	1.152679e+00	-3.226866e-02	-1.528326e-02	5.164615e-01	2.109351e-01	8.055828e-01	8.385977e-01	8.480642e-01	3.006130e-01	5.393706e-01	4.732422e-01	6.258292e-01	1.430960e-01	4.251224e-01	7.416652e-01	6.752372e-01	1.908548e-01	6.111090e-02	9.837787e-03
3.040361e-01	9.312838e-01	5.909298e-01	4.865091e-01	7.370370e-01	2.526099e-02	2.173714e-02	4.969718e-01	6.230371e-01	4.914474e-01	-3.353248e-02	5.912859e-01	5.950595e-01	9.018747e-01	5.746362e-01	1.033551e+00	-2.450390e-01	1.205363e+00	3.993825e-01	4.403366e-01	6.126376e-02	2.399127e-01	1.001942e+00	1.829982e-01	6.490860e-01	4.637219e-01	-1.900948e-03	7.634961e-01	1.081737e+00	3.901342e-01	2.419031e-01	1.195523e+00	4.953578e-01	5.065694e-01	4.326211e-01	4.795623e-01	4.126193e-01	3.100990e-01	2.315325e-01	2.883876e-01
3.868504e-01	8.840970e-01	7.821490e-02	2.629804e-01	-1.525729e-01	3.612303e-01	-1.330137e-02	5.228600e-01	4.165866e-01	2.503663e-01	-2.845988e-01	2.437816e-01	2.946264e-01	6.436831e-01	3.077307e-01	5.857456e-01	5.095648e-01	1.383842e-01	4.757723e-01	6.906129e-01	8.411077e-01	3.145712e-01	3.239496e-01	6.542788e-01	9.229793e-01	1.429491e-01	5.394926e-01	3.046595e-01	4.357756e-01	1.831149e-01	5.425729e-01	-2.590806e-03	4.999090e-01	5.446014e-01	8.290699e-02	9.462356e-01	1.118400e-01	3.046020e-01	-1.172178e-01	5.850351e-01
5.691888e-01	-1.684243e-01	-5.475941e-01	-5.840519e-01	4.881162e-01	1.090910e+00	1.795572e-01	3.916409e-01	-1.545997e-01	7.161314e-01	2.267098e-01	5.316303e-01	9.649402e-01	2.414941e-01	3.519081e-01	6.621607e-01	4.287633e-01	1.671629e-01	-1.614738e-01	6.634731e-01	3.095259e-01	3.388985e-01	9.356192e-01	6.555337e-02	-2.596848e-01	2.209358e-01	7.053272e-01	4.866116e-01	4.337314e-01	6.100015e-01	9.877638e-01	8.783767e-01	1.661395e-01	1.054231e+00	1.060897e+00	1.389847e-02	8.998268e-01	-1.476967e-01	-2.316199e-01	1.352028e-02
4.188298e-01	5.266285e-02	4.157854e-01	6.341661e-02	2.734107e-01	2.829158e-01	3.377011e-01	7.236967e-01	1.042537e+00	5.303921e-01	8.718123e-01	-7.687602e-02	-2.606221e-01	4.690189e-01	7.360111e-01	3.135720e-02	3.611551e-01	5.755530e-01	9.736145e-01	9.481776e-01	-4.181456e-02	5.890980e-01	5.107522e-01	2.775551e-01	3.168795e-01	4.372031e-03	3.759194e-01	3.217924e-01	5.193692e-01	3.613078e-01	4.971596e-01	3.240115e-01	4.372222e-01	-6.477259e-03	5.186449e-01	8.072808e-01	6.295135e-01	2.626735e-01	-8.092337e-02	4.117984e-01
4.455044e-01	-6.302046e-02	1.382536e-02	8.272212e-01	6.153388e-02	5.659726e-01	4.180515e-01	9.963427e-02	5.554106e-01	3.260904e-01	4.226322e-01	3.628490e-01	3.134774e-01	4.072343e-01	-4.764670e-02	7.619449e-01	4.981794e-01	4.954752e-01	-1.600184e-02	8.907051e-01	7.545306e-01	1.838392e-01	1.150709e+00	8.839458e-01	9.838780e-01	9.832577e-01	2.819041e-01	8.175546e-01	4.225630e-01	4.807964e-01	1.972185e-01	2.244287e-01	1.002948e+00	4.535802e-01	3.954833e-01	4.803733e-01	9.674252e-01	2.301538e-01	-1.193838e-01	1.238889e-01
3.915328e-01	1.921214e-02	1.836350e-01	-4.033978e-01	-4.751773e-01	3.555124e-01	2.155801e-01	5.414313e-01	1.971948e-01	1.026859e+00	2.024238e-01	2.328094e-01	2.262566e-01	1.053078e+00	8.779029e-02	1.099449e+00	6.424033e-01	3.834946e-01	3.468817e-01	1.991314e-01	6.841468e-01	9.907533e-01	7.967775e-01	6.195673e-01	4.905234e-01	5.647667e-01	4.155223e-02	3.625836e-01	3.666465e-01	4.736793e-01	9.017932e-01	8.297273e-01	6.099221e-01	-1.369190e-01	-2.142647e-02	-4.394403e-03	4.768039e-01	3.188405e-01	7.228821e-01	4.581365e-01
1.022292e-01	6.207743e-01	-8.329052e-03	4.872887e-01	2.918267e-01	4.308022e-01	1.304653e-01	1.047094e-01	4.320927e-01	5.943581e-01	3.163835e-01	2.025548e-01	5.374029e-01	5.154979e-01	3.918716e-01	5.971799e-01	2.067242e-01	2.912529e-01	7.415284e-01	6.113562e-01	3.162982e-01	-2.130896e-01	4.024270e-01	4.146727e-01	8.436559e-01	3.102817e-01	5.400726e-01	5.655340e-01	3.551315e-01	1.544949e-01	6.739150e-01	9.069172e-02	6.674359e-01	1.358523e-01	3.968159e-01	6.748459e-01	7.528516e-02	-7.736239e-02	-2.392488e-01	8.596085e-01
4.835848e-01	5.341654e-01	4.675223e-02	-6.381469e-01	3.204330e-01	5.699325e-02	-6.483526e-01	-1.621161e-01	1.115175e+00	7.590614e-01	9.146311e-01	7.214908e-01	4.614541e-01	3.681858e-01	5.253519e-01	2.828488e-01	7.267905e-01	7.711696e-01	3.827875e-01	5.837994e-01	6.034448e-01	2.816228e-01	-5.000278e-02	3.091709e-01	5.344423e-01	-2.624423e-01	2.714233e-01	5.651573e-01	5.884703e-01	8.866097e-01	6.077998e-01	5.417598e-01	1.159191e-01	3.516009e-01	-4.420244e-02	9.340617e-01	2.909381e-02	6.165269e-01	4.428690e-01	6.010259e-01
3.839465e-01	6.960314e-01	1.319460e-01	5.555629e-01	8.055156e-01	3.757800e-01	2.908462e-01	1.882979e-01	9.529035e-01	2.910108e-01	6.568610e-01	4.397972e-01	4.724565e-01	4.657024e-01	4.480247e-01	6.654985e-01	6.517698e-01	3.033001e-01	5.807473e-02	6.684051e-01	5.260508e-01	-1.684848e-01	6.399206e-01	6.021897e-01	8.874989e-01	1.033040e+00	-9.499242e-02	9.159472e-01	5.401523e-01	7.550608e-01	3.960529e-01	5.166272e-01	3.891439e-01	9.180431e-02	3.287039e-01	6.829358e-01	9.602079e-01	7.677985e-01	5.644410e-01	4.413469e-01
2.350193e-01	4.484090e-01	-1.669197e-01	2.121369e-01	3.407244e-01	5.095623e-01	-1.106228e-01	1.533359e-01	4.710336e-01	6.582078e-01	5.503931e-01	7.379368e-03	-1.620719e-01	5.444607e-01	4.549421e-01	3.284567e-01	2.824028e-01	4.152540e-01	4.208311e-01	6.556851e-01	3.989609e-01	-1.263024e-01	2.067207e-01	4.399315e-01	6.830599e-01	5.455394e-01	5.302032e-01	4.565388e-01	6.003834e-01	9.195204e-02	3.631353e-01	3.326796e-01	7.751088e-01	5.386599e-01	4.087382e-01	4.134172e-01	2.690824e-01	-1.013016e-01	-1.260666e-02	4.400451e-01
2.418293e-02	6.553278e-01	4.977910e-01	4.625850e-01	3.475871e-01	5.316346e-01	4.044792e-01	4.907357e-01	5.761048e-01	4.703644e-01	9.606591e-02	7.004867e-01	5.893509e-01	8.105713e-01	7.032352e-01	9.386844e-01	-2.583852e-01	1.052329e+00	7.013300e-01	4.048107e-02	1.815531e-01	2.749061e-01	7.607928e-01	1.038245e-01	8.229107e-01	4.367261e-01	4.388737e-02	7.267775e-01	6.236939e-01	5.257876e-01	2.386644e-01	1.056762e+00	6.604270e-01	5.680696e-01	3.950259e-01	3.701755e-01	2.952041e-01	2.385287e-01	1.380801e-01	4.073810e-01
2.528243e-01	3.257296e-01	3.406491e-01	7.017319e-01	6.193467e-02	7.399097e-01	2.796829e-01	4.434911e-01	3.343873e-01	5.435869e-01	3.639601e-01	4.448973e-01	2.220226e-01	6.347350e-01	4.782240e-01	7.653457e-01	4.801227e-01	5.489395e-01	2.278000e-01	7.661140e-01	5.044004e-01	4.059092e-01	6.178342e-01	7.477607e-01	8.665725e-01	5.988829e-01	2.343447e-01	4.925237e-01	3.699209e-01	6.756203e-01	5.158422e-01	2.625233e-01	5.589019e-01	4.043569e-01	5.399425e-01	8.878094e-01	4.120993e-01	4.478066e-01	-1.122429e-01	3.624272e-01
3.504160e-01	4.353124e-01	9.036277e-01	2.325142e-01	7.229019e-01	1.231179e+00	7.098130e-01	4.568062e-01	-8.058819e-02	5.602755e-01	4.787933e-01	6.021081e-01	4.660085e-01	5.075355e-01	1.752295e-01	4.402495e-01	2.830679e-01	6.464266e-02	8.638291e-01	7.918274e-01	5.943228e-01	5.314174e-01	7.504567e-01	-2.131375e-02	6.468508e-01	4.090075e-01	9.542040e-02	5.795668e-01	5.756151e-01	3.911636e-01	9.552925e-01	3.583208e-01	7.376387e-01	5.912414e-01	7.287006e-01	5.910113e-01	3.001483e-01	2.369074e-01	4.646497e-01	7.456877e-01
4.426241e-01	6.049965e-01	1.388261e-01	2.032547e-01	8.402954e-02	2.695018e-01	3.033565e-01	4.313685e-01	6.303347e-01	6.014313e-01	1.334534e-01	2.410957e-01	-8.241533e-03	7.051961e-01	3.392120e-01	6.331684e-01	6.260049e-02	4.088628e-01	6.099254e-01	6.781042e-01	3.033677e-01	1.087038e-01	2.969425e-01	5.291964e-01	8.055750e-01	4.347934e-01	4.034833e-01	6.522615e-01	2.110806e-01	8.748472e-02	5.693319e-01	3.017256e-01	5.680322e-01	3.870173e-01	3.277128e-01	3.445343e-01	1.338644e-01	9.549564e-02	-6.715533e-02	9.148986e-01
4.253035e-03	3.782743e-01	1.744390e-01	4.260956e-01	6.914733e-01	4.256320e-01	3.841612e-01	2.777470e-01	5.965866e-01	2.286461e-01	2.542243e-01	3.730571e-01	3.855143e-01	6.144828e-01	4.796250e-01	1.159638e+00	2.804237e-01	-2.889332e-01	6.994780e-01	-7.874805e-02	4.556888e-01	3.846122e-02	3.398492e-01	2.743682e-01	4.706925e-01	3.555463e-01	4.533253e-01	1.144371e-01	4.693251e-01	3.150761e-01	3.911797e-01	7.230540e-01	4.031578e-01	7.139320e-01	2.231683e-01	7.183920e-01	9.777355e-01	7.709896e-02	6.153375e-01	3.836316e-01
2.744055e-01	7.386968e-01	-2.989314e-02	1.894208e-01	-1.230542e-01	2.852988e-01	-1.544278e-01	6.763572e-01	4.970612e-01	3.018540e-01	-2.452330e-01	4.781493e-01	1.970442e-01	5.113664e-01	3.891466e-01	6.641680e-01	6.805578e-01	1.945251e-02	4.340633e-01	8.932582e-01	8.409202e-01	4.219029e-01	3.391920e-02	6.850952e-01	7.738094e-01	1.819927e-01	6.013046e-01	3.682119e-01	3.067038e-01	2.403957e-01	4.863141e-01	-1.419261e-01	1.836304e-01	4.594263e-01	-1.058193e-01	1.211963e+00	1.832203e-01	2.929489e-01	-2.298366e-01	5.800360e-01
-1.001339e-01	3.402134e-01	-7.295866e-02	5.660622e-01	6.337923e-01	5.779000e-01	5.815791e-02	2.180855e-01	2.290131e-01	2.601929e-01	2.418925e-01	4.196195e-01	3.083153e-01	7.785160e-01	8.916560e-02	9.483206e-01	5.452759e-01	5.082677e-02	1.082465e+00	3.910660e-02	2.290879e-01	-2.746446e-02	2.227881e-01	3.308725e-01	1.595934e-01	2.630849e-01	3.479776e-01	-7.633656e-02	3.638754e-01	1.472045e-01	5.202093e-01	9.220104e-01	3.334134e-01	5.664444e-01	7.684384e-02	5.600184e-01	8.938879e-01	5.876005e-02	5.733006e-01	3.383297e-01
3.210599e-01	4.644204e-01	9.616399e-01	2.974783e-01	9.008781e-01	9.292345e-01	5.455778e-01	5.310096e-01	2.301150e-01	5.424066e-01	2.833840e-01	3.622716e-01	2.467792e-01	6.033358e-01	3.996807e-01	6.657191e-01	5.904263e-01	2.703698e-01	8.708305e-01	6.808559e-01	7.451702e-01	4.064653e-01	9.032840e-01	1.256268e-01	5.873749e-01	-1.997762e-03	4.432496e-01	4.238652e-02	9.191056e-01	1.437319e-01	5.977044e-01	4.628300e-01	8.455367e-01	4.973261e-01	3.645245e-01	7.833409e-01	3.952089e-01	3.015813e-01	4.261559e-01	5.390418e-01
6.227861e-02	5.259304e-01	2.277057e-01	7.438805e-01	7.571556e-01	6.441322e-01	2.668146e-01	2.661274e-01	3.167810e-01	4.331698e-01	1.832589e-01	5.315910e-01	4.000697e-01	6.214750e-01	3.551865e-01	1.199231e+00	3.222557e-01	-2.417208e-01	7.465976e-01	1.970181e-01	3.744258e-01	6.833857e-02	4.119736e-01	3.764859e-01	2.851475e-01	4.393174e-01	4.856306e-01	1.695633e-01	4.387251e-01	3.269971e-01	4.169214e-01	6.589630e-01	5.484957e-01	5.935157e-01	8.504074e-02	8.184706e-01	8.103211e-01	3.666927e-02	4.269069e-01	5.101041e-01
4.503490e-02	5.627213e-01	7.047989e-01	9.731343e-02	7.293415e-01	9.005737e-01	3.942210e-01	4.535327e-01	5.142589e-02	5.814744e-01	4.195440e-01	4.403307e-01	3.301453e-01	5.493437e-01	1.464407e-01	5.014967e-01	1.283602e-01	2.153340e-01	7.950395e-01	6.413135e-01	8.143853e-01	2.581008e-01	7.768705e-01	1.121351e-01	6.401487e-01	1.375418e-01	6.948170e-01	2.361838e-01	1.018913e+00	-1.084923e-01	8.195789e-01	7.025638e-01	7.501681e-01	4.245427e-01	3.034087e-01	6.561553e-01	1.839756e-01	1.270170e-01	3.494766e-01	4.292014e-01
3.623292e-01	2.817533e-01	3.164733e-01	2.322479e-02	7.001145e-01	5.404612e-01	5.389143e-01	6.236367e-01	3.879965e-01	9.676008e-01	2.470410e-01	6.729842e-01	1.029308e+00	3.427387e-01	6.718942e-01	1.873538e-01	-1.040090e-01	5.768470e-01	6.489699e-01	9.134025e-01	5.259709e-01	8.894070e-01	4.232373e-01	2.755340e-01	1.094572e+00	6.251743e-01	3.049420e-01	5.064278e-01	8.975587e-01	2.103528e-01	5.204436e-01	-1.224032e-01	5.826554e-01	4.176915e-01	3.121218e-01	7.509211e-01	2.056674e-01	2.597158e-01	2.180111e-01	3.146098e-01
5.486549e-01	3.812385e-01	8.388583e-01	1.059113e+00	3.171184e-01	9.282708e-01	-5.906887e-01	-3.017500e-02	1.205129e+00	1.528944e+00	2.262054e-01	9.775808e-01	1.115748e+00	9.299658e-01	3.888442e-02	8.717678e-01	-2.104481e-01	7.947525e-01	1.613421e+00	-1.010321e-01	7.965158e-01	7.953789e-01	7.524643e-01	-4.016300e-01	1.193300e+00	-4.448945e-01	-2.164995e-01	-2.027905e-01	1.427900e+00	7.200792e-01	9.324239e-01	7.167851e-02	1.565689e+00	8.561048e-02	8.207835e-01	5.758853e-01	3.441031e-01	5.497563e-01	-2.981045e-01	8.172844e-01
4.755662e-01	6.567584e-01	7.041291e-02	3.025842e-01	1.781890e-01	9.696910e-01	-8.811090e-02	9.301716e-01	5.452360e-01	5.976404e-01	-7.345309e-02	2.857107e-01	4.833315e-01	6.924706e-01	-5.437309e-02	6.045568e-01	4.367410e-01	7.804184e-01	6.105540e-01	7.096310e-01	3.151590e-01	2.656254e-01	1.062218e-01	7.376664e-01	5.832583e-01	5.620422e-01	8.317404e-01	4.885998e-01	3.738484e-01	1.927916e-01	4.446174e-01	5.499427e-01	6.187635e-01	6.180782e-01	1.733890e-01	-7.031120e-01	1.138478e-01	2.045755e-01	7.125730e-01	1.473205e-01
3.371629e-01	9.021649e-01	-1.144948e-01	1.706215e-01	-1.322058e-01	1.623310e-01	-1.220132e-01	8.479872e-01	4.368291e-01	2.009038e-01	-3.121855e-01	2.370708e-01	2.737517e-01	4.219052e-01	4.707599e-01	7.633050e-01	5.566077e-01	1.311435e-01	5.413614e-01	6.544809e-01	8.086441e-01	3.419013e-01	1.119419e-01	5.602908e-01	8.706588e-01	1.206562e-01	3.834692e-01	3.646521e-01	1.594076e-01	5.349142e-02	5.437027e-01	-2.819174e-02	2.327318e-01	4.414228e-01	9.170649e-02	1.164495e+00	-1.180921e-02	2.790054e-01	-1.212531e-01	6.247591e-01
3.740880e-01	6.289323e-01	5.424123e-01	3.613104e-01	-1.715566e-01	5.555806e-01	9.025846e-01	7.401832e-01	2.605563e-01	7.509192e-01	4.796319e-01	4.941009e-01	6.686829e-01	3.879182e-01	2.737880e-01	7.011760e-01	4.589281e-01	4.122596e-01	3.945083e-01	6.687132e-01	3.500781e-01	6.150551e-01	5.389947e-01	6.461873e-01	6.739271e-01	6.522006e-01	2.882253e-01	8.542557e-01	3.669782e-01	6.779801e-01	2.497902e-01	-1.071901e-01	1.325294e-01	4.982730e-01	4.984961e-01	1.014782e+00	1.487454e-01	2.485453e-01	1.289541e-01	6.750216e-01
-1.652604e-02	-4.643379e-01	4.800175e-01	7.503516e-01	1.112458e-01	2.041721e-01	-1.855109e-02	-5.101900e-01	7.079240e-01	8.111958e-01	8.704371e-01	6.559567e-02	1.306835e+00	-9.122811e-06	1.026254e+00	1.400732e-01	2.518835e-01	-9.727924e-01	-1.742803e-01	6.126146e-01	8.676287e-01	8.931432e-01	-3.542506e-01	7.771997e-01	1.034506e+00	7.931428e-01	2.466327e-01	1.295215e+00	6.236325e-01	1.323414e-01	-2.798174e-01	1.689693e-01	7.409016e-01	1.104477e+00	3.420925e-01	2.146456e-01	2.728753e-02	6.013407e-01	6.188814e-01	-4.779571e-01
6.713494e-01	3.400745e-01	2.528724e-01	4.565401e-01	1.005720e+00	2.336196e-01	6.503900e-01	-1.594483e-01	1.636604e-01	3.647580e-01	5.049327e-01	1.003852e+00	7.010496e-01	5.347160e-01	5.257649e-01	6.182858e-01	-1.762971e-01	1.712098e-02	4.930445e-01	8.076461e-01	2.324695e-02	-1.108969e-02	6.237963e-01	3.342700e-01	7.456057e-01	-9.979298e-02	1.017186e+00	5.185568e-01	1.176031e+00	-6.891483e-02	7.734945e-01	3.979968e-01	4.348886e-01	5.104791e-01	8.356636e-01	6.953935e-01	3.678435e-01	5.426571e-01	2.944973e-01	6.681520e-01
4.772584e-01	4.097803e-01	6.161726e-01	3.964283e-01	3.452236e-01	6.461940e-01	4.276986e-01	9.226888e-01	5.674522e-01	6.911363e-01	-1.146490e-01	6.562165e-01	3.287604e-01	3.031489e-01	5.282265e-01	4.259512e-01	2.664786e-01	3.084011e-01	4.044089e-01	6.129009e-01	5.543826e-01	6.258592e-01	4.872747e-01	2.965496e-01	3.042466e-01	1.744696e-01	8.777566e-01	8.834216e-01	5.103812e-01	6.604762e-01	1.890785e-01	5.102037e-01	3.350614e-01	2.644919e-01	1.491592e-01	7.512384e-01	4.845523e-01	3.273775e-01	1.146892e-01	6.030725e-01
7.571461e-01	2.737733e-01	2.992153e-01	5.414573e-01	4.561532e-01	4.901574e-01	-7.621639e-02	-1.569660e-04	1.538339e-01	1.153992e+00	2.118907e-01	1.424732e-01	6.918017e-01	4.771704e-01	3.808639e-01	2.807563e-01	6.236052e-01	1.791296e-01	9.891625e-01	8.933398e-01	1.024943e-01	5.402169e-01	7.326765e-01	1.680245e-01	7.790189e-02	3.698866e-01	1.170681e-01	4.294748e-01	3.720288e-01	2.651872e-01	8.470296e-01	3.292719e-01	2.415912e-01	4.599004e-01	4.417419e-01	2.792767e-01	3.706827e-02	4.608805e-01	3.399743e-01	2.130180e-01
1.187670e-01	4.199808e-01	2.120881e-01	8.210836e-01	7.140889e-01	6.581079e-01	5.001462e-01	1.587400e-01	3.480078e-01	3.847331e-01	2.811760e-02	4.229617e-01	5.011268e-01	6.062642e-01	4.419271e-01	1.154688e+00	5.473756e-01	-4.498953e-01	7.665823e-01	1.646002e-01	3.326072e-01	6.084414e-02	3.076369e-01	3.860147e-01	2.865570e-01	4.699554e-01	5.792825e-01	1.128287e-01	4.311052e-01	4.076487e-01	2.890846e-01	6.474442e-01	5.008525e-01	4.933908e-01	1.658533e-01	7.506719e-01	8.360520e-01	9.874097e-03	6.142233e-01	3.942135e-01
4.799160e-01	3.758838e-02	5.954551e-01	3.225982e-01	1.672498e-01	5.189049e-01	4.114779e-01	6.764406e-01	4.493243e-01	1.565797e-01	6.352432e-01	6.213014e-01	1.057551e-01	5.261597e-01	4.645210e-02	8.383801e-01	6.697039e-01	8.546988e-01	7.343165e-01	9.014741e-01	6.024303e-01	5.062619e-01	8.384522e-01	4.027380e-01	6.294826e-01	-2.407042e-02	6.100248e-01	2.200155e-01	1.427609e-01	-1.031967e-02	6.652548e-01	4.464182e-01	3.975093e-01	5.889547e-01	2.281693e-02	6.985532e-01	4.571989e-01	3.990666e-01	1.501880e-01	-5.958953e-02
2.193524e-01	6.919045e-01	3.373510e-02	1.516344e-01	-2.426789e-03	3.228003e-01	-7.844202e-02	7.753342e-01	5.413674e-01	4.542183e-01	-5.586167e-02	2.665893e-01	4.550248e-01	8.037604e-01	2.769740e-01	4.993896e-01	7.524397e-01	9.333717e-02	5.419409e-01	8.917536e-01	9.906125e-01	2.036094e-01	1.240058e-01	7.101823e-01	7.576828e-01	2.408166e-01	3.661276e-01	2.808333e-01	2.488444e-01	2.870164e-01	5.734636e-01	4.989886e-02	3.623042e-01	4.700393e-01	2.111810e-02	1.064051e+00	2.437128e-01	8.832909e-02	-1.017686e-01	8.812267e-01
-1.021499e-02	5.878974e-01	1.349013e-01	6.185763e-01	6.542344e-01	5.234458e-01	2.844359e-01	3.016462e-01	4.502337e-01	2.036471e-01	2.279304e-01	3.710652e-01	2.520706e-01	6.722166e-01	4.093799e-01	1.172930e+00	2.431368e-01	-2.005730e-01	6.957646e-01	2.253983e-02	3.416092e-01	-3.849696e-02	3.128816e-01	3.438030e-01	3.190974e-01	2.404471e-01	4.226240e-01	1.812812e-01	3.838266e-01	3.530887e-01	4.788094e-01	7.217086e-01	4.984673e-01	6.279999e-01	5.073899e-02	7.553913e-01	8.481932e-01	1.347885e-02	5.370662e-01	5.071122e-01
6.269010e-01	-7.014930e-01	1.300037e-01	-5.757787e-02	-2.589557e-01	9.745851e-01	1.400660e-01	4.330022e-01	4.108078e-01	4.077496e-01	-2.499189e-01	2.827094e-01	7.610270e-01	1.225568e+00	4.083786e-01	8.951160e-01	9.679001e-01	9.921397e-02	-5.943347e-02	-4.659100e-02	5.331629e-01	1.556984e-01	3.322307e-01	1.321259e+00	8.651983e-03	7.661022e-01	-1.114046e-01	2.741950e-01	3.868912e-01	7.836785e-02	7.023361e-01	7.304997e-01	7.212563e-01	9.521918e-01	4.566721e-01	7.135226e-01	2.867650e-01	7.717743e-01	9.538099e-01	6.890801e-02
4.270289e-02	4.801167e-01	6.931276e-01	2.416608e-01	5.592542e-01	9.084381e-01	4.152481e-01	6.182469e-01	9.334939e-02	2.689872e-01	2.250702e-01	3.645658e-01	1.621728e-01	4.451441e-01	3.853192e-01	6.844650e-01	5.107003e-01	2.343788e-01	6.882752e-01	6.070554e-01	6.100297e-01	4.616685e-01	8.457336e-01	3.501582e-01	4.996374e-01	1.855160e-01	4.809043e-01	3.249332e-01	7.870532e-01	1.095640e-01	6.921298e-01	6.397021e-01	6.986128e-01	5.656558e-01	3.095122e-01	6.287045e-01	3.040056e-01	1.498093e-01	4.269153e-01	5.464535e-01
5.111467e-01	5.138385e-01	4.135026e-01	4.412551e-01	2.650182e-02	3.557635e-01	5.236952e-01	5.006677e-01	2.994830e-01	7.023493e-01	6.330269e-01	4.972984e-01	2.196486e-01	3.992971e-01	4.074298e-01	7.246449e-01	1.712626e-01	1.240053e-01	4.713075e-01	6.243934e-01	6.277804e-01	6.228027e-01	3.302932e-01	6.455357e-01	6.890858e-01	7.621873e-01	3.200219e-01	8.053939e-01	3.417881e-01	7.339242e-01	2.267870e-01	3.880044e-01	1.614085e-01	5.137461e-01	3.162626e-01	9.816219e-01	2.415940e-01	4.755462e-01	1.899518e-01	7.376028e-01
4.390545e-01	5.238467e-01	1.637622e-01	7.783542e-02	1.949855e-01	1.176796e+00	2.715454e-01	5.704824e-01	-2.866108e-02	5.262877e-01	1.346091e-01	7.187817e-01	5.088316e-01	4.087739e-01	7.020372e-01	6.004551e-01	4.450613e-01	6.924829e-01	1.495880e-01	5.871549e-01	1.919184e-01	5.039057e-01	4.694393e-01	4.461540e-01	7.975786e-01	5.913972e-01	2.189068e-01	4.155825e-01	3.324749e-01	5.961704e-01	4.599816e-01	2.114929e-01	5.406633e-01	3.617062e-01	2.637731e-01	7.415697e-01	-7.046802e-02	7.537614e-01	3.745327e-01	2.084441e-01
3.474418e-01	7.273087e-01	1.764155e-01	1.057959e+00	1.404148e+00	-1.595029e-01	1.669672e+00	-1.576881e-01	2.010628e-01	1.166348e+00	5.513997e-01	1.390037e+00	4.828310e-01	-6.685572e-02	5.378066e-01	9.725646e-01	1.594798e-01	4.988105e-02	7.271682e-01	3.515230e-01	1.119801e-01	3.683360e-01	5.484710e-01	-4.725335e-01	-1.083758e-01	6.396816e-01	1.101447e+00	6.429751e-01	6.308609e-01	6.891674e-01	3.109843e-01	7.245192e-01	2.262844e-01	-3.691170e-01	9.833414e-01	1.400348e-01	2.728750e-01	1.811000e-01	3.134281e-01	1.366487e-02
6.772216e-01	7.253236e-01	-8.365130e-03	7.666894e-02	-1.915399e-01	1.873520e-01	4.516538e-01	5.408287e-01	4.005814e-01	4.267315e-01	2.396581e-01	7.480016e-01	2.310839e-01	5.522862e-01	3.848674e-01	8.124092e-01	2.956217e-01	4.591412e-01	3.896271e-01	5.077981e-01	1.744916e-01	-3.307469e-01	5.485525e-02	3.423601e-01	8.171569e-01	8.845414e-01	9.420738e-01	6.260844e-01	5.755125e-01	-2.630386e-01	7.518117e-01	5.993887e-01	7.830747e-01	6.232991e-01	3.735133e-01	4.776082e-01	1.667584e-01	2.048035e-01	1.220680e-01	1.304595e+00
5.301358e-01	7.718946e-02	3.672459e-01	4.406838e-01	2.695364e-01	2.316933e-01	9.803692e-01	3.980382e-01	-2.078791e-03	6.095479e-01	4.116221e-01	5.879727e-01	1.133148e-01	6.509850e-01	6.648208e-01	8.940118e-01	6.763977e-01	-1.927941e-02	4.559407e-01	6.302659e-01	1.961939e-01	-8.541924e-02	6.776623e-01	5.257487e-01	3.579271e-01	2.231992e-01	8.773115e-01	1.925247e-01	8.930830e-01	7.880607e-01	5.240086e-01	2.531619e-01	3.565630e-01	4.124132e-01	9.020269e-01	3.640552e-01	3.224290e-01	3.996423e-01	4.046744e-01	6.692154e-01
9.708161e-01	2.757733e-02	-6.028088e-01	1.631505e-02	-2.903161e-01	1.098159e+00	1.128451e-01	4.890018e-01	4.845459e-01	4.529391e-01	-4.173552e-01	-8.152539e-01	-4.469752e-01	-3.459815e-02	1.913584e-01	5.403167e-01	6.504188e-01	-6.070965e-01	1.036397e+00	2.966664e-01	4.515208e-01	1.233890e-01	-3.267811e-01	3.671457e-01	3.838827e-01	-4.738457e-01	3.676546e-01	6.093776e-01	-7.197940e-02	-2.469177e-02	4.895932e-01	4.051825e-01	-1.478051e-01	5.676330e-01	4.370042e-02	5.876462e-01	3.433252e-02	-3.989601e-01	5.399971e-01	3.285373e-01
3.873136e-01	9.251411e-02	-1.543847e-01	1.774119e-01	2.859288e-01	7.337727e-01	3.612356e-02	4.186376e-01	1.035576e-01	9.842156e-01	3.520560e-01	8.014273e-01	5.813141e-01	1.345507e-01	9.457532e-01	1.924522e-01	-1.566144e-01	4.374332e-01	6.026718e-01	5.445386e-01	8.002990e-02	9.248373e-01	4.966544e-01	6.702104e-01	7.306597e-01	6.022836e-01	1.346977e-01	2.094869e-01	1.347520e+00	3.299833e-01	2.505659e-01	3.094238e-01	1.120493e+00	4.007376e-01	7.482317e-01	4.724180e-01	2.136078e-01	3.455476e-01	4.359380e-02	-1.113489e-01
5.353431e-01	5.657713e-01	2.155204e-01	2.337884e-01	-3.315583e-02	6.693013e-01	-6.686840e-02	6.778039e-01	8.152181e-01	5.927248e-01	4.088072e-03	4.161660e-01	3.904249e-01	8.900600e-01	-1.160780e-01	6.274015e-01	4.807886e-01	5.677771e-01	5.644468e-01	8.397573e-01	3.732751e-01	2.587594e-01	2.569958e-01	5.539448e-01	6.633021e-01	1.626056e-01	3.874766e-01	3.018070e-01	4.263750e-01	6.242304e-02	1.392503e-01	2.741199e-01	4.863382e-01	4.211665e-01	1.037697e-01	-4.344784e-01	2.692757e-01	2.490312e-01	4.115850e-01	1.530940e-01
1.241088e-01	1.232280e-01	1.385495e+00	2.343515e-01	8.417215e-01	-5.130970e-02	6.831578e-02	3.804724e-01	7.414918e-02	5.861777e-01	5.652402e-02	4.326308e-02	-1.652842e-02	6.516194e-01	1.800243e-01	7.135188e-01	5.045065e-01	3.001900e-01	5.715172e-01	8.532748e-01	2.163637e-01	4.448485e-01	1.205268e+00	-2.160651e-01	1.093249e-01	8.249818e-01	6.244244e-01	3.858253e-01	6.586223e-01	2.820877e-01	8.391105e-01	5.484541e-01	-8.575876e-03	1.380859e-01	3.325038e-01	8.480738e-01	6.865432e-01	3.348756e-01	1.616739e-01	-5.658188e-02
4.447825e-01	5.615446e-01	3.399017e-01	6.342309e-01	-1.634365e-02	5.730605e-01	4.578025e-01	4.842787e-01	3.126224e-01	5.363791e-01	2.553407e-01	3.858515e-01	1.178157e-01	5.834486e-01	4.912736e-01	8.804376e-01	3.903751e-01	4.704399e-01	3.639645e-01	6.580637e-01	5.879340e-01	4.167171e-01	5.277067e-01	5.671052e-01	8.830130e-01	6.853200e-01	1.736649e-01	7.610585e-01	3.277328e-01	7.098317e-01	2.351901e-01	1.744752e-01	3.525320e-01	5.285547e-01	4.872490e-01	8.673129e-01	2.194778e-01	4.109123e-01	3.003655e-02	4.757758e-01
5.039776e-01	-7.466806e-02	2.158391e-01	2.995911e-01	6.382610e-02	5.421845e-01	2.867749e-01	8.551481e-01	3.566972e-01	7.138822e-01	1.744832e-01	4.435603e-01	4.762537e-01	5.660673e-01	5.350805e-01	3.743738e-01	4.412576e-01	1.070784e-01	4.885555e-01	5.961391e-01	5.041831e-01	6.270544e-01	5.209082e-01	2.493894e-01	4.453952e-01	7.588492e-01	4.489965e-01	8.446915e-01	8.210827e-01	4.655248e-01	4.111222e-02	4.298464e-01	4.046976e-01	5.483947e-01	5.364386e-01	6.132967e-01	6.109781e-01	2.457377e-01	2.776121e-01	3.917439e-01
5.992392e-01	4.038478e-01	7.270081e-01	3.583318e-01	2.295277e-01	6.008101e-01	7.239689e-01	7.805473e-01	7.075164e-01	8.894435e-01	-9.755838e-02	8.324794e-01	4.054657e-01	4.203084e-01	3.221762e-01	2.410780e-01	2.826854e-01	2.064006e-01	8.958934e-01	6.016388e-01	8.880682e-01	1.049543e+00	1.258370e-01	3.559042e-02	7.365185e-01	3.834994e-01	8.765843e-01	8.791773e-01	5.781326e-01	6.972567e-01	1.845753e-01	5.104948e-01	6.253632e-01	2.036936e-01	3.295939e-01	8.139455e-01	8.506395e-02	3.667569e-01	2.596753e-01	3.802226e-01
8.263278e-02	2.472497e-01	3.272148e-01	1.399838e-02	4.256949e-01	1.041235e+00	2.831160e-01	6.305931e-01	7.942123e-02	2.289678e-01	1.812340e-01	2.918700e-01	1.968988e-01	5.600759e-01	3.032325e-01	5.769551e-01	4.816312e-01	2.119997e-01	9.035507e-01	6.070573e-01	5.898745e-01	5.026705e-01	6.563024e-01	3.486950e-01	2.671546e-01	2.413290e-01	3.758231e-01	3.193024e-01	7.054664e-01	8.143254e-02	7.607580e-01	6.590012e-01	5.736783e-01	5.044487e-01	4.378191e-01	4.274933e-01	7.265839e-01	2.505587e-01	4.565062e-01	6.844073e-01
5.346634e-01	4.239565e-01	2.884251e-01	4.115022e-01	3.833808e-02	6.398275e-01	4.675342e-01	6.041419e-01	2.225005e-01	5.794502e-01	5.150988e-01	5.284318e-01	3.410310e-01	4.864591e-01	5.205960e-01	8.052935e-01	4.317458e-01	3.644962e-01	4.023653e-01	6.147810e-01	4.566923e-01	6.089193e-01	3.928617e-01	5.781796e-01	6.495442e-01	7.178036e-01	2.385591e-01	8.820075e-01	2.678113e-01	7.848779e-01	1.908516e-01	2.730747e-01	1.525683e-01	4.361414e-01	4.576692e-01	8.925966e-01	2.953858e-01	4.424156e-01	1.038519e-01	6.738939e-01
5.675475e-01	-4.702851e-01	2.847041e-01	-1.005187e-01	4.304101e-01	1.054090e+00	-8.279303e-01	-1.151093e-01	1.506802e-02	2.701674e-01	3.097259e-02	1.034745e-02	1.049118e+00	8.871060e-01	9.597995e-02	1.019850e+00	5.198575e-01	1.797269e-01	-1.438481e-01	4.494778e-01	3.762652e-01	5.848422e-01	5.410677e-01	1.268706e+00	3.468097e-01	2.468005e-01	1.353304e-01	6.025636e-01	-1.924479e-02	-2.362263e-02	9.855626e-01	6.312254e-01	9.109680e-01	7.209199e-01	5.226507e-01	3.895357e-01	6.743249e-01	6.056015e-01	4.353182e-01	7.426358e-01
4.681272e-01	3.537597e-01	1.702325e-01	4.042018e-01	5.331680e-01	3.948045e-01	1.206994e-01	1.319135e-01	7.193687e-01	6.407653e-01	2.665015e-01	2.013252e-01	3.944682e-01	7.442559e-01	4.755560e-01	2.912492e-01	1.777656e-01	3.496469e-01	5.058466e-01	5.554274e-01	3.941786e-01	3.602263e-01	5.276359e-01	4.853240e-01	4.521533e-01	2.180561e-01	2.046628e-01	3.514772e-01	3.749901e-01	1.391818e-01	6.796585e-01	2.756993e-01	6.743463e-01	6.733291e-01	7.799936e-01	7.127078e-01	4.017454e-01	7.239160e-02	8.954629e-02	7.132834e-01
4.033913e-01	7.222948e-01	8.196864e-02	1.228616e-02	9.210778e-02	9.195079e-01	3.186209e-01	9.413999e-01	7.824783e-02	8.835718e-01	7.036240e-01	9.135217e-01	6.289288e-01	3.324203e-01	5.697290e-01	4.773054e-01	5.461728e-01	5.875688e-01	6.846465e-01	9.134537e-02	1.293928e-01	4.397412e-01	4.120440e-01	3.772963e-01	5.605584e-01	4.751797e-01	3.809341e-01	6.115392e-01	5.807159e-01	6.631334e-01	4.791921e-02	5.451722e-01	3.311325e-01	3.295217e-01	5.245162e-01	6.984263e-01	-5.204760e-02	5.354244e-01	4.070502e-01	5.932452e-01
4.145275e-01	3.226907e-01	5.778539e-02	-1.300793e-01	-1.561228e-01	9.601765e-01	4.456315e-01	6.276263e-01	2.332679e-01	6.481096e-01	5.690469e-01	4.741584e-01	6.067981e-02	2.701556e-01	8.694215e-01	6.384864e-01	2.195814e-01	5.396295e-01	5.045200e-01	6.074865e-01	2.119290e-01	3.933804e-01	2.770329e-01	4.026448e-01	4.629364e-01	3.994236e-01	5.078664e-01	6.250241e-01	5.512558e-01	5.631136e-01	7.679959e-01	5.387294e-01	2.281366e-01	4.541928e-01	3.013173e-02	6.947888e-01	2.980441e-01	2.387706e-01	-1.051420e-01	5.734115e-01
2.488019e-01	4.328656e-01	3.389046e-01	5.574086e-01	2.148146e-02	8.364797e-01	2.677786e-01	5.936670e-01	1.327062e+00	8.008336e-01	6.929021e-01	4.206061e-01	-6.419788e-02	1.204992e+00	3.154605e-01	4.605659e-02	7.044639e-01	4.914350e-01	4.038231e-01	1.994031e-01	1.202142e+00	1.328773e-01	-1.570112e-01	4.742528e-01	7.297867e-01	4.152006e-01	1.306270e-01	1.863325e-01	3.786423e-01	2.449264e-02	6.306657e-01	4.118966e-01	4.569066e-01	3.283773e-01	9.149504e-01	4.423694e-01	4.413866e-02	-2.347181e-01	2.933290e-01	1.179338e+00
6.904707e-01	2.195395e-01	1.837381e-01	5.420989e-01	5.390863e-01	-8.093671e-02	9.183472e-01	1.180056e-01	-1.440513e-01	5.584360e-01	6.936551e-01	6.594881e-01	2.904301e-01	5.921134e-01	7.611691e-01	6.851043e-01	3.696719e-01	1.192835e-01	7.330603e-01	6.007093e-01	2.910586e-02	-8.259826e-03	4.726036e-01	7.116070e-02	1.629739e-01	3.624920e-01	8.565533e-01	7.132650e-01	8.395692e-01	4.415906e-01	4.333861e-01	4.667436e-01	2.271817e-01	3.486322e-02	9.813820e-01	3.786793e-01	5.398070e-01	3.074295e-01	4.380276e-01	5.768543e-01
4.425803e-01	5.958680e-01	9.236979e-02	2.754917e-01	3.291619e-01	3.506211e-01	1.195310e-01	2.260547e-01	5.868640e-01	5.981857e-01	3.278767e-01	1.034969e-01	1.942220e-01	6.170470e-01	3.701079e-01	3.483714e-01	4.161005e-01	3.967208e-01	5.467162e-01	5.429050e-01	3.145207e-01	2.825203e-01	5.048020e-01	3.023095e-01	5.260482e-01	4.478043e-01	1.696367e-01	4.508431e-01	5.443858e-01	1.379962e-01	7.328099e-01	1.558705e-01	5.692270e-01	5.619157e-01	6.029119e-01	5.317144e-01	3.093987e-01	1.895813e-01	1.472401e-01	5.906922e-01
-1.261697e-02	7.325221e-01	1.591538e-01	7.788616e-02	6.502086e-01	5.539210e-01	-4.661900e-02	7.311629e-01	5.977507e-01	3.131264e-01	1.847040e-01	6.106889e-01	5.005211e-01	9.243045e-01	5.495012e-01	4.885279e-01	-7.878274e-01	7.064968e-01	6.865753e-01	1.825318e-01	6.688877e-01	2.617247e-01	7.322693e-01	9.461607e-02	9.465410e-01	1.534850e-01	1.222818e-01	4.876398e-01	6.324918e-01	3.927758e-01	1.885355e-01	6.534454e-01	6.890218e-01	5.225259e-01	4.423817e-01	3.146846e-01	4.361863e-01	-1.792219e-01	2.320060e-01	5.392417e-01
4.160045e-01	5.485651e-01	2.327211e-01	1.810694e-01	2.907301e-01	7.453034e-01	6.646932e-01	8.136342e-01	1.068311e-01	9.826021e-01	6.395207e-01	6.958632e-01	6.886003e-01	2.735366e-01	5.586842e-01	6.531995e-01	4.630003e-01	6.224575e-01	6.365353e-01	3.880123e-01	1.979642e-01	2.495978e-01	3.329387e-01	5.176618e-01	5.588570e-01	4.917642e-01	4.558064e-01	5.884562e-01	6.166851e-01	5.944804e-01	3.156213e-01	4.238877e-01	6.355853e-01	1.904816e-01	5.093558e-01	5.638153e-01	1.998044e-01	5.227832e-01	2.753331e-01	6.401611e-01
1.016649e+00	5.073830e-02	-5.355327e-02	3.726137e-01	4.171746e-01	2.290454e-01	-2.805315e-02	9.947166e-01	4.630039e-01	4.387342e-01	4.958074e-01	6.987071e-01	7.832566e-01	4.429259e-01	4.560614e-01	-2.079037e-01	3.188830e-01	1.495036e-01	5.478543e-01	4.491744e-01	4.743333e-01	3.453607e-01	3.546434e-01	4.752953e-01	4.560076e-01	4.401105e-01	3.366997e-02	6.671368e-01	9.165191e-01	4.013168e-01	3.944396e-01	3.249704e-01	4.280241e-01	4.530468e-01	5.547265e-01	3.557049e-01	1.131295e+00	1.851243e-01	-5.639399e-02	5.089658e-01
2.320061e-01	3.638842e-01	6.352094e-01	2.458353e-01	5.314665e-01	5.447533e-01	6.560278e-01	5.668502e-01	4.748580e-01	7.574347e-01	-8.601885e-02	6.186189e-01	7.983166e-01	4.194938e-01	4.241245e-01	4.421540e-02	1.084181e-01	3.707169e-01	6.385665e-01	9.420775e-01	6.229521e-01	6.412532e-01	6.048661e-01	3.749222e-01	4.366062e-01	5.294477e-01	6.931489e-01	7.438716e-01	3.213182e-01	2.458904e-01	3.312924e-01	3.914116e-01	7.950134e-01	3.479769e-01	3.712627e-01	3.563005e-01	5.977709e-01	1.706893e-01	3.410941e-01	1.569504e-01
5.197751e-01	4.589699e-01	3.430620e-01	-2.156519e-02	5.702273e-01	4.543477e-01	5.621819e-01	7.881147e-01	6.185100e-01	3.835350e-01	3.948564e-01	5.482363e-01	5.403405e-01	2.754759e-01	6.119512e-01	3.127755e-01	4.338821e-01	-2.029095e-01	6.025156e-01	6.402307e-01	-1.052948e-01	8.656819e-01	7.492052e-01	4.858972e-01	1.520671e-02	4.554935e-01	5.933796e-01	7.945465e-01	7.157969e-01	8.477404e-02	1.633214e-01	9.263426e-01	1.119205e+00	2.233007e-02	8.180558e-01	5.182519e-01	6.625543e-01	3.784210e-01	4.495531e-01	-1.724279e-01
5.891573e-01	5.341738e-01	3.763963e-01	3.180519e-02	4.750252e-01	5.163264e-01	3.510631e-02	3.025450e-02	7.224824e-01	4.202250e-01	9.977763e-01	4.692824e-01	5.512609e-01	-2.117563e-01	5.847184e-01	2.857681e-01	7.819760e-01	5.454209e-01	3.851805e-01	2.739627e-01	9.488868e-02	3.845287e-01	4.252765e-01	3.208999e-01	6.715383e-01	2.968945e-01	3.098747e-01	7.277656e-01	5.023396e-01	1.000326e+00	8.940724e-01	4.334148e-01	1.009586e-01	3.379622e-01	-1.997977e-01	1.130586e+00	3.969497e-01	1.096338e+00	4.443780e-01	-1.760510e-01
5.118739e-01	4.265726e-01	1.694366e-01	1.521002e-01	7.269551e-01	3.060009e-01	4.321823e-01	9.727607e-01	4.315741e-01	2.488857e-01	4.285894e-01	6.640991e-01	5.664512e-01	3.896717e-01	3.665989e-01	-9.007079e-02	7.747052e-02	-1.933062e-01	1.802116e-01	7.092930e-01	-9.533062e-02	1.012978e+00	5.702687e-01	6.310500e-01	1.686484e-01	6.575533e-01	5.322841e-01	1.016911e+00	1.162718e+00	4.414907e-02	1.359758e-01	8.433750e-01	7.694607e-01	-7.315662e-01	6.314210e-01	5.272719e-01	6.579350e-01	7.141083e-01	3.653240e-03	1.886015e-02
7.520438e-01	-2.171032e-02	-1.166629e-01	7.440192e-01	5.691937e-01	-2.546286e-01	8.554628e-01	5.810503e-01	6.242126e-02	5.548912e-01	6.712955e-01	4.749049e-01	2.833077e-01	7.803497e-01	5.619683e-01	6.830629e-01	3.317444e-01	5.781990e-02	5.086902e-01	8.673648e-01	5.975483e-01	6.322865e-01	6.412187e-01	6.311862e-01	2.654491e-01	2.066354e-01	6.389699e-01	4.776576e-01	1.049345e+00	5.778182e-01	4.931373e-01	4.076665e-01	7.508883e-01	5.396329e-01	6.632262e-01	5.039000e-01	4.924673e-01	4.595268e-01	3.027541e-01	9.970102e-01
5.354051e-01	6.381361e-01	1.062375e-01	6.309450e-02	6.176627e-02	9.617780e-01	8.292688e-02	1.587207e-01	2.538896e-01	9.057844e-01	1.844392e-01	6.220449e-01	4.074400e-01	5.637176e-01	2.946065e-01	6.780267e-01	3.753450e-01	-4.495329e-02	6.486781e-01	6.334534e-01	7.165281e-01	9.970254e-01	6.225443e-01	3.075248e-01	4.155711e-01	6.332757e-01	2.805980e-01	6.085230e-01	7.573727e-01	4.060258e-01	3.835576e-01	2.558156e-01	9.163630e-01	7.220364e-02	3.676820e-01	5.523152e-01	1.459789e-01	3.968776e-01	2.564393e-01	6.446258e-01
2.740473e-01	4.294077e-01	6.324327e-01	1.136738e-01	4.776898e-01	1.674806e-01	1.589182e-01	2.465425e-01	4.127331e-01	3.946547e-01	4.025365e-01	1.929931e-01	2.215661e-02	6.436895e-01	1.426575e-01	7.144243e-01	6.158080e-01	5.702933e-01	7.850154e-01	6.037686e-01	4.127578e-01	1.498340e-01	5.791257e-01	3.982024e-01	4.802628e-01	4.485904e-01	5.783727e-01	4.001277e-01	7.269297e-01	1.900164e-01	6.052771e-01	5.720147e-01	3.919779e-01	3.854019e-01	9.623474e-02	6.597910e-01	4.941406e-01	2.679870e-01	2.273082e-01	-8.057098e-03
8.712137e-01	6.004933e-01	-5.613777e-02	-4.381106e-02	5.781977e-01	9.963388e-01	-3.538068e-01	7.292033e-01	5.096623e-01	7.015228e-01	4.269636e-01	2.676144e-01	2.931271e-01	7.933295e-01	-8.227883e-02	5.382946e-01	3.592271e-01	7.143585e-01	4.718198e-01	7.579652e-01	8.399754e-01	9.828098e-02	5.436538e-01	2.269237e-01	1.285627e-01	3.565325e-01	3.655817e-01	2.465158e-01	5.261467e-01	1.445066e-01	4.797584e-01	2.168740e-01	5.461975e-01	7.601998e-01	1.975937e-01	-5.631039e-01	3.164800e-01	1.560034e-01	3.853938e-01	3.081078e-01
5.738725e-01	-2.055912e-01	3.317483e-01	5.047180e-01	7.607327e-01	6.334329e-01	6.599447e-02	1.279996e-02	8.464379e-01	5.127355e-01	1.013023e+00	1.894704e-01	5.036698e-01	4.981325e-01	4.452851e-01	8.355522e-01	5.420419e-01	7.985602e-01	2.169894e-01	5.148096e-01	4.265598e-01	1.546025e-01	5.437151e-01	5.221545e-01	2.810618e-01	7.066432e-01	4.586195e-02	7.360909e-01	2.825025e-01	6.864779e-01	8.666098e-01	3.787144e-01	9.414647e-02	5.753206e-01	-7.041238e-01	7.197944e-01	4.946969e-01	4.801011e-01	8.134181e-01	2.933332e-01
2.074473e-01	3.108387e-01	6.564478e-01	4.261484e-01	3.804324e-01	5.949613e-01	4.284732e-01	5.078492e-01	3.990770e-01	6.355629e-01	-9.248978e-02	6.504268e-01	6.529250e-01	5.588347e-01	3.250702e-01	2.492883e-01	2.292100e-03	3.455939e-01	7.097458e-01	9.384447e-01	5.718245e-01	4.138715e-01	4.150509e-01	2.990503e-01	7.065435e-01	4.421592e-01	5.485716e-01	8.382759e-01	4.355246e-01	2.297910e-01	2.075987e-01	1.481374e-01	9.102680e-01	2.132238e-01	3.146295e-02	5.224834e-01	5.859611e-01	7.941943e-02	3.042715e-01	1.926014e-02
4.623126e-01	1.144524e-01	9.893075e-01	4.426736e-01	4.982325e-01	2.203774e-01	5.418187e-01	3.719722e-01	6.695549e-01	5.774259e-01	4.145201e-01	2.230642e-01	3.530363e-01	6.005353e-01	-6.494309e-03	5.966955e-01	8.380867e-01	3.503906e-01	9.431164e-01	6.213354e-01	1.993518e-01	2.198311e-01	6.017811e-01	2.602579e-01	1.742532e-01	4.396837e-01	4.574390e-01	4.376023e-01	6.029045e-01	2.226828e-01	8.115486e-01	8.397824e-01	3.782384e-01	3.364279e-01	2.328487e-01	7.897754e-01	2.978061e-01	4.389516e-01	9.978458e-02	7.744795e-02
1.896671e-01	5.626961e-01	4.007146e-01	6.181143e-01	6.840399e-01	3.835393e-01	9.419249e-02	3.928313e-01	4.729216e-01	5.307673e-01	3.112927e-01	6.064017e-01	4.215636e-01	5.305902e-01	2.767345e-01	1.003612e+00	2.567259e-01	-2.882369e-01	6.752115e-01	2.352037e-01	2.091536e-01	2.975290e-01	3.770657e-01	2.890242e-01	4.042434e-01	2.996226e-01	3.889299e-01	4.577204e-01	4.124437e-01	2.110534e-01	4.422928e-01	7.717570e-01	7.021009e-01	5.644563e-01	1.455206e-01	7.595108e-01	7.890144e-01	-1.193943e-01	5.693275e-01	6.100540e-01
1.955376e-01	4.518863e-01	4.011436e-01	3.704481e-01	4.650486e-01	4.549363e-01	3.539953e-01	6.693707e-01	9.099321e-01	5.643641e-01	2.442318e-01	4.689921e-01	5.062910e-01	9.122955e-01	4.825038e-01	7.175864e-01	-4.643369e-01	1.027458e+00	1.026899e+00	-4.401077e-03	2.201752e-01	3.549348e-01	5.676372e-01	-2.351311e-02	6.237899e-01	3.690430e-01	7.170383e-02	6.412620e-01	4.950476e-01	4.084881e-01	8.677984e-02	1.129591e+00	6.483397e-01	3.667697e-01	4.604173e-01	2.821411e-01	3.401922e-01	1.715071e-01	1.041853e-01	2.297324e-01
3.173071e-01	2.907434e-01	1.805232e-01	-3.956821e-01	1.815359e-01	5.854625e-01	-5.304322e-01	-3.620724e-01	3.535747e-01	5.230753e-01	2.968134e-01	8.234618e-02	6.447373e-01	4.413163e-01	1.014810e-01	5.836080e-01	6.533846e-01	2.556721e-01	-6.116134e-02	4.579045e-01	7.928957e-01	9.307858e-01	2.952342e-01	1.230372e-01	6.741121e-01	5.381808e-01	3.235922e-01	1.025438e+00	5.055118e-01	5.890100e-01	1.969380e-01	5.609387e-01	1.943342e-01	2.752052e-01	2.902217e-01	3.453185e-01	2.011662e-01	4.133910e-01	3.592695e-02	3.587608e-01
4.919506e-01	4.556404e-01	3.352130e-01	2.864715e-01	-1.024882e-01	6.885651e-01	5.570529e-01	6.851897e-01	3.347218e-01	5.336824e-01	4.124848e-01	2.704034e-01	-6.164482e-02	4.672329e-01	8.052638e-01	7.225500e-01	2.489247e-01	2.711506e-01	2.675314e-01	6.563307e-01	7.595510e-02	1.674478e-01	1.617390e-01	4.386062e-01	6.234331e-01	4.668693e-01	7.129712e-01	8.588214e-01	5.848661e-01	4.666925e-01	6.116835e-01	5.763229e-01	2.019755e-01	4.056140e-01	2.064999e-01	8.214022e-01	4.442396e-01	3.078355e-01	1.013227e-01	4.296406e-01
6.667533e-01	1.400195e-01	4.525664e-01	5.429274e-02	5.254117e-02	5.757118e-01	1.833110e-01	6.688550e-01	6.082070e-01	7.811285e-01	3.587827e-02	5.224416e-01	4.228491e-01	5.931468e-01	4.882779e-01	2.579282e-01	9.380298e-02	1.242701e-01	6.577526e-01	8.010433e-01	3.501429e-01	6.299906e-01	3.949001e-01	2.331000e-01	4.379936e-01	4.832493e-01	5.217740e-01	4.156613e-01	7.347973e-01	2.754564e-01	2.828488e-01	1.979486e-01	3.788497e-01	3.233637e-01	4.411443e-01	6.454515e-01	3.946063e-01	1.248641e-01	1.432337e-01	4.910099e-01
1.051544e+00	7.331336e-01	1.368163e-01	-3.079449e-01	2.091060e-01	9.932935e-01	2.062363e-01	1.187706e+00	5.002784e-01	9.719352e-01	1.335851e-01	9.833716e-01	1.329273e-01	4.800652e-01	-6.409179e-02	5.240325e-01	2.240641e-01	1.005273e+00	6.361209e-01	6.378910e-01	4.918591e-01	2.987592e-01	1.604173e-01	5.629684e-01	6.834443e-01	4.406401e-01	7.827313e-01	4.128273e-01	3.450665e-01	6.949292e-02	1.145901e-01	1.107348e+00	5.585836e-01	9.381992e-01	-1.432058e-02	-6.562472e-01	4.609741e-01	-2.189414e-02	6.923810e-01	3.238970e-01
3.461850e-01	1.757612e-01	5.117161e-01	3.957699e-01	2.577307e-01	6.166950e-01	3.062063e-01	4.074581e-01	3.735772e-01	1.706431e-01	7.403387e-01	5.108312e-01	1.112347e-01	6.099058e-01	1.146243e-01	5.550021e-01	7.042896e-01	4.657005e-01	8.932591e-01	6.787960e-01	5.630957e-01	2.481524e-01	7.767562e-01	4.892596e-01	4.500554e-01	1.350754e-01	4.707870e-01	1.603504e-01	3.399540e-01	1.772052e-01	7.124901e-01	5.734906e-01	4.399055e-01	5.490179e-01	1.526271e-01	7.000532e-01	4.534688e-01	4.500437e-01	5.846178e-02	8.230380e-03
5.741670e-01	3.645458e-01	4.675418e-01	4.255073e-01	8.369255e-01	7.925867e-01	4.304315e-01	2.367784e-01	9.279513e-01	4.557598e-01	1.134881e+00	4.830848e-01	3.363060e-01	8.056461e-01	4.673142e-01	6.343136e-01	2.746409e-01	7.533698e-01	1.827304e-01	4.074491e-01	3.593882e-01	3.872200e-02	7.679682e-01	6.340131e-01	7.119441e-01	6.260900e-01	-6.746105e-02	8.249513e-01	1.808976e-01	7.552964e-01	7.378155e-01	5.153900e-01	3.372383e-01	3.304063e-01	-1.253225e-01	7.399807e-01	5.651765e-01	5.317363e-01	6.597501e-01	2.961410e-01
4.257358e-01	4.188952e-01	4.306967e-02	-5.133704e-02	-2.475049e-01	9.121990e-01	4.715090e-01	7.348323e-01	1.874038e-01	6.334121e-01	4.291502e-01	4.664155e-01	1.644096e-01	4.553890e-01	7.657054e-01	6.192949e-01	1.044775e-01	4.537322e-01	3.345453e-01	6.897905e-01	1.581571e-01	4.176195e-01	3.037888e-01	4.636557e-01	4.571786e-01	4.682180e-01	5.253025e-01	7.005667e-01	6.242039e-01	5.534795e-01	7.528300e-01	5.376178e-01	9.730365e-02	4.181480e-01	9.340377e-02	6.805890e-01	3.591278e-01	2.673357e-01	3.616871e-02	5.071709e-01
8.669348e-01	8.634100e-01	5.299698e-01	-1.953859e-01	4.554212e-01	1.058063e+00	5.917654e-02	1.192255e+00	9.636443e-01	6.291455e-01	-1.442666e-01	4.340279e-01	-9.553919e-02	6.675522e-01	3.195836e-01	7.251373e-01	-2.892938e-02	8.193962e-01	5.347199e-02	8.358442e-01	9.257163e-01	-4.143567e-02	-9.774150e-02	3.634549e-01	2.431350e-01	1.890030e-01	7.504240e-01	1.137190e-01	3.347742e-01	1.428842e-01	2.575178e-01	8.377695e-01	5.377893e-01	7.295297e-01	2.091418e-01	-4.920058e-01	2.934469e-01	3.192378e-02	4.927253e-01	3.066560e-01
2.294605e-02	4.430858e-01	3.713930e-01	3.628835e-01	6.224439e-01	3.878508e-01	4.045784e-01	5.410390e-01	4.297060e-01	3.655687e-01	2.928549e-01	7.864915e-01	5.954109e-01	8.508740e-01	6.092178e-01	9.099004e-01	-3.205111e-01	1.004704e+00	7.399244e-01	-1.484664e-01	3.987658e-01	2.310187e-01	7.129755e-01	-4.130281e-02	9.715848e-01	4.855356e-01	1.110032e-01	7.986971e-01	5.210322e-01	3.198297e-01	2.519176e-02	7.682960e-01	6.485263e-01	5.779715e-01	3.874244e-01	4.147870e-01	1.457299e-01	-2.409542e-02	1.875510e-01	4.264383e-01
4.394409e-01	1.084994e+00	7.901728e-01	1.127724e+00	5.278454e-01	1.020164e+00	3.488721e-01	6.867129e-01	1.066734e+00	2.991394e-01	8.418392e-01	-1.686785e-02	1.894150e-01	8.762546e-01	6.351683e-01	9.805485e-01	7.955570e-01	3.883510e-01	2.034843e-01	-1.189535e-01	8.465531e-01	-9.277202e-02	2.756963e-01	2.498426e-01	1.288465e+00	7.013884e-01	8.312263e-02	6.314813e-01	5.168669e-01	2.251236e-01	5.998618e-01	3.411920e-01	6.324203e-01	2.180623e-01	7.862919e-01	2.113111e-01	9.871693e-02	-1.372584e-01	3.032901e-01	4.582555e-01
6.304895e-01	1.364019e-01	-3.051706e-01	2.840473e-01	2.042877e-01	3.282236e-01	-1.938614e-01	4.247771e-01	2.374346e-02	8.129333e-01	-2.551637e-01	7.855915e-01	7.377586e-01	6.674029e-01	3.495223e-01	2.290238e-01	5.137782e-01	5.087832e-01	8.083023e-01	6.986463e-01	4.587665e-01	5.875371e-01	6.938551e-01	2.112796e-01	3.285362e-01	6.055626e-01	1.133496e-01	2.058606e-01	8.216647e-01	-1.152167e-01	7.446644e-01	2.255359e-01	5.947848e-04	6.568417e-01	4.937517e-01	2.125678e-01	5.138465e-01	3.471189e-01	4.317424e-01	3.771990e-01
-4.442286e-01	6.270188e-01	4.185823e-01	1.180725e-02	8.913268e-01	5.350909e-01	5.397954e-01	8.381143e-01	6.998159e-01	5.547336e-02	2.504578e-01	6.433225e-01	4.171281e-01	7.712240e-01	4.340234e-01	7.249882e-01	-5.110086e-02	8.487149e-01	9.799249e-01	-2.991158e-03	1.302761e-01	4.758303e-01	6.005911e-01	4.718976e-01	4.101773e-01	2.226721e-01	1.392434e-01	5.686833e-01	4.835062e-01	4.212497e-01	5.307739e-01	9.371262e-01	4.022598e-01	8.322139e-01	9.027171e-01	3.951550e-01	5.743027e-01	1.692847e-03	4.020457e-02	5.446434e-01
5.020318e-01	3.869448e-01	-3.106536e-01	4.663776e-01	6.468264e-01	9.364726e-01	-1.703648e-01	3.299682e-01	9.518899e-01	1.394438e+00	2.217073e-01	9.025757e-01	3.992974e-01	8.952346e-01	6.153730e-03	-9.780630e-02	8.356184e-01	7.334502e-01	7.735019e-01	6.455501e-01	1.845679e-02	-9.727381e-02	4.563589e-01	5.804829e-01	2.841102e-01	3.880177e-01	5.906991e-01	-6.146341e-02	-1.636525e-01	-2.164979e-01	6.262541e-01	7.533594e-01	-7.108485e-02	7.648633e-01	-3.266910e-01	2.537526e-01	-3.567897e-01	3.101444e-02	3.637829e-01	5.564281e-01
5.407719e-01	-4.485123e-02	2.147833e-01	2.048022e-01	3.121742e-01	-3.150438e-03	9.408756e-01	6.539772e-01	-3.631193e-01	8.911578e-01	1.115442e+00	4.512693e-01	-5.310817e-02	4.814622e-01	4.330923e-01	1.084896e+00	6.700732e-01	2.049681e-02	3.181981e-01	6.443189e-01	3.138534e-02	-2.016599e-01	7.973101e-01	9.224273e-02	5.333463e-01	3.925265e-01	1.160483e+00	5.131594e-01	1.175661e+00	9.509395e-01	2.939568e-01	4.418375e-01	-9.658282e-02	1.373840e-01	1.063396e+00	3.227329e-03	3.653108e-01	3.628582e-01	5.659102e-01	7.238379e-01
7.313918e-02	5.546959e-01	3.844460e-01	1.390748e+00	7.407024e-01	8.000708e-01	9.564194e-02	7.348376e-01	-6.667612e-01	8.917158e-01	7.132730e-01	8.253262e-01	3.848813e-01	5.214154e-01	5.028575e-01	6.591062e-02	2.738337e-01	2.581466e-01	1.465689e+00	2.375505e-02	8.516140e-01	1.112793e+00	5.802597e-01	1.230088e-01	1.977961e-01	6.741312e-01	4.450380e-01	3.005991e-01	8.015832e-01	6.770198e-01	1.120341e+00	1.374963e-01	2.951119e-01	7.627494e-01	6.492720e-01	6.902923e-02	7.047210e-01	3.771619e-01	3.460439e-01	7.165053e-01
2.029202e-01	4.903117e-01	6.355633e-01	7.631366e-02	6.477303e-01	9.267702e-01	3.566268e-01	5.801859e-01	1.084393e-01	3.800056e-01	3.113821e-01	2.857705e-01	1.958629e-01	5.728132e-01	3.372949e-01	7.361582e-01	3.100568e-01	2.038861e-01	7.480097e-01	5.617176e-01	7.121226e-01	3.585173e-01	8.832445e-01	2.218423e-01	5.457350e-01	1.863883e-01	5.440633e-01	2.099305e-01	8.533356e-01	1.182099e-03	6.466384e-01	6.874431e-01	6.320679e-01	3.878135e-01	3.464331e-01	6.542076e-01	2.571567e-01	1.043984e-01	3.633079e-01	4.740237e-01
5.917923e-01	-1.840827e-01	-1.333578e-02	2.301845e-01	1.260142e-01	6.117102e-01	1.033512e-01	7.167811e-01	-1.511455e-02	1.004586e+00	-6.812480e-02	3.808405e-01	6.028347e-01	3.635565e-01	8.652984e-01	6.379553e-01	3.885135e-01	3.475914e-01	6.253345e-01	5.615784e-01	4.717608e-01	5.980312e-01	5.793699e-01	4.985747e-01	5.031788e-01	9.909784e-01	3.513424e-01	7.188736e-01	9.695431e-01	3.292695e-01	4.667051e-01	4.396140e-01	1.212807e-02	5.040168e-01	5.908926e-01	5.829217e-01	4.281123e-01	7.986489e-02	7.351293e-01	2.480604e-01
2.436227e-01	4.618116e-02	3.690363e-01	-5.150677e-01	5.069340e-01	3.751123e-01	-2.584170e-01	-3.682887e-01	3.725124e-01	6.811768e-01	3.306016e-01	5.171291e-01	5.417976e-01	-1.594662e-01	3.466152e-01	2.803469e-01	8.390659e-01	4.188570e-01	3.632210e-01	1.663760e-01	6.563124e-01	8.206462e-01	4.195013e-01	1.006311e+00	8.370771e-01	2.653969e-01	2.948322e-01	1.054594e+00	3.697653e-01	7.111005e-01	6.072887e-01	4.666337e-01	-2.322025e-01	5.359035e-01	5.198479e-01	3.438478e-01	3.406599e-01	6.627781e-01	3.397701e-01	6.769828e-01
6.411970e-01	6.049938e-01	1.128337e-01	3.181362e-01	1.488148e-01	7.781562e-01	3.807541e-02	9.332954e-01	6.003358e-01	6.364645e-01	-8.710258e-02	6.345020e-01	2.564185e-01	8.209654e-01	4.732761e-02	6.553984e-01	7.489641e-01	7.624392e-01	2.303837e-01	9.154076e-01	3.046173e-01	3.413134e-01	1.144447e-01	6.767842e-01	2.105566e-01	2.861618e-01	4.780796e-01	2.627300e-01	6.395382e-01	1.836705e-01	-2.087013e-01	8.456948e-01	4.488049e-01	5.574298e-01	3.021067e-02	-3.857141e-01	1.653325e-01	1.864309e-01	4.436796e-01	1.977321e-01
5.646736e-02	7.555454e-01	-4.911632e-01	4.783176e-01	7.128738e-01	1.227516e+00	-5.893491e-02	5.734989e-02	4.944742e-02	7.845206e-01	3.407171e-01	-4.843803e-01	5.033482e-01	4.983746e-01	8.669637e-01	1.269320e+00	-1.210766e-01	2.567242e-01	1.824069e-01	-1.301236e-01	1.333085e-01	-3.366403e-01	5.129692e-01	1.344087e-01	6.517270e-01	2.089145e-01	-4.448288e-01	-3.303187e-02	7.225837e-01	-7.634939e-02	5.801940e-01	1.366085e+00	1.253198e+00	7.935866e-01	-4.995995e-02	-2.916328e-01	2.642658e-01	-3.303781e-01	1.336937e+00	1.280403e-01
2.839745e-01	5.858236e-01	1.755780e-01	1.959233e-01	-4.637425e-02	5.328651e-01	8.476831e-01	7.946604e-01	3.615324e-01	8.051978e-01	6.692759e-01	3.649045e-01	4.188362e-01	4.607534e-01	3.523116e-01	6.193589e-01	3.450780e-01	5.398095e-01	5.277655e-01	7.608039e-01	4.838463e-01	2.438860e-01	1.939700e-01	4.262608e-01	8.163135e-01	6.607950e-01	3.264467e-01	6.316703e-01	5.260329e-01	6.603696e-01	1.847792e-01	2.251505e-01	1.092233e-01	4.788890e-01	3.371557e-01	8.513563e-01	3.481420e-01	4.138935e-01	1.555308e-01	7.701691e-01
3.344250e-01	5.659168e-01	2.045657e-02	-2.535604e-02	5.524176e-01	7.839543e-01	5.564617e-01	7.355388e-01	5.517640e-01	4.628524e-01	5.454464e-01	8.004685e-01	5.072174e-01	2.632336e-01	4.421425e-01	1.175401e-01	3.489910e-01	-3.785775e-01	4.582969e-01	9.297469e-01	2.484463e-01	9.124645e-01	6.067417e-01	4.231519e-01	2.910399e-01	6.309982e-01	7.228329e-01	1.044150e+00	7.023095e-01	3.613777e-01	-1.674591e-01	4.767264e-01	5.568651e-01	6.042531e-01	4.045706e-01	6.798023e-01	5.460446e-01	5.447272e-01	1.622521e-01	-4.115645e-02
-1.185839e-01	4.078863e-01	4.943144e-01	1.931050e-01	3.739324e-01	9.593491e-01	2.294506e-01	5.539649e-01	6.825766e-02	2.842847e-01	1.666594e-01	5.897125e-01	5.777079e-03	5.938888e-01	2.923714e-01	9.468980e-01	5.569237e-01	2.985667e-01	6.453616e-01	4.142907e-01	8.324766e-01	5.758649e-01	7.779079e-01	2.523493e-01	4.175862e-01	2.369033e-01	6.951144e-01	2.955561e-01	7.457237e-01	1.364498e-01	6.972829e-01	7.645121e-01	6.119676e-01	5.076656e-01	1.910899e-01	6.481185e-01	3.062314e-01	2.796370e-01	4.016913e-01	7.418263e-01
3.497390e-01	2.511629e-01	-1.129287e-01	5.237973e-01	5.091435e-01	3.348175e-01	2.545470e-01	9.632679e-02	7.113842e-01	3.353290e-01	4.085478e-01	1.238593e-01	-9.820109e-02	6.894922e-01	2.614745e-01	2.518910e-01	2.504308e-01	5.199355e-01	7.473459e-01	7.769324e-01	6.444558e-01	3.221472e-01	5.871184e-01	2.594409e-01	6.835535e-01	1.633513e-01	1.136982e-01	3.671529e-01	5.992063e-01	-2.196348e-01	1.041221e+00	9.238703e-02	6.570594e-01	5.330745e-01	7.174670e-01	4.220061e-01	1.672180e-01	-3.804922e-03	2.864082e-01	5.560010e-01
4.486813e-01	4.202228e-01	2.698941e-01	5.073667e-01	1.124015e-01	5.865314e-01	3.590395e-01	5.147485e-01	2.142502e-01	5.776854e-01	5.837008e-01	4.523993e-01	1.471665e-01	5.645046e-01	3.892805e-01	7.825887e-01	2.678407e-01	5.412529e-01	3.694920e-01	7.044995e-01	6.752365e-01	3.643935e-01	6.039346e-01	5.014028e-01	7.838989e-01	8.370553e-01	3.494881e-01	7.865662e-01	3.043791e-01	6.855459e-01	2.779410e-01	3.075760e-01	3.254535e-01	5.280371e-01	2.898406e-01	8.161652e-01	2.742978e-01	3.825443e-01	9.088220e-02	4.970377e-01
4.214924e-01	4.991398e-01	4.509964e-02	4.607664e-02	1.465435e-01	1.029841e+00	4.884573e-01	7.412850e-01	1.503835e-01	4.713297e-01	4.578539e-01	6.676747e-01	1.066690e-01	2.152993e-01	6.102271e-01	6.286754e-01	5.423297e-01	4.245743e-01	4.268245e-01	2.520368e-01	1.720336e-01	1.834173e-01	9.439768e-02	2.119485e-01	6.972599e-01	2.580096e-01	4.750611e-01	8.561455e-01	5.893283e-01	7.685457e-01	4.413977e-01	2.691838e-01	2.846011e-01	6.060624e-01	7.470377e-02	7.490577e-01	1.774603e-01	6.808531e-01	-2.271493e-01	5.536292e-01
7.594269e-01	2.091930e-02	7.269671e-02	1.900908e-01	1.671650e-01	6.924297e-01	2.188907e-01	4.685311e-01	5.346987e-01	5.520139e-01	1.014515e-01	5.797334e-01	5.662743e-01	4.612020e-01	5.590385e-01	4.301988e-01	1.834066e-01	-2.326148e-01	1.931208e-01	5.434860e-01	4.518492e-01	7.199213e-01	6.331183e-01	1.763673e-01	2.354735e-01	4.965481e-01	2.312840e-01	8.235231e-01	7.037360e-01	1.750302e-01	1.133288e-01	5.861871e-01	6.581590e-01	4.453190e-01	6.471068e-01	6.804263e-01	2.019297e-01	3.452272e-01	2.953966e-01	1.212484e-01
7.689254e-01	5.291821e-01	3.557717e-01	5.266620e-01	1.502718e-01	5.405865e-01	3.302965e-01	5.766926e-01	2.075302e-01	5.687470e-01	2.588376e-01	8.268206e-01	2.701684e-01	4.847800e-01	7.194322e-01	4.799896e-01	4.246600e-01	1.947851e-01	1.016240e+00	5.241297e-01	6.391369e-01	8.473071e-01	7.151208e-01	1.727199e-01	1.570783e-01	5.265706e-01	2.873979e-01	2.873283e-01	6.043162e-01	4.701011e-01	3.024499e-01	4.204076e-01	7.836855e-01	4.892572e-01	3.837531e-01	6.965432e-01	4.653280e-01	5.816459e-01	2.534619e-01	5.977444e-01
2.101466e-01	5.810431e-01	6.933809e-01	3.275979e-01	5.635380e-01	8.490889e-01	1.187901e-01	7.015371e-01	1.228709e-01	3.015087e-01	6.365631e-01	6.469577e-01	4.437808e-01	3.374039e-01	2.921178e-01	7.036867e-01	6.285517e-01	1.234436e-01	8.859262e-01	9.771435e-01	2.158836e-01	4.547510e-01	1.012630e+00	3.824550e-01	1.758545e-01	1.329863e-01	3.758372e-01	8.375042e-01	4.354921e-01	-2.258191e-01	3.383175e-01	8.450536e-01	7.563999e-01	6.299614e-01	7.580484e-01	1.929034e-01	5.865649e-02	3.394027e-01	5.066021e-01	7.098580e-01
2.540003e-01	-2.161905e-01	-6.625216e-02	-2.006313e-01	6.150839e-01	6.860236e-01	-5.322789e-01	-3.371916e-01	7.756184e-03	8.363098e-01	1.239489e+00	1.280607e-02	5.639771e-01	-1.791876e-01	1.373635e-01	6.911159e-01	4.290762e-01	5.409720e-01	4.000962e-01	4.205602e-01	-4.132183e-02	-4.355300e-01	4.914370e-01	3.367147e-01	4.289134e-01	1.983202e-01	3.591495e-01	7.689704e-01	8.552878e-01	5.764874e-01	5.835523e-01	3.905381e-01	8.292837e-01	8.261487e-01	-3.292322e-02	9.221621e-01	1.477669e-01	6.611934e-01	5.383556e-01	-8.652347e-02
1.678161e-01	2.801541e-02	3.453776e-01	-7.115652e-01	4.293313e-01	6.110739e-01	-2.270348e-01	9.653138e-01	-7.433966e-02	1.244247e-01	-9.994721e-02	4.636980e-01	5.891843e-01	1.755908e-01	-8.969400e-02	5.780274e-01	1.058781e+00	4.002157e-01	5.729328e-01	6.112518e-01	1.269515e+00	8.742939e-01	5.309861e-01	7.518253e-01	5.442692e-01	4.226336e-01	4.193124e-01	6.719356e-01	6.140076e-01	1.057380e+00	9.173351e-01	9.325767e-01	2.441501e-01	4.112422e-01	3.088804e-01	2.111027e-01	1.700316e-01	9.385938e-01	1.328916e-01	2.282992e-01
-1.825346e-01	4.779214e-01	9.377429e-01	2.057884e-01	4.435208e-01	9.644223e-01	1.144723e+00	6.636784e-01	3.848546e-01	6.589113e-01	4.973047e-01	-3.616304e-01	1.307292e-01	1.382420e-01	-7.409383e-02	-2.516830e-01	-2.896097e-01	4.045533e-02	4.826185e-01	1.142293e+00	5.405720e-01	8.930594e-01	2.958364e-01	-2.296307e-02	1.010427e+00	5.844171e-01	8.571978e-01	6.979697e-01	8.295590e-01	1.119886e-01	1.156680e-01	6.754983e-01	1.758136e+00	-8.044405e-02	6.084202e-01	-2.493556e-01	7.840806e-01	4.946395e-01	7.559356e-01	-8.890494e-01
-9.157240e-03	5.991516e-01	3.886714e-02	4.397173e-01	-2.201644e-02	5.662183e-01	3.972061e-01	5.695507e-01	1.348550e-01	3.524045e-01	4.784023e-01	7.839364e-01	7.570372e-01	5.496254e-01	8.130853e-01	6.193339e-01	3.858385e-01	2.026781e-01	5.199628e-01	6.830742e-01	-3.007414e-01	9.323834e-01	5.348348e-01	7.074636e-01	5.323860e-01	8.235659e-01	6.428886e-01	4.066252e-01	4.622054e-01	1.800897e-01	6.629436e-01	7.374804e-01	1.138258e+00	4.632086e-03	3.979217e-01	9.478421e-01	2.882141e-01	6.609276e-01	6.810293e-01	1.297606e-01
7.116301e-01	-1.231308e-01	6.001685e-01	6.387310e-01	7.755053e-01	1.044440e+00	2.297447e-01	2.657703e-01	5.161850e-01	2.544034e-01	1.236100e+00	1.804581e-01	5.608887e-01	7.124764e-01	3.620035e-01	6.517806e-01	2.168294e-01	8.670491e-01	4.907055e-02	2.943777e-01	4.658713e-01	3.647122e-01	7.305403e-01	6.949788e-01	4.004518e-01	6.256264e-01	1.287468e-01	7.929927e-01	8.373651e-02	8.819510e-01	7.358027e-01	5.880930e-01	1.554375e-01	4.878566e-01	-6.911959e-01	8.525591e-01	5.596160e-01	5.754032e-01	7.682281e-01	2.287783e-01
7.490880e-01	3.049382e-01	2.638733e-01	5.998050e-01	8.076559e-01	3.457847e-01	4.143997e-01	-9.137821e-02	8.573004e-02	8.252792e-01	8.110277e-01	1.337036e-01	1.458544e-01	9.432096e-01	4.543932e-02	1.359541e+00	-2.690579e-01	1.580893e+00	9.405673e-01	-4.579431e-03	5.204603e-01	-2.966143e-01	5.250599e-01	5.386608e-01	4.841223e-01	6.233156e-01	3.291313e-01	8.283663e-01	9.294480e-01	1.625598e-01	5.909534e-01	5.893617e-01	1.127169e+00	-7.717199e-02	4.062033e-01	6.341702e-01	1.510117e-01	4.112751e-01	3.113868e-01	4.199967e-01
8.340188e-02	2.890390e-01	4.029318e-01	2.197730e-01	9.445829e-02	2.135259e-01	-2.277608e-02	4.070633e-01	3.673606e-01	2.580346e-01	7.397877e-01	3.344071e-01	-3.374219e-01	6.007861e-01	1.533329e-01	8.327966e-01	3.979698e-01	4.639330e-01	9.128943e-01	7.364325e-01	5.523058e-01	1.676446e-01	8.958617e-01	5.978322e-01	4.905152e-01	4.895233e-01	5.392508e-01	2.763835e-01	5.585444e-01	2.771273e-01	6.986903e-01	3.516493e-01	5.551083e-01	3.915243e-01	2.862971e-01	4.969800e-01	3.634857e-01	1.279981e-01	1.684065e-02	-9.825979e-02
4.524359e-01	8.836512e-01	-1.658422e-01	4.740111e-02	3.264990e-01	9.129664e-01	6.035115e-02	1.030184e+00	9.367041e-01	7.627150e-01	4.324848e-01	5.916575e-01	4.549944e-01	6.589264e-01	-1.497166e-01	9.189558e-01	9.038342e-01	9.623799e-01	7.310332e-01	-8.331954e-03	7.622563e-01	2.387636e-01	-2.446750e-01	-4.608041e-02	4.909598e-01	-5.830971e-02	4.874067e-01	3.211420e-01	6.271280e-01	1.538842e-01	8.634704e-01	9.960602e-01	4.831834e-01	5.800171e-01	7.154754e-01	-5.240836e-01	6.108064e-01	-7.688896e-02	2.392825e-01	1.683681e-01
-4.141916e-01	2.383636e-01	8.171208e-01	9.244908e-01	8.685163e-01	3.752080e-01	3.730235e-01	7.383769e-01	1.338181e+00	1.009048e+00	1.303007e+00	2.425276e-01	-4.293312e-01	1.542836e+00	-2.210788e-01	2.669172e-01	1.296429e+00	6.419730e-01	7.476263e-01	3.275684e-01	4.818914e-01	5.247027e-01	1.085411e-01	5.444158e-01	1.268278e+00	3.741683e-01	2.409892e-01	2.026882e-01	6.509923e-01	-2.874194e-01	8.201491e-01	2.528482e-01	2.120118e-01	-1.610259e-01	5.105536e-02	4.391260e-01	-3.257323e-01	5.411926e-01	4.054714e-01	1.641045e+00
1.187468e+00	1.731422e-01	-1.240652e-01	3.233476e-01	5.964652e-02	8.147072e-01	-3.959583e-01	-2.659325e-01	2.393992e-01	7.299057e-01	-4.126992e-01	8.855526e-01	6.719598e-01	1.012060e+00	4.286964e-01	7.077517e-01	7.358273e-01	-1.874125e-01	8.123276e-01	3.623076e-01	1.044774e+00	8.677972e-01	7.242575e-01	4.815559e-01	-8.130442e-02	5.724437e-01	-7.564841e-03	4.261485e-01	1.442129e-01	-6.154027e-02	8.969777e-01	-6.037351e-02	1.117528e-01	1.592530e-01	5.119548e-01	4.721926e-01	4.256048e-01	5.385594e-02	2.045143e-01	7.923992e-02
3.503801e-01	3.492736e-01	3.060671e-01	4.293735e-01	2.189492e-01	8.118830e-01	9.871203e-02	2.161445e-01	3.688638e-01	4.732944e-01	3.847545e-01	5.355185e-01	1.827286e-01	4.605062e-01	5.658005e-01	7.677432e-01	4.124795e-01	7.811306e-01	4.564417e-01	6.558562e-01	4.301204e-01	3.379390e-01	6.638266e-01	7.983996e-01	4.625917e-01	7.111314e-01	1.044765e-01	8.271430e-01	1.712714e-01	6.720327e-01	3.492714e-01	4.696294e-01	6.748286e-01	3.151979e-01	4.701230e-01	7.661053e-01	5.131211e-01	4.436127e-01	-6.170566e-02	4.284256e-01
2.754340e-01	7.033318e-01	1.183493e-02	4.559967e-01	4.359241e-01	3.041122e-01	3.467853e-01	1.414132e-01	6.353601e-01	5.050791e-01	2.473121e-01	3.721152e-01	2.305568e-01	8.257923e-01	3.649218e-01	5.960859e-01	2.051305e-01	4.833340e-01	4.767921e-01	6.422448e-01	3.141121e-01	2.178503e-01	5.479641e-01	6.616200e-01	2.962927e-01	4.336617e-01	2.940860e-01	4.136164e-01	5.394951e-01	1.488426e-01	4.270992e-01	3.227036e-01	8.090673e-01	3.385024e-01	4.942894e-01	6.118060e-01	3.567428e-01	2.087616e-01	1.107554e-01	1.069966e+00
1.644868e-01	5.395701e-01	1.753293e-01	-1.419189e-01	1.928514e-01	3.045480e-01	6.753802e-01	9.491128e-01	-3.516328e-02	6.318395e-01	7.110065e-01	2.086642e-01	7.092047e-01	4.002647e-01	5.313714e-01	4.472196e-01	1.446606e-01	5.400941e-01	-1.117785e-01	1.193914e+00	1.026907e+00	4.934970e-01	2.663014e-01	1.946783e-01	9.570354e-01	7.186146e-01	2.941663e-01	5.928068e-01	3.762876e-01	4.528554e-01	3.276737e-01	-5.717667e-02	3.546000e-01	5.106345e-01	4.296784e-01	8.527783e-01	3.434865e-01	3.132396e-01	4.515576e-01	5.287936e-01
1.718010e-01	2.546727e-01	1.288631e-01	1.099597e+00	-1.502744e-01	2.020221e+00	-9.185360e-02	1.037867e+00	4.969451e-01	1.217624e-01	5.845149e-01	5.432952e-01	3.495671e-01	6.323751e-01	1.020557e+00	-1.661318e-01	4.902135e-01	8.444789e-01	5.034623e-01	3.477022e-01	8.776575e-01	4.114600e-01	2.257228e-01	5.003548e-01	7.101670e-01	6.128732e-01	2.937340e-01	-1.297741e-01	8.458641e-01	4.749569e-01	5.852261e-01	-3.603871e-01	1.073308e+00	-6.446294e-02	7.940536e-01	3.383320e-01	6.015892e-01	2.390513e-01	-4.217164e-01	9.242770e-01
2.150939e-01	1.596286e-01	6.075959e-01	7.814237e-02	-3.181303e-01	1.813152e+00	-2.264411e-01	3.335952e-01	-2.455698e-01	-2.761085e-02	1.086151e+00	2.379505e-01	7.021289e-02	2.796422e-01	-3.988303e-01	1.702777e+00	-2.847431e-01	-4.236960e-01	-7.613974e-03	5.358642e-01	1.084069e+00	6.997540e-01	2.937437e-01	1.165752e+00	2.871245e-01	-5.391919e-02	7.714694e-01	1.396690e+00	-1.823234e-01	3.100925e-03	6.496905e-01	5.732221e-03	1.164614e+00	4.312294e-01	1.663458e+00	-4.418488e-01	1.190029e+00	2.482437e-02	-8.204602e-02	1.003505e+00
4.086789e-01	5.580609e-01	3.598656e-01	4.234992e-01	9.044105e-01	5.813073e-01	-9.010556e-02	6.279953e-01	-2.191581e-01	2.466889e-01	1.186306e-01	-1.538758e-01	6.688507e-01	2.054866e-01	-4.923918e-01	1.140421e+00	4.284414e-01	1.207402e+00	5.736452e-01	4.820356e-01	5.504128e-01	2.724140e-01	1.000564e+00	-4.196766e-02	4.442910e-01	5.162680e-01	1.402426e-01	4.298573e-01	6.372102e-01	3.953938e-02	4.761018e-01	1.469405e+00	7.196345e-01	-3.050155e-02	1.331009e-01	5.326496e-01	7.903331e-01	5.379596e-01	1.028572e-01	5.483979e-02
5.636216e-01	4.799262e-01	1.871971e-01	2.354470e-01	3.792105e-01	4.083918e-01	1.011992e-01	2.140235e-01	6.781784e-01	6.743365e-01	5.401358e-01	6.121462e-02	-2.222303e-02	6.577637e-01	2.324328e-01	2.498658e-01	2.571290e-01	2.840673e-01	8.205924e-01	3.735760e-01	5.874271e-01	3.183197e-01	3.905999e-01	3.399756e-01	5.563465e-01	3.981002e-01	9.197022e-02	2.637339e-01	6.213895e-01	2.400072e-01	6.268176e-01	7.929839e-02	6.176681e-01	3.502813e-01	8.253061e-01	5.706271e-01	5.837068e-01	-3.733995e-02	1.344734e-01	6.065834e-01
3.379208e-01	6.022276e-01	1.948521e-01	2.926753e-01	3.896938e-01	6.895783e-01	6.335921e-01	7.885280e-01	2.379175e-01	8.582999e-01	3.601850e-01	6.559979e-01	5.099310e-01	2.479276e-01	5.140240e-01	7.768242e-01	5.078136e-01	6.527003e-01	5.769836e-01	4.855190e-01	2.360828e-01	1.220465e-01	4.106088e-01	5.060693e-01	6.494092e-01	4.277027e-01	4.762658e-01	5.232444e-01	5.615281e-01	6.018492e-01	2.418663e-01	5.233731e-01	4.707299e-01	3.313499e-01	5.224298e-01	6.637286e-01	1.857220e-01	6.534668e-01	3.084619e-01	6.306678e-01
4.867447e-02	4.001641e-01	5.584214e-01	3.552871e-01	4.498143e-01	5.478629e-02	-8.367237e-02	8.449250e-01	4.280219e-01	4.277051e-01	-1.529094e-01	4.250581e-01	1.931398e-01	8.368535e-01	6.432890e-01	1.515279e+00	-1.768666e-01	1.675678e+00	5.424672e-01	-1.526798e-01	-1.981856e-01	3.766813e-01	5.514971e-01	3.361509e-01	4.749410e-01	1.612607e-01	-2.209720e-02	1.011675e+00	1.039912e+00	2.976434e-01	4.075580e-01	9.132169e-01	5.064601e-01	5.991587e-01	5.989580e-01	5.808835e-01	2.538632e-01	6.051644e-01	-1.819028e-01	5.344239e-01
9.915110e-02	4.954690e-01	1.319378e-01	-1.862213e-01	1.263719e-01	1.150699e+00	-1.245905e-01	1.412759e+00	7.212810e-01	3.114749e-01	3.661263e-01	2.385779e-01	1.013064e+00	3.320026e-01	-8.720108e-02	3.260979e-01	3.969447e-02	7.294966e-01	7.011171e-01	4.451804e-01	1.692616e-01	5.958502e-01	5.042654e-01	7.817653e-01	7.229026e-01	3.056062e-01	5.623901e-01	5.769752e-01	5.129650e-01	3.167512e-01	9.702774e-01	1.438842e+00	8.747055e-01	3.832561e-01	7.006295e-01	-5.847672e-01	6.968347e-01	6.759132e-02	4.653095e-01	2.313699e-01
1.846661e-01	7.512757e-01	1.374366e-01	2.007989e-01	-4.846389e-01	8.119703e-01	-1.146421e-01	1.950500e-01	6.615532e-01	6.952764e-01	3.102933e-01	2.140617e-01	1.368241e-01	3.092368e-01	6.725034e-01	4.042058e-01	8.198424e-01	6.098757e-01	1.129633e+00	5.782126e-01	5.789978e-01	-4.620534e-02	-3.157515e-01	5.400647e-01	4.453371e-01	2.800808e-01	2.949139e-01	2.256580e-01	2.876183e-01	8.374410e-01	7.480072e-01	4.208757e-01	1.361917e-01	6.134939e-01	1.778465e-02	7.883301e-01	-3.578727e-02	2.700816e-01	-6.263599e-02	1.034109e+00
8.772878e-01	-2.411768e-01	1.012285e-01	2.228180e-01	6.790451e-02	3.742456e-01	1.051636e-01	8.176645e-01	5.703639e-01	9.214704e-01	1.859939e-01	4.274733e-01	4.348482e-01	6.841024e-01	8.486937e-01	5.228904e-01	3.434867e-01	4.395172e-01	4.586697e-01	6.549907e-01	6.184974e-01	7.013160e-01	1.002256e+00	2.465104e-01	2.943033e-01	7.091263e-01	1.174490e-01	4.398765e-01	7.895379e-01	2.253486e-01	1.434925e-01	3.197402e-01	2.554306e-01	1.028846e-01	6.005282e-01	4.011684e-01	3.931656e-01	4.719549e-01	8.063963e-02	5.872680e-01
3.749152e-01	4.629571e-01	9.767524e-02	-1.604492e-01	-2.419714e-01	8.664187e-01	2.577018e-01	5.482705e-01	2.279188e-01	7.422834e-01	4.303664e-01	3.434858e-01	9.189801e-02	2.684212e-01	7.551952e-01	5.866008e-01	7.965523e-02	5.337770e-01	4.977348e-01	5.717700e-01	1.851489e-01	3.294023e-01	2.087443e-01	5.295340e-01	3.797191e-01	3.920136e-01	5.158657e-01	6.438556e-01	6.508003e-01	5.891586e-01	7.368636e-01	6.037981e-01	2.241508e-01	4.953845e-01	3.538074e-02	7.595462e-01	2.956058e-01	2.425301e-01	1.771435e-02	6.218011e-01
-1.237831e-02	4.814834e-01	1.578951e-01	6.301705e-01	6.810818e-01	5.317867e-01	3.419695e-01	2.380267e-01	5.233875e-01	3.532455e-01	1.993991e-01	4.306242e-01	4.237287e-01	6.412642e-01	3.838714e-01	1.267197e+00	2.569770e-01	-2.516950e-01	6.912680e-01	8.574536e-03	3.742797e-01	-1.883475e-02	3.030812e-01	3.427579e-01	4.048127e-01	3.096901e-01	4.771401e-01	8.821092e-02	4.393025e-01	2.985657e-01	4.235207e-01	7.142889e-01	4.515889e-01	6.662121e-01	1.211346e-01	7.283873e-01	8.524066e-01	6.311266e-02	5.811203e-01	4.502872e-01
7.393011e-01	-3.145657e-01	7.266177e-02	4.018607e-01	-2.676305e-01	3.389617e-01	6.088372e-01	6.905934e-01	1.920819e-01	4.437400e-01	-1.687137e-01	6.008107e-01	9.212174e-01	7.459835e-01	-4.215031e-03	5.978194e-01	1.196383e+00	-1.165101e-01	4.361180e-01	6.666123e-01	1.256566e+00	6.581527e-01	2.873058e-01	3.196302e-01	8.945147e-01	7.482523e-01	7.577886e-01	1.029958e+00	2.069501e-01	5.151904e-01	-6.252143e-02	2.344751e-01	-2.925032e-01	1.831098e-01	7.887680e-01	4.935618e-01	8.634257e-01	5.294657e-01	3.256743e-01	-5.346771e-01
4.032878e-02	9.762569e-01	5.247781e-01	8.047011e-01	5.764202e-01	1.579787e+00	7.822478e-01	6.342731e-01	-1.415438e-01	-2.203413e-01	7.754967e-01	8.463486e-01	2.974675e-01	5.019686e-01	4.273778e-01	8.128072e-01	-3.894544e-02	2.794028e-01	5.164102e-01	5.763068e-01	7.394723e-01	3.152366e-01	1.388904e+00	3.868078e-01	7.009145e-01	2.788933e-01	8.776480e-01	8.458702e-01	4.432403e-01	3.497190e-02	2.348763e-01	6.738894e-01	8.154940e-01	8.195237e-01	6.511707e-01	8.352787e-01	-9.515324e-02	5.067068e-01	6.750400e-01	-1.155271e-01
2.655642e-01	5.473304e-01	2.817549e-01	6.633086e-01	7.298988e-01	-6.611503e-02	9.443805e-01	4.174778e-02	-1.938613e-01	1.075367e+00	9.037895e-01	7.547672e-01	3.912561e-01	7.660811e-02	4.597009e-01	9.105385e-01	-1.110009e-01	2.524120e-01	9.449030e-01	2.503748e-01	-1.071902e-01	1.525048e-02	4.064089e-01	-2.918772e-01	6.864415e-02	1.508147e-01	1.170473e+00	1.015296e+00	1.239354e+00	2.138481e-01	2.616624e-01	7.009063e-01	3.985419e-01	-6.227853e-01	7.561076e-01	3.701449e-01	1.227132e-01	3.808559e-01	3.760809e-01	3.547365e-01
4.281047e-01	2.033252e-01	-1.516966e-01	4.785414e-01	-1.978554e-01	8.037925e-01	5.944068e-01	5.601351e-01	2.200666e-01	1.035662e+00	1.534961e-01	4.431160e-01	4.895048e-01	7.529334e-01	1.105781e-01	4.605405e-01	3.949515e-01	5.896207e-01	5.580368e-01	8.794472e-01	2.202401e-01	-3.317826e-01	3.369429e-01	4.502361e-01	6.766947e-01	9.696314e-01	6.397763e-01	1.085220e-01	6.517615e-01	4.343658e-01	5.265940e-01	1.850009e-01	3.074425e-01	2.352276e-01	1.703294e-01	5.188557e-01	5.150977e-01	5.119385e-01	-1.007491e-02	6.036465e-01
3.866097e-01	7.439018e-01	2.654195e-01	1.518687e-01	4.364159e-01	5.615177e-01	8.274286e-01	9.241621e-01	4.552558e-01	7.276263e-01	5.376250e-01	6.699195e-01	4.823284e-01	3.633480e-01	4.184220e-01	5.655766e-01	3.309773e-01	6.470920e-01	4.107320e-01	7.758944e-01	5.612364e-01	3.618335e-01	2.263944e-01	2.680625e-01	8.272057e-01	2.560158e-01	4.853327e-01	5.935608e-01	2.571670e-01	7.963997e-01	2.209211e-01	1.535561e-01	3.192087e-01	3.589258e-01	5.252532e-01	1.038571e+00	3.314436e-01	5.831980e-01	3.470339e-01	5.725346e-01
4.401327e-01	6.140782e-01	2.989336e-01	1.859348e-01	3.478771e-01	7.822005e-01	6.121415e-01	6.981924e-01	2.579533e-01	1.062245e+00	4.556846e-01	5.949160e-01	5.918448e-01	2.348197e-01	5.535035e-01	5.358497e-01	4.576031e-01	6.502240e-01	5.420355e-01	4.703642e-01	1.796219e-01	2.373029e-01	4.062288e-01	5.131192e-01	6.677661e-01	4.249135e-01	3.897484e-01	4.753483e-01	5.016136e-01	6.860151e-01	3.501925e-01	4.090725e-01	5.202740e-01	2.674341e-01	4.346948e-01	6.571591e-01	2.518596e-01	6.647050e-01	3.728400e-01	5.674203e-01
3.449156e-01	-5.344264e-03	7.436454e-01	7.215138e-01	3.610514e-02	7.580832e-01	-8.942394e-04	-7.390971e-01	3.162755e-01	2.387779e+00	-2.296608e-01	9.359388e-01	-5.781254e-02	9.076910e-01	7.312739e-01	1.310991e+00	7.987075e-01	1.773357e-01	-1.152822e-01	9.365357e-01	1.414589e+00	1.788528e+00	1.850133e-01	3.760922e-01	2.642505e-01	9.490892e-01	1.853186e-01	4.856005e-01	1.956305e-01	2.935347e-01	8.370093e-01	-7.194677e-01	8.854635e-01	4.595817e-01	-2.350449e-02	4.286001e-01	4.199919e-01	3.816649e-02	1.144270e+00	2.775682e-01
1.116867e+00	1.068842e+00	2.134373e-01	9.772531e-02	2.824370e-01	1.044227e+00	2.159209e-01	7.775911e-01	8.850934e-01	1.173693e+00	1.192834e-01	1.236467e+00	7.990379e-01	3.623245e-01	-2.320132e-01	1.667489e-01	5.337827e-01	7.817903e-01	1.105825e+00	-1.799667e-01	8.285758e-01	3.874338e-01	-4.879364e-01	1.515903e-02	9.138101e-02	2.348331e-01	1.939556e-01	1.087435e-01	5.332526e-01	6.774769e-01	8.580466e-01	8.477216e-01	5.556644e-01	5.436592e-01	6.177891e-01	-8.540709e-01	5.831526e-01	7.139565e-02	2.196088e-01	4.803885e-01
4.897754e-01	2.596455e-02	6.115354e-01	5.365233e-01	1.604505e-01	4.609478e-01	4.481888e-01	5.708309e-01	4.990998e-01	4.059381e-01	7.194702e-01	4.332239e-01	2.043960e-01	5.530024e-01	-9.983921e-02	8.118309e-01	8.554009e-01	6.939721e-01	9.565729e-01	8.336919e-01	4.095247e-02	5.022537e-01	6.682002e-01	4.809717e-01	5.187634e-01	1.862963e-02	6.765071e-01	3.975372e-01	3.609112e-01	-7.429221e-03	4.192043e-01	5.323927e-01	3.349259e-01	4.397620e-01	7.610479e-02	7.330696e-01	4.563683e-01	2.851790e-01	4.810751e-02	-9.484586e-02
-4.236194e-01	2.413493e-01	4.109144e-01	4.221232e-01	7.384678e-01	1.275597e+00	3.291279e-01	7.359783e-01	2.800937e-01	7.393000e-01	5.826841e-01	4.332236e-01	4.248414e-01	5.925147e-01	6.358530e-01	7.686869e-01	1.092188e+00	2.933140e-01	1.050085e+00	5.573160e-01	8.639160e-01	6.998503e-01	1.727509e-01	3.375758e-01	2.776466e-02	3.501578e-01	-4.825693e-02	6.659581e-01	3.164095e-01	2.849577e-01	2.885644e-01	1.065788e+00	-5.055414e-01	2.183169e-01	7.321918e-01	1.086057e+00	8.254796e-01	6.598651e-03	2.933664e-01	5.546982e-01
2.248998e-01	6.956894e-01	3.119666e-01	3.010513e-01	4.257468e-01	4.770553e-01	1.413621e-03	1.552567e-01	9.324953e-01	6.979647e-01	2.835540e-01	-1.578939e-01	1.128753e-01	4.738892e-01	4.822532e-01	2.907037e-01	5.256758e-01	4.765003e-01	6.247782e-01	3.538368e-01	4.227178e-01	2.213470e-01	2.446674e-01	2.956481e-01	5.473915e-01	3.691697e-01	9.063489e-02	3.762483e-01	4.663097e-01	1.753161e-01	6.729382e-01	1.770889e-01	5.903988e-01	1.383426e-01	4.930970e-01	5.913394e-01	2.383112e-01	5.728295e-02	3.588215e-01	7.910759e-01
3.358703e-01	5.491918e-01	-5.690237e-02	7.448402e-01	5.617617e-01	1.113556e+00	8.009861e-01	9.105446e-01	-3.731573e-01	-3.251928e-01	4.269482e-01	2.688454e-01	-5.023591e-01	6.638724e-01	1.154619e+00	5.266423e-01	-1.786004e-01	-6.228941e-01	6.012889e-01	4.867173e-01	-9.906634e-02	2.605078e-02	4.821698e-01	-1.785810e-01	3.451923e-01	-6.101245e-01	5.739843e-01	-3.866639e-01	8.561840e-01	1.935772e-01	5.525125e-01	7.209745e-01	8.235767e-01	9.952786e-01	-8.836693e-01	7.323222e-01	5.346015e-01	-1.028467e+00	1.096851e+00	-1.020627e-01
4.379319e-01	-6.168062e-02	5.210924e-01	6.361053e-01	5.981440e-01	7.722354e-01	-1.291694e-01	2.999420e-01	6.567614e-01	5.123572e-01	7.527575e-01	-3.534519e-02	5.446038e-01	5.238334e-01	6.024591e-01	8.395141e-01	1.178390e-01	6.566658e-01	1.672837e-01	3.055780e-01	5.127384e-01	4.696020e-01	1.046456e+00	4.906625e-01	3.553119e-01	6.982929e-01	2.622331e-01	7.782373e-01	3.234651e-01	1.027927e+00	9.348008e-01	1.783154e-01	-4.776669e-02	6.208591e-01	-5.254909e-01	6.749607e-01	6.043664e-01	5.957515e-01	5.570746e-01	3.035097e-01
3.387552e-01	1.577004e-01	6.905137e-01	2.666935e-01	4.348944e-01	2.615184e-01	3.063715e-01	4.298833e-01	4.516920e-01	6.515698e-01	5.098107e-01	5.942316e-02	6.545198e-02	5.550523e-01	1.178944e-01	5.922864e-01	7.226577e-01	6.601394e-01	8.181099e-01	5.071664e-01	4.007300e-01	2.253772e-01	6.421750e-01	1.063591e-01	5.203751e-01	3.931632e-01	4.842029e-01	3.532407e-01	6.260323e-01	9.314957e-02	6.996581e-01	4.790848e-01	5.602267e-01	5.622163e-01	1.412942e-01	6.579834e-01	5.373960e-01	-2.187396e-02	3.448450e-01	5.024206e-02
3.424417e-01	3.186574e-01	1.205382e-01	6.210313e-01	8.303448e-02	7.690499e-01	2.365797e-01	3.090804e-01	3.665452e-01	3.316545e-01	3.966863e-01	5.483951e-01	2.512624e-01	5.330489e-01	4.587483e-01	7.108015e-01	5.086826e-01	5.706892e-01	3.356712e-01	8.066362e-01	5.226204e-01	4.009044e-01	6.342732e-01	8.075557e-01	7.425269e-01	6.011891e-01	1.422599e-01	5.895978e-01	1.906920e-01	6.349423e-01	4.056777e-01	4.195322e-01	5.918859e-01	4.519000e-01	6.744818e-01	8.393063e-01	4.863534e-01	3.959930e-01	-1.351196e-01	3.163954e-01
4.563972e-01	5.228590e-01	1.182523e-02	1.346404e-01	1.076780e-01	8.185127e-01	5.206429e-01	7.093907e-01	5.760375e-02	8.066107e-01	3.914713e-01	5.956021e-01	3.690556e-01	4.618041e-01	4.396171e-01	6.672618e-01	4.461925e-01	6.553522e-01	4.338489e-01	5.880099e-01	3.939668e-01	1.104402e-01	4.818487e-01	3.206517e-01	6.487292e-01	7.296029e-01	4.993205e-01	5.316156e-01	5.473282e-01	5.966829e-01	3.697368e-01	3.816799e-01	2.790644e-01	4.029782e-01	3.244257e-01	6.659569e-01	2.132692e-01	5.705630e-01	1.434754e-01	4.767852e-01
-5.220307e-02	5.569245e-01	1.157671e-01	8.401017e-01	4.484406e-01	7.459280e-01	3.048230e-01	4.171865e-01	-1.874962e-01	3.268753e-01	3.196684e-01	4.232400e-01	4.014464e-01	7.082673e-01	6.437342e-01	1.213108e+00	5.675695e-01	-8.369024e-01	9.946326e-01	1.147713e-01	5.676508e-01	-6.141284e-03	3.546374e-01	5.372182e-01	4.784282e-01	2.455122e-01	2.202270e-01	2.823843e-01	4.421869e-01	3.233882e-01	-6.382377e-03	2.631459e-01	9.270928e-01	8.980609e-01	2.113429e-01	8.573973e-01	4.953600e-01	-1.343196e-02	8.043247e-01	1.752003e-01
6.441129e-01	2.613594e-01	4.778955e-01	1.004863e+00	6.585634e-01	2.047935e-01	2.508175e-01	-3.333811e-01	1.200224e-01	1.021717e+00	9.152357e-01	-5.040384e-01	2.871626e-01	7.152321e-01	1.518588e-01	1.942771e-01	1.155423e+00	-9.533934e-02	1.013859e+00	1.590836e+00	6.608193e-01	9.573954e-01	1.303569e+00	-5.975044e-01	-1.698605e-01	3.178572e-01	1.949358e-01	3.475690e-01	3.481582e-01	8.095080e-01	4.595803e-02	2.500720e-01	6.279933e-01	9.443644e-01	-2.788416e-01	1.429638e+00	-8.551430e-02	4.642160e-03	-1.954224e-01	2.903265e-01
2.989334e-01	8.387715e-01	-1.725208e-01	2.417338e-01	3.300118e-01	9.745390e-01	6.101176e-01	7.119223e-01	2.026099e-01	6.794460e-01	4.034793e-01	9.763053e-01	2.824708e-01	2.822013e-01	7.410379e-01	4.272792e-01	3.270409e-01	5.595787e-01	4.642937e-01	5.812141e-01	5.125094e-01	5.639748e-01	5.325940e-01	5.598274e-01	5.442114e-01	4.360079e-01	5.023764e-01	5.128526e-01	3.792487e-01	8.967559e-01	2.555369e-01	3.679198e-01	1.222610e-01	5.142481e-01	4.182265e-01	1.034525e+00	1.985122e-01	7.861659e-01	4.338336e-01	3.791419e-01
-6.730579e-02	6.410014e-01	2.160728e-01	5.642697e-01	5.641513e-01	8.957985e-01	7.554324e-02	4.114125e-01	2.340613e-02	3.790440e-01	3.190468e-01	3.447459e-01	2.409173e-01	8.863667e-01	3.521656e-01	1.391217e+00	4.350064e-01	-3.557771e-01	7.545072e-01	5.146077e-02	6.880643e-01	5.561330e-02	4.638588e-01	5.616965e-01	5.267038e-01	4.335137e-01	7.913373e-02	2.035588e-01	3.891125e-01	2.155628e-01	2.770697e-01	6.943798e-01	9.653415e-01	6.643854e-01	1.360852e-01	5.192433e-01	6.949582e-01	9.380728e-02	6.526891e-01	4.333813e-01
2.550192e-01	6.411518e-01	-5.172119e-02	1.750800e-01	1.890826e-01	6.131520e-01	2.257896e-01	3.598908e-01	4.610288e-01	7.716750e-01	3.685273e-01	1.408206e-01	5.719160e-01	4.163214e-01	-2.405884e-02	4.503116e-01	6.269741e-01	8.585748e-01	5.967359e-01	4.686465e-01	3.959310e-01	2.226243e-01	2.724260e-01	3.534438e-01	1.118942e+00	6.871330e-01	6.199694e-01	5.693386e-01	6.424406e-01	5.587406e-01	3.778273e-01	3.207475e-01	4.252918e-01	1.509437e-01	2.050300e-01	8.035640e-01	5.422463e-01	8.322195e-01	1.592227e-01	6.135068e-01
3.815774e-01	3.759305e-01	1.975319e-01	4.946813e-01	2.068537e-01	7.996647e-01	2.922997e-01	4.666647e-01	2.209446e-01	6.156490e-01	4.317730e-01	4.636467e-01	1.768032e-01	6.472239e-01	4.288210e-01	6.324065e-01	5.154410e-01	6.106367e-01	4.406167e-01	9.390035e-01	6.133749e-01	4.205922e-01	6.023289e-01	7.665515e-01	7.405361e-01	4.746080e-01	1.913653e-01	6.483110e-01	5.284857e-01	7.472275e-01	5.998508e-01	3.094615e-01	4.295543e-01	5.370303e-01	4.990501e-01	8.377749e-01	4.599161e-01	4.631267e-01	-2.263232e-02	4.562644e-01
1.247146e-01	2.877076e-01	-1.272613e-02	5.315469e-01	-9.491288e-02	9.749207e-01	2.817888e-01	3.170111e-01	4.158041e-01	3.449832e-01	6.081125e-01	4.761109e-01	2.962571e-01	4.762132e-01	5.862934e-01	5.063677e-01	4.675907e-01	6.321251e-01	1.803682e-01	7.003290e-01	6.900608e-01	4.328541e-01	7.787902e-01	7.439491e-01	8.824928e-01	8.060126e-01	-3.363924e-02	5.251882e-01	2.683906e-01	7.354679e-01	3.492233e-01	3.332647e-01	4.730799e-01	2.515949e-01	4.022286e-01	8.812238e-01	5.283304e-01	4.329707e-01	-1.696176e-01	4.113456e-01
5.309819e-01	1.582031e-01	-2.748157e-01	2.681021e-01	4.198301e-01	5.500273e-01	-3.510597e-01	4.137514e-01	1.913977e-01	8.187715e-01	-3.616674e-01	4.613229e-01	4.378959e-01	1.907731e-01	-1.597770e-02	9.036956e-01	3.806366e-01	5.255737e-01	4.149683e-01	6.030045e-01	2.427187e-01	5.775707e-01	1.177204e+00	2.126704e-02	3.932181e-01	7.377108e-01	8.385426e-01	4.913100e-01	1.582625e+00	3.254694e-01	-4.883201e-02	4.048267e-01	3.785443e-01	7.030107e-01	9.630894e-01	8.173767e-01	7.902617e-01	6.884780e-01	7.554831e-01	5.024878e-01
3.650029e-01	6.742549e-01	2.730211e-01	2.218442e-01	3.935206e-01	7.684873e-01	5.917412e-01	7.382436e-01	3.147390e-01	9.639190e-01	4.780145e-01	6.753008e-01	6.315929e-01	1.411870e-01	4.995509e-01	5.771194e-01	4.257886e-01	5.292499e-01	5.663653e-01	4.969893e-01	2.139092e-01	1.069165e-01	3.682225e-01	5.135084e-01	6.696100e-01	3.191526e-01	3.465110e-01	5.341063e-01	5.480444e-01	6.512989e-01	2.109961e-01	3.728674e-01	4.691637e-01	3.657917e-01	5.333870e-01	6.533507e-01	2.013016e-01	6.107067e-01	3.240944e-01	5.641688e-01
2.545638e-01	2.943035e-01	3.015545e-01	-3.109599e-01	6.527378e-01	5.938354e-01	-1.701025e-01	-1.296850e-03	4.375135e-01	5.277292e-01	8.251578e-01	4.639359e-01	3.052496e-01	-1.019595e-02	4.993275e-01	2.691292e-01	5.663906e-01	3.828897e-01	1.475468e-01	2.654148e-01	2.320843e-01	4.530586e-01	3.654850e-01	4.154044e-01	1.848907e-01	3.913241e-01	3.006235e-01	8.958100e-01	5.175701e-01	8.259486e-01	6.140971e-01	4.236472e-01	3.255634e-01	3.720406e-01	2.788074e-01	4.251484e-01	4.317027e-01	6.700801e-01	4.140248e-01	2.894252e-01
1.046700e+00	6.223705e-01	7.026584e-01	-1.915307e-01	4.208327e-02	-1.033667e-01	5.181060e-01	2.077673e-01	9.215394e-01	8.710398e-01	7.682543e-01	2.120176e-01	4.637453e-01	4.337876e-01	-7.690383e-02	-1.247051e-02	5.516242e-01	6.628046e-01	3.413770e-01	4.569661e-01	1.038528e+00	2.102492e-01	7.117572e-02	-1.607345e-01	6.358907e-01	4.047732e-01	-1.316098e-02	-1.833365e-01	1.000978e+00	5.677815e-01	9.155885e-01	-3.164284e-01	3.264835e-01	6.448166e-01	5.101199e-01	1.117441e+00	1.029576e+00	1.152513e+00	1.028360e-01	4.747221e-01
1.741965e-01	2.096730e-01	4.621290e-01	2.206358e-01	8.213118e-02	3.414537e-01	5.258737e-01	3.770566e-01	4.770737e-01	5.402167e-01	7.169087e-01	5.288757e-02	3.751457e-02	6.564180e-01	2.674710e-01	1.176080e+00	4.852386e-01	3.700403e-01	7.579501e-01	4.351079e-01	1.999451e-01	1.835510e-01	5.016240e-01	2.180788e-01	6.401248e-01	3.113980e-01	3.876815e-01	5.540998e-01	4.263744e-01	2.538368e-01	5.030565e-01	4.861492e-01	5.966816e-01	3.963592e-01	3.513096e-01	6.525949e-01	6.309437e-01	2.518383e-01	-1.551550e-01	-2.378721e-01
5.432179e-01	5.896308e-01	7.812164e-02	7.708808e-02	3.701038e-02	4.781452e-01	8.253395e-01	6.448472e-01	3.206473e-01	8.091700e-01	7.417258e-01	3.620942e-01	6.091582e-01	3.057596e-01	3.417821e-01	5.825710e-01	3.951781e-01	6.304809e-01	5.185722e-01	6.052465e-01	5.326938e-01	2.163897e-01	3.697766e-01	5.614159e-02	7.743757e-01	5.821037e-01	2.902882e-01	8.008171e-01	4.601819e-01	5.872833e-01	-3.701379e-02	2.012574e-01	4.708689e-01	2.041049e-01	2.047334e-01	6.396971e-01	2.878974e-01	3.101825e-01	-8.977332e-02	9.421667e-01
-1.053085e-01	3.959606e-01	8.228960e-01	4.264310e-01	8.259814e-01	1.055656e+00	4.604398e-01	6.147646e-01	-2.551066e-01	2.563683e-01	5.929278e-02	2.254575e-01	1.005091e-01	3.693092e-01	2.531894e-01	7.063789e-01	6.620737e-01	2.089323e-01	5.646939e-01	4.973041e-01	9.175848e-01	4.561431e-01	8.859344e-01	4.531528e-01	4.377890e-01	-1.392392e-01	7.224935e-01	1.552080e-01	1.181991e+00	2.274592e-01	7.951616e-01	2.781234e-01	8.357075e-01	2.965518e-01	8.826329e-02	8.947874e-01	5.579236e-01	3.651118e-01	2.905487e-01	3.808648e-01
5.275190e-01	4.167903e-01	4.241959e-02	2.387902e-02	-3.376457e-01	6.928293e-01	3.322805e-01	4.331979e-01	2.917127e-01	7.262762e-01	4.223079e-01	3.117278e-01	-1.760890e-02	3.604092e-01	7.083655e-01	6.089610e-01	2.762650e-01	4.483191e-01	5.269692e-01	6.756902e-01	1.184193e-01	2.370901e-01	1.395254e-01	3.991728e-01	6.399731e-01	6.364913e-01	5.430296e-01	5.780740e-01	8.181024e-01	5.194205e-01	8.708997e-01	4.084780e-01	8.238571e-02	3.898146e-01	-2.118074e-03	7.449577e-01	4.346802e-01	3.365013e-01	9.715566e-03	5.476229e-01
1.677911e-01	6.712945e-01	1.085892e+00	8.680311e-01	1.162546e+00	1.493768e+00	5.211970e-01	5.455050e-01	-5.990679e-01	1.160539e+00	5.954248e-01	2.329997e-01	9.435991e-01	7.426252e-01	-7.837988e-02	8.818313e-01	8.451536e-01	-8.872626e-01	7.232396e-01	7.543146e-01	1.531419e-01	2.777658e-01	1.244728e+00	-1.710829e-01	2.426533e-01	9.124011e-01	-1.878779e-01	3.979107e-01	4.152712e-01	1.308741e+00	5.971718e-01	1.228919e-01	5.105656e-01	1.209275e-01	1.072088e+00	2.606115e-01	9.176233e-01	4.498816e-01	3.199290e-01	1.960719e-01
4.837385e-01	7.230328e-02	2.953890e-01	-3.358807e-01	-2.835318e-02	4.932040e-01	-1.529335e-02	2.038483e-02	2.182113e-02	8.703008e-01	4.658505e-01	5.707602e-02	6.461257e-01	2.924728e-01	8.671491e-02	5.077116e-01	8.632094e-01	5.078816e-01	3.555752e-01	-2.917953e-02	2.446865e-01	4.557115e-01	3.043068e-01	3.837463e-01	7.506566e-01	6.173148e-01	4.101985e-01	7.371105e-01	8.524011e-01	1.578203e-01	4.299865e-01	1.003806e+00	3.246718e-01	6.754186e-01	7.983709e-01	1.062839e-01	7.509137e-01	5.703139e-01	2.905908e-01	6.442429e-01
1.166869e-01	2.605638e-01	2.535794e-01	7.634265e-01	1.646094e-01	3.350771e-01	-3.073066e-02	1.648305e-02	4.849440e-01	4.643333e-01	2.393868e-01	-8.278659e-02	8.851270e-02	9.704461e-01	4.618415e-01	5.677392e-01	-2.891093e-01	4.632189e-01	2.830746e-01	1.117922e+00	4.641498e-01	1.997408e-01	5.983098e-01	7.647061e-01	5.931882e-01	3.283217e-01	2.507116e-01	5.435131e-01	1.232763e-01	3.276132e-01	2.417939e-01	1.938097e-01	1.024804e+00	4.439263e-01	4.655230e-02	5.185947e-01	2.009179e-01	9.946877e-02	-9.045029e-02	8.890513e-01
1.132036e+00	9.748012e-01	1.733168e-01	4.201461e-01	-1.347765e-02	1.122747e+00	1.121666e-01	4.538353e-01	6.561653e-01	6.479407e-03	4.813302e-01	6.490105e-01	-1.861875e-01	1.209470e+00	1.372845e-01	4.910926e-01	-1.249839e-01	1.040628e+00	5.487878e-01	2.163368e-01	7.412277e-01	6.770657e-01	1.293231e-03	9.858022e-01	8.705658e-02	-2.256774e-01	2.012036e-01	-6.343145e-01	4.278835e-01	2.014958e-01	7.343645e-01	4.564326e-01	1.220857e+00	1.625813e+00	1.138977e+00	-1.165394e+00	7.961563e-01	-1.872742e-01	5.610098e-01	3.533707e-01
1.149113e-01	5.486997e-01	2.808916e-01	3.015212e-01	4.540756e-01	4.760229e-01	2.640364e-01	8.098489e-02	6.068639e-01	5.009395e-01	-1.373433e-01	6.258974e-01	7.759152e-01	7.748004e-01	7.108270e-01	8.874132e-01	-3.531721e-01	1.038244e+00	8.682002e-01	-4.967509e-02	-5.200960e-02	1.705264e-01	7.614387e-01	2.284169e-01	7.006744e-01	5.919703e-01	-1.687093e-01	6.370493e-01	8.208488e-01	3.938144e-01	3.883287e-01	1.060022e+00	6.741706e-01	7.003510e-01	3.823091e-01	4.052827e-01	2.993305e-01	2.142669e-01	3.398433e-01	2.930172e-01
6.143798e-01	2.985786e-01	4.829252e-01	5.541112e-01	2.423930e-01	8.630893e-01	3.559966e-01	1.043470e+00	1.113117e+00	6.200782e-01	4.505419e-01	6.031608e-01	4.347430e-01	1.114551e+00	6.168032e-01	6.015949e-01	6.358167e-01	6.040153e-01	6.067810e-01	-3.244990e-01	8.369765e-01	5.090910e-02	1.630915e-01	8.243277e-01	8.959168e-01	4.674439e-01	2.389613e-02	2.516426e-01	7.199522e-01	3.236522e-01	5.194758e-01	4.003915e-01	7.664300e-01	3.407513e-01	7.333101e-01	2.647118e-01	3.216736e-01	-1.558673e-01	2.882049e-01	9.354597e-01
-4.455151e-02	8.052740e-02	7.883875e-01	-5.050627e-02	7.978665e-01	1.038195e+00	9.895266e-01	8.616886e-01	4.859745e-01	2.297519e-01	-4.036556e-02	4.220081e-01	3.711947e-01	2.565948e-01	7.500778e-01	2.581972e-01	1.048815e+00	-9.007091e-02	1.153934e+00	1.353031e+00	9.077857e-01	-8.025310e-01	-1.667652e-01	4.071747e-01	3.697247e-01	5.468216e-01	-3.524457e-01	-2.347151e-01	9.936960e-01	2.711266e-01	2.877218e-01	2.457491e-01	6.250208e-01	2.643808e-01	8.221539e-01	-1.348049e-01	1.731525e+00	3.820878e-01	6.108219e-01	2.626179e-01
1.588824e-01	1.010204e+00	3.314612e-01	1.521269e+00	1.335063e+00	1.054992e-02	-5.298126e-01	-7.864498e-01	1.181026e+00	1.237252e+00	-7.695358e-01	7.171368e-01	6.731935e-01	8.516981e-01	-1.997249e-02	-1.228524e-02	1.269105e+00	-4.979618e-01	1.368678e+00	-5.890467e-01	-7.328616e-02	2.277608e-01	1.590606e+00	2.021930e-01	-1.788618e+00	1.462833e+00	-5.132686e-01	1.381111e-01	3.319526e-01	-1.159805e+00	6.855301e-01	1.415004e+00	1.013529e-01	-7.349046e-02	4.076983e-01	4.245058e-01	1.438392e+00	-3.226187e-01	4.070753e-01	3.626305e-02
-6.120775e-02	5.268326e-01	3.789861e-01	1.070159e+00	8.034171e-01	6.612537e-01	5.516289e-01	8.408135e-01	1.662493e-01	4.255218e-01	3.345106e-01	-1.924416e-01	3.958899e-01	1.656809e-01	4.151853e-01	4.166082e-01	4.092741e-01	4.354583e-02	5.471229e-01	5.754402e-01	7.537580e-01	1.033759e+00	9.139123e-01	6.834673e-02	4.465246e-01	1.502916e-01	6.879145e-01	1.024849e+00	1.108570e+00	1.704455e-01	3.794167e-01	3.778381e-01	4.241360e-01	4.301753e-01	8.117427e-01	7.384202e-01	3.742865e-01	-2.788914e-02	6.685068e-01	2.852027e-01
2.323246e-01	1.638270e-01	5.361520e-01	5.438259e-01	3.512516e-01	3.325646e-01	4.233702e-01	3.454998e-01	4.960752e-01	2.647418e-01	7.172436e-01	3.471268e-01	1.188290e-02	5.895033e-01	1.469465e-01	7.393380e-01	7.065208e-01	5.424533e-01	8.318109e-01	7.450993e-01	4.720210e-01	3.001118e-01	8.744527e-01	3.955857e-01	5.590155e-01	1.330833e-01	5.218645e-01	1.733488e-01	4.043963e-01	1.362924e-01	7.001494e-01	5.774192e-01	5.449381e-01	4.471490e-01	8.412847e-02	6.775276e-01	5.080376e-01	3.354571e-01	5.145749e-02	-1.127138e-02
