6.866059e-01	3.107003e-01	-3.487659e-01	-3.360444e-02	6.817436e-01	1.735681e-01	-5.008513e-01	1.270578e-01	2.816236e-01	7.487292e-01	4.282282e-01	7.121378e-01	4.673076e-01	-2.838979e-01	-1.335911e-01	3.507581e-01	1.997611e-01	-2.506887e-02	2.972967e-01	6.040501e-01	-9.944266e-02	-6.891722e-01	-3.340142e-01	-6.270942e-02	-1.253473e-01	1.007548e-01	4.306147e-01	3.678316e-01	1.748332e-01	-5.825050e-03	-9.795050e-01	4.226178e-01	4.595544e-01	3.207131e-01	1.390484e+00	-9.405760e-01	9.396235e-02	-3.058394e-02	-2.491595e-01	4.324833e-01
9.968221e-01	3.006472e-01	1.146465e-01	-5.699269e-02	-3.166625e-01	3.482626e-01	3.981925e-01	4.377184e-01	-3.539960e-01	4.006458e-01	1.314136e+00	-3.622553e-01	-5.056706e-02	-5.871422e-02	2.722469e-01	7.697552e-01	6.237231e-01	-1.283989e-01	-4.060129e-01	-4.575356e-02	-4.104774e-01	5.130739e-01	-6.687688e-02	2.907542e-01	6.908404e-02	3.594386e-01	1.193563e-01	1.213457e-01	-4.780729e-01	4.490223e-01	2.719897e-01	3.465239e-01	4.105002e-01	-3.544445e-01	7.981100e-01	1.167365e-01	4.326972e-02	6.153458e-01	3.578936e-01	1.200520e-01
6.266441e-01	4.221284e-01	3.149985e-01	2.752872e-01	8.744118e-01	4.442564e-01	3.634826e-02	-7.276520e-02	3.961907e-01	2.411549e-01	-1.443497e-01	9.505020e-01	2.484548e-01	-2.070779e-02	3.294156e-01	1.017948e+00	1.325684e-02	1.105975e-01	1.265804e-01	-2.202395e-01	1.065455e-01	-4.142035e-01	-3.024966e-01	4.203788e-01	3.170288e-02	1.107135e-02	-2.124633e-02	8.024297e-01	1.105124e-01	-5.359171e-01	-3.213987e-01	5.807600e-01	-6.319780e-02	1.279592e-02	3.442612e-01	-1.795101e-01	2.173151e-01	6.631377e-01	-2.983561e-01	1.334604e+00
-2.725630e-01	5.434042e-01	5.907044e-01	7.710677e-01	7.968544e-02	-1.415226e-01	3.825024e-01	-5.946071e-01	-2.539355e-01	2.062811e-01	-1.224231e-01	3.378026e-01	3.538374e-01	3.022040e-02	5.247741e-01	9.313819e-01	-2.997115e-01	5.314613e-02	8.904591e-01	1.531120e-01	2.733776e-01	8.673912e-01	5.916348e-01	-1.458544e-01	-4.495631e-01	1.612304e-01	1.086173e+00	9.643598e-01	-5.820514e-02	1.359874e-01	-6.124546e-01	4.885064e-01	1.030971e+00	-9.061078e-02	6.666762e-01	4.763315e-01	3.381177e-01	6.909813e-01	4.511451e-01	-1.968381e-01
4.757793e-01	7.359697e-02	5.819142e-01	2.357122e-01	8.832808e-01	8.527263e-01	-5.904817e-01	5.290978e-01	-2.877740e-02	1.195680e+00	7.577565e-01	9.282349e-02	3.761592e-01	3.707219e-01	-5.327451e-01	7.440426e-01	2.894233e-01	2.506588e-01	4.654738e-02	1.079094e+00	5.354058e-01	-5.883177e-01	-2.404263e-01	1.368205e-01	2.076423e-01	-1.506910e-01	-4.615635e-02	3.228958e-01	-4.329615e-01	-2.679798e-01	2.363069e-01	-4.516493e-01	1.904100e-01	1.875824e-01	2.331806e-01	1.577240e-01	9.162279e-02	3.825381e-01	4.879984e-01	3.932269e-01
-4.259452e-01	-9.927317e-01	8.401201e-02	-1.562477e-01	5.195169e-01	6.016759e-01	2.593159e-01	-9.483698e-03	1.703486e-01	-3.210368e-01	-1.807269e-01	-3.273666e-03	-1.975927e-01	6.701695e-01	4.386396e-01	9.716809e-01	7.708651e-02	8.387168e-01	-4.871109e-02	4.854249e-01	8.792655e-01	4.288169e-01	6.078678e-01	9.191635e-03	5.417514e-01	4.001703e-01	1.995708e-01	4.864283e-01	4.629305e-01	-1.266807e-01	6.893508e-01	6.877756e-01	2.391816e-01	3.683213e-02	2.559673e-02	-5.639613e-01	-2.428132e-01	1.091400e-01	-6.348582e-02	6.510490e-01
7.278367e-01	1.678693e-01	7.161895e-02	4.137646e-01	2.886444e-02	7.620044e-01	-1.676839e-01	4.901897e-01	-9.050132e-01	3.835718e-01	-1.520862e-03	-2.100718e-01	-6.033979e-02	2.253382e-01	5.329892e-02	1.368314e+00	1.183178e-01	-4.066275e-01	5.535626e-01	1.183778e-01	6.099779e-01	-1.338470e-02	-4.708913e-01	1.663185e-01	9.717772e-03	5.359627e-02	3.798725e-01	1.061805e-01	-2.739723e-01	-2.395855e-01	-8.217266e-02	-1.487752e-01	7.488418e-01	5.024899e-01	6.089937e-01	-2.306146e-01	3.965734e-01	2.872537e-01	1.312314e+00	-1.964179e-01
1.651810e-01	-7.321984e-01	5.344985e-01	1.192353e+00	-4.625879e-01	3.286088e-01	-5.620084e-03	3.527473e-01	5.407477e-01	1.056498e+00	-2.131357e-01	3.354230e-01	-3.960711e-01	-9.840154e-02	1.116724e+00	5.636526e-01	2.446144e-01	1.145966e+00	1.171705e+00	2.772611e-01	-1.551893e-01	9.525873e-01	-2.875396e-02	-3.790639e-01	-9.091928e-01	4.570241e-01	6.027299e-01	1.510114e-01	8.646383e-01	5.101521e-02	5.614551e-01	1.258805e-01	-2.940914e-01	-9.008419e-01	8.120578e-01	-3.129083e-01	-4.264316e-01	3.075351e-01	-2.343562e-01	6.742977e-01
6.995465e-01	-6.504106e-01	-7.416536e-01	1.898653e-01	1.145904e+00	1.237684e+00	-4.148194e-01	-6.236837e-01	7.143789e-01	4.669326e-01	1.750414e-01	1.824282e-01	7.602982e-01	1.942648e-01	6.143590e-01	5.944425e-01	2.530030e-01	2.206902e-01	9.522512e-01	-5.710285e-01	5.562824e-01	4.928063e-01	2.282362e-01	1.371194e+00	-9.749719e-02	-1.065720e-01	-2.045619e-01	6.177802e-01	-3.377713e-01	-1.132630e+00	5.772710e-01	4.094267e-01	8.944000e-01	3.706170e-01	2.485378e-01	-1.756587e-01	-1.694506e-01	-1.478388e-01	1.437843e-01	8.394045e-01
1.088243e-01	2.399332e-01	5.125877e-01	2.171285e-01	1.515864e-01	1.055651e-01	-1.672420e-01	1.468207e-01	-3.039321e-01	-4.078202e-01	-1.039531e+00	3.034948e-01	-3.968160e-01	-5.045757e-01	3.259633e-01	1.144079e+00	-7.452837e-01	-4.720802e-01	-6.217726e-03	-1.334057e-01	6.085444e-03	-8.358390e-01	-3.304557e-02	9.318293e-02	7.315359e-01	8.557877e-02	5.561040e-01	5.427333e-01	2.663896e-01	-6.002683e-01	-6.556339e-01	3.290487e-01	-1.633522e-01	1.159580e-01	1.620969e-01	2.876350e-01	7.596767e-01	1.795380e-01	-3.180308e-01	1.645372e-01
7.854703e-01	4.292121e-01	2.202923e-01	5.402181e-01	4.001124e-02	6.231786e-01	3.604264e-01	3.882500e-01	-1.341532e-02	2.732083e-01	1.016080e-01	-1.194194e-01	-2.047605e-01	4.036569e-01	-5.350067e-01	6.404984e-01	1.223527e-01	-3.457152e-02	-5.583225e-01	3.620183e-01	1.271665e-01	2.260831e-01	-1.765989e-01	1.484939e-01	8.225745e-02	2.845315e-02	-9.381026e-02	2.345786e-01	-5.430917e-01	-9.060751e-02	-1.239676e-01	8.102780e-01	-1.522779e-01	5.650603e-01	4.175207e-01	-7.961573e-02	3.738767e-02	6.601390e-01	9.049576e-01	2.675973e-01
-8.208037e-01	1.897238e-01	-5.389161e-01	-7.429350e-01	-1.102874e-01	9.979320e-01	-6.422583e-01	2.635374e-01	7.847721e-01	8.275553e-01	3.158990e-01	5.269188e-01	2.817528e-01	9.399853e-01	-6.014607e-02	1.310017e+00	7.686001e-01	9.544652e-01	-1.752944e-01	2.832019e-01	-2.906860e-01	6.718615e-01	-2.159839e-01	1.165974e+00	7.902566e-01	1.322502e-01	7.768153e-01	7.336966e-01	8.050211e-01	-3.279596e-01	9.964111e-02	-1.826867e-01	1.501816e+00	-5.125013e-01	-2.857644e-02	-7.191083e-01	9.050278e-01	4.616914e-01	2.919190e-01	-3.919438e-01
1.975287e-01	9.650260e-01	-4.160376e-01	4.925315e-01	4.701655e-01	9.951667e-01	9.062291e-01	-1.039846e-02	-1.353999e-01	4.090760e-01	5.535515e-01	-1.531327e-01	-1.664903e-01	8.845771e-01	2.558216e-01	1.083577e+00	7.057433e-01	-1.006777e-01	-1.155041e-01	6.124505e-01	9.527195e-01	-5.216628e-03	-2.093976e-01	4.275483e-01	5.440443e-01	-3.730284e-01	1.970917e-01	4.921165e-01	1.107630e+00	1.768483e-01	-1.338942e-01	-6.553690e-01	1.267903e+00	-7.044849e-01	8.824121e-01	2.268797e-01	7.489548e-01	-3.409452e-01	2.826301e-01	5.077865e-01
1.294012e+00	9.479234e-01	6.501139e-01	1.038953e+00	6.662562e-01	-3.360864e-02	6.661540e-01	5.327467e-01	-4.316621e-01	-1.419225e-01	1.458322e-01	1.610048e-01	-8.228818e-01	-7.639254e-01	5.480129e-01	2.454071e-01	7.333645e-01	1.377439e-01	7.117340e-01	3.785449e-01	2.314255e-01	-6.366027e-01	7.656112e-01	-4.693205e-01	3.569484e-01	-2.920609e-02	-4.050310e-01	7.034819e-01	-8.401098e-02	8.379745e-01	-1.199037e+00	-3.194344e-01	2.313056e-01	1.937583e-01	1.139503e+00	1.401284e-01	2.943259e-01	-1.378170e+00	4.070121e-01	-3.625869e-01
-3.862768e-01	2.910333e-01	1.448206e-01	-1.864194e-01	6.933062e-01	1.716208e-01	2.000694e-01	-5.668307e-01	2.133525e-01	2.811844e-01	9.963282e-01	7.015503e-01	7.980582e-01	-8.131444e-02	-3.255819e-01	9.751270e-01	6.138518e-01	4.627318e-01	-2.820002e-01	5.580741e-01	7.481474e-01	4.777654e-01	-5.055607e-01	4.822200e-01	-6.639533e-01	2.351798e-01	8.075484e-02	-4.131278e-02	7.798454e-01	4.361481e-01	-8.136336e-01	4.064398e-01	2.944248e-01	-6.802656e-01	1.016486e+00	-3.567918e-01	1.319839e-02	-7.840748e-02	9.693287e-01	5.592319e-01
3.792850e-01	1.189770e+00	9.603386e-02	1.250593e+00	2.885808e-01	2.798057e-01	4.134228e-01	1.064737e-01	1.644027e-01	1.097399e+00	1.637125e-01	7.563684e-01	3.542509e-01	7.257524e-01	9.364119e-01	5.159312e-01	-3.681438e-01	1.226396e-01	6.966572e-02	2.871585e-01	-3.192678e-01	-2.705145e-01	-2.160560e-01	3.947612e-01	-3.175611e-01	-1.763489e-01	6.910064e-01	3.103382e-01	2.759461e-01	-4.452301e-01	-1.669544e-01	-3.343907e-01	1.314072e-01	-6.901301e-01	2.024541e-01	-1.040039e+00	3.075206e-01	7.371977e-01	6.607498e-02	3.053562e-01
-1.440400e-01	1.371992e-01	1.340060e+00	5.631546e-01	4.339202e-01	3.309893e-01	-1.862046e-01	-1.249919e-01	-5.959941e-01	4.127274e-01	1.050008e-01	1.021393e+00	1.359890e+00	-8.475662e-01	3.358132e-01	8.592466e-02	3.757615e-01	5.437930e-01	-1.028896e-01	-2.576992e-01	8.613261e-01	-2.801682e-01	3.380591e-01	2.712941e-01	8.930227e-01	-4.952993e-01	3.826188e-01	1.076467e+00	-5.348103e-01	-1.153403e+00	6.238330e-01	1.595062e-01	6.380516e-01	-3.900470e-01	8.613234e-01	1.324996e-01	-2.019536e-01	-9.328523e-01	4.013840e-02	-9.806660e-01
8.843080e-01	-2.556668e-01	-6.136911e-01	1.971768e-01	5.731255e-01	3.147678e-01	3.983959e-02	-1.010434e-01	2.058082e-01	3.037728e-02	4.069285e-01	-1.439578e-01	9.530732e-01	2.080504e-01	5.782668e-01	1.405210e-01	-1.883008e-01	6.852707e-01	5.724821e-01	-1.546251e-01	6.999316e-01	2.861955e-01	1.259370e-01	2.438403e-01	-2.714978e-01	2.259350e-01	7.324927e-01	5.923885e-01	2.241888e-01	1.477867e-01	3.216719e-02	-1.135844e-02	7.307180e-01	3.887062e-01	6.429347e-01	-2.201603e-01	-3.047595e-01	-6.178446e-01	-2.606751e-02	9.847187e-01
-4.544420e-01	-2.000684e-01	3.298707e-01	6.343184e-01	-1.910261e-01	1.043531e+00	2.051010e-01	-3.178411e-01	-6.025015e-01	6.069899e-01	-3.073590e-03	5.152492e-01	-3.998533e-02	-1.146539e-01	8.008929e-01	3.084518e-01	5.847917e-02	1.256870e-01	7.506336e-01	-2.865394e-01	2.388670e-01	2.817339e-01	8.247784e-01	-1.775772e-01	-2.603967e-01	9.020925e-01	8.902714e-01	5.431064e-01	1.068782e+00	-9.526851e-03	-3.582757e-02	2.844928e-01	9.732451e-02	4.042794e-01	5.380717e-01	3.783484e-01	-1.563466e-01	3.829225e-01	-3.987656e-01	2.265950e-01
-2.893252e-01	1.489826e-01	4.018001e-01	1.425602e-01	-4.334239e-02	4.766338e-01	7.420714e-01	1.147760e-03	-7.804203e-01	5.259950e-01	5.020479e-01	8.716205e-01	-5.646144e-02	5.793219e-02	9.964880e-01	3.946949e-01	4.573240e-01	8.037595e-01	7.243675e-01	-6.159536e-02	-1.880185e-01	6.234200e-01	1.106873e+00	-3.706807e-01	-1.901555e-01	6.675098e-01	5.147375e-01	4.228858e-01	6.820700e-01	-1.092514e-01	-3.408163e-01	4.010626e-01	5.595687e-02	1.906029e-01	1.827829e-01	5.612860e-02	-3.033769e-02	4.076236e-01	-6.953440e-01	7.717147e-01
5.067028e-01	2.059244e-01	2.799647e-01	4.084015e-01	3.919647e-01	7.181542e-01	5.058946e-01	4.777083e-02	-5.402305e-01	4.835677e-01	4.552917e-01	2.073127e-01	7.884927e-02	-1.305759e-01	8.441255e-02	3.966188e-01	8.489946e-01	-5.622121e-02	8.921101e-02	2.164665e-01	3.307476e-01	2.242358e-01	3.575472e-01	2.794716e-02	2.087199e-01	4.364756e-01	7.797277e-02	4.217712e-03	-3.097534e-02	-4.845071e-01	1.411169e-01	6.472492e-01	-4.933743e-02	-2.150358e-01	6.005577e-01	-4.018838e-01	2.239135e-01	-3.998701e-02	-1.194748e-01	-5.540321e-02
4.708020e-01	3.805868e-01	2.616426e-01	2.420687e-01	-1.230483e-01	4.249286e-01	4.931717e-02	4.594884e-01	-9.477959e-02	7.721309e-01	1.268026e-02	-8.995705e-02	4.623771e-01	3.030402e-01	1.011876e-01	7.592717e-01	7.958838e-01	1.722858e-01	-3.004705e-02	5.996797e-01	5.928625e-01	7.617664e-02	3.219754e-01	9.226701e-01	2.315452e-01	-1.733212e-01	-8.505246e-01	2.659237e-02	1.241724e-01	3.080406e-01	1.823491e-01	8.062154e-01	2.711079e-01	1.690696e-01	1.346242e-01	-4.337774e-01	-1.355346e-02	-3.587083e-01	1.517479e-01	7.349728e-01
2.002054e-01	-3.369982e-01	-4.379582e-01	3.840495e-01	1.736228e-01	1.039992e+00	-1.609461e-02	-1.484249e-01	3.485313e-02	-4.605090e-01	5.059247e-01	3.156940e-02	7.398142e-01	-3.005470e-01	2.729836e-01	1.081500e-01	1.299069e+00	6.784640e-01	7.518456e-01	2.195893e-02	2.659481e-01	-4.147168e-01	-6.744402e-01	7.223066e-01	-2.120243e-01	-2.321698e-01	1.093907e-01	8.318742e-01	-2.312132e-01	4.728443e-01	1.036476e-02	1.077636e+00	-6.663351e-01	-9.148571e-02	6.648920e-01	-4.352226e-01	3.142734e-01	-3.157681e-01	-6.030159e-01	3.706877e-01
-9.099986e-01	3.091382e-01	-4.480938e-01	1.625895e-01	7.148586e-01	-3.752516e-01	-2.145660e-01	-1.308214e-01	1.485765e-02	8.536993e-01	-3.583850e-01	3.986231e-01	6.384862e-01	-1.755884e-01	-9.375909e-02	-8.431221e-02	3.728771e-01	3.418919e-01	3.878250e-01	7.241864e-01	1.298426e-01	-2.906098e-01	3.338835e-01	1.778076e-01	6.424736e-01	8.153691e-01	-4.213648e-01	1.191679e+00	7.932960e-01	-1.117743e+00	1.445339e-01	4.312833e-01	5.121805e-01	-7.268555e-01	2.539753e-01	-9.416480e-01	8.322795e-02	6.911276e-01	-4.630639e-01	-6.351230e-01
1.292655e+00	3.530902e-01	1.305085e+00	-8.906312e-01	1.798851e-01	-5.969819e-02	5.453634e-01	1.184230e-02	-4.454859e-02	5.451979e-01	-3.675325e-01	-2.192599e-01	2.268252e-01	-7.043554e-01	3.171231e-01	5.957175e-01	2.089130e-01	1.495248e+00	9.684472e-01	-3.618774e-01	5.422446e-01	-3.692708e-01	2.896011e-01	-6.143441e-01	3.064577e-02	4.204864e-01	-4.919960e-01	-5.233046e-02	-4.679208e-01	7.947234e-01	-2.651080e-01	-3.252705e-01	9.467093e-01	1.132931e-01	4.827102e-02	-6.686887e-01	1.095719e-01	6.307017e-01	6.997075e-01	8.221314e-02
1.667469e-01	3.016557e-01	5.222269e-01	3.369890e-01	3.037949e-02	3.278074e-01	6.371046e-01	9.396261e-02	-5.369487e-01	2.600629e-01	4.046301e-01	-2.553280e-01	1.655771e-01	2.399642e-01	2.884165e-01	1.036919e+00	9.008338e-01	-3.600837e-01	-7.947878e-02	5.870875e-01	3.815628e-01	1.052089e-01	1.129398e-01	3.861566e-02	8.777367e-03	5.025831e-01	-4.828394e-02	-4.362349e-01	4.905215e-02	-4.743565e-02	-3.073113e-01	1.870922e-01	4.033874e-01	3.284159e-01	4.816718e-01	-2.855740e-01	8.326942e-02	2.924425e-01	3.894093e-01	-6.665356e-02
4.934422e-01	5.293569e-01	4.526153e-01	5.985194e-02	2.186000e-01	1.254910e+00	2.200070e-01	6.931328e-01	1.552751e-01	-7.297316e-01	1.882731e-02	1.279134e-01	1.142214e+00	-3.493461e-02	4.620321e-01	8.109450e-01	7.187867e-01	5.414756e-01	-1.925803e-01	1.086125e+00	2.577349e-01	5.654412e-01	1.175550e+00	-6.055634e-01	2.181239e-01	2.981705e-02	-1.583464e-01	4.956098e-01	1.250743e+00	5.498746e-01	-8.725610e-01	1.078769e+00	3.866482e-01	5.968562e-01	6.268529e-01	3.796368e-02	3.635451e-01	1.100962e+00	-3.362002e-01	3.936428e-01
6.560401e-01	-1.663814e-01	2.173348e-01	2.459024e-01	2.929630e-01	5.458127e-01	2.370393e-01	-1.042269e-01	-9.224091e-01	2.951285e-01	5.239344e-01	-8.351623e-01	1.278694e-01	-5.690869e-01	1.551279e-01	4.929858e-01	1.038275e+00	-5.877945e-01	4.180807e-01	-4.848216e-04	4.103452e-01	-1.236470e-01	-5.073083e-01	4.785052e-01	-3.437258e-01	-2.773465e-01	-2.665658e-01	7.558991e-01	-4.373507e-01	6.076670e-01	-2.041983e-02	-1.116558e-01	1.116964e-01	-4.917455e-01	9.893585e-01	-6.266526e-01	1.506876e-01	-9.770834e-02	1.116514e-01	6.477024e-01
7.781086e-01	-2.668443e-01	-1.369888e-01	9.658455e-01	2.606005e-01	4.865460e-01	-8.043091e-01	-2.975590e-01	-1.899664e-01	-6.922741e-01	8.502103e-01	9.816892e-02	4.096146e-01	4.953539e-01	1.076892e+00	-2.367042e-02	1.060233e+00	5.884936e-01	5.644714e-01	-2.532605e-01	-5.322111e-02	4.491919e-01	3.419923e-01	1.632093e-01	1.166230e-01	2.242943e-01	-7.116213e-02	6.795247e-01	6.099303e-01	-5.809236e-02	8.240573e-01	8.094774e-02	4.553035e-01	5.871199e-01	6.385565e-01	-7.056364e-01	-1.374371e-01	-2.254533e-01	1.261647e-01	5.040823e-01
4.012353e-01	4.365978e-01	6.790809e-01	7.997965e-01	1.773969e-01	5.552471e-01	4.583494e-01	-2.895548e-01	8.638146e-01	-2.394092e-02	3.474400e-01	-2.140921e-01	3.095535e-01	2.986299e-01	7.351930e-02	2.026915e-01	4.502561e-01	3.521541e-01	1.803371e-01	-2.222954e-01	6.160002e-01	2.647064e-01	7.027211e-02	6.948394e-01	1.020025e-01	5.462808e-01	-2.694471e-02	-4.752614e-01	-2.216022e-01	1.501676e-01	2.019144e-01	3.093784e-01	3.095691e-01	1.389251e-01	5.864794e-01	-8.554537e-01	1.316161e-01	3.162553e-01	-3.502057e-01	1.546917e-01
1.461066e-01	-3.796745e-01	-8.948290e-01	3.219723e-01	1.360934e-01	8.593316e-01	4.436751e-01	5.400100e-01	-2.599887e-01	7.686531e-01	-4.728132e-01	3.123394e-03	-3.352911e-01	2.840920e-01	1.775669e-01	4.952170e-01	1.172548e-03	1.349149e-02	-4.771877e-01	5.921462e-01	4.515306e-01	-2.201141e-01	2.018219e-01	2.264015e-01	2.801949e-01	-7.117920e-01	3.921377e-02	1.954229e-01	-7.774751e-01	2.021767e-01	2.490775e-01	-2.914790e-02	3.714542e-01	-5.634954e-01	-5.125044e-01	2.492835e-01	-2.389745e-02	-3.641704e-01	6.034351e-02	4.715623e-01
1.928627e-01	4.969456e-01	2.053161e-01	8.152172e-01	-2.542818e-02	7.757440e-01	5.004500e-01	8.574713e-01	2.793209e-01	3.371502e-03	1.422669e-01	-3.980080e-01	-3.657359e-01	7.182053e-01	4.542390e-01	7.319923e-01	1.275110e+00	2.252241e-01	1.565846e-01	-4.482795e-03	5.812316e-01	6.723500e-01	1.416739e-01	3.087281e-01	5.116811e-01	-9.632914e-01	4.713813e-01	1.197810e+00	5.904351e-01	-8.296095e-01	4.649850e-01	1.123778e-01	7.685916e-02	-7.724236e-02	5.865047e-01	5.641287e-01	9.844972e-01	5.784869e-01	-3.139540e-01	-2.534617e-01
3.690307e-01	-3.630459e-01	-1.497607e-01	8.028418e-01	3.110571e-01	6.667369e-01	6.892394e-01	-2.063590e-01	5.435825e-01	8.074322e-01	1.634096e-01	-7.579019e-01	6.732380e-01	1.686843e-01	7.520181e-02	7.320937e-01	4.595037e-01	6.610918e-01	-5.870673e-01	6.476755e-01	3.816258e-01	-1.268932e+00	-5.234700e-04	4.843072e-01	1.584817e-01	6.610974e-01	-4.340003e-02	3.584429e-01	-3.947260e-01	-5.025882e-01	-1.439484e-02	-6.004033e-01	-3.528516e-01	2.564684e-01	5.552911e-01	1.513931e-01	1.008036e+00	-2.058402e-01	3.555697e-01	-3.259457e-01
5.020752e-01	-3.384343e-01	3.737517e-01	3.865691e-02	1.826724e-01	5.670733e-01	5.615710e-02	1.874438e-01	5.568873e-01	6.927369e-02	6.175427e-01	2.858254e-01	8.206080e-01	-1.109935e-01	-4.246045e-01	9.555758e-01	6.600777e-01	2.730699e-01	-1.208996e-01	-7.192398e-03	3.157648e-01	1.088878e-02	-6.297689e-02	5.098448e-01	-2.165719e-01	3.904084e-01	4.229343e-01	1.097065e-01	-5.733424e-01	6.658297e-01	3.695243e-02	6.321935e-01	-4.892175e-01	-6.238274e-01	8.265204e-01	-9.779307e-01	1.902693e-01	2.352226e-01	3.216026e-02	2.073421e-01
6.633377e-01	4.014940e-01	2.278707e-01	-1.386125e-01	1.011500e+00	6.903288e-01	8.345232e-01	-2.315979e-01	-1.495276e-01	4.545700e-01	3.513175e-01	2.999969e-01	-1.138198e-01	7.609661e-02	3.839679e-02	1.016660e+00	3.385592e-01	5.621072e-01	-4.020355e-01	1.070859e-02	1.264097e-01	5.791677e-02	2.480325e-02	-6.965237e-02	5.645985e-01	1.094695e-01	-8.399777e-02	3.650372e-01	-1.170738e-01	-4.185154e-01	-2.477715e-01	1.682311e-01	1.178420e-02	1.103383e-01	2.330044e-01	2.444147e-01	1.947783e-01	2.252514e-01	3.951689e-01	8.197839e-01
-1.448563e-01	2.442271e-01	8.177675e-01	-4.659236e-01	1.499505e-01	9.332631e-01	-2.803755e-01	-6.932236e-01	5.568199e-03	2.648093e-02	2.642869e-01	7.897171e-01	-3.612915e-01	2.824580e-01	4.003503e-01	7.842453e-01	-1.584206e-02	-2.443704e-01	6.259896e-01	8.200785e-01	-3.987043e-01	1.506553e-01	3.744237e-01	5.175496e-02	-3.778672e-01	7.934534e-02	8.377531e-01	4.085235e-01	-5.130999e-02	8.998087e-02	-6.574274e-01	-2.122274e-01	2.541057e-01	8.073862e-01	2.298087e-01	-5.261679e-01	2.977927e-01	4.475780e-01	4.966124e-01	2.133730e-01
3.817970e-01	6.691498e-01	-2.386860e-01	-5.574458e-02	8.118869e-01	4.655340e-02	7.024783e-01	5.802793e-01	-1.976755e-01	-4.486432e-02	4.869993e-01	3.864758e-01	4.077890e-01	9.422354e-01	1.009667e-01	9.134653e-01	-1.561426e-01	1.532150e+00	-3.496260e-01	1.178329e+00	-4.024920e-01	-1.883053e-01	2.462274e-01	-5.921958e-01	1.971445e-01	-1.074303e-01	-1.580611e-01	8.900453e-02	-3.341274e-01	7.636245e-01	4.277548e-01	1.441830e-01	-1.941389e-01	3.461832e-01	4.841337e-01	-1.325867e-01	1.148055e+00	8.560966e-01	5.468742e-01	2.173731e-01
9.910873e-01	7.256497e-01	7.413771e-01	4.189120e-01	3.684086e-01	6.857192e-01	-1.844190e-01	3.043704e-01	6.273357e-01	2.196654e-01	-2.547219e-02	2.925077e-01	4.607240e-01	1.268271e-01	7.781270e-01	8.106737e-01	2.314929e-01	4.322216e-01	-4.653265e-01	1.293033e+00	2.046554e-01	1.705975e-01	6.546550e-01	3.930959e-01	6.795804e-01	9.842667e-02	7.095714e-01	6.617087e-01	9.810328e-01	-2.366100e-01	-7.977513e-01	2.833231e-01	7.267646e-01	-1.995048e-01	6.884212e-01	1.591757e-01	8.587311e-01	8.440225e-02	4.275450e-01	9.002629e-01
6.966361e-01	-3.130690e-01	1.669548e+00	1.145250e-01	3.112555e-01	1.692873e-01	2.900466e-01	6.399383e-01	-1.405493e-01	4.314677e-01	1.852546e-01	-2.449419e-01	6.301748e-01	2.580989e-01	1.292314e+00	9.213900e-01	6.640430e-01	3.102182e-01	9.501476e-01	-9.748992e-02	1.242736e+00	-1.977097e-01	1.078564e+00	1.107163e+00	-1.579168e-01	-6.293158e-02	1.541949e+00	1.144606e-01	2.190290e-01	9.382519e-01	-3.488878e-01	5.028992e-01	2.929245e-01	1.403520e+00	7.653023e-01	-1.122475e+00	1.357529e-02	1.182206e+00	4.761095e-01	-5.659537e-01
-3.496061e-01	1.051543e+00	1.126009e+00	9.579092e-01	3.229071e-01	6.538595e-01	9.972306e-01	-4.968153e-01	4.139604e-01	-6.100446e-01	7.404545e-01	-6.951596e-02	5.913353e-01	6.961277e-01	4.808335e-01	7.152997e-01	4.492424e-01	1.693286e-02	-3.305013e-02	9.023999e-01	4.758829e-01	6.939805e-01	1.101476e-02	-3.951907e-01	1.941051e-02	6.838469e-02	4.450071e-01	-1.016196e-01	-1.777863e-01	6.353185e-01	-4.614617e-01	7.689217e-01	2.167274e-01	8.250271e-01	-5.395731e-02	3.192419e-01	1.856086e-01	-3.396088e-01	7.501713e-01	8.173946e-02
1.078824e-01	5.828453e-01	4.614994e-01	1.828209e-01	5.500579e-01	3.099750e-01	-5.809370e-01	4.039722e-01	3.057590e-03	7.632842e-01	-5.293364e-01	1.680865e-01	5.722282e-01	6.076821e-01	-3.381888e-01	1.076499e+00	5.092822e-01	3.234185e-01	2.140098e-01	3.632759e-01	2.066763e-01	-1.312352e-01	5.695279e-01	-1.570791e-01	-3.270072e-03	2.409104e-01	-4.516729e-01	-3.011368e-01	2.618708e-01	6.324834e-04	2.252098e-01	5.779736e-01	1.209116e-01	-7.581550e-02	2.216673e-01	-3.595426e-01	5.570393e-01	4.315322e-01	5.136606e-01	6.192804e-01
6.038524e-01	9.321089e-01	1.064057e+00	9.188580e-01	1.034175e-01	9.494745e-01	6.981280e-01	-1.612848e-03	-7.056676e-01	8.318134e-01	-3.247425e-01	8.217024e-02	2.908914e-02	-6.171877e-01	7.638124e-01	7.022640e-01	7.324465e-02	-4.328254e-01	3.977667e-01	-9.394059e-01	5.594184e-01	-2.519570e-02	3.716098e-01	-9.683834e-02	5.671088e-01	-9.642949e-02	1.090902e+00	9.807475e-02	5.225294e-01	-5.149523e-01	-2.330387e-01	3.167949e-01	5.921474e-01	4.487801e-01	3.307563e-01	-3.701968e-01	3.852926e-01	1.132860e+00	1.345011e-01	4.334313e-01
7.107417e-01	3.300062e-01	2.393458e-01	1.087706e-01	2.131049e-02	6.501084e-01	2.742550e-01	-8.157640e-02	-2.529687e-01	1.564453e-01	-1.129122e-01	-2.462401e-01	3.639431e-01	1.885453e-01	-2.998307e-01	1.461527e+00	-7.209992e-01	7.501876e-01	2.060652e-01	3.471866e-02	-3.767393e-01	7.121648e-02	-5.468484e-01	-4.002785e-01	8.537756e-01	4.387826e-01	-7.709080e-01	6.983058e-01	3.168001e-01	-2.540243e-01	3.089904e-01	2.813168e-01	3.600927e-01	-3.482415e-01	3.517368e-01	1.844619e-01	2.838734e-01	-3.958628e-02	3.355011e-01	1.385697e-01
1.777026e+00	4.771220e-01	1.002801e-01	-4.226109e-01	5.119711e-01	6.335894e-01	9.973697e-01	2.634835e-01	-8.480872e-01	6.763885e-01	2.829639e-02	3.941066e-01	7.776295e-01	7.137698e-01	2.496927e-01	1.238256e+00	-6.680149e-02	-4.174697e-01	9.226158e-01	-7.671411e-01	5.869440e-01	9.907541e-02	-6.292620e-01	8.753935e-01	7.600709e-01	4.756151e-01	5.044219e-01	1.519129e-01	-2.640272e-02	-3.185114e-01	-5.493616e-01	4.408212e-01	1.240659e+00	1.201579e-01	1.295152e+00	3.660128e-01	3.132835e-03	4.776492e-01	-4.946860e-01	1.788612e-01
7.301890e-01	4.465325e-01	5.800102e-02	1.938178e-01	3.031824e-01	9.340861e-01	1.335867e-01	1.222605e-01	4.828001e-01	-9.419978e-02	3.580675e-01	1.347677e-01	1.545762e-01	-2.212255e-01	2.589077e-01	4.150332e-02	5.118050e-01	5.917133e-01	-5.210844e-01	-9.305829e-02	5.919216e-02	-3.110559e-01	3.162982e-03	9.672261e-01	5.816029e-01	-1.768621e-01	-1.966307e-01	5.488913e-01	1.144054e-01	4.035414e-01	-3.595512e-01	1.519430e-01	2.045008e-01	9.032876e-01	-1.241614e-01	-3.198858e-01	5.943398e-02	2.657448e-01	2.024977e-01	4.414973e-01
8.684091e-01	5.828163e-01	1.873514e-01	5.508520e-01	-1.619481e-01	5.977788e-01	3.283395e-01	4.454242e-01	-1.093575e-01	8.003720e-01	1.980719e-01	6.279003e-01	7.110923e-01	5.540313e-01	1.524702e-01	5.849936e-01	-2.708329e-01	5.382423e-01	6.817414e-02	6.563809e-01	4.047672e-01	-1.001532e-01	4.238743e-01	1.011457e+00	4.785478e-01	-1.428670e-01	6.110696e-01	4.017160e-01	4.107581e-01	6.665546e-01	-1.245809e+00	6.493828e-01	6.676239e-01	2.242083e-01	6.332495e-01	2.334878e-01	-1.155426e-01	3.209942e-01	3.877002e-01	5.200357e-01
-9.283124e-03	4.774378e-01	-5.956102e-01	5.853274e-01	4.632831e-01	9.637264e-01	7.577193e-01	-1.313448e-01	6.613832e-01	9.972121e-02	8.388147e-01	7.860253e-01	6.303829e-02	4.752057e-01	-2.728532e-01	4.796328e-01	7.869800e-01	-3.659724e-01	-6.386391e-02	6.851426e-01	9.495534e-03	-8.453334e-02	-2.621814e-02	3.326974e-01	9.071616e-01	3.395546e-02	-4.566627e-01	-3.151593e-01	-2.100360e-01	-7.699043e-01	-2.318991e-01	-1.058620e-01	3.151577e-01	-8.069955e-02	8.729152e-01	-6.424016e-01	5.162485e-02	4.437245e-01	4.157734e-01	-8.734999e-01
1.654403e+00	3.429176e-01	-1.455089e-01	-4.566712e-01	7.277636e-01	1.303695e+00	3.247009e-01	4.053237e-01	-7.960928e-01	3.306651e-01	-2.193119e-02	2.277637e-01	2.676388e-01	-2.567531e-01	1.287797e-01	1.367659e+00	1.346840e+00	3.136347e-01	9.340148e-01	1.071892e+00	2.724469e-01	7.109269e-01	2.381524e-01	-1.688260e-01	-5.008443e-01	-1.236058e-01	6.394953e-01	-1.421659e+00	2.484731e-01	2.361639e-01	3.953368e-02	-2.509158e-01	5.737059e-01	9.088546e-01	6.684940e-01	-2.028023e-01	4.653218e-01	2.284655e-01	1.978114e+00	2.428009e-01
3.268264e-01	3.255520e-01	6.257322e-01	2.178649e-02	-2.572267e-01	3.669655e-02	-4.373552e-01	-1.950393e-02	-4.286323e-01	4.449406e-01	9.003645e-01	-1.321669e-01	-1.467674e-01	-1.949072e-01	4.490503e-01	7.900569e-01	7.265164e-01	-5.566891e-01	7.120891e-01	6.982683e-01	5.747141e-01	1.132368e+00	3.714919e-02	3.038419e-01	2.206972e-01	2.885638e-01	-6.992263e-01	-2.502582e-01	4.056159e-02	-1.441887e-01	-3.501136e-01	-1.903659e-01	8.988883e-01	7.369064e-01	5.575096e-02	-1.598771e-01	6.486529e-01	7.318766e-02	6.544706e-01	1.010054e+00
3.811818e-01	1.008788e+00	8.082334e-01	8.326786e-01	3.439971e-01	4.714011e-01	1.146416e-01	-3.550074e-01	4.853129e-01	-4.735777e-02	-1.751230e-01	-6.127191e-01	4.273922e-01	4.113115e-01	2.053319e-01	7.758754e-01	-1.366037e-01	6.483027e-01	-5.544645e-01	3.252647e-01	2.614847e-01	4.083991e-01	-6.966137e-02	4.304821e-02	5.509298e-01	-6.603591e-02	-1.189157e-01	7.272984e-02	1.508247e-01	3.050774e-02	-5.546139e-02	6.835312e-02	-5.583725e-02	-4.760982e-01	6.651057e-01	2.487546e-01	2.927684e-01	-7.385514e-02	1.785302e-01	9.127415e-01
1.008084e+00	3.418488e-02	-4.204574e-01	6.437141e-01	-6.907545e-01	-5.240234e-02	1.200418e-01	-3.735257e-01	1.945589e-01	3.390246e-01	-2.236409e-01	-1.183961e-01	7.562026e-01	1.242887e-01	-8.411600e-01	1.400420e+00	1.339983e+00	5.372174e-02	5.346436e-01	-3.131769e-01	5.657721e-01	1.325208e+00	-1.180369e-01	-6.064944e-01	1.065186e-01	7.299710e-01	3.819427e-01	1.042247e+00	-5.411039e-01	1.438719e+00	5.058516e-01	-1.979050e-01	3.400428e-01	7.283163e-01	7.735172e-01	-1.556027e-01	5.004497e-01	2.694014e-01	2.909977e-01	1.540346e-01
5.126773e-01	5.466607e-02	8.691256e-02	2.995722e-01	2.170901e-01	-7.561960e-02	-3.924107e-01	-2.612772e-01	-4.201994e-01	2.338526e-01	5.606498e-01	-9.146284e-02	2.847517e-01	1.923368e-01	-4.124074e-04	9.323560e-01	2.770388e-01	1.619114e-01	-7.025842e-02	3.824113e-02	3.860209e-01	1.780779e-01	-1.844093e-01	4.797026e-01	-3.543735e-03	1.308043e-01	-1.551215e-01	-2.627954e-01	-8.859769e-02	-4.240647e-01	-1.045164e+00	7.047421e-01	5.516047e-01	3.115660e-01	4.440714e-01	1.820529e-01	-1.624775e-01	-5.577542e-02	2.209993e-01	5.092827e-01
7.084595e-01	4.364401e-01	-1.297602e-01	5.727556e-01	-5.593413e-01	7.069058e-03	-3.220907e-01	1.669936e-01	-1.339076e+00	8.093511e-01	-1.502408e-01	1.004213e+00	-3.057133e-01	-1.094447e-02	-1.526344e-01	5.434058e-01	5.732928e-02	1.420649e+00	1.297465e+00	-4.699637e-01	8.890430e-01	6.881274e-01	1.630209e+00	-4.628791e-01	4.067260e-01	-9.968770e-03	3.923117e-01	5.495406e-01	3.282612e-01	2.269767e-01	1.804579e-01	-7.899025e-02	2.887765e-01	2.409805e-01	9.985500e-01	1.133479e-01	4.132586e-01	6.911111e-02	3.311756e-02	-4.328210e-01
4.528846e-01	8.697008e-01	4.787142e-01	2.505070e-01	5.330704e-01	3.252288e-01	-3.574163e-01	5.502300e-01	-1.785747e-01	5.006741e-01	4.355881e-01	-1.798426e-01	9.991282e-02	4.901180e-01	1.446585e-02	7.520940e-01	5.293317e-01	9.413208e-03	-2.006692e-01	5.967241e-01	6.075539e-01	-2.494854e-01	-2.746645e-01	4.551910e-01	2.847375e-01	-2.887741e-01	-2.541554e-01	4.448637e-01	-5.023850e-01	4.284255e-01	-1.057608e-01	2.771167e-01	2.412840e-01	2.286821e-02	4.080018e-01	-4.457157e-01	2.833337e-01	4.735935e-01	5.347765e-01	-1.234209e-01
-1.929537e-01	2.746323e-01	4.409584e-02	-2.217461e-01	8.512851e-01	7.895095e-02	2.574126e-01	6.744979e-02	-6.181772e-02	2.534023e-01	-4.392116e-02	-1.878102e-01	1.536635e-01	7.413246e-01	4.917837e-01	9.805582e-01	-3.108137e-01	3.632118e-01	4.635615e-01	5.378219e-01	2.935606e-01	2.552128e-01	-5.922329e-01	-3.118893e-02	3.443269e-01	3.178738e-01	-4.861197e-01	5.452175e-01	-1.707550e-01	-4.427491e-01	-2.368636e-01	-4.410811e-01	3.194016e-01	-2.122912e-01	3.175411e-01	3.253120e-01	3.723637e-01	-2.180038e-01	2.095048e-01	-1.823100e-01
4.210201e-01	1.331184e-01	3.045314e-01	-1.654255e-01	2.893323e-01	7.255732e-02	3.442438e-01	6.651045e-01	2.844606e-01	4.514561e-01	3.728622e-01	9.180255e-01	-1.140131e-01	1.797931e-01	-2.746199e-02	7.963041e-01	9.004898e-02	6.843971e-01	7.144943e-01	4.755999e-01	1.496069e+00	1.218685e-01	6.280019e-01	-2.463251e-01	3.144969e-01	5.430037e-01	3.246110e-01	-1.222858e-01	-5.426178e-01	8.594823e-02	-5.373412e-01	1.192282e+00	9.483310e-01	3.932951e-01	1.011962e+00	-1.023733e+00	-8.964856e-02	6.645529e-01	4.886311e-01	1.396544e-02
4.693753e-01	4.678070e-01	-3.991203e-02	1.010620e+00	-1.567557e-01	6.059613e-01	-5.885108e-01	-1.993269e-01	-2.892658e-03	-6.433869e-02	6.145801e-01	4.896534e-01	-6.259830e-01	-8.864064e-01	4.548251e-01	4.366086e-01	3.102969e-01	-2.135749e-01	4.297731e-01	-5.956906e-01	-1.083118e+00	-2.352441e-02	3.311284e-01	6.709823e-01	-4.933056e-02	1.214925e-02	5.201541e-01	6.169986e-01	-3.839986e-01	3.325417e-01	3.416553e-01	1.541914e-01	5.502664e-01	1.756480e-01	5.536499e-01	6.404783e-01	3.977021e-01	-1.721005e-01	-3.992310e-01	1.080885e+00
-3.549233e-01	1.895571e-01	1.419567e+00	2.557734e-01	9.978022e-02	-1.257590e-01	3.197871e-01	-1.768651e-01	-7.418241e-01	-1.173617e-01	-1.250082e-01	4.319479e-01	3.938130e-01	-1.045351e-01	1.144184e-01	3.925727e-01	-1.611388e-01	6.316692e-01	1.619627e-01	4.982529e-02	-2.552277e-01	-1.905398e-01	4.166126e-01	2.705566e-02	4.536172e-02	-1.108980e-01	7.124119e-01	5.227039e-01	1.861292e-01	-2.702471e-01	-5.223619e-01	1.353593e-01	4.551351e-01	4.714698e-01	2.541235e-01	3.015870e-01	5.546453e-01	4.526676e-01	8.780622e-02	3.969889e-01
5.557708e-01	4.337171e-01	4.503332e-01	7.480034e-01	6.368057e-01	8.663525e-01	1.703509e-01	-3.707848e-01	-4.517963e-01	-1.352184e-01	6.907833e-01	-4.406293e-01	1.493154e-01	6.220527e-02	1.261444e+00	3.297537e-01	2.856314e-01	-1.666293e-01	-1.702692e-01	8.531926e-02	6.646586e-01	6.462922e-01	-3.576374e-01	9.089672e-01	-8.294934e-01	-4.088264e-01	5.773991e-01	-1.343808e-01	5.895235e-02	3.593398e-01	1.367518e-01	-2.638876e-01	3.986820e-01	1.237759e+00	7.825323e-01	-9.090774e-01	-6.196964e-02	-1.615992e-01	3.238749e-01	6.511078e-01
5.159776e-01	4.610280e-01	6.288605e-01	3.267185e-02	7.253219e-01	3.973827e-01	3.953404e-02	3.156917e-01	1.007614e+00	7.371447e-01	6.596445e-01	-1.953346e-01	5.049082e-01	-5.155739e-02	1.685191e-01	1.149581e+00	2.986282e-01	6.228966e-01	-3.022176e-01	-7.705186e-02	1.449936e-01	-4.002561e-01	1.928817e-01	5.914835e-02	1.591383e-01	2.810823e-01	2.896845e-01	-2.059452e-01	-1.714340e-01	-6.211735e-01	7.068648e-03	-1.700017e-01	9.539957e-01	-1.569279e-01	5.327444e-01	-1.455819e-01	2.619044e-01	3.026929e-01	6.255096e-01	3.303249e-01
9.652157e-01	8.286246e-01	-6.008674e-01	5.867607e-01	6.447445e-01	1.628251e+00	-9.300159e-01	2.895851e-01	-1.398289e+00	-4.545149e-03	6.212447e-01	4.105760e-01	8.304994e-02	9.425264e-02	-1.110375e-01	-5.635468e-01	1.024808e+00	1.428152e-01	1.658075e+00	6.895259e-01	-3.537396e-01	-2.036329e-01	-1.989412e-01	-3.094782e-01	1.637504e-01	-4.372759e-01	1.051920e+00	2.963020e-01	2.960273e-02	-8.362413e-01	-2.850976e-01	-9.463880e-03	8.134469e-01	-3.905571e-01	1.058589e+00	7.864714e-01	2.862096e-01	1.154850e+00	-9.465481e-01	2.905244e-01
8.493885e-01	-3.932098e-01	9.645203e-02	9.090792e-02	-1.082592e-01	8.840349e-01	2.706276e-01	-4.885939e-01	-2.380088e-01	-8.074808e-02	1.147054e+00	-2.212915e-01	3.365373e-01	-8.410382e-02	4.519502e-01	6.639072e-01	9.733926e-01	-4.673323e-01	-9.079064e-03	-4.668496e-01	3.018203e-01	4.389981e-01	-8.453305e-01	6.850981e-01	1.437857e-01	-4.678999e-01	3.131943e-01	-3.775639e-02	-5.554459e-02	8.838036e-01	-3.729070e-01	4.009972e-01	5.046256e-01	-1.671329e-02	3.541638e-01	-1.973784e-02	-1.306062e-01	-5.786374e-01	4.311342e-01	1.005815e+00
8.687753e-01	-3.016782e-01	-2.851252e-02	7.649804e-01	2.309351e-01	2.429671e-01	-2.375307e-01	-4.500064e-01	-3.055432e-01	4.898472e-02	-1.297718e+00	5.574359e-01	2.941376e-01	6.868726e-01	4.556920e-01	3.624693e-02	7.455010e-02	5.779254e-01	1.748556e-01	-8.293537e-01	-3.940861e-02	2.059758e-02	8.237617e-02	6.721254e-01	3.353711e-01	1.494932e-01	4.496845e-01	2.840357e-01	1.105317e+00	6.679167e-01	-3.929279e-01	3.342495e-01	1.428340e+00	6.978575e-01	1.048225e+00	1.258946e+00	6.610371e-02	-1.082748e-01	5.962950e-02	4.569213e-01
5.644726e-01	1.399361e-01	-5.847513e-01	1.915297e-01	-2.039244e-01	-2.647004e-01	1.049413e+00	-4.662299e-01	-3.153112e-01	1.178493e+00	4.762687e-01	-4.649390e-01	4.386258e-01	-2.892343e-01	9.511066e-03	6.728311e-01	-4.698045e-01	9.444293e-01	-6.970578e-01	-1.915548e-01	-1.478225e-02	4.102360e-01	-3.023011e-01	5.404141e-01	4.504985e-01	5.833872e-01	4.293290e-01	5.388473e-01	1.394824e-01	6.352743e-01	2.773274e-01	-4.071316e-01	-5.116089e-01	-8.017164e-01	3.737791e-01	-5.102664e-01	7.664322e-01	-2.790221e-01	-4.637422e-02	5.175839e-01
1.485161e-01	-1.062386e-01	4.047321e-01	2.417989e-01	-4.368399e-01	1.108928e+00	-2.199733e-01	1.999749e-02	-1.129297e-01	1.237817e-01	7.800146e-01	-4.234955e-01	1.576401e-01	2.782137e-01	1.239487e+00	4.727007e-01	5.091264e-01	2.016986e-01	-2.706847e-02	-4.075020e-02	-2.163553e-01	-2.240962e-01	6.418737e-01	6.545535e-01	8.784805e-01	1.462307e-01	9.515234e-02	1.412807e-01	-9.264485e-01	-4.901104e-01	-9.091754e-02	-6.516977e-01	8.702842e-01	2.893372e-01	8.426337e-01	5.937182e-01	-2.623626e-01	9.663367e-01	-9.864435e-01	8.622539e-01
7.150017e-01	-5.962270e-01	2.468724e-01	9.192995e-01	-4.999290e-01	7.777126e-01	5.583755e-01	-3.975044e-01	-6.443718e-01	8.087537e-01	4.946482e-01	7.562133e-01	8.747368e-01	-2.657546e-02	2.560915e-01	6.616197e-01	3.717343e-01	4.585519e-01	9.300474e-01	-2.738637e-01	3.110356e-01	-2.758081e-01	3.259678e-01	-3.276055e-01	4.629614e-01	4.619533e-01	5.636011e-01	-5.917340e-02	1.003576e+00	3.532419e-01	1.126923e-01	-1.012522e-01	-4.819349e-01	4.692124e-01	1.405197e+00	-1.673360e-01	6.980707e-02	3.472400e-01	-2.217219e-01	2.501037e-01
4.480538e-01	7.788421e-02	2.183529e-01	1.022033e+00	8.828630e-02	8.913111e-01	-8.697377e-01	-2.526009e-01	-4.161670e-01	1.113016e+00	2.172032e-02	-8.213047e-01	1.173443e+00	1.640270e+00	2.886841e-01	3.249987e-01	-2.042786e-01	2.352872e-01	-2.901376e-01	-5.873002e-01	2.665923e-01	9.852001e-01	-1.981568e-02	4.124372e-01	1.951630e+00	1.912457e-01	-9.958101e-01	1.029941e+00	-1.796948e+00	9.647238e-01	-3.308036e-01	-9.288751e-02	9.847720e-01	6.748314e-01	3.724356e-01	8.061017e-01	1.257255e+00	1.872687e+00	7.466554e-01	9.781432e-01
-3.157797e-01	4.745359e-02	-5.785466e-01	-6.446436e-01	1.573952e-01	3.950052e-01	4.024528e-01	-5.548491e-01	1.572625e-01	1.028416e+00	1.135900e+00	9.844533e-01	-4.386391e-01	7.748617e-01	-5.627757e-01	-2.163725e-01	6.276363e-01	1.929287e-01	-2.031035e-01	7.249180e-01	-4.180323e-01	3.742474e-01	3.007162e-01	-2.685589e-01	3.242342e-01	-9.257593e-02	8.908009e-02	1.375484e+00	2.036704e-02	-5.630023e-01	-5.307615e-01	-4.277089e-01	8.673730e-01	3.810240e-01	-9.041943e-02	4.759603e-01	-6.187113e-01	6.404846e-01	4.024301e-01	8.946347e-02
2.164302e-01	4.282023e-01	3.816583e-01	2.113951e-01	1.399107e-02	3.414707e-01	4.703212e-01	1.350409e-01	-2.449178e-01	6.513346e-01	3.865138e-01	7.202825e-01	3.338855e-01	3.160672e-01	-4.317668e-02	5.452818e-01	4.423996e-01	1.632169e-01	-1.011393e-01	4.873709e-01	8.848856e-02	3.725167e-04	-5.030263e-02	-1.698296e-01	4.825078e-01	-9.552197e-02	-5.601706e-03	4.987885e-01	1.305096e-01	-1.572452e-01	-3.569772e-01	6.124188e-01	-1.987875e-01	-2.731997e-01	1.514023e-01	-2.008587e-01	1.650853e-01	2.442135e-01	-4.520328e-02	3.228851e-01
4.889825e-01	2.768854e-01	8.792123e-01	3.407869e-01	-2.858023e-01	3.162173e-01	7.791371e-01	-8.926974e-02	-8.957322e-01	6.168770e-02	3.059269e-01	-1.580746e-01	5.410193e-01	4.200806e-02	5.275442e-01	4.396373e-01	1.100768e-01	5.265296e-01	4.935475e-01	6.516357e-02	-9.675517e-01	4.276126e-01	5.971148e-01	1.570867e-01	1.767255e-01	8.170369e-01	1.841472e-01	-1.236792e-01	2.250026e-01	-2.123271e-02	-5.727754e-01	4.525097e-01	6.025332e-01	1.685985e-01	-1.142721e-01	4.349385e-01	5.530648e-01	-6.015345e-02	6.701537e-02	5.626189e-01
1.906898e-01	-5.288502e-01	2.317189e-01	2.597316e-01	-3.175484e-02	1.830246e-01	4.032740e-01	2.267380e-01	-4.051506e-01	4.883328e-01	2.195339e-01	6.880959e-01	5.133840e-01	-4.687204e-02	1.009816e-01	6.532820e-01	7.364205e-01	1.054823e+00	6.052526e-01	4.568593e-01	-6.329711e-01	4.423876e-01	5.057735e-01	-5.324566e-02	2.471634e-01	3.120259e-01	6.343960e-01	1.665023e-01	2.836029e-01	-1.447897e-01	-3.740789e-01	-2.566432e-01	-9.042955e-02	-1.334826e-01	5.777783e-01	-1.148030e-01	-3.264444e-01	5.171182e-01	-4.256919e-01	7.141644e-01
3.528505e-01	2.728178e-01	6.652414e-02	7.711788e-02	9.525165e-01	6.478536e-01	-1.309363e-01	3.502354e-01	3.309611e-01	8.801737e-02	1.051076e+00	-1.451603e-01	2.717744e-01	-9.563441e-02	9.534460e-02	-3.319164e-01	7.705903e-01	-1.334710e-01	2.147953e-01	3.525176e-01	1.090976e+00	8.727575e-01	-3.259257e-01	-4.832395e-01	6.614474e-01	5.758232e-01	2.257214e-01	8.610997e-01	5.139865e-01	4.903824e-01	-5.151043e-01	8.364677e-01	7.739536e-01	-1.625460e-01	6.783821e-01	-1.909472e+00	-2.997679e-01	5.679664e-01	5.670719e-01	4.975918e-01
1.633289e-02	3.333234e-01	-2.722297e-01	7.255025e-01	8.031207e-01	-1.106855e-01	9.496103e-02	-4.739497e-01	-3.552583e-02	1.997841e-01	4.742989e-02	3.389305e-01	1.371964e-01	-1.164108e-01	2.715928e-01	6.671562e-01	1.057256e-01	3.104920e-01	8.788267e-01	3.209569e-01	1.088275e+00	-6.599314e-02	5.858400e-01	2.035091e-01	3.886962e-01	4.701368e-01	2.887251e-01	5.265184e-01	3.646216e-01	-3.646608e-01	2.041292e-01	6.787648e-01	-1.321196e-01	3.848126e-01	8.663477e-01	-1.006522e+00	4.434426e-02	1.009287e-01	-5.093936e-03	1.545029e-01
1.028548e-01	2.874474e-01	1.699578e-01	9.283365e-01	2.295685e-01	1.020147e+00	3.371588e-01	-2.007950e-01	-6.223735e-01	3.028184e-01	-3.277656e-01	8.515702e-01	-1.439337e-01	-2.589595e-02	-1.511547e-02	1.527910e+00	7.312847e-01	2.323754e-01	-8.837676e-02	5.341529e-02	2.929178e-02	2.949092e-01	-1.943140e-01	6.010023e-01	2.683877e-01	8.289162e-03	4.796575e-01	6.297000e-01	3.085619e-01	-1.655539e-01	-1.389322e-01	2.224813e-01	3.509939e-01	7.829804e-02	1.259570e+00	-2.704654e-01	-9.114924e-02	-1.269297e-01	6.854870e-01	4.906765e-01
1.816561e-01	2.202283e-01	7.713818e-02	2.056872e-01	9.182446e-02	2.804129e-01	2.420447e-02	2.698406e-01	5.095251e-01	1.353873e-01	6.569127e-02	5.050271e-02	6.134812e-01	-3.117852e-02	6.574925e-02	2.616382e-01	2.844968e-01	1.278447e-01	-1.762274e-01	2.280196e-01	1.204872e-01	-1.585853e-01	-4.175033e-01	-1.768170e-01	1.423862e-01	-2.565550e-01	-3.631132e-01	2.473318e-01	-3.050259e-01	-2.014591e-02	-1.388948e-01	2.470858e-01	-2.906955e-01	1.115675e-02	-7.899711e-02	2.439153e-02	1.031523e-01	3.112433e-01	-1.384672e-01	3.334883e-01
8.709255e-01	5.086366e-01	5.792596e-01	1.061144e+00	8.744191e-01	4.036011e-01	1.129106e+00	-1.445496e-01	-4.149323e-01	5.876922e-01	-3.308841e-02	-2.818207e-01	-2.819559e-01	8.016178e-01	4.146010e-01	6.941974e-01	4.787117e-01	1.013881e-01	5.502463e-01	7.310869e-01	3.033204e-01	-6.969011e-01	-1.819757e-01	1.199569e+00	2.758318e-01	7.421454e-03	4.828369e-01	8.404258e-01	-6.316802e-01	3.848241e-01	-1.201231e+00	7.581688e-01	4.767528e-01	3.825805e-01	7.251361e-02	3.691097e-01	1.644757e-02	1.552132e-01	7.934143e-01	2.719580e-01
6.982194e-01	3.254582e-01	4.050120e-01	4.242572e-01	8.203584e-01	-1.325013e-02	1.093424e+00	2.288739e-01	4.152577e-01	9.311834e-01	2.101332e-01	3.346020e-01	3.591883e-01	9.005205e-01	6.219666e-01	3.437875e-01	-8.689798e-02	-2.066908e-01	-8.448890e-02	4.811581e-01	1.069164e+00	-1.025099e-01	-1.094637e-01	1.639914e-01	6.024273e-02	-2.659521e-01	7.780773e-01	6.105593e-01	1.311573e-01	3.462349e-02	-1.417165e+00	3.025411e-02	9.464070e-01	-7.019610e-03	6.889432e-01	6.078998e-01	6.339058e-01	2.205732e-02	3.673801e-01	4.758849e-01
-4.521563e-03	5.355983e-01	-7.411032e-02	4.534467e-01	2.958727e-01	1.528448e-01	-1.260820e-01	3.228271e-01	9.967692e-02	6.848285e-02	6.261242e-01	3.861488e-01	-1.512271e-01	6.600678e-01	-5.153177e-02	7.907658e-01	2.696670e-01	2.314494e-01	-2.206255e-01	3.627861e-01	3.679256e-01	4.103307e-01	2.687765e-02	4.487828e-01	1.590563e-01	1.732709e-01	7.088378e-02	6.773789e-02	-2.501105e-01	-2.052686e-01	-3.492355e-01	6.645766e-01	4.238676e-01	1.793219e-01	3.148194e-01	-2.314851e-01	3.244555e-01	4.039710e-01	4.474782e-01	2.620191e-01
1.756350e-01	7.409376e-01	2.159351e-01	3.579789e-01	6.117147e-01	3.402519e-01	-3.258120e-01	4.764422e-01	-1.285943e-01	1.747084e-01	5.233917e-01	2.077321e-01	3.897234e-01	1.260243e-01	4.705822e-02	8.082064e-01	5.975766e-01	2.021028e-01	-2.813275e-01	8.192079e-01	7.429204e-01	-2.084276e-01	2.670505e-01	3.561470e-01	1.956394e-01	-1.947425e-01	-2.237264e-01	5.722273e-01	-2.921177e-01	-1.065474e-01	-4.649003e-01	2.503395e-01	3.442034e-01	2.504335e-01	4.301275e-01	-1.553361e-01	1.326009e-01	2.242972e-01	5.391952e-01	1.321291e-01
6.150458e-01	6.048866e-01	8.485358e-01	2.903521e-01	8.754866e-02	1.990369e-01	7.720353e-01	-3.962604e-01	-1.064156e-01	3.500450e-01	-6.190689e-01	3.824426e-01	7.147918e-01	9.471409e-02	1.930021e-01	1.036338e+00	-1.213131e-02	7.284066e-01	2.011375e-01	-6.591487e-01	-1.404856e-01	5.151280e-02	-2.224336e-01	4.292414e-01	2.009100e-01	-2.381079e-01	1.510680e-01	4.806999e-01	-4.442350e-01	-5.168144e-01	-7.683152e-01	1.316389e+00	2.201972e-01	-7.102173e-01	1.101970e+00	2.293690e-01	-4.093717e-01	1.194751e+00	-1.565118e-01	1.035426e+00
5.314672e-02	1.948106e-01	4.386918e-01	1.351237e+00	7.744935e-01	2.754265e-01	6.984576e-01	-7.359368e-01	2.906789e-01	4.135885e-01	1.362349e+00	1.043733e+00	5.007092e-01	9.044893e-02	-3.859213e-01	1.030571e+00	-2.730392e-01	1.628178e+00	5.967701e-01	2.306926e-01	-4.923272e-01	5.762026e-01	-2.165479e-01	-1.043220e-01	1.800140e-01	2.298231e-01	7.447471e-01	-9.380236e-02	-5.116118e-01	-7.088168e-02	1.939730e-01	-1.265812e-03	5.319811e-01	5.961896e-01	6.068022e-01	5.821479e-02	6.180529e-01	-2.535043e-01	7.833045e-01	7.162587e-01
1.167769e+00	2.254511e-01	1.821096e-01	2.845940e-02	5.308347e-01	7.414042e-01	6.441005e-02	2.607800e-01	-8.602403e-01	5.939679e-01	4.458557e-01	1.005618e-01	1.611311e-01	4.368444e-01	-2.661615e-01	1.558910e+00	1.788419e-01	-1.139733e-01	4.409522e-01	-2.065030e-01	6.106007e-01	-1.274219e-01	-7.097483e-02	7.404732e-01	5.446036e-01	1.459778e-01	-3.858348e-01	-6.819073e-02	9.293554e-02	2.390710e-01	-1.077952e+00	1.383803e+00	9.326588e-01	4.264931e-01	4.942642e-01	-4.789985e-01	-8.771577e-02	1.543634e-01	3.988264e-01	4.738101e-01
1.671581e+00	8.150326e-01	1.109193e+00	6.925550e-01	3.412472e-01	9.469813e-01	1.126353e+00	4.259810e-01	-5.161455e-01	1.586795e-01	4.597067e-01	5.015378e-01	1.339763e+00	2.842616e-01	5.792056e-01	-7.256471e-02	8.173044e-02	6.493651e-01	3.767850e-01	1.364595e+00	8.152183e-01	6.301894e-01	-4.161502e-01	6.412901e-01	8.059799e-01	-7.173304e-01	3.805566e-01	3.473105e-01	1.263055e+00	4.186175e-01	-8.257942e-02	5.387112e-01	1.856016e-01	-7.627013e-02	5.456510e-01	1.931994e-01	-1.446065e-01	9.344205e-01	7.532463e-01	-5.073248e-02
2.727513e-01	9.772862e-03	-5.560961e-01	2.179850e-01	1.162799e-01	1.462767e+00	-4.867027e-02	7.367036e-01	3.432339e-01	3.924404e-01	1.685585e-01	4.593585e-01	1.943269e-01	5.589285e-01	-2.777752e-01	6.787503e-01	2.758966e-01	7.764378e-01	-1.025090e+00	3.982083e-01	2.152033e-01	4.259978e-01	-2.228873e-01	4.565947e-02	2.986513e-02	3.292654e-01	3.401575e-01	3.138259e-01	4.421159e-01	-3.595466e-01	-6.268776e-03	7.283598e-01	-6.016513e-02	3.887231e-01	4.910733e-01	-5.743427e-01	3.240246e-01	-3.559568e-01	2.594578e-01	4.877876e-01
8.769399e-01	-5.579608e-01	-3.884574e-01	9.013913e-02	1.653365e-01	7.994340e-01	-2.829192e-01	2.902705e-01	2.304911e-01	-1.418080e-01	1.282129e+00	-2.084717e-01	5.956070e-01	-6.882819e-01	4.236636e-02	2.394620e-01	1.078252e+00	1.136390e+00	5.346701e-01	-3.889131e-01	-2.624646e-01	2.983107e-01	2.309113e-01	6.618154e-01	-3.238070e-01	-2.761108e-01	2.129791e-02	-1.090025e-01	-3.834066e-01	-2.420329e-02	7.333848e-02	-9.949557e-02	1.824143e-01	-5.473544e-02	1.077860e+00	-4.903731e-01	-3.861350e-01	-1.638646e-01	-2.512899e-01	5.328900e-01
4.275909e-01	2.137987e-01	9.017881e-01	3.146174e-01	4.821125e-01	4.624714e-01	3.456801e-01	2.933310e-01	1.579265e-01	9.932135e-01	4.861615e-01	-5.337954e-01	-4.518180e-01	-2.071825e-01	-7.408969e-01	3.193706e-01	8.548037e-01	1.681348e-01	3.667420e-01	8.228523e-01	1.486197e+00	-4.617714e-01	3.385142e-01	-6.174652e-01	1.505470e-02	1.739627e-01	-6.495237e-01	6.860856e-01	1.284607e-01	1.014177e-02	7.507966e-02	4.887483e-01	1.870641e-01	-1.068499e-01	4.526284e-01	-6.897481e-01	2.583369e-01	-4.311485e-02	-6.189405e-01	3.952201e-01
1.458133e-01	9.152960e-01	9.101373e-02	6.965900e-01	7.198779e-01	4.932445e-01	-5.677721e-01	1.143088e-01	1.462540e-01	7.097252e-01	3.035984e-01	-6.024159e-02	6.513812e-01	3.922537e-01	-4.073288e-02	7.180235e-01	4.819937e-01	1.177659e-01	-7.636211e-01	9.276421e-01	4.977227e-01	-6.081273e-01	5.509532e-01	4.883435e-01	2.418228e-01	-1.342905e-01	3.348479e-01	2.149716e-01	1.050361e-02	9.512347e-02	9.187548e-02	4.315265e-01	9.059627e-03	-1.866854e-01	6.520398e-02	-2.823490e-01	-2.847060e-01	1.437597e-01	2.760761e-01	9.895637e-01
7.721525e-01	7.297419e-01	-1.800470e-01	-4.765004e-02	1.056125e+00	2.127299e-01	-5.466706e-01	-5.065655e-01	-4.149900e-01	1.076192e-02	5.656442e-01	7.426131e-01	1.227626e+00	2.984782e-01	2.491369e-01	8.371144e-01	1.034617e+00	-3.786092e-01	4.346630e-01	-3.568702e-01	-6.070173e-01	8.248187e-02	6.154790e-01	2.156684e-01	3.420313e-01	-1.275155e+00	-2.113044e-01	1.681240e+00	-3.741695e-01	-4.322758e-01	-6.928593e-01	-2.526454e-01	-7.079411e-02	6.321508e-01	1.021939e+00	-7.037478e-02	8.780159e-01	5.170666e-01	1.233584e-01	5.223453e-01
1.069569e+00	1.738781e-01	4.920633e-01	1.031118e+00	7.377117e-01	5.429523e-01	-1.296141e+00	-8.508053e-01	5.701012e-01	1.146029e+00	2.502937e-02	7.155898e-01	2.149388e+00	6.533488e-01	-1.959411e-01	6.758907e-02	-8.411051e-02	1.882396e-01	1.805526e-01	9.966310e-01	1.570350e-01	3.692993e-01	-1.447922e-01	7.251702e-01	6.055741e-01	1.013644e+00	9.207522e-01	3.922028e-01	-5.647408e-01	2.367767e-01	-5.549423e-01	-9.368474e-01	3.596461e-01	-4.513799e-01	1.302971e+00	1.748389e-01	2.552846e-01	1.199952e+00	-1.032567e+00	-2.015292e-01
5.291401e-01	-1.940169e-01	2.243982e-01	2.089251e-01	1.502454e-01	-1.425583e-01	1.560690e-01	-3.278734e-01	-7.356860e-01	7.779006e-01	-1.625083e-01	1.109461e+00	9.862022e-02	-1.363198e-01	5.170932e-01	4.022149e-01	-6.561567e-02	8.092412e-01	7.734317e-01	4.095634e-01	9.146388e-02	-1.329204e-02	-1.224295e-01	-3.296576e-01	-1.701399e-01	-1.390687e-02	1.543743e-01	6.325820e-02	3.669128e-01	5.485937e-02	-3.138306e-01	3.849083e-01	2.545400e-01	2.355524e-02	4.367588e-01	5.571678e-02	-3.305801e-01	2.418860e-01	3.380444e-01	9.686997e-01
2.240182e-01	-4.820606e-01	1.678946e+00	1.056144e+00	1.219628e-01	8.958391e-01	6.362073e-01	1.356509e+00	7.775189e-02	-9.891346e-02	5.326710e-02	6.112977e-01	5.559386e-01	-2.810170e-01	3.469097e-01	1.221873e+00	3.433255e-01	6.197676e-01	-4.195748e-01	5.178420e-01	5.064053e-01	7.908094e-01	-1.056030e-01	1.226639e+00	1.705979e-01	-6.637984e-01	4.058156e-01	4.146129e-01	-1.578846e-01	1.826449e-01	-9.600530e-01	1.002754e-01	5.207852e-01	6.438126e-01	1.081074e+00	-7.507535e-02	-3.977037e-01	-1.120918e-01	1.667758e+00	-2.621178e-01
1.466238e-01	6.805746e-01	3.305776e-01	2.769751e-01	1.823263e-02	3.570101e-01	8.858734e-01	2.900004e-01	-4.434855e-01	4.037976e-01	2.820555e-01	-3.892810e-01	2.313009e-01	4.644767e-01	2.664524e-01	8.188049e-01	4.391581e-01	3.286787e-02	1.949305e-01	3.920833e-01	5.099100e-01	1.151572e-01	1.500209e-02	4.620599e-02	-1.408383e-01	1.285261e-01	-8.354635e-02	-6.795104e-02	-2.897042e-02	-5.501104e-02	-5.734865e-01	2.650956e-01	4.713567e-01	-1.969050e-02	7.136359e-01	-2.873406e-01	1.788129e-01	1.613181e-01	5.660508e-02	-4.576592e-02
1.458150e-01	2.112037e-01	5.777983e-01	6.635814e-01	-2.659419e-01	1.056765e-01	7.957062e-02	-2.069616e-03	-5.864934e-01	-1.728918e-01	7.882632e-01	-1.496451e-01	-1.898610e-01	-2.836548e-01	-1.751516e-01	3.664593e-01	3.538565e-01	6.469558e-01	-6.251427e-01	-3.963954e-01	-2.886091e-01	-2.200001e-01	-2.640551e-02	2.354580e-01	5.695383e-02	1.400756e-01	1.236586e-01	-1.789939e-01	-4.421210e-01	2.062028e-02	1.370611e-01	2.495271e-01	2.845698e-01	-4.352523e-02	2.506215e-01	-2.678925e-01	4.024706e-02	2.877458e-01	-1.825741e-02	6.798064e-01
1.246734e+00	3.576457e-01	3.255987e-01	1.142176e-02	3.036830e-01	5.490780e-01	-3.261424e-01	3.840137e-01	4.281121e-02	3.863476e-01	1.669855e-01	4.231223e-01	1.463803e-01	-8.549213e-01	2.621355e-01	1.070804e+00	-2.037637e-01	4.658982e-01	4.916723e-02	-5.653993e-01	-1.358729e-01	-1.102233e+00	-2.673421e-01	9.004578e-01	-1.127269e-01	2.057994e-01	3.567488e-01	3.749249e-01	-4.765798e-01	-8.290716e-01	-2.034309e-01	-4.003607e-01	1.864661e-01	5.434320e-01	2.973020e-01	-8.928026e-02	5.847414e-02	1.258410e+00	-3.728982e-02	1.488575e-01
3.485245e-01	-5.531813e-01	1.159121e+00	3.488096e-01	-1.798536e-02	1.095754e-02	1.996209e-01	-2.063257e-01	-6.004227e-01	5.358796e-01	-7.248822e-02	9.644840e-01	2.477717e-01	-5.746937e-01	5.266705e-01	6.116111e-01	2.874506e-01	9.932696e-01	1.311331e+00	1.266409e-01	2.584511e-01	4.266785e-02	6.964472e-01	-1.268299e-01	-2.653500e-02	-5.380372e-01	6.104178e-01	8.019583e-01	3.045668e-01	6.022360e-02	-3.821209e-01	-4.368830e-01	7.366412e-02	-4.036696e-02	4.066333e-01	2.851338e-02	1.236928e-01	5.195975e-01	2.352605e-01	4.077822e-01
-5.625819e-01	-5.260620e-02	2.929287e-02	4.143088e-01	3.400841e-01	7.045347e-01	7.820596e-01	4.381517e-01	-6.507006e-01	9.308823e-01	4.909193e-01	4.146848e-01	2.408764e-01	3.860411e-01	-1.261909e-01	1.025719e+00	8.230833e-01	2.846856e-01	-1.782138e-01	3.962609e-02	-2.492182e-01	3.371013e-01	-2.740638e-01	-2.951689e-01	-4.333139e-02	3.268862e-01	1.082197e+00	4.257122e-01	1.132647e+00	-3.760449e-01	1.101237e+00	-2.104652e-01	5.916989e-01	2.930892e-01	1.202701e+00	-9.236424e-02	9.006740e-03	-1.575009e-04	6.347028e-01	-1.019733e+00
1.341053e-01	5.071936e-02	-2.081654e-01	-8.113365e-02	2.582020e-01	2.104151e-01	-5.222128e-02	2.005571e-01	-8.658967e-01	8.686330e-01	-1.355282e-02	2.843382e-01	1.045722e-01	-8.889766e-05	-3.150529e-01	8.316399e-01	-1.535537e-01	-3.812563e-01	-4.290948e-02	2.708668e-01	3.820022e-01	-1.337645e-01	-7.887562e-01	1.466860e-02	2.105899e-02	4.466415e-01	-2.459622e-01	3.480943e-01	1.569567e+00	-3.509820e-01	-3.425051e-01	-1.974754e-01	-9.970248e-02	-1.757308e-02	8.374852e-01	-9.851758e-01	8.248306e-02	5.142930e-01	8.856083e-02	4.882873e-01
7.152569e-01	4.386325e-01	1.785929e-01	1.073945e+00	2.848596e-02	8.507727e-01	7.570760e-01	1.785669e-01	-6.513731e-01	1.730930e-01	4.343533e-01	4.379659e-01	-4.827132e-01	3.499543e-01	2.464720e-01	5.511626e-01	7.517615e-01	-5.390134e-02	2.882455e-01	-2.319734e-02	7.341017e-01	5.065020e-02	1.804962e-01	-1.571050e-01	1.275081e-01	3.339026e-03	-2.737592e-01	6.625875e-02	3.671732e-01	-2.685715e-01	-3.126770e-01	1.487016e-01	5.311009e-01	2.087909e-01	6.025053e-01	-4.837412e-01	-7.664866e-02	-8.634442e-02	1.834208e-01	2.233666e-01
4.257271e-01	3.162208e-01	5.439144e-01	-2.520597e-01	3.024843e-01	4.777411e-01	-1.403213e-01	4.565496e-01	-4.027132e-01	4.302285e-01	2.473211e-01	8.081902e-01	-1.181735e+00	-6.889909e-01	2.221761e-01	1.049978e+00	-7.866591e-01	4.729994e-01	-1.033398e+00	-1.291693e+00	3.224078e-01	-8.877103e-01	6.494058e-01	1.113154e-01	3.189444e-01	2.374107e-01	1.838747e-01	-1.929878e-01	3.868442e-01	-4.765696e-01	-2.246099e-01	-1.265562e+00	4.528078e-01	5.918030e-01	1.761686e-01	2.848538e-01	3.608852e-01	1.227470e+00	-7.171070e-01	1.309204e-01
-6.717072e-02	8.232207e-01	-2.178610e-01	1.282508e-01	2.425704e-01	3.106725e-01	1.258752e-01	-3.092745e-01	-5.549581e-01	1.030620e+00	-7.963955e-02	4.765833e-01	2.544057e-01	1.282433e-02	-3.523840e-01	1.481851e+00	9.240459e-02	-2.466692e-02	-4.229575e-01	3.352534e-01	1.864310e-01	9.656501e-01	7.299132e-01	1.491159e-02	-1.449423e-01	3.797176e-01	1.008448e+00	-8.515678e-01	-3.201186e-01	-8.141915e-01	5.048525e-01	3.738250e-01	-2.335472e-01	6.413131e-01	7.533453e-01	6.090426e-02	2.250263e-01	6.982638e-01	2.748693e-01	1.028216e+00
1.206573e-01	6.892573e-01	-8.726290e-01	-1.055190e-01	-5.814309e-01	5.134217e-01	2.219539e-01	-7.091355e-01	-1.439404e+00	6.636942e-01	5.641771e-01	4.397736e-01	4.948899e-01	-2.775662e-01	-1.135820e-01	8.763095e-01	1.207003e+00	-2.152291e-01	-1.483242e+00	-3.341844e-01	6.892957e-01	-1.180285e-01	1.193265e-01	9.687110e-02	-1.492951e-01	1.440323e-01	1.396480e+00	8.448133e-01	1.400737e+00	1.357552e+00	2.773997e-01	-4.821143e-01	4.492331e-01	2.161856e-01	1.494752e+00	7.882904e-03	-2.139508e-01	9.389132e-02	7.872798e-01	-1.440146e-01
1.023295e+00	2.405347e-01	4.721866e-01	-1.589400e-01	1.008549e+00	6.464866e-01	-6.604583e-01	1.644729e-01	-6.416033e-02	3.142455e-01	2.993328e-01	5.487733e-01	1.343524e-02	3.908050e-01	-7.687720e-01	1.496650e+00	-1.083385e-01	6.561165e-01	-7.055030e-02	-1.776280e-01	2.820673e-01	4.151627e-01	6.005154e-01	1.336242e-01	6.809894e-02	6.531228e-01	-6.332790e-01	-4.031239e-01	-4.984790e-01	9.422602e-01	-1.878157e-01	1.449884e+00	3.591214e-01	8.946514e-01	3.894639e-01	-4.711172e-01	-5.962519e-02	-3.802895e-01	3.143837e-02	6.373913e-01
4.335969e-01	-9.605521e-02	1.467883e+00	1.369311e+00	-3.498684e-02	7.102407e-01	-5.464526e-01	4.996964e-02	2.304649e-01	6.289096e-01	7.995621e-01	2.683488e-01	5.260438e-01	-2.638938e-01	-4.721547e-01	8.941754e-01	2.314122e-01	1.728221e-01	9.972544e-01	1.984458e-01	-3.686881e-01	6.350714e-01	-7.101743e-01	6.839595e-01	8.529473e-01	-6.967366e-01	1.183109e+00	1.442322e-01	4.251823e-01	7.771269e-01	2.327633e-01	5.252518e-01	2.541554e-01	-2.863236e-01	-6.303543e-01	-3.305518e-01	7.890586e-01	-2.654963e-01	4.088416e-01	4.179329e-01
3.093886e-01	-2.272174e-01	-2.140519e-01	3.186782e-01	-2.067762e-01	1.558577e-01	6.875881e-02	4.391662e-01	1.656769e-01	1.849128e-01	2.002800e-01	5.979549e-01	4.690018e-01	-7.752437e-02	-2.277846e-01	2.995036e-01	4.517184e-01	-9.385072e-03	-9.475864e-02	-2.500565e-01	-1.725544e-02	-6.634692e-02	-3.128546e-01	6.614072e-02	-1.847202e-01	-1.384733e-01	4.168417e-02	-9.742103e-02	-1.820376e-01	2.586140e-01	-2.850562e-01	-2.051175e-02	1.605117e-01	-2.768754e-01	1.432782e-01	-2.002737e-01	5.440223e-01	1.294084e-01	-1.188432e-01	4.309119e-02
4.927658e-01	5.497831e-01	-4.355433e-01	4.259549e-01	1.812406e-01	-1.766263e-01	3.987459e-01	3.020664e-01	-1.279067e-01	6.480041e-02	1.788416e-01	4.956079e-01	2.642364e-01	-8.411720e-03	-5.340768e-02	9.052336e-01	5.293359e-01	2.259368e-01	4.420060e-02	-2.131129e-01	7.685299e-01	1.050494e-01	3.251951e-01	-7.073110e-02	4.618887e-01	-1.551283e-02	-1.475217e-01	-1.547139e-01	2.735295e-01	-4.599939e-01	2.523893e-01	7.161247e-02	1.566712e-01	-9.432369e-02	7.939211e-01	-2.953415e-01	1.797762e-01	-9.691427e-02	6.927678e-02	1.074478e-01
-3.264473e-01	-7.495043e-02	3.980807e-01	3.751435e-01	3.179950e-01	5.239317e-01	1.547773e-01	-2.169689e-01	-4.130171e-01	3.729295e-01	-4.252001e-01	9.837811e-01	2.420060e-01	3.863789e-01	6.955634e-01	6.017334e-01	-5.310664e-03	5.514138e-01	9.566236e-01	5.151314e-01	-5.365722e-01	2.426371e-01	-3.479448e-01	-5.381369e-01	-1.194380e-01	-4.232646e-02	8.020643e-01	2.825774e-01	2.794724e-01	-8.499591e-03	-3.272525e-01	7.847785e-01	8.650515e-01	7.676780e-01	3.445674e-01	2.005138e-01	2.089626e-01	5.964403e-01	6.394934e-01	-4.008335e-01
4.877521e-01	-3.162333e-01	2.042431e-01	7.729072e-01	3.620993e-01	5.200876e-01	6.488969e-01	-2.270293e-01	-2.481246e-01	-1.994635e-01	1.182754e+00	-1.196339e-01	3.350617e-01	6.200396e-01	1.329296e+00	-2.246496e-01	6.265497e-01	4.548461e-01	9.356115e-01	-6.922893e-02	3.989527e-01	5.866541e-01	8.245664e-02	2.639816e-01	-4.424302e-01	-1.325724e-01	2.142281e-01	4.001287e-01	4.448958e-01	1.364564e+00	-4.036687e-01	-5.044833e-02	-2.026359e-01	-1.745460e-01	1.395208e+00	-5.468757e-01	5.759745e-02	-4.482045e-01	2.966135e-01	3.713064e-01
6.281884e-01	-1.346817e-01	-1.899803e-01	5.321648e-01	-1.011845e-01	1.252314e+00	1.257619e-01	1.074438e+00	2.289963e-01	1.012720e+00	-3.491769e-01	-5.142758e-01	7.069326e-01	-3.799781e-02	-9.279068e-01	1.316631e+00	8.244185e-01	2.423212e-01	-1.264963e-01	6.721029e-01	3.823817e-01	4.809043e-01	7.908755e-01	9.329470e-01	4.795337e-01	6.689083e-01	9.638976e-02	1.698860e-01	-4.226333e-01	3.906804e-02	1.317998e-01	1.316958e-01	-1.474857e-01	2.326462e-01	3.215500e-01	-3.991674e-01	2.499979e-01	3.373441e-01	-2.198327e-01	7.571770e-01
6.744602e-01	6.213487e-01	2.260526e-01	-3.209532e-01	2.242060e-01	2.846828e-01	1.357853e-01	-2.849658e-01	3.423957e-02	5.792754e-01	-2.661224e-01	-3.501670e-01	1.281461e-01	3.406848e-01	4.958726e-02	7.327567e-01	-1.291538e-01	-8.568597e-02	3.143981e-01	-4.599874e-01	5.095679e-01	5.343670e-02	1.880524e-01	5.422084e-01	-1.332451e-01	5.919884e-01	1.133921e+00	2.829590e-01	-4.952202e-01	1.952695e-01	-2.905331e-01	3.296113e-02	2.870544e-01	5.277038e-01	1.107943e+00	-1.083393e+00	5.683222e-01	-1.309729e-01	-7.585897e-01	4.354599e-01
3.272354e-01	-2.797639e-01	1.365939e-01	6.843446e-01	5.099024e-01	6.725836e-01	-9.057779e-02	-2.705347e-01	-3.163970e-01	9.497643e-01	1.621831e-02	3.899407e-01	3.714601e-01	-1.625374e-01	-7.469171e-01	9.578883e-01	1.831078e-01	1.626424e-01	1.689545e+00	6.398827e-02	9.153617e-02	3.615272e-01	-2.357094e-01	7.763354e-02	5.962238e-01	-3.460957e-01	4.705036e-01	1.086390e+00	4.384780e-01	4.331861e-01	6.403644e-01	-7.759592e-02	3.568449e-01	-8.076475e-01	6.181758e-01	-3.311012e-01	8.541188e-01	5.916118e-02	-4.386820e-01	9.164544e-01
-1.107272e-02	3.359855e-01	4.536508e-01	3.571643e-01	-1.162993e-01	5.608493e-02	8.038704e-01	3.431988e-01	-5.853153e-01	1.429534e-01	2.045223e-01	-3.239538e-01	1.210403e-01	6.441412e-01	2.649677e-01	9.341062e-01	3.410448e-01	-1.145209e-01	6.799658e-02	2.912834e-01	2.757718e-01	4.643007e-01	4.191607e-02	-3.834657e-02	-2.485297e-01	3.575160e-01	-2.731384e-01	-3.594599e-01	3.886931e-02	-1.702178e-01	-5.558061e-01	4.007872e-01	3.194927e-01	-2.723450e-01	7.899024e-01	-1.547371e-01	3.465401e-03	1.860622e-01	1.135804e-01	-2.277971e-01
7.243867e-01	-1.341454e-01	1.220825e-01	2.111016e-01	6.651158e-02	3.081460e-01	1.142225e-01	-2.067481e-01	5.124700e-02	1.490704e-01	8.443868e-01	-6.283255e-01	7.175232e-01	-1.926759e-02	7.516680e-01	1.244726e-01	5.024832e-01	2.517165e-01	2.351342e-01	-2.212606e-01	-1.741096e-01	3.838442e-01	-1.298578e-01	5.779647e-01	-3.209411e-01	1.585938e-01	-5.788387e-02	1.930496e-01	-1.109351e-01	2.289909e-01	3.533682e-01	1.959994e-01	4.627913e-01	-3.078447e-01	8.406643e-01	-2.812341e-01	-2.300518e-01	-1.033602e-01	-2.029887e-01	1.038879e+00
4.256737e-02	-9.433657e-02	7.567760e-01	-9.109816e-02	2.438517e-01	8.916778e-01	4.779822e-01	2.239560e-01	-1.068618e+00	1.439909e-01	-2.723696e-01	4.865658e-01	2.353327e-01	6.314233e-02	2.479742e-01	8.373031e-01	6.174550e-01	-4.480725e-01	5.658530e-02	2.009407e-01	5.752603e-01	2.360686e-02	5.013864e-01	-2.639791e-02	2.626415e-01	5.159704e-01	-1.052803e-01	-8.257925e-01	8.422279e-01	-5.630929e-02	-3.252773e-01	5.581982e-01	7.725251e-01	2.149260e-01	2.748473e-02	-1.215809e-01	-1.969788e-01	8.211373e-01	3.158153e-01	1.289686e+00
7.163105e-01	2.100731e-01	-3.438125e-02	6.762156e-01	4.090489e-01	5.819829e-02	-4.477080e-01	2.731458e-01	1.024067e-01	-3.888783e-01	9.559830e-01	-2.639717e-01	-4.415929e-01	-5.566327e-01	4.906436e-02	3.130076e-01	2.834947e-01	-1.646138e-01	2.326456e-01	-4.930860e-01	-1.089321e-01	-1.064527e-01	2.008869e-01	1.058251e+00	-3.348088e-01	7.904379e-02	1.677181e-01	7.252439e-01	-4.706723e-01	9.807087e-01	-3.164980e-01	2.474924e-01	1.751060e-01	-1.898898e-01	6.773332e-01	2.415430e-01	4.782964e-01	3.222541e-01	-3.539271e-01	3.948822e-02
3.601247e-01	1.267062e-01	1.886078e-01	-5.234240e-01	1.744587e-01	3.626225e-01	9.146253e-01	-1.848035e-01	-8.179520e-01	5.189197e-01	-1.269520e+00	-5.548484e-01	6.300097e-01	9.611411e-02	5.661599e-02	1.062924e-01	5.707407e-02	9.916337e-01	1.202333e+00	-7.088758e-01	-7.066709e-02	2.661406e-01	3.065697e-01	-1.374143e+00	-2.924209e-01	3.483323e-01	4.078565e-01	1.282236e+00	-3.700209e-01	1.073526e-01	-4.863825e-01	-8.861787e-01	2.135152e-02	1.761983e-01	1.550814e+00	-5.777791e-01	-2.823437e-01	-3.525372e-01	5.682935e-01	9.219321e-02
2.411825e-01	-1.460243e-01	-6.080121e-02	3.824708e-02	1.053406e+00	8.712521e-01	-3.549101e-01	6.557618e-01	-2.426130e-01	1.145898e+00	5.570231e-02	9.978182e-02	7.583665e-01	4.389897e-01	2.182848e-01	8.090251e-01	-2.546129e-01	3.180660e-01	3.678931e-01	1.228150e+00	7.858226e-01	-4.676430e-01	-6.068227e-01	-6.743440e-01	8.191618e-01	-1.491983e+00	5.432131e-01	1.104684e-01	-1.865045e-01	1.261176e-01	3.150181e-01	3.114569e-01	2.563457e-01	-5.852163e-01	4.370079e-01	8.761381e-01	1.322853e-01	1.019157e+00	-2.517172e-01	2.546802e-01
5.002248e-01	4.878937e-01	5.877051e-01	4.935275e-01	1.233894e+00	6.508398e-01	1.403080e-02	-2.889719e-01	-6.241131e-01	2.128951e-01	-7.438587e-02	-3.786081e-01	3.086934e-01	-1.262819e-01	-4.204732e-01	1.067675e+00	-6.667842e-01	1.505011e-02	4.500762e-01	1.785392e-01	1.510149e+00	4.558454e-01	6.332512e-01	-8.746084e-02	2.320126e-01	-2.086491e-01	9.096807e-01	4.042492e-01	-8.946965e-02	4.708649e-01	-1.460602e-01	2.720172e-01	3.388540e-01	4.663628e-02	3.937108e-01	-1.965053e-01	5.073955e-01	-6.796703e-01	7.952410e-01	1.021645e+00
1.623816e-01	6.421482e-04	6.606065e-02	3.671039e-01	-4.421195e-01	8.595067e-01	-1.231823e-01	5.912158e-02	-2.737497e-01	5.170032e-01	3.587266e-02	6.671457e-01	4.837954e-01	-3.955995e-01	3.054462e-01	8.285460e-01	1.538759e-01	-2.608251e-01	1.022919e+00	-1.868797e-01	-1.779254e-01	9.289137e-02	1.446936e-01	4.207319e-01	7.869528e-01	1.794896e-01	1.067192e+00	2.711972e-01	4.991362e-01	-2.177951e-02	-3.448819e-01	-1.876225e-01	4.303235e-01	1.310967e-01	5.496671e-01	7.018823e-01	-6.637386e-01	5.589245e-02	5.032643e-03	4.109366e-01
2.730562e-01	2.973723e-01	5.087022e-01	9.126265e-01	3.260140e-01	7.833736e-01	4.039098e-01	-1.114633e-01	4.487266e-01	5.496783e-01	3.355260e-03	-1.648464e+00	1.872861e-01	9.099876e-01	7.291962e-01	7.014962e-01	-1.099285e-01	8.675984e-01	-2.678023e-01	-5.365568e-01	1.377177e+00	4.620768e-01	6.836063e-01	-1.843478e-01	2.150168e+00	-3.467372e-01	-5.701263e-01	1.459106e+00	-1.658187e-01	1.354878e-01	-1.463813e-01	-8.564167e-01	9.003471e-01	6.774542e-01	9.646682e-02	2.984134e-01	2.120107e-01	1.486547e+00	9.534365e-01	1.446735e+00
-1.024673e-01	-6.730363e-01	5.174097e-01	1.515670e+00	5.150206e-03	3.969754e-01	9.415984e-01	-9.545733e-01	5.309685e-01	9.599256e-01	3.423540e-01	1.350499e-01	4.544661e-01	-1.046894e+00	-1.023542e-01	1.217240e+00	-6.163799e-02	6.428118e-01	2.887497e-01	-7.134917e-01	6.086347e-01	-2.266895e-01	6.837163e-02	-1.011286e-01	1.345620e-01	-3.649692e-01	1.304247e+00	3.282468e-01	5.388753e-01	4.936969e-01	3.480985e-02	-3.008922e-01	-1.317269e-01	2.790755e-01	9.603782e-01	7.490389e-01	8.187064e-01	-3.227804e-03	4.452872e-02	-3.754715e-01
-2.780209e-01	2.283292e-01	-2.099590e-01	-3.238762e-01	3.148179e-02	1.800975e-01	1.500163e+00	3.933790e-01	-4.029067e-01	-9.870772e-01	-1.657349e-01	-1.193309e-01	3.991407e-01	4.706883e-01	-2.949456e-01	1.568919e+00	8.660409e-01	1.278051e+00	-1.667573e-01	-5.698008e-01	-4.910435e-01	5.358571e-01	4.448197e-01	-6.796847e-01	1.580293e+00	-5.748765e-01	-5.852211e-02	-2.257146e-01	7.271995e-01	1.326395e+00	-6.807169e-02	-1.396323e-01	9.088615e-02	7.230254e-01	2.067002e-02	-9.022486e-02	-3.391853e-01	9.633496e-02	3.883831e-01	2.798766e-01
1.096050e-01	-3.405194e-01	-2.158855e-01	9.709781e-01	-7.847592e-01	7.369405e-01	-2.785770e-01	-2.484574e-01	-5.956388e-01	1.000237e+00	-5.441365e-01	-1.280770e-01	-1.976568e-01	3.997505e-01	-1.410390e-01	7.719567e-01	4.771408e-01	2.150517e-01	7.906772e-01	-1.010492e-01	3.069352e-01	1.422383e-01	7.049094e-01	-2.382752e-01	4.649682e-01	1.137121e+00	7.301922e-01	2.599526e-01	5.684297e-01	4.582356e-01	5.145953e-01	-4.637824e-02	2.156189e-01	3.560395e-01	9.308502e-01	2.643427e-01	-2.678631e-01	4.381662e-01	-7.169201e-02	-4.867614e-02
3.122620e-01	4.085436e-02	1.136377e+00	3.579140e-01	4.082600e-02	2.846353e-01	2.351769e-01	4.064311e-01	3.301468e-01	2.551933e-01	1.051817e+00	-4.758739e-01	-2.646103e-01	6.028031e-01	2.464504e-01	8.996708e-01	8.629709e-01	7.060369e-02	2.164763e-01	-3.977306e-01	5.293047e-01	1.356799e-01	4.876883e-01	-4.891536e-01	2.726953e-01	4.147092e-02	-2.484566e-01	1.018410e-01	8.503650e-02	-1.172878e-01	-2.211726e-01	2.377727e-01	4.722224e-01	5.236297e-01	1.268289e+00	7.231010e-02	1.790287e-01	6.262678e-01	9.141796e-02	2.194283e-01
4.841540e-01	6.200751e-01	3.333236e-01	1.511899e-01	4.641331e-01	-6.366358e-01	1.223357e+00	-3.006373e-01	-2.676956e-01	9.230926e-01	5.263401e-01	-5.404439e-01	6.596751e-01	7.423681e-01	1.120247e+00	1.136694e+00	3.242079e-01	2.662657e-01	3.572487e-01	4.558615e-01	1.991392e-01	-2.613558e-01	1.167871e-01	7.917828e-01	9.255082e-01	6.688143e-01	3.704188e-02	9.511726e-01	3.903145e-01	-7.113359e-01	-1.365601e-01	1.940391e-01	6.511003e-01	2.167222e-01	7.157479e-01	2.553152e-01	3.008462e-01	9.435930e-01	8.407865e-01	1.979700e-01
6.835205e-01	-1.321289e-01	7.987861e-02	5.372675e-01	-5.140203e-02	5.921335e-01	3.882547e-01	-4.068298e-02	-1.517109e-01	4.526535e-01	8.343320e-01	-4.002695e-01	6.361237e-01	-5.487064e-01	6.287193e-01	-9.956550e-02	6.409946e-01	1.652316e-01	2.441836e-01	-5.617424e-01	7.759580e-02	4.721642e-01	1.275051e-01	1.368029e-02	-4.730321e-01	-1.576346e-01	6.278502e-01	8.135075e-01	-9.161583e-01	3.922410e-01	2.356341e-01	1.076964e+00	4.643352e-01	-8.996655e-02	9.593842e-01	1.473267e-01	-4.898988e-01	1.525519e-01	1.169722e-02	7.651288e-01
-2.474264e-01	8.643115e-01	-1.672837e-01	-2.359996e-01	7.343702e-01	4.389089e-01	5.715073e-01	-7.830369e-02	-2.458222e-02	2.994872e-01	1.170296e+00	5.502619e-01	7.811028e-01	-1.244842e+00	-6.000655e-01	1.204054e+00	1.511847e-01	8.369785e-01	-3.030543e-01	4.474447e-01	-1.646063e-02	1.161268e+00	6.248195e-01	1.114713e+00	2.975550e-01	-2.853604e-01	-5.034095e-01	-2.554759e-01	4.178159e-01	3.747431e-01	-4.395417e-01	6.153399e-01	3.353235e-01	-2.661388e-01	4.417155e-02	-6.588531e-01	-2.538711e-01	-1.938282e-02	5.263710e-01	4.313384e-01
7.600598e-01	-4.574959e-01	6.534991e-01	1.680324e-01	1.103329e-01	2.600378e-01	9.666999e-02	-7.216406e-01	-2.412012e-01	7.821222e-01	-1.804276e-01	6.668985e-01	3.586668e-01	-3.278029e-01	4.500424e-01	1.018854e+00	-5.169391e-02	6.484084e-01	8.027054e-01	-2.359625e-01	-4.465071e-01	2.937079e-01	8.455739e-02	-5.840173e-02	-1.425697e-01	-1.638119e-01	5.444168e-01	2.980252e-01	6.964900e-01	4.718948e-01	-2.321127e-01	3.620285e-01	2.161353e-01	-7.756059e-02	4.761554e-01	-3.576805e-01	-1.618940e-01	6.797962e-01	1.260934e-01	4.895146e-01
-2.113567e-01	-1.072717e-01	1.898052e-01	4.938914e-01	-6.629418e-01	8.623412e-01	1.945174e-01	4.451618e-01	-4.375657e-01	6.738386e-01	-3.009962e-01	-1.202470e-01	-2.878435e-01	-4.207969e-01	-6.040723e-01	7.137867e-01	-1.521928e-01	4.740952e-01	1.250013e-01	-1.398570e-01	-2.620007e-01	-2.457409e-01	-6.448059e-01	3.612383e-01	1.465031e-01	-4.782715e-02	5.946992e-02	-1.295565e-01	-5.771657e-01	2.996510e-01	-8.767454e-01	-7.215739e-01	-5.785592e-01	1.229680e-01	1.044234e+00	-2.289936e-01	2.975565e-01	3.829419e-01	-1.560121e-02	3.010402e-01
7.120260e-02	7.176273e-01	-1.102149e-01	8.783360e-01	-1.189724e-01	2.473798e-02	3.480042e-01	2.733159e-01	1.213247e-01	6.153228e-01	-4.976240e-01	-6.177706e-01	2.730419e-01	9.260167e-01	3.656376e-01	1.118092e+00	4.095482e-01	9.638154e-01	-2.841783e-02	-5.218582e-02	2.581833e-01	-9.553760e-02	-2.646796e-01	6.807439e-01	2.410221e-01	-4.776104e-01	6.549945e-01	5.038634e-01	-2.826829e-01	-3.260262e-01	2.549979e-01	5.613443e-03	6.845704e-01	-7.442056e-01	2.473219e-01	2.632138e-01	5.791617e-01	7.500879e-01	-4.099823e-01	-1.397288e-01
-3.147762e-01	1.111600e+00	-3.217248e-02	6.458274e-01	7.476437e-01	4.951475e-01	8.188616e-01	-1.907900e-01	-4.707266e-01	5.045388e-01	1.577853e-01	-5.010092e-03	-3.150432e-01	5.860294e-01	-1.259963e-01	2.956086e-01	-2.320746e-01	1.025586e+00	5.355797e-01	-1.240735e-01	1.326457e+00	4.272609e-01	-7.762415e-01	2.187059e-01	-3.544699e-01	2.428302e-01	-3.129204e-01	-2.412449e-01	-4.504508e-01	4.061279e-01	-4.826975e-01	1.947891e-01	-1.286466e-02	4.314467e-01	8.185287e-01	-4.672992e-01	-3.997460e-02	6.607653e-02	1.594682e-01	-8.331869e-02
2.362366e-01	2.903947e-01	1.051498e+00	2.794686e-01	-4.605865e-01	8.079269e-01	2.881691e-01	-2.901761e-01	-1.123466e+00	1.503955e+00	1.185174e+00	-4.569708e-01	6.955465e-02	4.613143e-01	-1.169409e-02	5.944675e-01	4.236930e-01	8.739482e-02	1.031413e+00	-3.345248e-01	5.969172e-01	2.371931e-01	3.110521e-01	8.178079e-02	1.907442e-01	9.689897e-02	-3.204856e-01	5.895550e-02	-8.695002e-02	-2.562227e-01	5.940474e-01	2.542743e-01	3.667662e-01	1.468538e+00	1.006128e+00	-1.838192e-01	7.600941e-01	2.290030e-01	4.523277e-01	-1.198101e-02
1.542970e-01	3.185943e-01	7.350337e-01	-7.038068e-02	4.905876e-01	3.836199e-01	-1.754002e-01	4.086810e-03	-1.336243e-02	3.744009e-01	1.475481e-01	4.237800e-01	3.330069e-02	-2.435950e-01	-1.382946e-01	1.352893e+00	-3.760577e-01	5.528607e-01	-2.638327e-01	-1.003542e-01	8.792535e-03	-2.526947e-01	1.735712e-01	2.253334e-02	4.153092e-01	2.180216e-01	2.687573e-01	4.425195e-01	9.050993e-02	-1.395649e-01	-4.213174e-01	-6.168191e-01	6.642570e-01	-4.754399e-01	4.939748e-01	2.003705e-01	1.451769e-01	7.885319e-01	-6.156243e-02	1.380629e-01
4.819289e-01	5.698756e-01	1.646807e-01	7.810383e-02	3.270010e-01	7.822534e-01	6.313552e-01	9.101655e-02	-1.823017e-01	1.986879e-01	7.113886e-01	-2.923841e-01	1.802631e-01	2.662976e-01	1.812217e-01	7.940617e-01	1.030050e+00	1.225463e-01	-1.206671e-01	5.418102e-01	4.296353e-01	-3.045920e-01	1.855250e-02	3.723955e-01	6.244405e-02	4.048025e-02	-3.735525e-01	-1.015204e-01	-1.835391e-01	-1.867295e-01	-3.233038e-01	1.059059e-02	3.103176e-01	2.481462e-01	6.465123e-01	-2.903767e-01	3.399414e-01	7.758607e-02	1.500431e-01	2.421533e-01
1.402396e+00	1.134779e+00	2.265157e-01	1.233531e+00	2.585318e-01	3.334537e-02	1.143729e-01	-6.142966e-01	-1.162851e+00	1.486042e-01	-1.141520e-01	-8.508651e-01	2.044542e+00	-5.611149e-01	4.886600e-01	1.321762e-01	-7.063775e-01	3.281903e-01	-1.180929e-01	3.379893e-01	2.009838e-01	-4.080841e-01	1.275677e-01	-3.860834e-01	-8.898611e-02	1.156444e-01	7.409690e-01	-2.666393e-01	-1.533300e+00	6.323757e-01	-7.675380e-03	8.431265e-02	-6.446531e-01	-9.751375e-03	-4.065364e-01	4.801423e-01	1.747320e-01	1.100123e+00	-4.360095e-01	-6.926227e-01
2.835517e-01	4.340812e-01	2.049971e-01	9.194010e-01	2.400580e-01	1.652945e+00	4.296340e-02	2.423057e-01	-3.137612e-01	-9.456415e-01	6.161587e-01	4.086742e-01	6.272515e-01	1.861952e-01	3.804910e-01	2.413858e-01	1.202136e+00	-1.362904e-01	-2.768581e-01	7.347965e-01	5.212860e-01	1.211201e-01	-5.437093e-01	-1.026429e-01	2.944743e-01	-4.828428e-01	-1.177929e-01	7.526542e-01	6.255382e-01	6.954671e-01	-7.146141e-01	6.183266e-01	4.263035e-01	8.807035e-01	-1.287264e-01	-2.984795e-01	7.688635e-01	-2.879300e-01	1.171333e+00	-3.633458e-01
4.518890e-02	-2.013353e-01	3.241723e-01	6.765909e-01	1.302030e-01	-5.540504e-02	7.251406e-01	7.535970e-01	-1.444561e-01	-4.261725e-01	1.013973e+00	4.981090e-01	-2.345503e-01	-1.975259e-01	-6.204330e-01	1.447508e+00	4.956252e-01	-9.323959e-02	1.367128e-01	3.089671e-01	5.628766e-01	3.655208e-01	-4.007524e-01	1.738507e-01	-1.212704e-01	9.838187e-02	1.673235e-01	1.239786e+00	-4.664645e-01	-9.258073e-01	2.504788e-01	6.860428e-01	4.957707e-01	7.516633e-01	9.881794e-01	-3.014164e-01	-8.873176e-02	2.868813e-02	5.329923e-01	-5.230196e-01
-2.954179e-01	1.656476e-02	-3.709830e-02	2.238504e-01	-3.839543e-01	6.592511e-01	-1.846039e-02	-5.926402e-01	-8.537255e-01	4.607878e-01	-2.001399e-01	8.042116e-01	-1.292104e-01	1.748450e-01	7.855242e-01	1.185648e+00	7.419648e-01	2.908925e-01	8.737138e-01	-3.405148e-02	1.843404e-01	2.943142e-01	6.772069e-01	3.212141e-01	-1.100636e-01	4.610171e-01	4.735771e-01	-4.843828e-01	-7.162314e-02	3.134437e-01	-5.834907e-01	2.587150e-02	1.394418e-01	5.076766e-01	4.870282e-02	-1.867495e-01	-2.676974e-01	8.404958e-01	-3.371243e-01	1.159155e+00
9.436059e-01	6.486702e-01	1.024729e+00	3.541773e-01	3.286897e-01	8.164641e-01	-3.748718e-01	1.803405e-01	-2.995540e-02	-5.750057e-01	2.033365e-01	3.942297e-01	-8.997162e-02	1.922551e-01	1.523037e-01	1.433853e+00	1.240580e-01	-1.688553e-01	-3.424728e-03	4.661657e-02	-8.692367e-02	-2.828298e-02	7.144394e-02	5.777757e-02	4.226599e-01	-2.483555e-01	2.411835e-01	6.139464e-01	-3.906969e-02	4.843662e-01	-3.305963e-01	3.553558e-02	5.216957e-01	3.988419e-01	6.650338e-01	-2.275540e-01	6.436650e-02	3.470803e-01	3.072958e-01	3.928648e-01
1.063229e+00	1.294009e+00	4.020222e-01	-3.670811e-01	9.323459e-03	1.365596e+00	5.077317e-01	3.101905e-01	-1.664237e-01	-5.394106e-02	-1.174548e-02	-4.097261e-02	1.687795e-01	-5.821680e-01	-1.489673e-01	9.977916e-01	4.228978e-01	-3.690418e-02	2.450487e-01	3.949354e-01	7.863196e-01	-4.425718e-03	7.233136e-01	8.291427e-01	9.351129e-01	-1.192703e-01	-5.567890e-01	4.521255e-01	8.754506e-01	3.286486e-01	-3.450786e-01	1.432554e+00	6.148906e-01	-1.107954e-01	7.741380e-01	-2.121676e-01	-1.195087e-01	6.363516e-01	-7.555337e-01	2.031141e-01
1.238314e+00	1.039749e-02	1.370420e-01	1.943874e-01	3.297131e-01	1.010058e+00	6.717671e-01	4.550159e-01	2.956302e-01	9.681109e-01	9.838711e-01	2.421812e-03	5.934598e-01	2.145178e-01	-3.136620e-01	1.088141e+00	1.087448e+00	3.953994e-01	-1.691653e-01	2.252047e-01	2.589856e-01	-1.735922e-01	4.013044e-01	1.277140e-02	2.668516e-01	-3.397229e-01	-1.420580e-01	2.082318e-01	-3.053396e-01	-2.142450e-03	-3.281926e-01	-4.034847e-03	1.354487e-01	-2.405054e-01	9.023378e-01	-2.796631e-01	-2.649534e-01	4.195676e-01	1.116230e-01	1.831613e-01
8.532863e-01	-3.936865e-01	6.594297e-01	2.834822e-01	-1.111443e-01	2.876589e-01	-1.262632e-01	-1.927226e-02	-5.444521e-01	8.093270e-01	-3.326330e-01	7.849608e-01	-8.890107e-02	-1.331523e-01	7.516011e-01	4.432378e-01	6.564689e-02	5.941375e-01	1.028825e+00	-1.599069e-03	2.384302e-02	3.991756e-01	2.982300e-01	-4.860794e-01	1.009597e-02	-3.088174e-02	7.496815e-01	2.492438e-01	2.428051e-01	7.358356e-02	5.753146e-02	1.700998e-01	3.936348e-01	-1.647862e-01	4.088107e-01	2.936870e-02	-3.963942e-01	5.617165e-01	1.803058e-01	5.588719e-01
8.513459e-01	-3.402838e-01	-4.442177e-02	9.221720e-01	3.748844e-01	9.623516e-01	-1.750058e-02	6.618861e-01	-3.988021e-01	3.861297e-01	-2.831121e-01	1.414313e-01	5.806008e-01	4.799014e-01	-3.178536e-01	1.592596e-01	1.102501e+00	9.944009e-01	3.917651e-01	8.146428e-01	3.712031e-01	6.519131e-02	7.070338e-01	1.295574e+00	2.633505e-01	-1.641351e-01	4.233312e-01	-4.430795e-01	-9.035325e-01	8.873984e-02	-6.866393e-01	3.764903e-01	4.203539e-01	3.282846e-01	3.292564e-01	-9.730254e-01	4.482363e-02	3.907323e-01	8.426029e-01	2.667189e-01
-1.671993e-01	8.314531e-02	-1.684006e-01	1.085855e+00	-1.467724e-01	7.141222e-01	-3.241479e-02	7.219510e-01	-5.473638e-02	2.405178e-02	1.497575e-01	5.430975e-02	2.332333e-01	6.599242e-01	-9.891974e-01	5.046050e-01	1.465252e-01	5.258531e-01	-1.934844e-01	4.504217e-01	1.104525e-01	7.908648e-01	-1.504868e-01	-5.893512e-01	1.827599e-02	4.802051e-02	8.293326e-01	5.600522e-01	-1.178623e-01	5.588521e-01	-7.464552e-01	7.352545e-02	-6.507765e-02	-3.099813e-01	3.409803e-01	-2.394311e-01	-3.114785e-02	-2.879249e-01	-2.192483e-02	3.693462e-01
3.962867e-01	-1.297240e-02	2.132324e-01	5.683721e-01	5.968967e-01	3.413863e-01	3.631796e-01	4.977055e-01	-4.714302e-01	1.087663e-01	7.002186e-01	4.337843e-01	6.715998e-01	3.453168e-01	-2.026300e-01	4.100592e-01	-4.791071e-01	4.931713e-01	1.114254e-01	-5.132448e-01	1.803494e-01	7.825508e-01	-6.049832e-01	7.093002e-01	1.693877e-01	3.577165e-01	-8.552186e-03	-2.200239e-02	-2.068109e-02	6.020266e-02	-6.526939e-01	1.226487e+00	-3.128257e-01	-7.267096e-03	7.018938e-01	3.180238e-02	-2.733520e-01	3.845281e-01	-2.872472e-01	1.307387e+00
5.896521e-01	-4.414308e-02	7.424838e-01	1.954520e-01	2.707234e-01	1.929526e-01	5.660291e-02	-1.262947e+00	1.000520e+00	1.980277e+00	6.934195e-02	1.170272e-01	9.894027e-03	-4.633868e-01	3.598602e-01	4.084547e-01	6.727400e-02	1.637986e+00	-4.524202e-01	6.620621e-02	1.465524e-01	5.444694e-01	-1.678272e-01	-8.911350e-02	-9.542802e-01	-2.242271e-01	-4.914021e-01	7.811311e-02	2.756778e-01	-6.131468e-01	7.352714e-01	-7.011615e-01	1.036974e+00	4.561515e-01	3.474781e-01	-2.600593e-01	8.338485e-02	-4.268429e-01	-2.452413e-01	6.418816e-01
-5.148122e-01	6.373999e-02	1.527023e+00	5.520636e-01	-5.896301e-02	4.656512e-02	3.072893e-01	-5.224411e-01	1.974492e-02	8.612989e-01	4.042789e-01	8.277627e-01	3.022740e-03	6.334714e-01	7.749878e-01	4.856884e-01	8.653717e-01	1.254496e+00	-5.658064e-01	1.089040e+00	-1.243398e+00	1.563727e-01	6.857290e-01	1.292013e+00	1.114199e+00	1.327824e-01	-5.341691e-01	-8.445822e-03	4.560141e-01	-1.068711e+00	1.995473e-01	6.448450e-01	5.176700e-01	-1.690378e-01	1.560655e+00	5.219506e-01	4.154801e-01	1.446041e+00	-1.300918e-01	5.607024e-01
7.592046e-01	9.001621e-01	-2.829341e-01	2.342515e-01	6.517923e-01	1.196328e+00	-3.644920e-01	3.267342e-01	-1.687298e-01	-7.230429e-01	-5.523424e-02	-6.136725e-02	6.630859e-01	4.923285e-01	7.340338e-01	2.363409e-01	3.736066e-01	4.835177e-01	-2.608655e-02	7.390156e-01	4.107809e-02	8.493937e-01	2.823303e-01	1.654904e-01	1.159528e+00	2.811028e-01	-4.022413e-01	-3.027941e-01	3.475129e-01	1.749632e-01	-7.695900e-01	-6.676008e-02	3.717034e-01	-1.713438e-01	2.897038e-01	4.366089e-01	5.989848e-01	-4.753940e-02	1.124778e+00	2.748976e-01
2.034619e-01	-1.279869e+00	1.099181e+00	7.657227e-01	1.110105e-01	3.617943e-01	-1.913761e-01	-3.897111e-02	6.518174e-01	2.412651e-01	-6.337094e-01	9.184013e-02	1.504990e+00	-9.397163e-01	-3.975736e-01	5.621537e-01	-2.344288e-02	2.577390e-01	3.913571e-01	-5.164333e-01	3.798504e-01	4.376589e-01	-6.290869e-02	-2.752006e-01	5.729206e-01	-1.213972e-01	3.071318e-01	-8.750093e-01	6.374539e-01	9.474224e-01	-4.842818e-02	6.841960e-02	3.296837e-01	4.716608e-01	-5.107095e-02	-1.945647e-01	-3.872797e-01	-2.837942e-01	-8.152198e-02	2.158060e-01
5.266719e-01	1.147985e+00	7.678896e-01	8.759287e-01	8.136635e-01	5.371120e-01	-8.498953e-02	-2.595056e-01	6.053415e-01	-1.797837e-01	9.956414e-01	-6.112395e-02	1.154332e-02	7.170132e-02	4.050031e-02	1.243726e+00	1.558457e-01	6.101229e-02	-2.310886e-01	-2.776618e-01	4.519437e-01	3.883367e-01	1.279479e-01	1.510966e-01	7.814260e-02	1.437076e-01	-2.188515e-01	-4.359409e-01	-3.970416e-01	1.575034e-01	-3.125041e-02	6.576734e-01	3.437066e-01	2.304800e-01	3.014852e-01	9.598011e-02	7.765956e-01	1.363969e-01	5.142737e-01	9.449705e-01
1.471695e-01	1.412079e+00	-8.246700e-01	4.963567e-01	-3.111598e-01	1.213634e+00	9.583387e-01	1.398438e-01	-1.570466e-01	1.718347e+00	6.740419e-01	-4.451199e-01	1.338530e+00	4.445430e-01	-4.117338e-02	9.366453e-01	-6.677454e-01	-4.613466e-01	-6.367642e-01	9.192941e-01	-2.110357e-01	-1.459796e-02	-3.077158e-01	5.074017e-01	8.909332e-01	7.830365e-01	-1.034662e-01	1.040854e+00	5.310854e-01	9.723756e-01	8.118023e-01	-3.816018e-01	-3.132216e-01	2.588430e-01	-1.830867e-02	6.952395e-01	6.332488e-01	5.905707e-01	7.070835e-01	7.586187e-01
5.568239e-01	1.309317e-01	4.029215e-01	3.863410e-01	-5.131562e-02	6.092243e-01	5.082198e-01	3.833275e-01	-2.033235e-03	1.015924e+00	5.275229e-01	-1.645887e-01	1.626915e-01	9.451192e-01	4.194176e-01	4.867669e-01	-2.762300e-01	2.577499e-01	2.417048e-01	2.555207e-01	-7.350631e-02	2.920283e-01	4.573251e-02	1.287388e+00	1.523968e-01	-4.234878e-01	2.866600e-01	5.121394e-02	-2.317889e-01	-1.345091e-01	-4.992916e-01	7.212323e-02	1.287221e+00	5.676254e-01	1.018467e+00	1.235337e-01	1.266172e-01	-4.698882e-01	2.177305e-02	8.419320e-01
4.582875e-01	7.143503e-01	-1.591001e-02	2.216192e-01	3.605570e-01	4.423929e-01	4.467146e-01	2.895477e-01	1.420190e-01	7.393836e-02	4.952931e-01	1.936483e-01	3.808541e-01	1.293175e-01	3.315042e-01	8.137801e-01	5.382649e-01	2.296156e-01	-6.558063e-02	2.435855e-01	5.740568e-01	1.254076e-01	1.544168e-01	2.859729e-01	3.356496e-01	1.262638e-01	-3.358358e-01	1.521648e-01	-9.880106e-02	-3.040849e-01	-8.078802e-01	7.223715e-01	8.105615e-02	4.444767e-01	4.319086e-01	-3.304058e-01	4.632649e-01	1.136945e-01	4.510875e-01	2.759932e-01
1.799831e-01	-2.514459e-01	1.578040e-01	8.647851e-01	4.114694e-01	7.951466e-01	-2.274619e-01	-7.679584e-01	-3.895053e-01	3.158328e-01	3.762550e-01	-1.427782e-02	-6.368390e-02	-3.346211e-01	5.259721e-01	1.010870e+00	2.631282e-01	-1.993873e-01	-1.707694e-02	-1.048859e-01	-3.569337e-01	-2.000804e-01	3.275779e-01	2.969205e-01	-2.275906e-01	9.582805e-01	1.343685e-01	7.528280e-02	-6.574727e-02	-2.709308e-01	-5.564817e-01	2.945205e-01	4.783391e-01	7.013382e-02	2.864084e-01	-6.018305e-02	-1.412142e-01	-6.872023e-02	1.596827e-01	1.748221e-01
2.834653e-01	3.473021e-01	3.261239e-01	4.399189e-01	-3.329477e-01	7.767640e-01	3.756125e-01	4.016566e-01	-4.843477e-01	9.696711e-02	6.247240e-01	-3.094839e-01	-1.693415e-01	7.210674e-03	2.264151e-01	6.653994e-01	2.557139e-01	-5.386961e-01	-6.216011e-01	-9.486718e-02	5.671308e-01	3.230650e-01	2.698689e-01	6.330056e-02	6.140435e-01	4.151036e-02	1.436563e-01	-4.525038e-01	-2.967772e-01	-1.574102e-01	-4.209036e-01	2.901954e-01	-1.389257e-01	-5.718508e-02	2.627112e-02	6.460953e-02	5.271652e-01	9.254362e-01	1.217098e-01	1.318851e-02
2.574369e-01	3.105764e-02	3.792087e-01	-2.151905e-02	2.470923e-01	-4.449576e-01	2.580610e-01	-5.080427e-01	-3.521738e-01	6.287546e-01	-8.379493e-02	9.645086e-01	3.789315e-01	-2.669026e-01	3.656022e-01	5.863883e-01	-3.791838e-02	7.416685e-01	5.829217e-01	1.134182e-01	-2.211237e-01	5.897765e-02	-1.438751e-01	4.400749e-02	2.613322e-02	-1.477514e-01	1.506517e-01	3.558402e-01	4.267032e-01	3.629802e-01	-4.383003e-01	4.961568e-01	7.366680e-02	-2.952206e-01	3.093444e-01	-9.490156e-02	-2.508576e-01	4.318309e-01	1.931241e-01	8.831836e-01
4.299187e-01	8.203259e-01	3.478042e-01	4.543997e-01	6.834718e-01	1.137051e+00	1.573239e-01	7.502155e-01	-4.911102e-01	1.440993e-01	8.079963e-01	2.992620e-01	3.704001e-02	5.752518e-01	-2.461970e-02	1.028185e+00	4.416272e-01	8.398049e-01	-3.729752e-01	1.307103e+00	-5.475941e-01	-1.362862e-01	6.369013e-01	9.097982e-01	1.535666e-01	-9.355630e-01	-1.035095e-01	1.123172e+00	5.670041e-01	5.385934e-01	-2.162678e-01	5.644723e-01	8.681099e-01	-3.486685e-01	-2.296397e-01	-1.628325e-03	-2.239907e-01	1.118083e+00	4.796064e-01	-3.344831e-01
3.261014e-01	-1.177109e-01	2.680982e-01	1.850056e-01	1.557198e-01	8.559324e-01	4.291368e-01	-1.127699e-01	2.338043e-01	3.148969e-01	8.678717e-01	7.670099e-01	9.182945e-02	3.877490e-01	-4.386107e-02	5.253765e-01	2.863555e-01	8.762278e-01	2.389170e-01	-1.331534e-01	1.493925e+00	1.332952e-01	1.191253e+00	1.155301e+00	6.614047e-01	-2.225162e-01	6.998753e-01	7.035147e-01	9.044196e-01	-1.365240e-01	-9.507559e-01	9.553517e-01	4.017192e-01	6.037955e-01	5.056798e-01	-4.674338e-01	3.909778e-01	9.095476e-02	7.910587e-01	8.839392e-01
1.926844e-01	7.685280e-01	-1.143190e+00	9.984653e-01	2.261850e-02	-5.356373e-03	-1.834420e-01	6.737942e-01	-2.565563e-01	6.576143e-01	-9.506364e-02	1.035205e+00	-4.558871e-01	4.939681e-01	-2.459198e-01	1.551529e+00	3.828344e-01	8.590170e-01	1.549513e-01	6.721098e-01	3.789986e-01	3.216148e-01	2.205960e-01	1.113036e+00	7.031210e-01	-3.996867e-01	8.026446e-01	1.058369e-01	5.594370e-01	-3.380023e-01	-5.685801e-01	-2.879652e-01	3.881977e-01	2.268432e-01	6.403914e-01	-1.748404e-01	1.173369e+00	2.954199e-01	-9.061996e-02	1.391053e-01
1.011796e+00	4.746263e-01	9.444470e-01	-2.679357e-01	8.398394e-01	1.368421e+00	3.304457e-01	1.409664e-01	-3.189976e-01	3.055404e-03	-1.033992e+00	-3.439424e-01	2.805725e-01	3.463745e-01	3.719061e-01	3.921415e-01	3.770158e-01	-1.021489e-01	7.936321e-02	8.787662e-01	-6.672811e-01	7.386056e-02	9.121685e-02	8.783211e-01	1.003033e-01	8.736212e-02	5.324395e-01	2.451486e-01	2.552342e-01	4.802497e-01	-6.112568e-02	4.248178e-01	7.295841e-01	-3.775373e-01	-4.452193e-01	-1.100857e+00	3.373238e-01	4.636563e-01	8.011444e-01	4.514768e-01
2.324378e-01	6.907682e-02	1.392321e-02	4.826552e-01	-1.763680e-02	4.449115e-01	1.429164e-01	3.798377e-01	1.662901e-01	-2.504354e-02	1.201350e-01	3.287656e-01	2.248087e-01	-2.693482e-01	2.789508e-01	5.615013e-01	1.217645e-02	-1.057711e-01	7.066217e-03	4.374296e-01	3.018121e-01	2.066780e-03	-6.683286e-02	-1.938710e-01	7.906685e-02	-1.682783e-01	4.561503e-02	7.897415e-02	9.739702e-02	-4.320179e-02	-1.181612e-01	3.209921e-01	-1.297785e-01	2.226459e-02	-3.522100e-01	-1.518950e-01	2.937250e-01	-4.719181e-03	1.692907e-01	-6.682512e-02
-7.519753e-01	4.812257e-01	-9.046287e-02	2.230697e-01	-5.826730e-01	7.486502e-01	3.209036e-02	7.588734e-02	-9.378659e-01	4.920675e-01	-4.079099e-01	1.308950e-01	4.710277e-01	-3.247921e-02	-2.769068e-01	7.025885e-01	9.423969e-01	8.362494e-01	8.463959e-01	3.285274e-01	-8.518863e-01	5.238600e-01	4.691359e-01	-1.239331e-01	-2.249620e-01	3.283782e-02	2.337213e-01	5.580031e-01	5.591418e-01	3.750071e-01	-5.186819e-01	-1.124792e-01	1.176899e-01	5.597366e-01	7.961325e-01	-1.594649e-02	2.112149e-01	7.921089e-01	-3.577233e-01	6.041854e-01
1.044620e+00	8.133749e-01	-3.890188e-01	-3.492366e-01	-5.287402e-01	-1.916615e-01	7.513251e-01	-3.961103e-01	2.410398e-02	7.153918e-01	8.987666e-01	7.507301e-01	2.838637e-02	-9.318351e-01	1.240838e+00	1.651768e+00	-1.088874e+00	1.150121e+00	1.226786e+00	-3.571696e-01	-3.430190e-01	9.838443e-01	-4.451656e-01	-4.690990e-01	1.006197e+00	1.086151e-02	-2.160896e-02	4.983986e-01	5.447614e-01	1.007463e+00	-2.889711e-01	-3.081989e-01	1.399440e+00	2.107750e-01	1.493062e-01	-1.052087e+00	1.590851e-01	3.494096e-01	5.701307e-01	-8.797175e-01
9.403459e-01	9.758031e-01	-7.780807e-01	5.775369e-01	1.397677e-01	1.594809e+00	1.150769e+00	-3.841862e-01	4.719405e-01	1.663150e+00	1.394355e-02	-1.351729e+00	9.001033e-01	2.646825e-01	-1.454492e+00	1.103122e-01	1.420269e+00	7.283066e-01	-6.360748e-02	-1.337230e+00	7.025846e-01	-5.702107e-01	5.215912e-01	-1.089092e+00	1.209445e+00	-1.341516e+00	1.095187e+00	-2.480331e-01	1.551612e-01	-7.912360e-01	-1.039436e+00	4.245876e-01	9.363713e-01	-5.447498e-01	6.299440e-01	4.536457e-02	1.522057e-01	4.837611e-01	-4.338669e-01	6.331180e-01
-2.370271e-01	-2.279830e-01	1.283887e+00	1.429112e-01	-3.080659e-01	8.601546e-02	6.715496e-01	-5.141674e-01	-1.468533e-01	4.549117e-01	-1.417142e-01	5.184799e-01	5.339932e-01	-6.944961e-01	1.760736e-01	1.002525e+00	6.668043e-01	-4.404914e-03	6.977723e-01	2.087565e-01	6.648403e-01	-6.677869e-03	-7.233788e-01	1.413078e+00	3.267730e-01	9.932666e-02	4.323879e-02	3.971928e-01	6.582810e-01	-6.825940e-01	-2.555455e-01	6.861044e-01	5.301275e-01	-4.214594e-01	4.376971e-01	-7.765682e-01	-3.274290e-01	7.395756e-01	1.873058e-02	4.893355e-01
6.951055e-01	2.693733e-01	-2.481040e-02	5.734510e-01	2.111631e-02	4.996481e-01	1.608696e-01	2.675021e-01	3.503292e-01	6.401183e-02	1.358099e+00	-2.916029e-01	1.290757e+00	1.736743e-01	1.148414e+00	3.109026e-01	4.865069e-01	4.393195e-01	3.392615e-01	1.974654e-01	-8.758447e-01	5.240419e-01	2.642369e-01	3.375740e-01	-3.733019e-01	3.441589e-01	3.922944e-01	2.787077e-01	6.758672e-01	1.938930e-01	4.109731e-01	5.717130e-01	4.843045e-02	-2.275524e-01	7.907591e-01	-6.991937e-01	-1.647732e-01	1.768906e-01	4.718925e-02	7.179956e-01
-1.558906e-02	1.396834e+00	-5.419676e-02	6.262512e-01	3.612925e-01	-8.679793e-02	-3.666425e-01	2.601994e-01	-9.017381e-01	1.125620e+00	3.776917e-01	1.274327e-02	-2.017890e-02	1.627410e-01	4.094672e-01	5.898934e-01	1.177385e+00	6.783948e-01	-3.212061e-02	8.326946e-01	6.855996e-01	-6.914508e-01	-4.255506e-01	8.526381e-01	6.660792e-01	-3.386752e-01	2.887788e-01	5.940976e-01	1.408655e-01	-6.534082e-03	1.876679e-02	5.884417e-01	1.152470e-01	4.651065e-01	-5.952596e-02	5.539716e-02	6.304143e-01	-1.027202e-01	-2.583990e-02	1.797086e-01
-4.676608e-01	7.695644e-01	-9.302028e-02	-1.338315e+00	-3.218948e-01	-9.580941e-01	-1.129140e-02	-1.115266e+00	6.763276e-01	7.723616e-01	8.471651e-01	-1.130742e-01	8.768069e-02	-2.892290e-01	-4.112890e-01	1.235138e+00	1.390902e+00	6.991212e-02	1.224586e+00	1.529701e+00	1.070304e-01	2.747607e-01	-6.513358e-01	3.977331e-01	9.015960e-01	-5.386995e-01	-2.315549e-03	-1.118707e-01	7.658476e-01	-9.644813e-01	-7.382973e-03	-1.006610e+00	-8.632597e-02	8.976655e-01	1.025165e+00	5.083369e-01	3.964634e-01	-4.119739e-01	3.679515e-01	-5.965904e-01
6.242879e-01	-4.485754e-01	2.668460e-02	-3.556294e-02	1.949937e-01	9.735032e-01	-2.488120e-01	-8.052948e-01	1.759590e-01	7.359282e-01	9.284857e-01	-3.126886e-01	-8.773806e-02	1.167621e-02	-5.609965e-01	8.705511e-01	1.057431e+00	-4.849012e-01	-2.833140e-02	4.351920e-01	-1.529416e-01	-9.663833e-01	3.661029e-01	4.219313e-01	-1.835794e-01	3.974314e-01	3.116707e-01	1.664941e-01	-2.054414e-01	1.180302e-01	-5.362112e-01	3.222870e-01	9.125171e-01	5.281702e-01	8.390702e-01	-1.637793e-01	3.921074e-03	1.892755e-01	2.707375e-02	-1.920557e-01
4.738383e-01	4.705748e-01	6.173857e-01	7.410182e-01	1.955971e-01	3.743510e-01	4.930605e-01	-2.271824e-01	-1.744642e-01	9.993202e-01	3.705092e-01	-2.394852e-01	3.050930e-01	3.242751e-01	-2.390050e-01	8.036794e-01	5.249330e-01	6.125640e-01	2.460694e-01	-3.575688e-02	2.964220e-01	4.119397e-01	2.679505e-01	4.120289e-02	3.500109e-01	5.538535e-02	1.687060e-01	2.975408e-01	-2.824343e-01	2.805291e-02	1.160808e-01	-3.642034e-02	2.353398e-01	3.128978e-01	6.969318e-01	-6.087072e-01	4.784231e-02	-7.539805e-01	2.258238e-01	3.977927e-01
1.805045e-01	5.821993e-03	8.368698e-02	4.863424e-01	8.648681e-01	8.686535e-02	1.036498e-01	2.502631e-01	-1.001503e-01	4.566469e-01	6.059721e-01	-8.160424e-01	1.420063e+00	-3.404907e-01	5.648217e-02	2.972390e-01	1.080273e+00	-5.386623e-01	1.077745e-01	-2.215666e-01	9.613380e-01	8.581960e-01	1.749915e-01	8.414795e-02	1.533459e-01	-1.820781e-01	8.716317e-01	1.233556e+00	2.731334e-02	7.874138e-02	-4.273121e-01	3.266739e-01	1.352764e-01	2.241912e-01	1.406960e+00	-1.093640e+00	4.263572e-01	-8.632135e-01	3.461615e-01	8.282007e-01
5.771206e-01	1.182438e+00	1.692189e-01	8.814097e-01	-2.755989e-02	9.060540e-02	-3.007178e-02	4.030440e-01	-9.110133e-01	6.603829e-01	-4.536417e-01	2.746513e-01	-8.773735e-01	-3.102003e-01	-5.983459e-01	8.563917e-01	2.332529e-01	-2.562823e-01	2.386369e-02	1.711818e-01	5.555149e-01	6.696938e-01	1.401498e-01	-9.502522e-02	-4.524468e-02	-2.421907e-02	-3.767808e-02	-5.787742e-02	-5.238374e-01	7.464432e-01	-6.491855e-01	-4.032436e-01	-1.345385e-01	4.208490e-01	7.189519e-01	-4.397695e-01	3.216265e-01	-2.376522e-01	4.158014e-01	8.160810e-01
1.889694e-01	-2.994437e-01	-4.364023e-01	1.425578e-01	-4.588199e-02	6.505350e-01	1.116475e+00	-1.012567e-01	-5.042774e-01	2.869969e-01	5.887342e-01	5.531682e-01	7.469020e-01	5.770304e-01	2.157873e-01	3.156339e-01	1.194039e+00	1.430224e-01	2.522366e-01	7.330936e-01	3.700159e-01	4.027985e-01	-4.451344e-02	3.545460e-01	3.830896e-01	1.416962e-01	2.829327e-01	2.935559e-01	6.405185e-01	1.456663e-01	-1.389496e+00	1.324817e+00	4.749764e-01	-5.922838e-02	3.198006e-01	-4.553598e-01	-2.879098e-01	-9.198136e-01	7.965910e-01	-7.349685e-02
3.601857e-01	4.349072e-01	9.220002e-01	2.638240e-01	7.758121e-01	3.029100e-01	-3.148399e-01	-1.154861e-01	-1.871052e-01	6.272090e-01	5.375099e-01	3.220363e-01	5.442124e-01	4.236326e-01	-1.492364e-01	1.292046e+00	6.415374e-01	-3.220614e-01	1.182370e-01	7.615745e-01	4.289748e-01	-1.243059e-01	2.506760e-01	4.776853e-01	1.068009e-02	1.262466e-01	7.084611e-02	8.298149e-02	1.301204e-01	-6.370723e-02	-3.578820e-01	-1.562243e-01	6.972791e-01	-3.124277e-01	8.806920e-01	4.235510e-01	2.213743e-01	1.789662e-01	9.333601e-01	3.144623e-01
-3.956570e-01	-3.400782e-01	4.246226e-01	5.738390e-01	2.500544e-01	1.196337e+00	2.326886e-01	-6.965888e-01	-4.533172e-01	7.070256e-01	7.366149e-01	2.404963e-01	9.263372e-02	-2.206878e-01	2.261340e-01	1.225210e+00	1.194421e-01	7.475891e-02	1.099478e-01	-1.344877e-01	-4.025341e-01	-2.037563e-01	-1.007532e-01	-2.688292e-01	-9.103557e-02	-2.473722e-02	-5.655868e-02	3.958999e-01	-1.826657e-01	4.207269e-01	-7.007434e-01	1.052853e-01	7.177102e-01	6.118748e-01	4.740996e-01	-1.847624e-01	2.960946e-01	1.345947e-01	4.034158e-01	2.221256e-01
-1.973682e-01	2.847640e-01	6.093959e-01	5.718310e-01	-1.359648e-01	6.296837e-01	4.544604e-01	1.034035e-02	5.577060e-01	-6.076559e-01	8.672429e-01	-1.580395e-03	8.077953e-01	-5.958442e-01	3.394332e-01	4.370300e-01	7.968132e-01	2.368326e-01	7.829657e-01	5.416321e-01	1.607286e-01	8.164000e-01	5.753902e-01	4.384302e-01	-6.331780e-01	-3.710649e-01	3.842562e-01	6.515467e-01	-8.222836e-01	8.175935e-01	2.803244e-01	-1.358096e-01	-4.805708e-02	2.684063e-01	1.028877e+00	-4.650073e-01	-2.595712e-01	4.624595e-01	6.801667e-02	1.057429e+00
8.917194e-01	-3.581979e-01	3.577675e-01	3.280800e-01	4.032409e-01	4.543397e-01	-6.569964e-01	-3.310936e-01	-5.996109e-01	5.218898e-01	1.015026e+00	-2.949877e-01	5.052144e-01	-1.695807e-01	-5.886513e-03	3.105801e-01	7.177594e-01	-9.921891e-02	4.260039e-01	7.421191e-02	1.875542e-01	9.025502e-02	-3.623847e-01	3.029531e-01	1.431162e-01	5.919382e-03	-4.606581e-02	7.461280e-01	-2.788109e-01	5.644711e-01	7.052733e-01	2.952787e-01	1.279858e-01	-3.114146e-02	8.563254e-01	-7.058849e-01	2.618978e-01	-2.783928e-01	1.417638e-01	9.632232e-01
1.868360e-01	1.157457e+00	1.099627e-01	4.924121e-01	-4.996043e-01	7.841515e-01	9.490341e-01	-8.320649e-02	-6.066877e-01	5.534791e-01	2.306072e-01	3.939527e-02	1.958138e-01	-6.623501e-01	-1.278362e-01	-1.103611e-01	8.854631e-01	1.797061e-01	5.652311e-01	-4.980395e-01	5.286398e-01	2.241116e-01	7.601171e-01	6.425005e-01	-2.472959e-01	3.432643e-03	-8.980784e-02	1.253643e-01	-2.802867e-02	1.617918e-01	-7.580357e-01	-8.171876e-01	3.538693e-01	3.556510e-01	1.061085e+00	-7.022226e-01	7.421937e-01	-1.439372e-01	-6.714316e-01	3.633420e-01
1.130610e+00	2.589893e-01	1.494242e+00	1.020372e+00	1.082031e-01	9.615290e-01	1.113235e+00	1.052199e+00	5.659950e-02	2.872513e-01	4.092801e-01	-5.256425e-01	2.923265e-01	4.735299e-01	9.171722e-01	4.017231e-01	1.207439e+00	-5.722705e-01	1.025561e-01	7.118487e-02	-6.379405e-01	-2.579059e-01	-3.502501e-01	3.469378e-02	-1.012416e-02	-4.307544e-01	2.235146e-01	5.982838e-01	4.740599e-01	-7.761123e-01	-2.374969e-01	9.345876e-01	2.437682e-01	-8.394063e-02	7.325511e-01	3.082873e-01	-9.611613e-01	1.301159e+00	2.990094e-01	-4.142396e-01
-1.309422e-01	1.521094e-01	-1.864882e-02	3.111503e-01	9.798183e-02	4.285020e-02	-6.214199e-02	3.628656e-01	3.734232e-01	5.095476e-02	1.905940e-01	5.182825e-01	2.528306e-01	-1.865806e-01	2.766309e-01	3.750196e-01	2.010237e-01	-1.150724e-01	1.322165e-01	2.192000e-01	4.391003e-02	-2.324396e-01	-3.096979e-01	3.603534e-02	7.311419e-03	-8.055933e-02	-7.405920e-02	-1.024350e-01	-7.414634e-02	-9.739875e-02	-2.622321e-01	4.799268e-01	-4.095828e-01	-2.512360e-01	1.965147e-02	-1.032709e-01	3.201123e-01	4.617234e-03	1.119856e-01	1.667032e-01
1.116764e+00	1.059371e+00	7.552417e-01	2.923276e-01	1.072229e+00	6.096341e-01	-8.260569e-01	-9.132116e-01	1.558907e-01	5.947340e-01	9.153919e-02	1.806414e-01	7.990500e-01	4.446937e-01	-1.721092e-01	5.110279e-01	3.540615e-01	2.866643e-02	-6.635037e-02	-9.457963e-02	-2.727355e-01	-3.256291e-01	-5.498151e-01	4.753124e-02	7.501944e-01	-4.595122e-01	-5.848514e-01	2.079265e-01	1.216478e-01	7.672854e-01	-3.998635e-01	1.090589e+00	6.018836e-01	-3.493026e-01	9.473060e-01	-7.145326e-01	1.353850e-01	-5.541646e-01	-7.640461e-02	1.028681e+00
