6.183252e-01	5.958329e-01	1.907498e-01	8.028075e-01	1.925593e-01	-1.635977e-01	6.956962e-01	7.298708e-01	8.723301e-01	4.085446e-01	7.301363e-01	9.718892e-01	7.996372e-01	5.537082e-01	4.657394e-01	7.361418e-01	7.985003e-01	5.854516e-01	8.515591e-01	6.207029e-01
2.922059e-01	-2.624567e-01	4.532157e-01	6.976975e-02	4.829609e-01	4.251313e-01	4.766430e-01	1.458157e-01	7.610369e-01	-1.176040e-02	6.634865e-01	4.668162e-01	6.382003e-01	3.186163e-01	5.473632e-01	8.033956e-01	6.129338e-01	1.018001e-03	5.723683e-01	5.184798e-01
5.551113e-01	1.085943e+00	1.571856e-01	9.013666e-01	4.020356e-01	3.788502e-01	7.714775e-01	3.328997e-01	7.641907e-01	4.719524e-01	4.986725e-01	3.629248e-01	5.342889e-01	6.537270e-01	8.062134e-01	1.048322e+00	6.938705e-01	2.770500e-01	1.089843e+00	3.367518e-01
5.831688e-01	1.059667e+00	6.867424e-01	9.782917e-01	8.357111e-01	4.927105e-01	4.674568e-01	-5.275023e-01	4.419734e-02	1.390596e+00	4.949435e-01	8.598208e-01	5.685433e-01	5.226496e-02	6.657718e-01	1.346697e+00	9.210983e-01	2.087610e-01	8.539976e-01	8.237092e-01
4.160520e-01	1.091432e+00	6.084031e-01	7.045630e-01	3.565281e-01	6.988466e-01	5.916466e-01	4.380360e-01	3.983533e-01	4.192900e-01	6.308701e-01	2.418730e-01	4.579200e-01	3.893037e-01	4.534425e-01	6.486792e-01	4.405933e-01	1.672892e-01	1.156071e+00	1.957389e-01
5.563098e-01	6.599212e-01	-2.665966e-01	2.515315e-01	3.912996e-01	2.286597e-01	4.643246e-01	4.725343e-01	9.535414e-01	6.804453e-01	1.535284e-01	-4.195162e-02	7.212348e-01	5.574020e-01	9.479165e-01	3.659587e-01	1.026037e+00	8.232285e-01	5.123888e-01	4.360865e-01
2.261263e-01	5.859648e-01	7.152691e-01	1.037794e-01	-5.167531e-01	9.374397e-01	1.096376e+00	8.694205e-01	7.155719e-01	8.383449e-01	1.208435e+00	6.425925e-01	1.475961e-02	5.380741e-01	8.369971e-01	8.692527e-01	6.605704e-01	6.298483e-01	1.051813e+00	-3.540996e-02
9.402082e-01	3.633805e-01	2.743165e-02	6.231041e-01	4.944877e-01	1.843068e-01	3.617020e-01	8.083606e-01	6.460454e-01	1.428479e+00	4.367735e-01	-2.375405e-01	1.124240e+00	1.901307e-01	6.298519e-01	8.343355e-01	4.928513e-01	7.215770e-01	3.569617e-01	9.240956e-01
7.496022e-01	4.648787e-01	5.419831e-01	1.221946e-01	-5.622991e-02	8.039072e-01	8.942572e-01	-4.996660e-02	4.605231e-01	7.270262e-01	3.809633e-01	3.079187e-01	1.186896e+00	1.453738e+00	1.090063e+00	1.309027e+00	7.576422e-01	-2.790098e-01	4.780535e-01	8.012171e-01
8.521088e-01	-5.103781e-02	2.311073e-01	3.075909e-01	3.528245e-01	7.403780e-01	-4.704622e-01	1.070340e+00	8.240416e-01	5.771864e-01	1.214934e-01	1.293448e+00	3.905301e-01	2.050894e-01	6.697303e-01	2.195630e-01	9.268191e-01	8.143738e-01	9.369351e-01	5.201509e-01
9.639616e-01	-1.249796e-01	1.741430e-01	1.844265e-01	7.500532e-01	5.942408e-01	-5.055066e-03	5.869727e-01	6.501503e-02	3.209009e-01	8.800450e-01	1.006610e+00	-1.344193e-01	1.647582e-01	1.325682e+00	1.200946e+00	9.705803e-01	1.598656e-01	6.896495e-01	9.609754e-01
3.716240e-01	7.861633e-01	-3.089342e-01	5.964826e-01	6.559242e-01	6.658061e-01	1.085556e+00	6.733033e-01	1.267758e+00	5.112589e-01	3.464228e-01	1.463603e-01	1.902457e-01	6.568785e-01	7.441928e-01	1.163512e+00	1.054207e+00	-1.085161e-02	1.170154e+00	2.555485e-01
1.208004e+00	1.156027e+00	-9.902586e-01	-3.479561e-02	-2.718785e-02	3.221641e-01	1.070096e-01	8.725571e-01	1.306181e+00	6.291528e-01	7.897387e-02	6.398340e-01	4.313370e-01	3.746987e-02	8.984796e-01	5.194093e-01	1.168905e+00	7.678655e-01	3.548814e-01	7.969299e-01
6.985648e-01	1.333946e+00	4.338865e-01	5.722758e-01	6.725269e-01	6.125526e-01	5.462256e-01	5.696422e-01	2.595187e-01	7.552954e-01	3.248109e-01	7.221413e-01	5.207352e-01	8.992144e-01	6.549639e-01	8.525717e-01	9.675936e-01	2.924912e-01	5.250794e-01	4.874303e-01
1.666535e+00	1.314847e+00	1.642924e+00	9.404688e-01	-7.622234e-01	1.252262e+00	6.802469e-01	-4.217969e-01	1.199557e+00	1.507073e+00	3.933064e-01	7.197694e-01	5.409415e-01	2.699241e-01	-9.789298e-02	1.048372e+00	5.517941e-01	1.301438e-01	7.323699e-01	-4.207405e-02
3.196188e-01	1.124968e+00	8.106360e-01	2.039566e-01	8.630906e-01	3.613479e-01	8.029019e-01	3.483615e-01	6.800227e-02	6.592374e-01	9.379846e-01	7.487918e-01	2.816668e-01	9.960421e-01	2.057248e-01	9.274116e-01	1.072384e+00	3.659350e-01	9.064718e-01	1.711921e-01
6.770318e-01	1.098072e+00	4.712166e-01	5.462984e-01	9.197562e-01	2.065029e-01	3.658550e-01	5.519467e-01	3.886481e-01	1.006746e+00	2.345673e-01	8.295917e-01	6.778837e-01	8.165812e-01	4.517684e-01	1.030501e+00	8.174019e-01	-1.651669e-01	5.392664e-01	5.819544e-01
9.895584e-01	5.454967e-01	2.322595e-02	6.247929e-01	5.991977e-01	3.441575e-01	3.238820e-01	7.796597e-01	6.138840e-01	1.347626e+00	5.840357e-01	-2.492620e-01	9.019489e-01	2.964531e-01	7.385503e-01	1.048989e+00	5.017592e-01	5.243646e-01	5.184023e-01	8.612593e-01
5.308117e-01	9.920857e-01	7.605661e-02	8.636570e-01	5.667818e-01	4.677821e-01	7.672731e-01	4.383787e-01	9.036916e-01	3.861364e-01	5.035136e-01	4.459597e-01	5.482481e-01	6.587802e-01	6.674007e-01	9.603377e-01	7.096564e-01	3.995303e-01	1.069359e+00	2.910324e-01
5.461397e-01	8.165295e-01	1.683492e-01	9.541502e-01	1.023308e+00	5.257489e-01	7.388985e-01	3.132025e-01	7.794091e-01	8.142610e-01	3.842147e-01	4.594013e-01	7.174590e-01	-1.494558e-01	7.895658e-01	9.538316e-01	4.519791e-03	5.947626e-01	6.071928e-01	1.000191e+00
7.039320e-01	1.046868e+00	3.277274e-01	8.060707e-01	4.626277e-01	5.700671e-01	8.770299e-01	3.050866e-01	2.863384e-01	6.655312e-01	2.611862e-01	4.313515e-01	4.098448e-01	6.309516e-01	9.516001e-01	6.575579e-01	1.199024e+00	7.700179e-02	4.031821e-01	4.840632e-01
5.200017e-01	8.024165e-01	2.557775e-01	-2.103261e-02	4.728785e-01	2.311190e-01	6.091599e-01	1.114176e+00	4.546059e-01	4.684064e-01	1.509779e-02	1.982141e-01	8.041399e-01	7.307885e-01	3.855619e-01	1.585151e-01	1.325038e+00	1.117550e+00	1.035573e+00	6.872481e-01
6.393611e-01	6.093727e-01	5.623051e-01	1.368410e-02	1.327782e-02	6.452448e-01	1.014273e+00	-1.505586e-01	5.360762e-01	7.529635e-01	5.281606e-01	2.091587e-01	1.163654e+00	1.610433e+00	1.052361e+00	1.507420e+00	8.018814e-01	-4.047262e-01	5.454118e-01	6.997791e-01
5.772949e-01	6.800231e-01	4.813046e-01	-8.532388e-05	5.543580e-01	3.003618e-01	7.807735e-01	9.142509e-01	7.578850e-01	9.037032e-01	-1.278544e-01	3.822666e-01	9.283382e-01	5.388240e-01	4.562810e-01	3.005062e-01	1.233792e+00	6.876782e-01	1.074739e+00	8.857763e-01
6.086199e-01	7.375991e-01	6.302480e-01	6.330029e-01	7.845004e-01	5.168500e-01	1.232920e+00	1.878651e-01	7.915971e-01	5.036175e-01	5.131185e-01	7.342280e-01	7.500834e-01	-1.650709e-02	6.288083e-01	7.926322e-01	1.079242e-01	5.164145e-01	4.426847e-01	1.309471e+00
6.652674e-01	7.828989e-01	3.534567e-01	9.420361e-02	5.202503e-01	2.216513e-01	5.616252e-01	1.111916e+00	6.008384e-01	6.420492e-01	1.270985e-01	3.156074e-01	9.297248e-01	6.186565e-01	4.255819e-01	5.115653e-02	1.182090e+00	1.058669e+00	1.052039e+00	6.935663e-01
5.020743e-01	5.168822e-01	3.769922e-01	7.268823e-01	1.016939e+00	5.071784e-01	8.845511e-01	3.765264e-01	7.148421e-01	5.382476e-01	5.032510e-01	4.230287e-01	7.742799e-01	1.532777e-01	6.323358e-01	6.283865e-01	2.827994e-01	5.076029e-01	5.423753e-01	9.392861e-01
4.408301e-01	4.259841e-01	1.064989e-01	1.677114e-01	3.862822e-01	2.476623e-01	1.877910e-01	7.600219e-01	7.316957e-01	6.273268e-01	3.959639e-01	3.267138e-01	5.260533e-01	4.330496e-01	6.439151e-01	6.558289e-01	9.919291e-01	5.382384e-01	8.127656e-01	4.608606e-01
3.480588e-01	9.794098e-01	-3.916412e-01	-1.421819e-01	1.112117e+00	8.058324e-01	9.373063e-01	2.128234e-01	1.019813e+00	1.167009e+00	-1.341214e-01	6.715794e-01	5.978768e-01	1.172878e+00	4.019419e-01	1.275793e+00	1.106162e+00	-3.666445e-01	8.207578e-01	1.469670e+00
2.671383e-01	5.229680e-01	3.363350e-01	7.025854e-01	8.649923e-01	7.814440e-01	8.002323e-01	-1.164817e-02	8.761676e-01	1.151270e+00	3.742470e-01	4.735156e-01	6.487785e-01	6.365985e-01	4.342321e-01	5.265300e-01	7.836167e-01	-4.086114e-01	2.460749e-01	5.795043e-01
6.560626e-01	6.980296e-01	1.524238e-01	7.698649e-02	8.150472e-03	7.225341e-01	9.200998e-01	-1.869753e-01	4.737499e-01	8.628189e-01	4.831411e-01	2.418684e-01	1.200257e+00	1.470841e+00	1.088752e+00	1.468418e+00	6.555223e-01	-6.438858e-01	5.872400e-01	9.140788e-01
4.980680e-01	6.821479e-01	6.142639e-01	7.533593e-01	1.449835e-01	2.179071e-01	9.405071e-01	4.543090e-01	5.320056e-01	3.986547e-01	5.705787e-01	6.633813e-01	6.651050e-01	8.500455e-01	6.637061e-01	9.418557e-01	1.067466e+00	5.030304e-01	1.139256e+00	4.188228e-01
3.619536e-01	5.234296e-01	1.297759e+00	5.213713e-01	7.645466e-01	3.918424e-01	8.049804e-01	1.157569e+00	5.948131e-01	8.899421e-01	7.740122e-01	6.311455e-01	-1.452916e-01	1.623836e-01	2.380434e-01	1.408075e+00	1.597221e+00	1.215500e+00	6.660200e-02	2.949670e-01
7.069273e-01	4.121201e-01	4.148464e-01	2.654050e-01	5.731156e-01	-7.832937e-02	9.430776e-01	3.525094e-01	5.256088e-01	5.510807e-01	3.521946e-01	8.627274e-01	5.619402e-01	7.215432e-01	3.555494e-01	6.865732e-01	1.394375e+00	3.293455e-01	1.100111e+00	4.228787e-01
3.918679e-01	3.019447e-01	4.403392e-02	1.037466e-01	6.194972e-01	4.720344e-01	1.912261e-01	1.019016e+00	2.922059e-01	4.400740e-01	4.877710e-01	3.882640e-01	3.927951e-01	3.509073e-01	1.339279e+00	7.572575e-01	8.455044e-01	3.920678e-01	7.518939e-01	3.897154e-01
7.510280e-01	5.961831e-01	1.173641e-02	1.779967e-01	5.807165e-01	1.757287e-01	3.702250e-01	6.012091e-01	2.867957e-01	5.583303e-01	7.989234e-01	1.051014e+00	8.258747e-01	7.689026e-01	5.330539e-02	1.017645e+00	5.124858e-01	7.020724e-02	5.825442e-01	4.901431e-01
5.685140e-01	8.578418e-01	3.692836e-01	7.171377e-02	3.689770e-01	1.244501e-01	5.827464e-01	1.170331e+00	3.967426e-01	5.192526e-01	1.610087e-01	1.892560e-01	1.019807e+00	7.678082e-01	5.722847e-01	1.215595e-01	1.194686e+00	9.563116e-01	1.065530e+00	5.939184e-01
8.057047e-01	1.110475e+00	6.712145e-01	1.056094e+00	1.030335e+00	5.699414e-01	2.949195e-01	-5.689745e-01	-1.456016e-01	1.466853e+00	5.368004e-01	1.010172e+00	5.596988e-01	-1.381144e-02	7.000237e-01	1.299885e+00	8.907175e-01	1.790906e-01	8.665363e-01	6.543637e-01
6.915539e-01	5.964784e-01	7.753855e-02	1.334739e-01	-3.892509e-02	1.131214e+00	8.729714e-01	-2.211232e-01	3.840490e-01	9.399032e-01	5.173981e-01	4.495818e-01	1.069125e+00	1.407793e+00	1.186296e+00	1.271452e+00	6.692294e-01	-6.066820e-01	5.782163e-01	8.334625e-01
6.149670e-01	8.704276e-01	3.824414e-01	4.345957e-02	4.988637e-01	2.726195e-01	5.493479e-01	1.076953e+00	5.449257e-01	6.057873e-01	1.128616e-01	3.305533e-01	7.939764e-01	6.357103e-01	3.653490e-01	8.590610e-02	1.198572e+00	1.076183e+00	1.009098e+00	6.376722e-01
6.542352e-01	3.877250e-01	7.420704e-01	1.549966e+00	1.929104e-01	5.022387e-01	6.923221e-01	7.097205e-01	4.465085e-01	2.742197e-01	9.967282e-01	5.692384e-01	-2.317056e-02	-3.705777e-02	4.764350e-01	1.322799e+00	1.282024e+00	7.620469e-01	1.416674e+00	4.950205e-01
4.548404e-01	7.163648e-01	4.602331e-01	7.729731e-01	8.048362e-01	6.812946e-01	9.653965e-01	4.196790e-01	6.748638e-01	5.525227e-01	4.580262e-01	5.091397e-01	4.958000e-01	8.327215e-02	7.284573e-01	8.417059e-01	1.896977e-01	5.153547e-01	6.251253e-01	9.433187e-01
5.694826e-01	8.169627e-01	2.993389e-01	6.225928e-01	3.296828e-02	3.679097e-01	1.134435e+00	2.743892e-01	5.735059e-01	3.369066e-01	4.419795e-01	6.679537e-01	7.181898e-01	8.149064e-01	6.402594e-01	8.541618e-01	9.718648e-01	4.812147e-01	1.061820e+00	3.399185e-01
4.329535e-01	8.331890e-01	1.581215e-01	9.129494e-01	3.291813e-01	3.674909e-01	7.869059e-01	2.267457e-01	5.214901e-01	3.059598e-01	3.596230e-01	5.331045e-01	5.217443e-01	5.625955e-01	4.864529e-01	6.824545e-01	8.659413e-01	3.136213e-01	8.712354e-01	4.127424e-01
1.103897e+00	9.354085e-01	4.468089e-01	1.141072e+00	6.933442e-01	3.085434e-01	1.434065e+00	5.468381e-01	8.980233e-01	8.575246e-01	4.344502e-01	6.189917e-01	5.702747e-01	3.680931e-01	3.862541e-01	3.013141e-01	1.529689e+00	1.069992e+00	9.018641e-01	4.286533e-01
9.321838e-01	5.038656e-01	1.609938e-01	6.067558e-01	1.130247e+00	4.663930e-01	4.325432e-01	4.624500e-01	2.833616e-01	6.421306e-01	8.808558e-02	6.862687e-01	6.858684e-01	9.358443e-01	3.201033e-01	1.090206e+00	1.508762e+00	2.170571e-02	9.322284e-01	9.784754e-01
8.419804e-01	5.237507e-01	2.975609e-01	7.615049e-01	7.921470e-01	3.429870e-01	7.508765e-01	6.283618e-01	4.003706e-01	7.165061e-01	5.392526e-01	8.300923e-01	4.817418e-01	7.858719e-01	6.404203e-01	7.370631e-01	1.571471e+00	2.786624e-01	6.599170e-01	2.295083e-01
1.049340e+00	1.753394e+00	-4.856247e-01	8.961594e-01	-7.373107e-01	3.193811e-01	1.234479e+00	-8.256099e-02	-3.421691e-01	2.429050e+00	9.232562e-01	-4.688477e-01	-5.020412e-02	1.841502e+00	6.918345e-01	7.991033e-01	1.072819e+00	-1.518002e+00	1.917691e-01	1.124662e+00
6.141366e-01	9.363739e-02	-3.209785e-01	-4.343838e-01	7.642250e-01	4.727386e-01	3.300628e-01	8.765628e-01	9.803821e-01	4.984858e-01	7.507578e-01	6.388154e-01	7.926884e-01	2.752921e-01	4.066599e-01	4.144279e-01	1.295634e+00	7.379468e-01	6.560035e-01	7.150366e-01
4.904360e-01	5.132543e-01	2.382873e-01	5.514360e-01	8.539884e-01	7.560598e-01	6.954185e-01	-1.363568e-02	7.497276e-01	1.082329e+00	2.411945e-01	6.010582e-01	8.079124e-01	5.403876e-01	4.608511e-01	6.274111e-01	7.660393e-01	-4.298679e-01	4.111580e-01	4.960739e-01
5.898603e-01	8.499216e-01	7.015889e-01	1.117067e+00	8.578169e-01	2.470339e-01	1.828414e-01	-7.049452e-01	1.033520e-01	1.317421e+00	4.853419e-01	6.288196e-01	5.799640e-01	2.817735e-01	8.975713e-01	1.186386e+00	8.918547e-01	1.332205e-01	8.538048e-01	7.711338e-01
4.443831e-01	9.821388e-01	1.959115e-01	7.613638e-01	4.678431e-01	5.237937e-01	7.845993e-01	2.848600e-01	5.975034e-01	3.884565e-01	3.578276e-01	6.320146e-01	6.488605e-01	6.674860e-01	7.155608e-01	8.737550e-01	6.916354e-01	3.902539e-01	1.073384e+00	3.034295e-01
5.143997e-01	5.881978e-01	3.669110e-02	3.261941e-01	3.617042e-01	5.369803e-01	3.081032e-01	9.351376e-01	7.815652e-01	4.531369e-01	6.565093e-01	3.863635e-01	6.975005e-01	5.207492e-01	9.182487e-01	7.206024e-01	9.345670e-01	7.630441e-01	4.703431e-01	9.349027e-01
5.592895e-01	5.279636e-01	-2.631592e-01	1.692975e-01	5.343800e-01	2.098478e-01	3.693318e-01	9.215977e-01	7.454202e-01	6.591910e-01	6.381390e-01	-7.204305e-02	7.837402e-01	3.393623e-01	1.415685e+00	6.611203e-01	1.079850e+00	6.287629e-01	4.745595e-01	7.146477e-01
3.522566e-01	6.497349e-01	2.226459e-01	8.392148e-01	8.210377e-01	7.103968e-01	8.622050e-01	3.089917e-01	5.402312e-01	5.139996e-01	2.199758e-01	3.297059e-01	5.423340e-01	1.067522e-01	7.407537e-01	8.260313e-01	2.341537e-01	4.292073e-01	7.015447e-01	7.968701e-01
4.301830e-01	9.170733e-01	2.511807e-01	8.884221e-01	3.321616e-01	4.548136e-01	8.453699e-01	3.535103e-01	6.831266e-01	2.791020e-01	2.505921e-01	5.862947e-01	5.865615e-01	6.807245e-01	7.380876e-01	8.994296e-01	1.041538e+00	4.681328e-01	1.042217e+00	4.609283e-01
2.682388e-01	8.334981e-01	1.223758e+00	7.682160e-01	1.011336e+00	7.555060e-01	3.180133e-01	-2.552126e-01	9.394795e-01	3.918083e-01	1.551118e+00	2.607516e-01	3.995787e-01	-6.258369e-01	9.747327e-01	1.099587e+00	1.058961e+00	1.262682e+00	1.584119e+00	-6.703984e-02
3.547030e-01	7.928184e-01	7.418523e-01	5.934055e-01	6.583031e-01	4.510187e-01	9.067838e-01	8.502158e-01	7.138077e-01	1.041139e+00	7.339672e-01	3.563469e-01	1.089743e-01	7.511448e-01	3.790192e-01	7.116392e-01	1.088346e+00	-3.108674e-01	4.875288e-01	3.657693e-01
6.027152e-01	4.855244e-01	2.224395e-01	7.793344e-01	3.229580e-01	-3.921677e-02	6.276072e-01	6.325037e-01	9.530530e-01	5.224060e-01	7.512028e-01	8.492417e-01	7.255665e-01	4.871355e-01	6.395869e-01	8.137323e-01	7.824829e-01	5.987973e-01	7.603446e-01	7.560979e-01
4.025065e-01	1.087184e+00	5.940061e-01	7.086899e-01	3.169150e-01	7.063435e-01	5.646467e-01	3.288978e-01	5.267655e-01	2.943955e-01	5.127684e-01	3.061218e-01	5.191180e-01	3.532032e-01	3.917852e-01	5.803073e-01	4.766237e-01	2.346004e-01	1.170970e+00	2.354612e-01
1.131121e+00	9.356051e-01	2.090209e-01	5.036094e-01	1.362658e+00	3.893900e-01	1.185627e+00	8.991327e-01	-1.739281e-01	2.818106e-01	8.624548e-02	3.353051e-01	1.249403e+00	2.481886e-01	1.045628e+00	5.320798e-01	3.502668e-01	4.059034e-01	8.064743e-01	7.302193e-01
7.884021e-01	6.969815e-01	1.901439e-01	5.066308e-01	5.358499e-01	2.291899e-01	9.334810e-01	3.972057e-01	3.442600e-01	5.487749e-01	4.087792e-01	7.620946e-01	5.782239e-01	8.393190e-01	5.539911e-01	8.496274e-01	1.510100e+00	5.755027e-01	4.733444e-01	5.320266e-01
3.500788e-01	7.100236e-01	5.452648e-01	6.378020e-01	4.547868e-01	3.502985e-01	8.609704e-01	6.107503e-01	8.282542e-01	1.043374e+00	6.669165e-01	2.640903e-01	1.144617e-01	6.609938e-01	5.211036e-01	7.339428e-01	1.104231e+00	-4.136498e-02	5.951002e-01	3.229477e-01
8.690590e-01	5.610054e-01	8.060946e-02	4.898175e-01	5.342273e-01	3.046127e-01	3.336187e-01	7.641729e-01	5.567447e-01	1.248056e+00	5.661085e-01	-1.928828e-01	7.103357e-01	2.979501e-01	6.989893e-01	1.044217e+00	4.873430e-01	5.640945e-01	5.705623e-01	8.459293e-01
6.310030e-01	6.958093e-01	2.536550e-01	7.452472e-01	3.079482e-01	-1.681163e-01	6.374953e-01	6.115889e-01	9.959565e-01	5.224204e-01	6.750051e-01	7.514296e-01	7.628334e-01	5.947515e-01	5.641241e-01	8.181432e-01	8.580575e-01	7.047504e-01	8.838580e-01	6.587749e-01
8.067875e-01	4.409507e-01	-6.493827e-01	1.013851e-01	2.160286e-01	1.899594e-01	-1.918959e-01	1.379323e+00	1.228039e+00	8.493182e-01	3.567746e-01	6.623269e-02	1.083089e+00	9.566115e-01	3.491904e-01	3.621275e-01	1.540357e+00	7.259755e-01	1.078708e+00	7.740739e-01
4.253258e-01	4.202045e-01	6.220361e-02	3.158674e-01	5.319210e-01	3.910092e-01	-1.560116e-01	8.736704e-01	5.607912e-01	6.009035e-01	4.762310e-01	4.975588e-01	3.918802e-01	4.136861e-01	9.585773e-01	6.429322e-01	8.084834e-01	6.847999e-01	9.574404e-01	3.097552e-01
9.173125e-01	1.381925e-01	2.972072e-01	6.706646e-01	8.179693e-01	3.525159e-01	-2.840305e-01	9.363907e-01	1.824555e-01	6.405530e-01	7.870854e-01	1.189008e+00	1.398639e-01	5.285686e-02	7.427941e-01	7.916810e-01	4.643367e-01	8.452501e-01	4.280800e-01	7.304021e-01
-6.846556e-02	6.330169e-01	8.939047e-01	-2.570886e-01	3.014186e-01	1.232856e+00	9.929289e-01	9.351502e-01	9.555834e-01	7.352380e-01	8.399230e-01	1.186500e+00	-9.600863e-02	4.044250e-02	5.062519e-01	1.120083e+00	8.430191e-01	3.356169e-01	5.781706e-01	-3.930823e-01
5.438246e-01	1.642206e-01	1.367575e-01	6.549578e-02	5.456724e-01	9.368986e-01	7.119818e-01	8.923129e-01	4.713578e-01	3.276085e-01	7.594101e-01	4.421988e-01	2.042334e-01	4.997354e-01	9.601124e-01	8.929519e-01	6.064694e-01	5.890812e-01	1.142275e-01	1.107941e+00
6.726281e-01	5.431305e-01	2.363749e-01	3.381357e-01	8.577221e-01	2.810541e-01	6.842907e-01	8.192305e-01	8.596111e-01	3.164853e-01	4.559210e-01	7.086195e-01	5.568707e-01	7.235744e-01	3.440610e-01	8.255459e-01	1.574447e+00	3.377203e-01	7.329545e-01	5.737885e-01
8.485571e-01	4.822364e-01	-1.007726e-01	5.583317e-01	5.939716e-01	7.618285e-01	4.869806e-01	6.371494e-01	2.710966e-01	3.162132e-01	4.313118e-01	2.737667e-01	4.187895e-01	3.031928e-01	9.341957e-01	7.252111e-01	9.739583e-01	5.727216e-01	7.605287e-01	4.845857e-01
5.104637e-01	1.099461e+00	7.600470e-01	1.038552e+00	9.429336e-01	4.514528e-01	3.911818e-01	-5.792229e-01	1.144318e-01	1.222816e+00	4.967726e-01	8.741566e-01	6.512354e-01	1.983321e-01	7.569132e-01	1.286863e+00	9.925929e-01	1.191746e-01	8.790703e-01	9.606892e-01
5.738711e-01	7.236706e-01	3.716604e-01	4.527185e-01	8.728312e-01	7.074903e-01	9.353577e-01	-1.421083e-01	9.766442e-01	1.018367e+00	3.913642e-01	7.636249e-01	6.085788e-01	6.997659e-01	5.566566e-01	9.516721e-01	7.956417e-01	-5.967189e-01	3.759346e-01	5.310518e-01
2.689019e-01	9.662140e-01	4.793671e-01	3.173334e-01	7.929374e-01	1.902911e-01	6.274524e-01	2.826962e-01	8.411857e-01	4.888835e-01	6.700998e-01	5.133154e-01	2.790121e-01	6.011674e-01	6.567634e-01	9.126122e-01	1.059755e+00	3.453921e-01	3.388897e-01	5.694017e-01
4.339342e-01	1.833174e-01	1.728269e-01	3.502776e-01	3.553076e-01	3.927267e-01	-1.589166e-01	8.078123e-01	6.819295e-01	5.426041e-01	4.964264e-01	4.272169e-01	5.632160e-01	3.408991e-01	8.186174e-01	5.200040e-01	7.840245e-01	8.649440e-01	8.204536e-01	3.374475e-01
4.459700e-01	1.293790e+00	9.512334e-01	9.923472e-01	9.674159e-01	4.394052e-01	3.960402e-01	-4.954671e-01	-3.312406e-03	1.462699e+00	3.794247e-01	1.045714e+00	7.406992e-01	4.199233e-01	8.627887e-01	1.623390e+00	1.007556e+00	2.371757e-01	9.218867e-01	8.770397e-01
6.664262e-01	7.831284e-01	2.242654e-01	8.340958e-02	5.291325e-01	2.549688e-01	5.598519e-01	1.210542e+00	4.656668e-01	5.206696e-01	1.488279e-01	2.765764e-01	9.418206e-01	6.144689e-01	3.884278e-01	1.151923e-01	1.264662e+00	1.109664e+00	1.172778e+00	7.280127e-01
8.725038e-01	7.578623e-01	1.259456e-01	5.205058e-01	5.187727e-01	2.068776e-01	3.745522e-01	8.464584e-01	4.712166e-01	1.338473e+00	2.409975e-01	-2.321393e-01	7.105214e-01	3.114049e-01	7.991142e-01	1.015846e+00	3.823536e-01	6.120927e-01	5.152221e-01	9.549958e-01
1.452157e-01	8.438706e-01	8.082343e-01	1.676245e-01	-7.805659e-02	9.694515e-01	5.414827e-01	5.658687e-01	8.471787e-01	3.558155e-01	1.248080e+00	5.586483e-01	1.436113e-01	-9.998164e-02	7.987520e-01	6.455120e-01	5.676376e-01	6.522369e-01	7.750462e-01	1.019955e-01
4.341169e-01	1.343089e+00	6.465184e-01	7.470969e-01	2.724532e-01	9.786870e-01	5.609468e-01	5.755837e-01	3.369257e-01	-9.978270e-03	4.596044e-01	3.217977e-01	5.374666e-01	6.137019e-01	5.351142e-01	6.290833e-01	3.923811e-01	1.600011e-01	1.107785e+00	-8.254863e-03
5.532945e-01	5.193608e-01	-3.973762e-02	4.317569e-01	3.687985e-01	4.486228e-01	1.109454e-01	7.894311e-01	7.655251e-01	6.002990e-01	6.382675e-01	2.702679e-01	4.334172e-01	4.119308e-01	7.678867e-01	8.171552e-01	8.625841e-01	5.812405e-01	7.163830e-01	5.969843e-01
5.547928e-01	7.698819e-01	4.890077e-01	7.476430e-01	1.009962e+00	5.208126e-01	9.174302e-01	-1.037514e-01	9.571881e-01	9.976940e-01	9.025552e-02	6.760544e-01	9.778905e-01	6.975013e-01	2.519544e-01	1.167808e+00	8.450301e-01	-5.765124e-01	6.839023e-01	8.592142e-01
5.182418e-01	1.250886e+00	7.140876e-01	1.048065e+00	8.701365e-01	3.516401e-01	3.927636e-01	-6.771722e-01	-3.082003e-02	1.438317e+00	4.647306e-01	1.004287e+00	8.456436e-01	1.487011e-01	6.774145e-01	1.427798e+00	1.016404e+00	2.392716e-01	9.542490e-01	8.823150e-01
6.071427e-01	1.045588e+00	6.993417e-01	3.458962e-01	7.294346e-01	2.047550e-01	1.087827e+00	4.435328e-01	1.876400e-01	5.177872e-01	8.022302e-01	3.757559e-01	3.470499e-01	9.341254e-01	4.452334e-01	1.117762e+00	7.481025e-01	2.886225e-01	8.650925e-01	2.126458e-02
4.415547e-01	1.009425e+00	5.009630e-01	7.805193e-01	3.112745e-01	6.981602e-01	4.696264e-01	2.041687e-01	5.997005e-01	2.617776e-01	5.167170e-01	2.196033e-01	4.776034e-01	3.100528e-01	3.053774e-01	5.655294e-01	4.683081e-01	1.382601e-01	1.225836e+00	2.042542e-01
5.390025e-01	1.005635e+00	5.636105e-01	5.377924e-01	7.819314e-01	3.947941e-01	8.437036e-01	-2.178819e-02	1.138065e+00	1.089068e+00	3.704645e-01	7.886732e-01	7.051206e-01	1.309163e+00	1.347371e-01	6.223071e-01	1.071758e+00	-3.099455e-01	6.200921e-01	6.673967e-01
9.485849e-01	6.436381e-01	1.128284e-01	5.589529e-01	5.926827e-01	3.413437e-01	3.974432e-01	8.526408e-01	5.882834e-01	1.279210e+00	5.423478e-01	-1.961337e-01	7.944578e-01	3.051204e-01	6.906830e-01	9.399069e-01	4.137510e-01	5.459843e-01	5.774515e-01	9.164975e-01
1.716028e+00	1.495624e+00	5.105730e-01	8.715872e-01	1.053276e+00	8.840922e-01	1.305651e+00	4.641768e-01	2.219066e-01	6.950445e-01	-1.502919e-01	-5.583542e-02	1.349560e+00	8.716445e-01	1.237131e+00	8.046916e-01	3.217834e-01	2.572130e-01	5.308261e-01	8.602874e-01
1.082220e+00	5.964952e-01	-8.587390e-01	2.962424e-01	1.310645e-02	6.841576e-01	-1.669625e-01	9.839183e-01	6.850048e-01	9.333571e-01	5.729434e-02	3.308608e-01	2.405821e-01	9.223413e-02	6.909284e-01	8.047265e-01	6.878876e-01	6.184661e-01	1.014448e+00	1.056283e+00
9.038381e-01	4.632998e-01	1.779847e-01	4.120296e-01	6.369886e-01	2.059650e-01	1.598765e-01	6.730267e-01	1.030222e+00	1.257446e+00	6.079764e-01	-2.633769e-01	1.284045e+00	2.628326e-01	8.850325e-01	1.111789e+00	7.451313e-01	4.910330e-01	7.343147e-01	6.978184e-01
5.134558e-01	1.059627e+00	-2.636821e-01	-7.952061e-01	1.780368e+00	-2.233838e-01	-2.776262e-01	4.027307e-02	4.014158e-01	6.184432e-01	5.211116e-01	1.845812e+00	1.580755e+00	-3.615851e-01	-7.634959e-01	8.137119e-01	9.195758e-02	6.373163e-01	1.252555e+00	5.382156e-01
9.457257e-01	6.806972e-01	2.595096e-01	5.485040e-01	5.296757e-01	5.161002e-01	7.968221e-01	5.814018e-01	3.837716e-01	7.996994e-01	1.822783e-01	6.370513e-01	7.927130e-01	1.191453e+00	6.191926e-01	1.007873e+00	1.563331e+00	6.693295e-01	5.094411e-01	-5.860945e-02
1.155591e+00	5.980925e-01	-5.316455e-01	1.101505e+00	6.701145e-01	-5.885137e-01	5.320045e-01	4.119723e-01	1.028060e+00	1.911924e-01	1.727783e-02	5.834029e-01	2.867439e-01	1.971872e-01	2.286676e-01	1.570769e+00	7.657496e-01	7.418811e-01	4.416700e-01	1.152584e+00
4.694714e-01	5.565684e-01	3.952446e-01	7.269829e-01	7.826107e-01	5.927550e-01	8.590254e-01	3.012985e-01	7.579389e-01	5.157515e-01	4.304024e-01	4.139670e-01	5.712595e-01	7.125685e-02	7.019529e-01	6.293287e-01	1.996133e-01	5.669258e-01	6.418492e-01	7.635916e-01
5.898916e-01	5.214206e-01	-1.999661e-02	5.717845e-01	3.854608e-01	6.380708e-01	3.257001e-02	7.075050e-01	9.482584e-01	3.952956e-01	3.383865e-01	4.252099e-01	4.558050e-02	2.964870e-01	4.929246e-01	9.731314e-01	7.785058e-01	7.049539e-01	8.687673e-01	5.036792e-01
2.119735e-01	8.722419e-01	9.607956e-01	8.003019e-01	1.546552e-02	9.846309e-01	9.031881e-01	3.282880e-01	1.102324e+00	7.378988e-01	1.245935e+00	4.416583e-01	-1.693902e-01	-9.697987e-02	5.368646e-01	4.589707e-01	5.035629e-01	6.700277e-01	2.541502e-01	-1.299470e-01
5.572695e-01	7.301138e-01	1.674829e-01	6.249406e-01	4.859003e-01	5.915284e-01	9.217852e-01	4.993658e-02	1.055984e+00	8.043044e-01	1.961687e-01	7.409402e-01	7.222555e-01	9.005501e-01	4.387259e-01	1.160095e+00	9.356838e-01	-6.434448e-01	4.772897e-01	7.333933e-01
5.014186e-02	6.468650e-01	3.405853e-01	-9.340857e-02	1.303397e+00	4.956164e-01	9.071005e-01	2.105284e+00	5.508531e-02	-5.599404e-01	4.978764e-01	2.767127e-01	1.561209e+00	-7.013440e-02	9.632682e-01	2.412451e-01	2.304200e+00	2.298483e+00	1.094465e+00	1.300202e+00
6.064942e-01	5.472842e-01	2.871475e-01	7.612443e-01	2.383352e-01	-3.973299e-02	9.652458e-01	4.485362e-01	7.479790e-01	3.657831e-01	5.192881e-01	6.685507e-01	6.982482e-01	7.277485e-01	6.410810e-01	8.113687e-01	9.338116e-01	6.106886e-01	9.505510e-01	3.823846e-01
5.074381e-01	6.313224e-01	-7.572775e-02	3.614353e-01	5.497794e-01	5.994175e-01	2.300525e-02	9.899576e-01	6.665874e-01	8.682830e-01	4.379699e-01	6.316422e-01	2.809457e-01	3.082371e-01	9.320570e-01	7.033436e-01	8.630369e-01	8.021778e-01	7.530263e-01	5.555207e-01
4.681944e-01	6.551492e-01	4.633572e-01	7.626570e-01	8.976851e-01	5.187976e-01	8.824636e-01	2.272676e-01	7.540304e-01	4.143746e-01	4.745404e-01	2.975753e-01	5.864204e-01	1.259823e-01	7.170083e-01	7.421696e-01	2.730926e-01	5.531845e-01	6.627893e-01	8.513025e-01
4.467503e-01	9.473410e-01	7.475982e-01	5.075661e-01	6.190925e-01	4.108874e-01	7.737803e-01	8.336720e-01	8.165134e-01	1.002891e+00	6.601760e-01	2.036082e-01	3.647264e-01	6.429392e-01	4.376152e-01	6.065971e-01	1.167014e+00	-1.710468e-01	3.170666e-01	6.615815e-01
5.635772e-01	9.626834e-01	1.192730e-01	1.057097e+00	4.687438e-01	2.673564e-01	8.568994e-01	3.883326e-01	7.357847e-01	2.422538e-01	4.100485e-01	5.305766e-01	5.765122e-01	6.408081e-01	7.123182e-01	9.056211e-01	9.125928e-01	3.796259e-01	1.030332e+00	4.247426e-01
4.251638e-01	1.169717e+00	3.301810e-01	9.984014e-01	1.656600e-01	5.777405e-01	2.441251e-01	5.976103e-02	3.007730e-01	2.857273e-01	1.663938e-01	2.468975e-01	4.545125e-01	2.202845e-01	4.913002e-01	9.007933e-01	6.892168e-01	4.237083e-01	1.460298e+00	1.874448e-01
7.618768e-01	2.595759e-02	1.926286e-01	6.683026e-01	5.786678e-01	4.303086e-01	4.276025e-01	7.367128e-01	7.258031e-01	8.349570e-02	5.118216e-01	4.777429e-01	5.090102e-01	3.300225e-01	6.300662e-01	6.482621e-01	8.621370e-01	6.056478e-01	5.083083e-01	4.084547e-01
8.563540e-01	4.796792e-01	-2.983957e-01	6.232987e-01	6.238825e-01	4.140805e-01	5.996576e-01	9.137386e-01	6.398081e-01	1.694723e-01	4.606297e-01	4.398754e-01	5.366667e-01	1.821269e-01	8.551239e-01	7.321352e-01	9.175988e-01	6.537587e-01	8.035863e-01	6.927324e-01
9.559194e-01	8.510254e-01	3.544174e-01	9.146443e-01	5.778981e-01	2.239801e-01	1.034415e+00	2.159543e-01	1.171812e+00	7.402114e-01	8.538956e-01	6.153611e-01	4.273817e-01	-8.006997e-02	8.110049e-01	9.774794e-01	3.502763e-01	6.181628e-01	6.228864e-01	6.773527e-01
7.654111e-01	1.278547e+00	7.136269e-01	5.924393e-01	9.970022e-01	1.275537e+00	1.543339e-01	-7.171373e-01	1.267620e+00	3.593261e-02	2.673348e-01	8.049791e-01	4.211564e-03	-2.137462e-01	1.535454e-01	1.202904e+00	1.346827e+00	4.969622e-02	5.922760e-01	3.027105e-01
3.300930e-01	5.850489e-01	4.229917e-01	8.891719e-01	2.335632e-01	9.426766e-01	5.500595e-01	3.367504e-01	1.261246e+00	7.183831e-01	5.985643e-01	5.332164e-01	-1.442276e-01	1.648593e-01	5.934687e-01	1.197703e+00	1.010755e+00	1.477837e+00	1.327798e+00	-1.983861e-01
7.064541e-01	1.350319e-01	2.617382e-01	3.443502e-01	6.404999e-01	3.262135e-01	-5.128339e-02	1.080311e+00	3.681354e-01	4.481060e-01	4.823847e-01	7.330735e-01	2.288777e-01	4.454239e-01	9.167548e-01	4.960692e-01	6.385659e-01	9.051575e-01	8.565068e-01	2.717066e-01
1.345722e+00	-1.488971e-01	8.087381e-03	-1.283574e-01	8.292930e-01	4.180387e-01	6.692695e-01	2.300557e-01	3.682937e-01	3.301730e-01	4.779218e-01	8.791535e-01	2.004938e-01	5.560675e-01	8.909834e-01	7.420216e-01	9.116878e-01	4.780002e-02	5.340785e-01	7.420302e-01
1.718933e-01	1.796993e+00	1.944657e-01	6.162093e-01	1.293835e+00	9.324814e-03	5.345217e-01	1.949497e-01	8.194689e-01	4.698168e-01	3.156502e-01	1.912568e-01	5.879622e-01	7.300959e-01	1.474651e+00	5.894077e-01	1.307075e+00	1.958817e-01	2.772814e-02	5.746117e-01
3.831156e-01	6.529861e-01	4.196314e-01	5.370080e-01	7.810241e-01	6.310551e-01	9.806847e-01	5.146015e-01	9.345174e-01	9.480261e-01	8.073923e-01	6.284898e-01	3.474412e-01	4.765993e-01	1.065529e+00	9.119481e-01	1.813640e+00	2.261177e-01	4.102829e-01	6.775502e-01
5.679713e-01	1.242496e+00	5.978726e-01	1.112873e+00	8.006275e-01	2.296787e-01	3.153322e-01	-7.417132e-01	1.384718e-02	1.392335e+00	5.973267e-01	9.037387e-01	7.202608e-01	2.802957e-01	7.579352e-01	1.371315e+00	9.501589e-01	2.916019e-01	9.733850e-01	7.856996e-01
8.328754e-01	1.013873e+00	5.484760e-01	1.013837e+00	1.155189e+00	6.524988e-01	1.121283e+00	-4.943217e-01	1.342262e+00	7.378152e-01	1.103880e-01	7.376942e-01	8.407562e-01	1.293100e+00	-5.716342e-02	1.199362e+00	1.000277e+00	-4.572477e-01	1.238044e-01	5.075394e-01
1.432088e+00	1.276003e+00	-4.150872e-02	5.777386e-01	1.534363e+00	5.963320e-01	1.103062e+00	1.262382e+00	-3.977284e-01	2.257602e-01	4.626002e-02	3.880958e-01	1.900577e+00	6.979148e-01	1.267626e+00	8.417772e-01	1.869074e-01	8.292724e-01	8.943462e-01	9.106445e-01
1.257596e+00	9.391857e-01	-7.994177e-01	7.781572e-01	6.366525e-01	4.433409e-01	5.353866e-01	3.081051e-01	3.079100e-01	9.867835e-01	4.850779e-01	5.173857e-01	1.039471e-01	-3.733927e-01	3.853485e-01	7.535150e-01	3.523891e-01	3.357532e-01	2.011657e-02	2.949942e-01
4.693247e-01	1.026321e+00	1.648370e-01	8.549948e-01	6.426283e-01	5.166846e-01	8.647137e-01	4.592907e-01	7.160935e-01	3.500833e-01	4.567419e-01	5.052031e-01	5.549976e-01	7.110262e-01	6.475305e-01	9.327325e-01	7.230624e-01	3.364527e-01	1.037910e+00	2.428603e-01
4.403754e-01	7.447847e-01	5.261942e-01	6.539408e-01	7.373724e-01	5.989762e-01	8.267941e-01	6.013201e-01	5.127414e-01	9.596496e-01	5.503758e-01	4.134047e-01	1.460125e-01	6.727920e-01	4.825814e-01	8.539550e-01	1.401602e+00	1.155873e-01	7.467174e-01	6.030847e-01
4.605662e-01	7.920446e-01	3.605811e-01	9.926853e-01	2.029034e-01	2.147741e-02	1.015589e+00	3.255041e-01	7.755662e-01	7.218786e-02	4.415005e-01	4.835139e-01	6.784839e-01	8.667689e-01	5.694053e-01	9.153106e-01	9.768464e-01	6.123411e-01	8.674398e-01	1.787067e-01
1.640926e+00	1.296668e+00	2.709076e-01	8.206251e-01	1.707813e+00	1.716480e+00	1.436757e+00	-1.066550e-01	4.887120e-01	3.920939e-01	6.024253e-02	-4.222582e-02	9.576834e-01	1.616550e+00	1.564324e+00	1.037370e+00	8.009580e-01	7.867649e-01	8.909956e-02	7.012432e-01
2.273326e-01	9.794288e-01	1.492521e+00	9.453396e-01	5.822461e-01	5.335376e-01	7.865342e-01	3.296506e-01	7.131975e-01	2.922523e-01	1.404272e+00	7.952944e-01	6.920253e-02	-2.728750e-01	1.010436e+00	1.431360e+00	8.442639e-01	2.170223e+00	5.292463e-01	1.534337e-01
9.183977e-01	8.905494e-01	9.809935e-01	6.181613e-01	9.917071e-01	2.203181e-01	5.954503e-01	2.608893e-01	1.116396e+00	1.189578e+00	-6.447750e-01	3.492550e-01	8.249702e-01	-2.057012e-01	-4.726636e-01	2.523607e-01	1.373439e+00	1.603997e+00	1.173631e+00	8.748575e-01
4.374731e-01	7.896206e-01	5.751288e-01	6.232395e-01	4.941693e-01	3.792485e-01	8.560305e-01	6.650643e-01	5.642331e-01	1.218472e+00	7.093991e-01	4.116717e-01	3.045141e-01	6.229056e-01	6.397172e-01	8.475203e-01	1.135519e+00	-8.747592e-02	5.463866e-01	3.756972e-01
6.417497e-01	6.974012e-01	1.636499e-01	7.206604e-01	1.583242e-01	-2.882425e-01	6.608158e-01	6.822497e-01	9.859468e-01	4.677054e-01	6.643821e-01	8.403756e-01	8.164266e-01	5.738695e-01	4.887737e-01	7.446497e-01	8.003257e-01	6.893465e-01	9.373466e-01	5.655509e-01
1.255512e+00	6.524186e-01	3.121549e-01	5.839724e-01	2.294819e-01	-7.668578e-01	1.647371e-01	5.607010e-01	7.143979e-01	9.906790e-01	2.763935e-01	-7.916213e-01	6.489675e-01	5.707693e-01	-8.837394e-04	6.594418e-01	6.658875e-01	9.507652e-01	1.332011e+00	6.700238e-01
4.609085e-01	1.296909e+00	4.621925e-01	1.171147e+00	1.081516e+00	1.239593e+00	1.001110e+00	-5.389435e-01	1.217114e+00	1.489737e+00	6.323189e-01	5.787217e-01	5.822246e-01	9.620076e-01	-4.439856e-02	1.166384e+00	4.493129e-01	-4.233838e-01	1.033900e-01	5.653625e-01
3.289789e-01	9.326941e-01	5.878708e-01	4.208270e-01	2.768359e-01	8.731410e-01	8.161472e-01	1.081910e+00	3.244405e-01	3.796668e-01	7.922262e-01	2.101560e-01	8.142187e-01	7.261624e-01	4.970419e-01	3.797828e-01	8.124515e-01	2.321223e-01	1.199505e+00	1.341319e-01
4.815646e-01	5.221805e-01	-3.081509e-02	3.057393e-01	-7.037547e-03	7.304131e-01	2.469933e-01	1.029654e+00	1.069245e+00	3.198721e-01	3.558173e-01	2.354759e-02	5.314252e-01	4.586565e-01	6.171514e-01	1.223016e+00	7.889239e-01	5.901562e-01	5.462927e-01	7.812013e-01
3.368679e-01	1.082979e+00	6.123875e-01	6.607339e-01	3.827235e-01	7.373324e-01	5.724067e-01	4.397637e-01	3.682587e-01	3.784263e-01	6.221785e-01	3.350985e-01	5.348405e-01	4.144893e-01	5.219961e-01	6.331342e-01	4.102482e-01	2.346177e-01	1.019867e+00	3.557447e-01
5.948880e-01	8.525533e-01	3.500852e-01	9.895835e-02	4.574313e-01	2.190560e-01	5.677134e-01	1.068077e+00	5.179933e-01	5.724388e-01	1.277156e-01	2.711105e-01	9.187967e-01	6.860821e-01	4.349256e-01	1.505856e-01	1.178709e+00	1.075650e+00	1.054183e+00	6.792750e-01
2.357309e-01	6.586015e-01	-7.837929e-02	2.982399e-01	5.101759e-01	7.782819e-01	5.243401e-01	9.717739e-01	8.125823e-02	9.019238e-01	3.370084e-01	2.021510e-01	7.384817e-01	1.237953e-01	1.387797e+00	1.247219e+00	6.231231e-01	5.278517e-01	-3.418252e-03	3.637749e-01
6.422004e-01	5.023643e-01	6.518297e-01	7.240895e-01	8.700644e-01	5.571220e-01	1.032805e+00	1.501234e-01	1.157821e+00	3.673931e-01	7.471726e-01	2.639849e-01	4.544135e-01	1.281026e-01	5.615582e-01	4.272378e-01	-5.872019e-02	6.144631e-01	4.961787e-01	9.938704e-01
1.104290e+00	6.671628e-01	5.015278e-01	3.721441e-01	5.883866e-01	3.634925e-01	1.220717e+00	3.346495e-01	7.729687e-01	6.808234e-01	3.837291e-01	8.033488e-01	3.554393e-01	7.399020e-01	5.423252e-01	4.869581e-01	1.239849e+00	7.247385e-01	4.337560e-01	-2.307186e-01
7.664379e-01	6.781911e-01	3.502930e-01	9.233660e-01	2.908890e-01	-6.181264e-02	7.405418e-01	5.335584e-01	7.689288e-01	2.955274e-01	7.680531e-01	7.741493e-01	8.198272e-01	6.079965e-01	6.423942e-01	8.838960e-01	7.919932e-01	6.096740e-01	1.084830e+00	6.030769e-01
5.828573e-01	5.992210e-01	1.290765e-01	7.708087e-01	4.915600e-02	-2.650238e-01	8.308691e-01	5.522867e-01	1.079835e+00	3.697238e-01	5.795878e-01	7.462997e-01	6.466515e-01	7.707402e-01	3.897692e-01	8.149955e-01	9.780237e-01	3.463571e-01	1.033727e+00	5.157099e-01
6.824926e-01	6.680197e-01	1.560784e-01	7.269826e-01	2.035134e-01	-2.980610e-01	6.237181e-01	7.341870e-01	9.942704e-01	4.114287e-01	6.913541e-01	8.691426e-01	8.628019e-01	6.257527e-01	4.703875e-01	7.825390e-01	8.531394e-01	6.573553e-01	8.979370e-01	5.739586e-01
-1.516744e-02	1.204613e+00	-2.403079e-01	1.568686e-01	1.009224e+00	1.450528e-02	2.029011e-01	8.715696e-01	1.112772e+00	1.710102e+00	-9.042064e-02	-4.585421e-02	9.064787e-01	-3.381609e-01	1.126765e+00	9.302345e-01	5.058016e-01	1.236009e+00	-9.869901e-01	-7.474864e-01
8.606207e-01	1.096766e+00	1.664887e-01	5.330239e-01	9.212708e-01	1.092987e+00	8.724956e-01	-2.302857e-02	1.828030e+00	1.114288e+00	8.201976e-01	1.352413e+00	6.792954e-01	6.064352e-01	-1.227124e-01	1.053695e+00	1.074500e+00	-6.360016e-01	-5.307194e-01	7.520616e-01
5.620243e-01	1.052309e+00	8.023192e-01	8.744940e-01	1.050050e+00	6.581550e-01	5.080861e-01	-5.349092e-01	-1.079587e-01	1.463744e+00	3.338333e-01	1.069960e+00	7.230386e-01	1.855984e-01	8.516001e-01	1.581561e+00	1.072485e+00	-2.866384e-02	8.795023e-01	8.666090e-01
1.627071e-01	5.685457e-01	1.553307e-01	6.874980e-01	1.294297e+00	6.316825e-01	9.145477e-01	1.770749e-02	1.160621e+00	4.099354e-01	5.154451e-01	9.229121e-01	5.580599e-01	-3.157431e-01	5.431522e-01	1.014969e+00	1.229727e-01	8.778834e-01	1.304554e+00	1.134539e+00
2.328509e-01	6.252584e-01	5.136389e-01	4.602431e-01	4.110476e-01	2.561274e-01	9.708467e-01	7.038556e-01	9.255256e-01	1.137253e+00	7.047242e-01	2.069982e-01	3.214987e-01	6.744063e-01	5.278159e-01	7.597289e-01	1.202752e+00	1.941874e-02	6.708708e-01	2.955873e-01
4.052126e-01	5.392638e-01	6.162676e-02	-4.118480e-02	1.831112e-01	5.790879e-02	5.399910e-01	1.423980e+00	1.615181e-01	3.845557e-01	7.933573e-01	2.730413e-01	1.119720e+00	9.972076e-01	8.484670e-01	-1.021303e-01	1.499551e+00	7.761458e-01	1.075565e+00	1.132932e+00
4.733723e-01	1.600606e+00	2.484761e-01	5.016297e-01	1.117730e+00	1.955706e-01	6.421232e-01	3.812909e-01	7.827604e-01	7.475771e-01	6.259727e-01	3.944316e-01	3.885467e-01	6.426429e-01	1.103765e+00	6.533368e-01	1.047860e+00	1.791506e-01	2.517212e-01	6.624083e-01
6.344625e-01	1.222438e+00	6.340635e-01	1.076055e+00	8.946932e-01	4.486787e-01	4.050190e-01	-4.456958e-01	7.366561e-02	1.155511e+00	4.240590e-01	9.304096e-01	4.783837e-01	3.117120e-01	7.311963e-01	1.143737e+00	1.011492e+00	1.566555e-01	8.052776e-01	8.636617e-01
5.859476e-01	9.972856e-01	1.566632e-03	8.296044e-01	5.699859e-01	5.034746e-01	7.695184e-01	2.872084e-01	9.028248e-01	3.419315e-01	4.724809e-01	3.776703e-01	6.326733e-01	6.983521e-01	6.570425e-01	9.661664e-01	7.122469e-01	3.551380e-01	1.158121e+00	2.338630e-01
6.261098e-01	6.417626e-01	2.374066e-01	8.270824e-01	2.346209e-01	-7.849721e-02	8.263039e-01	7.142276e-01	8.448391e-01	3.769414e-01	6.212027e-01	8.894822e-01	6.727337e-01	6.531612e-01	6.595271e-01	8.698900e-01	7.952717e-01	7.257047e-01	1.010520e+00	4.370609e-01
7.662336e-01	7.569122e-01	3.384281e-01	-1.179930e-01	6.137723e-01	3.353967e-01	8.092024e-01	1.025358e+00	6.019308e-01	5.789323e-01	-1.268298e-01	1.159979e-01	1.040779e+00	6.091304e-01	4.169511e-01	8.710163e-02	1.540193e+00	9.561861e-01	9.597893e-01	7.746194e-01
-2.618534e-01	5.031058e-01	2.075549e-01	-7.315528e-01	1.715070e+00	-5.801816e-01	5.699566e-01	2.836705e-01	2.347800e-01	7.401739e-01	1.466533e+00	2.058087e+00	9.297499e-01	1.424131e+00	8.520811e-01	2.028629e+00	-4.234701e-01	-6.122624e-01	8.943791e-01	-2.345854e-01
5.221054e-01	6.703222e-01	-1.016052e-01	7.780283e-01	8.987336e-02	-5.527576e-02	8.816231e-01	6.575958e-01	1.135523e+00	3.144624e-01	7.896883e-01	7.864178e-01	4.549492e-01	7.851157e-01	6.786439e-01	1.222478e+00	8.195066e-01	3.915686e-01	9.717575e-01	4.182717e-01
6.257676e-01	6.655218e-01	3.526004e-01	2.255538e-02	8.710368e-01	3.863351e-01	7.511679e-01	1.157339e+00	6.559938e-01	4.317370e-01	-1.175046e-01	2.217242e-01	1.235594e+00	3.668527e-01	3.792481e-01	5.461344e-02	1.568409e+00	1.352075e+00	1.027324e+00	1.009671e+00
5.270116e-01	5.457831e-01	7.734386e-02	8.394861e-01	1.666950e-01	-2.403621e-01	9.355701e-01	7.272173e-01	8.492598e-01	1.790072e-01	6.067887e-01	7.120891e-01	5.660339e-01	6.269274e-01	2.162529e-01	8.103485e-01	8.137441e-01	1.900034e-01	1.095729e+00	4.496540e-01
4.478010e-01	1.046698e+00	1.041425e-01	9.699152e-01	6.731365e-01	5.047963e-01	8.233001e-01	4.454883e-01	8.299595e-01	3.458687e-01	5.322128e-01	6.520078e-01	5.013938e-01	6.595217e-01	6.968356e-01	8.657578e-01	6.880150e-01	3.932653e-01	1.145547e+00	3.683618e-01
5.962787e-01	1.046261e+00	3.731017e-02	1.049222e+00	5.172057e-01	2.841058e-01	6.272739e-01	3.357436e-01	9.330216e-01	3.774622e-01	4.238046e-01	2.562625e-01	6.300268e-01	5.299306e-01	6.253937e-01	8.792574e-01	9.526414e-01	4.806799e-01	1.031552e+00	3.984783e-01
1.140313e+00	1.429456e-01	-2.027703e-01	7.300198e-01	3.336536e-01	7.205473e-01	-6.127230e-02	1.040220e+00	4.914477e-01	3.596339e-01	6.070411e-01	7.099723e-01	5.021004e-01	9.921525e-02	6.078647e-01	4.952469e-01	1.009686e+00	8.058662e-01	1.226642e+00	9.351017e-01
6.218645e-01	5.837510e-01	2.041927e-01	6.553999e-01	1.658809e-01	-1.990132e-01	7.114881e-01	6.931469e-01	9.408289e-01	4.935779e-01	6.867868e-01	8.668236e-01	7.899244e-01	5.470453e-01	5.089938e-01	6.874176e-01	8.525203e-01	4.982022e-01	8.198239e-01	5.687875e-01
4.980787e-01	1.309418e+00	1.245671e+00	-4.246201e-02	4.035268e-01	1.340352e+00	8.057308e-01	3.568680e-01	6.259762e-01	6.131552e-01	7.343837e-01	1.049610e+00	6.288477e-01	5.317194e-01	5.480625e-01	9.530368e-01	9.709009e-01	-4.159062e-02	1.439620e-01	5.766032e-01
-3.142118e-01	1.074950e+00	1.253412e+00	1.003218e+00	1.187492e+00	3.795111e-01	1.441010e+00	6.696702e-01	8.206893e-01	1.103801e+00	9.136059e-01	5.286055e-01	-2.454976e-01	6.525550e-01	4.361031e-01	1.356818e+00	1.348340e+00	-5.136351e-01	-2.334058e-01	1.386844e-01
4.705938e-01	1.310215e+00	6.076669e-01	1.102664e+00	1.019563e+00	3.592158e-01	3.997751e-01	-5.661219e-01	2.393089e-02	1.295078e+00	4.057656e-01	9.844215e-01	7.035770e-01	2.360243e-01	8.055118e-01	1.344224e+00	1.007081e+00	1.732932e-01	7.768142e-01	9.863175e-01
6.223606e-01	6.562906e-01	3.070910e-01	9.730378e-01	1.720870e-01	5.954229e-02	7.852590e-01	4.792941e-01	6.597157e-01	3.152661e-01	3.729909e-01	5.577647e-01	5.823218e-01	7.592509e-01	6.551811e-01	7.352200e-01	9.193122e-01	4.895499e-01	1.015968e+00	4.272155e-01
4.790304e-01	8.234172e-01	8.662298e-01	4.580243e-01	9.387263e-01	5.954596e-01	9.140137e-01	3.372542e-01	6.655123e-01	5.453638e-01	3.497226e-01	5.619912e-01	9.564655e-01	6.544040e-02	9.541162e-01	1.139604e+00	2.977217e-01	3.929016e-01	4.551170e-01	1.022858e+00
3.778123e-01	1.137257e+00	6.079814e-01	6.598946e-01	2.350299e-01	7.345604e-01	5.420374e-01	3.052581e-01	5.027350e-01	3.265113e-01	5.621071e-01	2.045794e-01	5.086461e-01	3.438357e-01	4.577539e-01	5.352717e-01	5.100230e-01	1.203348e-01	1.324126e+00	2.352706e-01
6.870581e-01	9.235901e-01	2.040566e-01	1.393555e+00	7.802200e-01	2.406861e-01	1.256342e+00	-9.909735e-02	1.027277e+00	9.241347e-01	-4.502975e-01	8.118027e-02	3.318630e-01	-1.976176e-01	4.499946e-01	1.158766e+00	2.457289e-01	6.717271e-01	4.832693e-01	1.378826e+00
1.010301e+00	1.380001e+00	6.553877e-01	3.077968e-01	-4.833579e-01	1.299723e+00	1.111456e+00	-1.245264e-01	1.431714e+00	3.822657e-01	9.883102e-01	5.530877e-01	2.461649e-01	3.485409e-01	4.130155e-01	5.654531e-01	2.266576e-01	9.456625e-01	5.523516e-01	4.544401e-01
3.625067e-01	1.481180e+00	3.840363e-01	3.618410e-01	6.766020e-01	1.413551e-01	1.061292e+00	8.794542e-01	1.654370e-01	8.094339e-01	2.675542e-01	3.143842e-01	9.818887e-01	4.893346e-01	4.817605e-01	6.902540e-01	6.751617e-01	-1.319849e-02	5.538794e-01	4.926919e-01
5.268006e-02	2.849078e-01	7.931970e-01	-1.128998e-01	1.461492e+00	-4.580832e-01	1.017563e+00	2.179415e-01	1.368308e+00	1.630566e+00	3.241966e-01	1.006177e-01	8.805306e-01	4.656316e-01	-4.265215e-01	6.976934e-01	1.206743e+00	-1.023690e+00	4.595577e-01	7.120681e-01
8.375096e-01	5.413269e-01	1.588702e-01	6.099535e-01	6.059222e-01	4.206013e-01	2.844436e-01	6.731512e-01	6.295127e-01	1.251422e+00	5.856602e-01	-2.307129e-01	9.688417e-01	4.089778e-01	6.640282e-01	9.584143e-01	5.699935e-01	5.093561e-01	6.085826e-01	9.570428e-01
1.068143e+00	9.841319e-01	1.762916e-01	6.861915e-01	1.025768e+00	6.996828e-01	9.720519e-01	7.707951e-01	5.175701e-01	6.972971e-01	1.583022e-01	3.150576e-01	8.478831e-01	-2.043596e-02	8.436803e-01	-8.729167e-02	7.396393e-01	3.004103e-01	5.665834e-01	8.172554e-01
8.440053e-01	-1.141882e-01	6.511384e-02	1.250334e-01	4.399446e-01	1.681641e-01	7.306663e-01	-5.170589e-01	1.285463e+00	3.797592e-01	-1.718269e-01	9.269098e-01	7.720005e-01	1.233984e-01	-6.299927e-02	5.872861e-01	1.756804e-01	1.257809e+00	7.117001e-01	1.183906e+00
1.416585e+00	1.617249e+00	-9.978901e-02	2.126465e+00	8.846137e-01	-5.837233e-01	-1.178013e+00	-8.547375e-01	1.339880e+00	8.560889e-01	8.635112e-01	1.602233e+00	1.502799e+00	-2.686493e+00	-8.077393e-01	-2.791735e-01	-1.076590e+00	3.082619e-01	8.224728e-01	-1.480725e-01
5.393474e-01	6.312553e-01	-2.912828e-02	8.112158e-01	8.902641e-01	4.848722e-01	8.319892e-01	5.344678e-01	1.076159e+00	7.209590e-01	1.825097e-01	2.816212e-01	5.532186e-01	-1.603883e-01	8.851128e-01	1.016365e+00	2.719409e-01	4.751221e-01	4.374863e-01	8.239423e-01
5.238256e-01	1.267020e+00	6.836971e-01	1.069872e+00	1.065792e+00	3.918382e-01	3.707503e-01	-4.898449e-01	-8.401583e-02	1.394896e+00	5.086590e-01	1.000005e+00	7.552765e-01	4.695788e-02	7.374110e-01	1.355855e+00	9.768015e-01	5.038643e-02	9.270244e-01	8.641521e-01
