-6.065021e-03	7.883339e-03	-2.002092e-02	-5.720810e-04	2.456010e-03	-2.761825e-02	1.428471e-03	1.623529e-02	2.619531e-02	-1.217833e-02	7.834922e-03	6.987201e-03	2.848531e-02	-1.857861e-02	-4.179360e-03	1.933703e-02	-5.188293e-04	-2.369024e-03	-8.342675e-03	-1.259262e-02
1.085635e-02	4.157563e-03	-1.818605e-02	-6.855085e-03	4.968589e-03	-1.745595e-02	-3.354426e-03	6.396506e-03	2.885914e-02	-1.235705e-02	3.357362e-02	-3.582651e-03	3.236483e-02	-2.797921e-02	-2.685101e-02	7.136434e-03	1.573706e-02	-2.561936e-02	1.249584e-02	-9.851841e-03
5.600428e-03	1.374325e-02	-1.096342e-02	-1.125206e-02	9.139766e-03	-8.907167e-03	-1.723363e-02	7.469724e-03	2.174352e-02	-9.083125e-03	1.360768e-02	4.934591e-03	4.011383e-02	-3.702926e-02	-2.188911e-02	6.392146e-03	1.993622e-02	-5.777398e-03	-1.111018e-02	-4.533175e-03
1.124075e-02	1.055425e-02	-2.773916e-02	3.333261e-03	2.067694e-02	-2.131417e-02	-2.669258e-02	-7.181990e-03	2.754413e-02	-1.711345e-02	1.065352e-02	2.598500e-02	3.771246e-02	-5.448909e-02	-7.130741e-03	1.671035e-02	1.970021e-02	-5.737755e-03	-1.913361e-02	6.696192e-03
-3.196864e-03	6.554623e-03	-1.904333e-02	7.059602e-03	2.202371e-02	-9.899041e-03	-2.150756e-02	-9.505959e-03	1.602827e-02	-2.093054e-02	1.455059e-02	2.754963e-02	3.428649e-02	-2.513660e-02	-5.684240e-03	2.823185e-02	1.769669e-02	-2.206310e-02	-2.308973e-02	-8.632297e-03
-8.318528e-03	1.757416e-02	-1.515842e-02	2.344977e-02	1.602096e-02	-7.877111e-03	-2.254372e-02	-1.385513e-02	1.620279e-02	-6.371260e-03	9.453955e-03	1.905970e-02	7.022349e-03	-2.251025e-02	9.500047e-03	2.733452e-02	1.468664e-02	-3.408820e-02	-1.852375e-02	-5.515950e-03
-1.738131e-02	2.200528e-02	-1.295033e-02	2.855083e-02	2.917097e-02	-1.522506e-03	-2.680440e-02	-2.481534e-02	1.257460e-02	-9.928100e-03	1.081877e-03	2.481700e-02	2.240940e-03	-1.453955e-02	2.046581e-02	2.135795e-02	7.620592e-03	-2.922087e-02	-1.799562e-02	-1.029078e-02
-1.563530e-02	1.713406e-02	-1.943768e-02	3.210198e-02	2.587227e-02	-1.128443e-03	-2.256474e-02	-3.135498e-02	2.180191e-02	-1.394337e-02	4.441458e-03	2.790216e-02	5.423177e-03	-2.272411e-02	1.823067e-02	2.609961e-02	1.171689e-02	-2.343721e-02	-1.992588e-02	-1.590391e-02
-2.525706e-02	1.101147e-02	-1.873508e-02	2.819363e-02	2.675184e-02	7.561364e-03	-1.928300e-02	-2.406225e-02	1.697750e-02	-1.129789e-02	1.110651e-02	2.294277e-02	-3.212173e-03	4.886219e-03	2.934953e-02	3.264198e-02	1.153203e-03	-2.918619e-02	-3.324560e-02	-2.331803e-02
-1.876012e-02	2.035689e-02	-1.440769e-02	2.912577e-02	2.341633e-02	7.083265e-03	-3.138324e-02	-1.884972e-02	2.952443e-02	1.944347e-03	6.513078e-03	8.740143e-03	-1.404691e-02	-9.344591e-03	2.820738e-02	2.796264e-02	1.001178e-04	-3.751174e-02	-2.271370e-02	-1.038604e-02
-2.521726e-02	1.815708e-02	-1.481147e-02	3.419208e-02	2.674999e-02	4.834025e-03	-2.368032e-02	-2.268247e-02	1.798311e-02	-1.236308e-03	1.275485e-03	9.431730e-03	-8.624847e-03	2.731089e-03	3.177146e-02	1.884408e-02	4.212143e-03	-2.969215e-02	-2.200210e-02	-1.535773e-02
-1.738672e-02	9.528210e-03	-3.031651e-02	4.013328e-02	2.320408e-02	1.610190e-03	-1.457082e-02	-1.888647e-02	2.943755e-02	-3.354056e-03	-9.167385e-04	7.345899e-03	-1.128856e-02	1.863505e-03	3.513892e-02	2.798897e-02	9.844853e-03	-3.200682e-02	-2.728604e-02	-2.276877e-02
-2.229297e-02	-4.043335e-03	-1.465326e-02	1.975463e-02	1.778022e-02	6.915760e-03	-2.132020e-02	-1.761473e-02	2.635383e-02	1.985423e-03	-1.918709e-03	7.985273e-03	-9.445512e-03	2.375738e-02	3.213410e-02	3.133140e-02	2.238517e-03	-2.656204e-02	-3.046429e-02	-1.276897e-02
-1.707821e-02	7.263185e-03	-2.087709e-02	3.330503e-02	-3.513916e-03	6.342235e-03	-2.628268e-02	-6.387409e-03	1.664223e-02	1.144396e-02	3.976714e-03	-9.434006e-03	-1.707748e-02	2.261597e-02	3.153150e-02	3.357958e-02	1.203416e-02	-3.172743e-02	-2.523312e-02	-1.076416e-02
-1.842876e-02	1.311878e-02	-7.956583e-03	3.265874e-02	1.180428e-02	1.191949e-02	-2.594121e-02	-2.193138e-02	1.608922e-02	1.440180e-02	-1.061889e-02	-4.840687e-05	-1.494495e-02	1.942285e-02	4.408087e-02	2.114946e-02	-1.892397e-03	-2.923987e-02	-2.267243e-02	-2.175127e-02
-3.598851e-03	5.789285e-03	-1.461526e-02	3.546770e-02	1.149892e-02	7.640390e-03	-1.737538e-02	-2.948753e-02	2.755600e-02	7.430503e-03	-9.518360e-03	7.028138e-03	-1.178481e-02	8.264990e-03	4.000017e-02	2.898728e-02	-5.628466e-04	-2.960864e-02	-2.375817e-02	-3.040734e-02
-1.327578e-02	-1.850423e-04	-1.223812e-02	2.588690e-02	6.668396e-03	1.398328e-02	-2.085386e-02	-2.009311e-02	2.116900e-02	6.113052e-03	1.144319e-03	1.401184e-02	-1.642543e-02	2.995886e-02	3.471699e-02	3.655560e-02	-8.651132e-03	-2.344692e-02	-3.912991e-02	-2.608705e-02
-1.508952e-02	1.087016e-02	-8.742696e-03	3.476457e-02	-7.425636e-03	1.068935e-02	-2.659664e-02	-1.457002e-02	2.642970e-02	2.431337e-02	-3.480080e-03	4.343101e-03	-2.777294e-02	1.993367e-02	3.095080e-02	2.873490e-02	-3.495537e-03	-3.039442e-02	-2.946954e-02	-1.334105e-02
-1.847263e-02	1.413433e-02	-9.743678e-03	3.128544e-02	2.584865e-03	1.417713e-02	-2.218163e-02	-1.746545e-02	2.099073e-02	1.484611e-02	-5.704309e-03	1.072339e-02	-2.219296e-02	2.263060e-02	3.034432e-02	1.373063e-02	-2.927108e-03	-2.730620e-02	-2.797147e-02	-1.088077e-02
-8.211831e-03	6.635160e-03	-1.947822e-02	4.626703e-02	-6.778341e-05	6.029335e-03	-1.247413e-02	-2.408803e-02	2.325731e-02	7.504195e-03	-1.134521e-02	1.803119e-02	-2.102278e-02	1.563912e-02	2.879624e-02	2.749518e-02	2.995270e-03	-2.933639e-02	-3.053860e-02	-1.510243e-02
-1.249091e-02	-1.155539e-03	-1.547944e-03	4.243716e-02	-2.022673e-03	6.564400e-03	-1.008363e-02	-2.120702e-02	7.963984e-03	1.224761e-02	-6.471008e-03	1.111718e-02	-2.679661e-02	3.030976e-02	3.440061e-02	3.151694e-02	-2.055026e-02	-1.674590e-02	-4.211144e-02	-4.382270e-03
-2.025310e-02	8.827548e-03	-3.311331e-03	4.506632e-02	-1.361837e-02	8.444587e-03	-1.882936e-02	-1.147798e-02	2.056980e-02	2.824326e-02	-1.116550e-02	8.315839e-03	-3.610810e-02	2.042023e-02	2.504068e-02	2.506833e-02	-6.311542e-03	-2.835661e-02	-3.270959e-02	4.463979e-03
-2.019729e-02	1.549126e-02	-4.644881e-03	3.905485e-02	-7.662925e-03	1.763915e-02	-1.934528e-02	-1.050373e-02	9.210157e-03	2.259857e-02	-1.982570e-02	9.569918e-03	-2.311976e-02	1.734469e-02	2.975453e-02	1.879717e-02	-1.124463e-02	-2.241790e-02	-3.332415e-02	4.875500e-03
-6.925393e-03	5.594216e-03	-1.503278e-02	4.386997e-02	-1.251309e-02	1.122158e-02	-7.020930e-03	-1.720943e-02	1.930335e-02	9.190396e-03	-1.514176e-02	1.186213e-02	-2.132647e-02	4.052219e-03	2.417418e-02	3.683611e-02	4.650241e-05	-2.885548e-02	-2.890405e-02	-4.439681e-04
-1.821465e-02	-9.711982e-03	1.862436e-03	3.835818e-02	-6.551195e-04	2.039327e-02	-1.238883e-02	-1.408357e-02	4.044617e-03	5.431816e-03	-6.307025e-03	1.893976e-02	-2.755596e-02	2.727708e-02	3.199997e-02	3.564640e-02	-1.007379e-02	-2.240384e-02	-3.381448e-02	-1.675707e-02
-2.020155e-02	-7.375290e-04	8.745072e-03	3.467678e-02	-1.294074e-02	1.917478e-02	-1.835467e-02	-6.723336e-03	1.517739e-02	2.564135e-02	-8.632984e-03	1.105771e-02	-3.900102e-02	1.254835e-02	1.672089e-02	2.443788e-02	1.277865e-03	-2.128525e-02	-1.751153e-02	-1.143988e-02
-2.369249e-02	4.107556e-03	5.553420e-03	2.327782e-02	-3.628602e-03	2.270039e-02	-1.280351e-02	-8.752030e-03	6.468322e-03	2.430265e-02	-1.382110e-02	1.663879e-02	-3.731134e-02	1.905447e-02	1.997335e-02	1.158930e-02	-5.624238e-03	-1.081529e-02	-1.177591e-02	-1.404096e-02
4.274328e-03	2.127919e-03	5.209868e-04	2.739376e-02	2.052920e-03	9.894146e-03	-5.307886e-04	-2.017629e-02	1.030119e-02	9.695280e-03	-1.101313e-02	8.424215e-03	-5.109200e-02	4.449599e-03	1.511967e-02	4.479266e-02	-2.398340e-03	-1.851943e-02	-6.579943e-03	-1.764258e-02
-8.398673e-03	-1.800738e-02	5.588274e-03	3.625715e-02	2.025047e-02	2.552641e-02	-2.075283e-02	-6.723394e-03	-3.999824e-03	1.700270e-03	2.691936e-03	6.363264e-03	-3.538337e-02	2.379217e-02	2.361779e-02	3.858418e-02	-1.597294e-02	-1.175801e-02	-1.595356e-02	-3.671641e-02
-1.190477e-02	-1.273585e-03	8.725613e-03	3.080582e-02	3.496814e-03	2.767315e-02	-2.806174e-02	9.196880e-03	8.341624e-03	2.771528e-02	-3.415259e-03	-5.742084e-03	-4.325781e-02	4.585101e-03	2.192956e-03	3.480618e-02	1.208614e-03	-1.245585e-02	-8.159882e-03	-3.228587e-02
-1.307027e-02	6.324362e-04	6.659489e-03	2.832212e-02	1.106768e-02	3.150465e-02	-1.959342e-02	-9.302636e-03	-9.014355e-03	3.823870e-02	-1.366668e-02	3.193629e-03	-3.592382e-02	1.550341e-02	5.058807e-04	1.706442e-02	-1.745939e-02	2.147023e-03	-1.704969e-05	-2.566021e-02
3.315025e-03	-1.422248e-03	1.881059e-03	3.241795e-02	5.654615e-03	1.192165e-02	-1.830310e-03	-2.752137e-02	-6.532898e-03	3.236994e-02	-2.206315e-02	7.479439e-03	-4.538534e-02	1.043410e-02	-1.040035e-02	4.454512e-02	-1.852101e-02	7.116753e-03	5.756458e-03	-1.789501e-02
