3.135083e-01	6.588567e-01	-9.881015e-01	-3.481057e-01	6.808801e-01	-1.391529e+00	-1.603018e-01	-2.268774e-01	1.746051e+00	8.451089e-02	-1.883151e+00	-4.823849e-01	-7.170114e-02	-1.976341e-01	1.038605e+00	3.831348e-01	3.120884e+00	1.500450e+00	-5.355629e-01	1.560798e+00
-2.043407e+00	2.978568e-01	4.612635e-01	-2.056863e+00	5.956157e-01	1.295891e+00	2.547559e+00	1.265478e-01	-9.276047e-01	-3.152494e-01	1.803237e+00	3.039439e+00	1.957515e+00	3.362572e+00	-3.319745e-02	7.081798e-01	-1.106903e+00	4.958852e-01	9.930547e-01	-2.412976e+00
1.017115e-01	2.473976e+00	1.290587e+00	-8.257059e-01	-3.850377e-01	-2.144452e+00	4.792304e-02	-5.629728e-01	2.684621e+00	7.776300e-01	3.900172e-03	-1.742267e+00	-6.178883e-02	-2.975854e+00	-8.908200e-01	1.540855e+00	-5.041513e-01	1.052830e+00	-1.153160e+00	1.213131e+00
1.977585e+00	4.242039e-01	-8.169452e-01	1.427687e-01	2.809488e+00	7.154957e-01	1.373339e+00	4.047163e-01	-2.106187e+00	8.551805e-01	1.758962e+00	1.758345e-01	7.373777e-01	4.982045e-01	-4.054208e+00	5.374378e-01	2.860295e-01	3.006930e+00	-1.174215e+00	6.311628e-01
7.499369e-01	9.562144e-01	2.052440e+00	-1.493791e+00	-3.734836e-01	-1.490713e+00	-3.947327e-01	1.808792e-01	1.627514e+00	-3.821953e-01	1.020809e+00	4.888790e-01	5.046595e-01	-6.903739e-01	-2.264866e-01	-1.075041e+00	1.199638e+00	4.166123e-01	-3.734647e-01	1.931918e+00
1.116319e+00	-1.986925e+00	3.310831e+00	-1.312801e+00	1.750515e+00	-8.690022e-01	-1.882973e-02	2.604311e+00	1.082175e+00	1.264115e+00	-2.969746e+00	1.814312e+00	-4.077614e-01	1.094427e+00	1.619456e-01	-4.764488e+00	-7.469101e-01	1.549713e+00	-1.301043e+00	3.770175e+00
1.406712e+00	4.809461e-01	1.303378e+00	-1.186775e+00	1.015825e+00	-1.779024e+00	-3.460049e+00	4.652815e+00	1.694114e+00	-1.496240e+00	-2.100168e+00	1.341676e+00	-1.195306e+00	6.899428e-01	8.085667e-01	1.856597e+00	3.989261e-01	2.090753e+00	-2.395976e+00	1.238542e+00
2.897265e-01	1.197396e+00	3.538611e-01	-1.132838e-01	4.788076e+00	1.237603e-01	-3.673985e+00	3.853408e+00	2.011404e-01	-3.168805e+00	-2.014981e+00	-1.940428e+00	-1.237875e+00	1.645874e+00	6.885118e-01	1.555665e+00	1.960209e+00	2.445643e+00	-7.780633e-03	6.143156e-01
-5.373734e-01	-5.994491e-01	1.564527e+00	-2.313576e+00	-1.406742e+00	-9.462735e-01	-9.777651e-02	-1.628176e-01	3.390072e+00	4.565745e+00	-4.270204e+00	-5.266258e-01	-3.645819e-01	7.061572e-01	-1.878656e+00	-1.146969e+00	3.340150e+00	2.551367e-01	2.170180e+00	-7.888109e-01
3.659465e+00	1.606684e+00	-1.201481e-01	-2.919080e+00	-1.525903e+00	-6.258742e-01	1.809217e+00	1.312385e+00	2.349271e+00	-6.377057e-01	7.017269e-02	-2.101908e+00	-5.786921e-01	-2.177076e+00	5.895225e-01	8.973708e-01	-2.587462e+00	-1.890440e+00	-9.847719e-01	9.226980e-01
8.686777e-02	-1.111607e+00	6.180691e-01	-1.220233e+00	1.186054e+00	-8.469638e-01	-2.124282e+00	1.275717e+00	2.467980e+00	1.035474e+00	9.586444e-01	1.081974e+00	-4.352816e-01	1.553033e+00	2.476094e+00	-7.445633e-01	1.046926e+00	1.643786e+00	-1.529447e-01	3.148793e+00
-3.857141e+00	1.569801e+00	-6.851306e-01	-2.300232e+00	-2.484585e+00	-2.183066e+00	6.880955e-01	2.072126e+00	-3.652693e+00	4.496433e+00	-2.494066e+00	2.651998e+00	3.111665e-02	5.420235e+00	4.626558e+00	1.758822e+00	1.490259e+00	4.571568e+00	-8.361347e+00	3.439681e+00
-5.196937e-01	6.756675e-01	2.935128e+00	-1.214837e+00	-1.619131e+00	-7.174228e-01	-1.168972e+00	1.334111e+00	2.187345e+00	2.066878e+00	1.249009e+00	1.849361e+00	-1.626719e+00	1.273690e+00	-8.441553e-01	-3.585048e+00	9.287110e-01	3.276939e+00	3.457678e-01	2.945318e+00
3.659462e+00	5.569715e-01	1.609995e+00	1.367615e-01	-4.862383e-01	-2.850468e+00	1.365321e+00	1.559523e+00	-2.458872e+00	-3.433023e-01	1.116197e-01	7.706166e-02	2.384099e+00	2.947874e+00	-7.854683e-01	2.127507e+00	6.477104e-01	-9.767104e-02	-3.821850e+00	6.354187e-01
-1.219311e+00	8.629073e-01	1.964611e+00	2.376083e+00	1.087806e+00	-1.501049e+00	1.879480e+00	-2.375569e-01	-3.272201e-01	1.903125e+00	1.758404e+00	3.100423e-01	1.076654e+00	-1.210969e+00	5.106402e-01	8.940774e-01	-6.961859e-01	9.093760e-01	-1.377609e+00	1.014385e+00
4.761220e-02	2.467325e+00	1.235291e+00	-2.330184e-02	-2.219596e+00	1.669203e+00	3.815313e-01	-2.562543e+00	2.041759e-02	1.060935e-01	6.482082e-01	1.276133e+00	2.017791e+00	3.871067e-01	1.702312e+00	-4.369125e-01	-1.414281e+00	1.661245e+00	1.615763e-01	2.355317e+00
3.509237e+00	-1.787280e+00	-9.169265e-02	1.381404e+00	-3.205284e+00	7.226223e-01	2.572121e+00	-3.312715e+00	1.709037e+00	-7.640265e-01	8.607214e-02	-2.504377e-01	-9.994903e-01	1.831523e+00	1.059944e-01	-1.289823e+00	2.256051e+00	-7.799716e-01	2.727241e+00	2.716174e+00
-7.900345e-01	4.456941e-01	1.787393e+00	-5.413290e-01	9.479388e-01	-6.256290e-02	-7.100320e-01	-6.329338e-01	2.505147e+00	4.560981e-01	-2.745133e-02	-1.490340e+00	-2.467608e-01	2.784408e+00	-3.315361e+00	3.312109e-01	1.545421e+00	-8.708090e-02	1.450371e+00	-4.412909e-01
4.562427e+00	6.061707e-01	-2.163548e-01	1.066340e+00	-6.622531e-02	3.895837e-02	4.548721e-01	6.756389e-01	-3.450529e-01	-1.737889e+00	-7.644895e-01	-1.395320e+00	-8.370593e-01	8.928094e-01	-1.266566e+00	8.687132e-02	-1.158359e+00	2.436093e+00	8.717115e-01	-2.294830e+00
3.995993e+00	2.209137e+00	4.607270e-01	-8.249995e-01	1.906912e-01	-6.919020e-01	-2.830678e+00	6.891435e-01	5.523177e-01	-8.601189e-01	4.971553e-01	-9.529436e-01	-8.259396e-02	9.233209e-01	-1.473042e+00	-1.202719e-01	-5.847048e-01	2.369965e+00	1.234506e+00	-1.971248e+00
3.036271e-01	-1.553613e-02	6.426067e-01	-2.544681e-01	1.272201e-01	-6.199227e-01	9.735257e-01	5.454827e-01	3.931802e-01	2.107704e+00	1.447508e+00	1.039011e+00	-1.024040e+00	1.084286e+00	1.465350e+00	-1.276188e+00	3.460965e-01	8.790733e-01	2.615117e-01	1.265223e+00
8.956616e-01	9.195788e-02	1.935575e+00	7.735198e-01	2.437487e+00	8.519746e-01	3.273314e-01	-1.117094e+00	-9.600300e-01	3.109718e-01	4.438093e-01	2.905107e-03	1.372230e+00	1.402409e+00	2.015385e+00	-9.342351e-01	9.448775e-01	-7.477625e-01	2.338396e-01	2.621426e+00
-1.300682e+00	5.634500e-01	2.273654e+00	2.085975e+00	6.029683e-01	1.919034e+00	-5.438937e-01	-7.420467e-01	4.009892e+00	7.757647e-02	8.478341e-01	-1.555258e+00	7.862283e-01	9.784016e-01	-1.136846e+00	3.414469e+00	-2.148914e+00	-5.837433e-02	-1.347680e+00	-9.658998e-01
-5.875246e-01	-6.193628e-02	-1.213228e-01	2.000828e+00	-3.855568e+00	-5.657698e+00	-6.474122e-02	3.752046e-01	2.718730e+00	-7.675644e-01	5.738180e-01	-6.944914e-01	1.505061e+00	1.146935e-01	-2.099906e+00	-8.237487e-01	4.797837e+00	3.029009e+00	6.717205e-01	3.081422e+00
-4.914180e-01	-2.253501e-01	-2.493083e-01	8.910485e-01	1.369227e+00	7.238136e-01	5.456107e-01	-1.998078e+00	5.355486e-01	-1.787099e+00	1.563300e+00	9.278867e-01	-6.819449e-01	-6.416188e-01	1.186890e-01	-1.400594e-01	-1.104356e+00	2.096691e+00	1.413061e+00	1.475411e+00
2.059744e+00	-5.176137e-01	9.035847e-01	9.321251e-01	1.168671e-01	6.380222e-01	1.444998e+00	3.659921e-01	-1.484455e+00	1.834198e+00	1.317332e+00	1.580094e+00	1.551402e+00	-3.257837e-01	1.626217e+00	-2.004174e+00	1.099560e+00	-2.233950e-01	1.113519e+00	8.408181e-01
2.623405e+00	-2.134385e+00	-2.749584e-02	-9.347859e+00	2.818664e+00	-3.664384e+00	1.634204e+00	5.588536e+00	8.834174e-01	4.273215e+00	2.562398e+00	3.412707e+00	7.239031e-01	4.750879e+00	-2.601138e+00	1.787349e+00	-5.696257e-01	-1.936623e+00	2.523055e+00	-2.138536e+00
-1.379259e+00	1.393275e+00	-4.817391e-01	1.843148e+00	2.829862e+00	7.554690e-01	3.199089e+00	-2.637571e+00	4.725179e-01	1.113867e+00	2.645398e+00	-1.087025e+00	2.192394e+00	2.357611e+00	-3.325303e+00	1.335589e+00	-1.299638e+00	3.199729e-02	1.189926e+00	-9.947497e-01
-2.225224e+00	-5.602626e-01	2.721006e+00	-1.785091e-01	1.574519e-01	2.655726e+00	2.306682e+00	-1.044548e-02	4.962089e-01	9.311937e-01	-2.696827e+00	-1.030918e+00	-2.493266e+00	3.040407e+00	-3.017145e+00	-1.924811e+00	3.067232e+00	1.596893e+00	-1.280188e-01	-4.552687e-01
3.391070e-01	-1.771870e+00	2.024524e+00	-7.821287e-01	-6.657204e-01	8.564844e-01	1.808524e+00	9.043150e-01	-8.235007e-01	6.827715e-01	1.717184e+00	1.486983e+00	6.459287e-01	5.400179e-01	1.309374e+00	4.001828e-01	1.276286e+00	1.253395e+00	-2.941794e-01	-1.250902e-01
3.742364e+00	1.221180e+00	1.929647e+00	5.879565e-02	-1.919792e-01	-3.574151e+00	-6.717887e-01	-1.338972e+00	2.820230e+00	1.501185e+00	2.531822e+00	-1.915534e+00	2.999940e+00	7.009261e-01	-1.053954e+00	-1.772124e+00	-1.223426e+00	-7.346660e-01	1.149383e+00	7.844426e-01
3.248788e-01	-2.467618e+00	3.752987e+00	-8.073524e-01	3.665790e+00	1.603059e+00	-8.904329e-01	7.980591e-01	1.908202e+00	2.204092e+00	-7.152440e-01	3.787025e-01	5.883481e-02	-1.449375e+00	-5.737272e-01	-7.555127e-01	7.465876e-01	8.783765e-01	-2.344743e+00	1.465217e+00
-8.798933e-01	7.167325e-01	-1.293169e-01	-2.530419e+00	4.186338e-01	-1.537489e+00	-3.209809e+00	-1.844361e-01	5.944972e-01	4.827150e-01	1.355464e+00	9.577243e-01	-1.308885e-01	2.177235e+00	-9.832440e-01	1.352848e+00	3.208251e+00	3.348635e+00	5.055082e-01	1.745103e+00
-1.635123e+00	-1.350066e+00	2.134930e+00	-4.470555e+00	7.003023e-01	-5.320578e-01	-1.136082e+00	1.197165e+00	2.261171e+00	3.368504e-01	3.516146e+00	2.769740e-01	1.783914e+00	2.862379e+00	5.626536e-01	4.632718e-01	-1.114475e+00	2.668464e+00	1.037298e+00	1.436578e+00
5.161102e-02	1.779557e+00	9.878675e-01	2.016993e+00	2.197239e+00	-1.628506e+00	2.182109e+00	-5.610818e-01	-9.164497e-01	5.592192e-01	8.313217e-01	2.805052e-02	7.768729e-01	-3.201197e+00	-3.207540e-01	7.248572e-01	9.210467e-02	1.720488e+00	-3.958994e-01	-3.596235e-01
9.047618e-01	6.274911e-01	-2.179547e+00	-1.253221e+00	1.330295e+00	-7.446815e-01	-7.166434e-02	3.118671e+00	-7.568294e-01	-1.732365e+00	-2.012465e+00	1.248621e+00	1.330594e+00	1.060873e+00	-2.742469e-01	-1.540093e-01	-1.286790e+00	2.901281e+00	6.997620e-01	-1.282651e+00
-1.014105e-01	-1.271385e+00	1.380602e+00	-7.053987e-01	2.978535e+00	2.224682e-02	2.001463e+00	-1.656289e+00	-9.056265e-01	-6.493149e-01	1.050633e+00	-6.305141e-02	3.299857e+00	1.565434e+00	3.207867e+00	6.094140e-01	-5.073897e-01	-1.893303e+00	3.052804e+00	2.343229e+00
1.615906e+00	5.617107e-01	6.347439e-01	3.387293e-01	2.082177e+00	1.438897e-01	7.768427e-02	7.542710e-01	2.617424e+00	-2.516494e-01	2.292443e-01	9.870056e-01	8.962297e-01	2.465565e-02	3.719401e-01	1.252564e+00	-5.008056e-01	-1.240977e+00	7.093909e-01	2.073067e-01
1.286581e+00	-9.537196e-01	1.450582e+00	6.986118e-02	-2.077009e+00	3.348581e+00	9.788559e-01	-5.833687e-01	2.488303e+00	2.596419e+00	-3.069126e+00	2.989365e+00	3.606140e-01	-8.501203e-01	4.146794e+00	5.857401e-01	-2.513573e-01	-4.252516e+00	4.453417e+00	-2.712232e+00
2.579858e+00	-6.788421e-01	-1.581477e-01	1.720053e+00	-1.572617e+00	2.471744e+00	-1.371875e+00	-7.700427e-01	1.965172e-01	1.447659e+00	3.645238e+00	2.339425e+00	8.620456e-01	2.052624e+00	1.020214e+00	-4.216628e+00	1.323649e+00	1.539340e+00	3.922095e+00	1.413527e+00
1.077205e+00	1.226432e+00	1.416801e+00	1.331756e+00	7.224216e-01	-1.457702e+00	-6.467849e-01	-4.072696e-01	1.019015e+00	-2.269914e-01	6.206867e-01	6.637896e-01	1.007743e+00	-1.433002e+00	1.381029e-01	-8.412455e-01	9.035140e-01	-2.066478e-01	2.203491e+00	1.136465e+00
5.070583e+00	-3.378301e-01	7.454435e-01	5.429003e-01	-3.682881e+00	4.026017e-01	8.497634e-01	2.030035e-01	-1.786683e-03	-2.896441e-01	6.017348e-01	2.134517e+00	1.232959e+00	-1.736207e+00	-1.484512e+00	-3.364910e-01	1.808910e+00	1.474505e+00	-9.435111e-01	-6.198336e-02
-5.302568e-01	2.927719e-01	-3.881090e-01	1.902887e+00	5.114619e-01	-1.883445e+00	2.823768e+00	-3.005005e-01	1.927154e+00	4.420972e-01	-7.946940e-01	-8.759240e-01	2.106587e+00	-2.342983e+00	2.030649e+00	6.315840e-01	8.069995e-01	-5.752663e-01	2.557733e+00	-2.197904e+00
-1.214602e+00	2.382859e+00	1.224016e+00	-1.506133e+00	2.523055e+00	-2.154863e+00	-2.573578e+00	2.024481e-01	3.283364e+00	3.927522e+00	-1.575928e+00	1.194064e+00	-5.481630e-01	-2.485218e+00	1.119569e+00	3.321307e-01	2.093525e+00	-8.083800e-01	3.392496e+00	-2.722027e+00
-3.158461e+00	1.037256e+00	1.221330e-01	-1.284609e+00	-1.890128e+00	1.092937e-01	1.436341e+00	-7.589693e-01	2.245717e+00	-7.562317e-01	1.006976e+00	2.277754e+00	1.120418e+00	-7.965952e-01	-1.983830e-01	1.071417e+00	-6.096322e-01	1.135053e+00	7.239154e-01	-1.924874e+00
1.640982e+00	1.157050e+00	-9.362634e-02	3.746917e-01	1.230510e+00	1.129333e+00	-1.815637e-01	4.875798e-01	1.220563e+00	-4.468510e-01	2.845454e-01	1.516528e+00	3.758546e-01	-5.552331e-02	1.202647e+00	6.563340e-01	-2.005181e-01	-6.095242e-01	7.909233e-01	7.354741e-01
-1.372127e-01	9.052694e-01	1.603330e+00	1.109138e-01	-1.321373e+00	-9.157408e-01	-4.143504e-02	-6.264986e-01	3.864918e-01	6.860465e-01	5.852992e-01	1.849347e+00	1.266299e+00	7.061948e-02	1.226065e+00	-6.584815e-01	1.866561e+00	5.502868e-02	8.147043e-01	6.224761e-01
-1.108707e-01	2.399603e-01	-2.373801e-01	3.023154e+00	2.129035e+00	9.003597e-01	7.147193e-01	-1.598708e+00	2.455225e-01	-4.382473e-02	2.076447e+00	2.015890e+00	-9.042658e-01	-7.765462e-01	8.499061e-01	-1.424103e+00	6.361986e-01	1.383350e+00	1.074707e+00	6.766090e-01
-7.555219e-01	1.616891e+00	6.687391e-01	2.118781e+00	1.960737e+00	8.500642e-01	1.735741e+00	9.883156e-02	-6.206149e-01	1.207636e+00	1.247376e+00	3.266733e+00	2.105703e+00	-2.932751e+00	-2.384584e+00	-9.319969e-01	1.520709e-01	5.433423e-01	-2.876583e+00	-1.221858e+00
-1.925685e+00	-4.069557e-01	4.800208e-01	-5.507206e-01	2.300344e+00	-7.780903e-01	1.205622e-01	6.864965e-02	1.859710e+00	3.110015e+00	-7.924219e-01	1.897992e+00	-6.142723e-01	-4.084321e-01	2.193944e+00	-5.003504e-01	-1.727208e+00	-1.078893e+00	2.003858e+00	1.647555e+00
-9.631804e-02	-1.794372e+00	-5.107059e-01	-3.789046e+00	3.769768e+00	9.349264e-01	-3.173263e+00	1.649138e+00	3.110543e+00	1.803530e+00	1.825666e+00	-3.318201e+00	-4.267111e+00	1.415246e+00	2.864098e-01	3.071109e+00	3.700639e+00	7.693266e-01	2.123325e+00	1.195837e+00
1.589437e+00	1.531592e+00	1.813512e+00	9.181537e-01	4.267477e-01	2.329149e-01	1.221185e-02	7.080055e-02	1.023352e+00	8.404172e-01	1.752638e+00	6.677833e-01	6.173477e-01	-6.219531e-01	-8.851045e-01	-2.852752e-01	2.731751e-01	-7.655401e-01	-3.494208e+00	2.732865e+00
2.378762e+00	-6.730668e-02	5.942325e+00	-1.778918e-02	-2.571726e+00	2.370803e+00	-2.127613e+00	-3.660497e-01	7.606408e-01	-7.222621e-01	7.927717e-02	1.026169e+00	-2.593896e+00	9.054485e-01	-9.534032e-03	-2.282344e+00	-2.585682e+00	1.277935e+00	2.620515e+00	-4.471209e-01
-3.635597e-01	1.099555e+00	1.579430e+00	-2.934758e-01	1.547705e+00	-1.026993e+00	3.393364e-01	-6.410518e-01	1.075851e+00	7.415599e-01	1.966070e+00	7.953735e-01	5.506083e-01	-1.321446e-01	6.510347e-01	-1.581256e+00	1.385363e+00	-1.810137e-01	-4.162353e-01	1.986764e+00
-1.921626e-01	6.374760e-02	1.531351e+00	4.719905e-01	-1.398490e+00	-1.105365e+00	-3.688904e-01	2.317359e-01	2.548072e+00	1.349418e+00	-4.334169e-01	3.119553e-01	-3.509677e-01	-5.624306e-01	2.468524e+00	-1.474721e+00	-1.072502e+00	7.444663e-01	6.975703e-01	2.310890e+00
1.779347e-02	1.294319e+00	-6.910282e-01	-7.005874e-01	2.473516e+00	-1.723108e+00	1.285034e+00	5.176478e+00	-6.810239e-01	2.280097e-01	1.990479e+00	-5.402378e-02	-5.976256e-01	3.754777e+00	-6.944402e-02	5.469955e-01	-1.652750e+00	1.851858e+00	-5.335045e+00	3.646777e+00
1.096628e+00	4.148486e-01	-8.892253e-02	-5.276913e+00	7.129380e-01	2.947976e+00	4.112710e+00	-6.749423e-01	-9.839636e-01	-2.129192e+00	-2.997321e+00	-3.431809e+00	-2.372265e+00	3.010597e+00	1.572067e-01	8.726354e-01	2.833848e+00	7.656664e-01	-4.521542e+00	-6.792565e-01
2.710882e+00	9.953888e-01	-2.429000e+00	-6.815778e-01	-1.164264e-01	4.759909e-01	-3.642510e-01	1.858803e+00	7.974296e-01	-1.387667e+00	1.687217e+00	5.240587e-01	1.495492e+00	-1.986585e+00	1.531453e-01	1.527637e+00	-1.097334e+00	3.220253e-01	-3.212266e-02	-1.377055e+00
-2.325871e+00	1.678630e+00	3.717177e-01	-1.239231e-01	1.517891e-01	3.183043e+00	1.925207e+00	-2.593111e-01	-7.552332e-01	4.108225e+00	-1.622235e+00	3.449823e+00	-2.804610e+00	2.058044e+00	-2.670922e+00	-3.117802e+00	-7.711199e-01	8.484744e-01	1.012578e-01	1.034398e+00
-4.190749e-01	-1.121530e+00	-1.912099e-01	-1.354691e+00	1.982142e-01	-8.023622e-01	1.197294e+00	-6.617609e-01	9.112259e-01	-1.913252e+00	6.730727e-01	1.216583e+00	7.568227e-01	-5.609150e-01	7.686926e-01	1.496028e+00	1.096599e+00	7.534448e-01	1.323708e+00	6.869172e-01
-6.066587e-01	2.851844e+00	6.477876e+00	-3.289159e+00	2.254115e+00	5.637436e-01	-2.795436e-01	4.562762e-01	-1.116982e+00	-3.698961e+00	-2.893675e+00	3.062108e+00	-4.774095e-02	1.189478e+00	-1.373836e+00	-4.059693e+00	4.046077e-02	-1.393659e-01	1.587228e+00	-9.635036e-01
-1.184588e+00	1.193439e+00	5.067917e-01	1.568278e+00	1.464334e+00	4.422349e+00	1.304491e+00	-2.368858e+00	6.524711e-02	2.205590e-01	1.418566e+00	8.828824e-01	1.161124e+00	3.440920e+00	-7.816654e-01	7.515318e-01	-2.037114e+00	5.884821e-02	-2.635098e-01	1.141296e-01
3.021308e+00	1.554184e+00	-5.777749e-01	-5.447023e-01	5.390092e-01	2.189665e+00	1.881231e-01	-2.051570e-01	-1.181268e+00	-9.291054e-01	9.153747e-01	2.843904e+00	9.209606e-01	6.327895e-01	-3.050719e+00	8.692252e-01	1.352626e+00	-1.205130e-01	1.559201e+00	-7.023164e-01
9.935689e-01	2.757728e-01	-2.410820e+00	-7.523074e-03	-1.716231e+00	2.397561e-01	-1.650540e+00	-1.289185e+00	-1.219096e+00	-8.182509e-01	2.889574e+00	9.818081e-02	-2.445225e+00	2.660853e+00	2.455488e+00	1.481235e+00	1.918218e+00	2.766689e+00	1.581917e+00	6.601762e-01
-6.574160e-01	9.797179e-01	3.162416e+00	-1.819518e+00	-9.408513e-01	5.320441e+00	5.311617e+00	3.581320e-01	-3.547323e+00	-5.155959e-01	-3.765476e+00	3.621950e+00	-3.674413e-01	2.347685e+00	3.136960e-01	-9.322987e-01	-2.856139e+00	8.798423e-02	-1.258625e+00	-7.652094e-01
3.963015e+00	7.481240e-01	1.542540e+00	7.794261e-01	1.954315e+00	2.825997e-01	2.160768e+00	-1.822485e+00	-1.506559e+00	-1.694483e+00	-1.141112e+00	-1.859561e+00	-8.032158e-01	1.572826e+00	-7.965915e-01	-9.815187e-01	2.250867e+00	2.023958e-01	5.548174e+00	-2.668774e+00
-4.345462e-01	-9.201493e-01	3.173931e+00	9.372045e-01	-2.571115e+00	3.501137e+00	2.099965e+00	3.177192e+00	-2.888256e+00	1.656937e+00	-4.939008e+00	-2.881786e+00	-8.371197e-01	2.756408e-02	3.770857e+00	3.631341e+00	2.687821e+00	5.487375e+00	-3.509574e+00	-2.222964e-01
-1.576106e+00	2.169906e+00	-2.051698e-01	-8.585674e-02	-3.024847e+00	-2.321234e+00	-3.714492e+00	1.822478e+00	3.047438e+00	-2.333621e+00	-7.597063e-01	-1.827235e+00	-1.357264e+00	1.025452e-03	2.213429e+00	3.182687e+00	-2.297974e-01	2.889313e+00	2.834119e+00	7.762831e-01
6.833856e-01	2.648559e-01	5.464604e-02	9.289793e-01	5.557191e-01	-1.851291e+00	-3.458539e-01	3.503849e-01	-6.649967e-01	1.160159e+00	2.535935e+00	1.400601e+00	1.737998e+00	-1.147428e+00	1.799148e+00	-2.580001e-02	1.023792e+00	1.272148e+00	1.961587e+00	1.817199e+00
2.686478e+00	-2.032395e-01	4.368677e-01	-1.817392e+00	4.145756e+00	3.265895e+00	-1.529855e+00	1.637871e+00	-1.504433e+00	-2.208419e-01	3.144410e+00	1.204315e+00	-3.300121e-01	9.461390e-01	-9.299489e-01	1.380976e+00	-2.078608e+00	4.570239e-01	-1.480420e+00	4.957564e-01
1.852554e+00	1.311509e+00	1.190372e+00	-1.174818e+00	1.260104e+00	1.736701e-01	-2.341798e+00	7.309180e-01	-1.525940e-01	-1.390121e-01	7.655556e-01	-1.200353e+00	7.712908e-01	4.469501e-01	-9.434110e-01	1.105120e+00	-5.355765e-01	1.234280e+00	3.436250e+00	-1.078125e+00
9.862443e-02	-2.873940e+00	2.739517e+00	1.387697e+00	-3.793867e+00	3.009021e-01	-2.079025e+00	1.472417e+00	1.457266e+00	-1.145009e+00	-2.351280e+00	1.442629e+00	6.280534e-01	3.192139e+00	5.135684e+00	-2.918090e+00	2.165662e+00	2.917270e+00	3.833873e+00	2.211257e+00
8.896405e-01	1.254515e+00	3.278161e-01	2.503783e+00	-2.633999e+00	-1.757303e+00	7.689605e-01	8.819511e-02	1.827629e+00	-7.506951e-02	-8.150114e-03	-1.589655e+00	2.639718e-01	8.332120e-01	-2.447143e-01	5.595642e-01	2.460765e+00	-2.842473e-02	7.485644e-01	2.270973e+00
2.643502e+00	-1.020982e+00	1.937468e+00	1.306138e+00	7.856619e-01	-8.935725e-01	5.416759e-01	1.177053e+00	4.960819e-01	-1.222263e+00	2.422614e-02	-7.969337e-01	2.038729e+00	2.903877e-01	1.553135e+00	-2.475234e-01	-1.263101e-01	3.085925e+00	-1.483667e+00	9.098134e-01
-1.022164e-01	1.933018e-01	2.029629e-01	-1.195040e+00	-1.014430e-01	4.062338e-02	1.051772e+00	8.253868e-01	7.193400e-01	9.058607e-02	9.273171e-01	7.982970e-01	1.778988e-01	-5.870464e-01	1.808777e+00	6.411805e-01	3.973386e-01	-3.847557e-01	-3.356054e-01	1.054698e+00
1.254417e+00	1.954517e+00	1.891754e+00	1.254492e-01	-1.309136e+00	1.368088e+00	-4.001585e-01	8.447334e-01	1.078996e+00	1.792404e+00	3.549085e-01	7.687202e-01	3.734405e-01	-2.171816e+00	-1.348271e-01	-6.095190e-01	1.255461e+00	2.265769e+00	-2.095415e+00	2.072262e+00
9.596278e-01	1.664718e+00	-8.640210e-01	8.658827e-01	-2.072025e-01	6.979176e-01	-1.426376e+00	-1.605779e+00	1.671645e+00	2.291641e+00	7.934450e-01	2.994824e+00	1.937806e-01	-2.071038e+00	1.679134e+00	2.062301e-01	-5.809582e-01	7.952486e-02	1.970633e-01	1.669498e+00
3.419139e-01	1.142790e+00	1.477908e+00	1.122121e+00	1.327928e+00	-9.701351e-01	1.126344e+00	1.283797e-01	7.683141e-01	9.132476e-01	3.792748e-02	1.270760e-01	-1.230895e-01	-7.124767e-01	4.337659e-01	-7.512545e-01	7.793282e-01	1.110176e+00	-2.039409e+00	4.549402e-01
2.876183e-01	7.562942e-01	2.292222e+00	5.866304e-01	1.316787e+00	-6.952530e-01	-4.115581e-02	-2.718351e-01	8.468080e-01	5.971473e-01	1.123976e+00	4.546730e-01	6.239613e-01	-9.423710e-01	9.835039e-01	-7.736502e-01	3.623294e-01	6.736882e-01	-9.506199e-01	1.853969e+00
2.992300e+00	2.749152e+00	1.843399e+00	2.344204e-01	3.310656e-01	-1.831789e+00	-1.395033e-01	1.510967e-01	9.979601e-01	-1.083105e+00	1.559607e+00	-6.070987e-01	-2.231189e-01	3.152976e-01	1.059715e-01	-1.012105e+00	9.826927e-01	8.435185e-01	7.425937e-01	3.904767e-01
9.274693e-02	-4.305754e+00	-6.719019e-01	-1.568729e+00	3.865557e-01	2.496648e+00	2.745184e+00	8.330593e-01	3.337579e+00	3.265356e-02	2.342055e+00	5.220653e-01	3.720005e+00	1.027834e+00	-5.974793e-01	-3.412837e-02	-6.669830e-01	2.217722e+00	5.241327e+00	-3.410181e-01
1.356182e+00	9.754055e-01	6.290892e-01	2.185069e-01	1.686640e+00	-1.588157e+00	1.296367e+00	2.023751e-01	1.021950e+00	1.981968e+00	-3.077800e-01	-1.745904e-01	1.984753e+00	-1.417944e+00	5.640931e-01	-1.032714e-01	1.829324e+00	4.845072e-01	1.080930e+00	-1.288729e+00
-7.810915e-01	3.512168e+00	8.426653e-01	7.863034e-01	1.834966e+00	-1.467185e+00	-1.467616e+00	-8.576437e-01	1.358047e+00	2.507627e+00	-1.662049e-01	3.749229e+00	-1.370241e-01	-7.597931e-01	6.017328e-01	2.668351e-01	-1.589030e-01	-1.112608e+00	4.079320e+00	-1.185953e+00
-8.946785e-01	-1.131757e+00	4.417128e-01	-2.658035e-01	8.078959e-01	-2.208504e+00	1.693629e+00	1.186050e+00	1.240946e-01	-6.187343e-01	-6.846328e-01	1.343100e+00	6.400211e-01	1.663679e+00	1.241197e+00	-4.643635e-01	7.974263e-01	1.060687e+00	1.592341e+00	7.752994e-01
-2.968666e+00	2.091334e+00	1.788932e-01	-7.907903e-01	-1.001265e+00	1.996367e+00	2.266391e+00	-1.540216e+00	3.063369e+00	-4.188602e-01	7.977649e-01	-8.919483e-01	-1.268298e-01	4.086743e+00	-2.825421e+00	3.030488e+00	1.976906e-01	-1.252278e+00	8.072249e-01	-3.871726e+00
-3.797870e-01	1.579193e+00	1.185394e+00	-1.491634e-01	4.544112e+00	-2.953667e+00	-7.010921e-01	1.021814e-02	6.432005e-01	1.084389e+00	-1.925490e-01	-7.819243e-01	1.210835e+00	-4.621958e-01	1.664014e+00	6.808755e-01	-8.812069e-01	-1.760588e+00	2.972065e+00	1.337115e+00
4.677477e-01	1.182732e+00	2.194516e+00	9.637500e-01	1.327909e+00	-6.123364e-01	1.068033e+00	-9.335204e-01	1.719693e-01	8.801005e-01	3.694141e-01	-1.681807e-01	-4.693529e-01	-3.533248e-01	5.619089e-01	-2.146990e+00	9.639426e-01	1.365887e+00	-7.551009e-01	2.897273e+00
1.898111e-01	4.544296e-01	-3.286569e-01	-4.103429e+00	-2.837158e+00	-3.049160e+00	-3.257236e+00	1.738598e+00	9.720996e-01	4.986303e+00	1.648883e+00	-1.985146e+00	-2.026876e+00	2.771572e+00	-1.620142e+00	-6.701968e-01	1.078835e+01	2.603277e+00	-7.474669e-01	2.907596e-01
-3.813576e+00	1.634540e+00	2.264356e+00	-1.786646e+00	4.928087e-01	1.761682e-01	-1.847203e+00	2.126825e-01	2.886652e-01	4.310579e+00	-3.144050e+00	5.753823e-01	-1.103956e-01	-1.724309e+00	-8.385130e-01	3.110818e+00	2.177615e-01	3.163768e+00	4.558441e+00	6.274069e-01
1.732777e+00	1.799414e+00	-2.071837e+00	9.924680e-02	4.429050e-01	-5.581171e-01	-1.736911e+00	1.623168e+00	2.046351e-01	-2.727742e+00	1.484429e+00	-6.041431e-01	6.342417e-01	1.776859e+00	-6.658595e-02	2.514400e-01	1.616767e+00	1.396000e+00	2.649042e+00	-9.243202e-01
1.938818e+00	1.628938e+00	4.743695e-01	-6.989508e-03	4.627516e+00	-8.148856e-01	-1.658008e+00	1.278009e+00	6.294495e-02	-1.228818e+00	2.064122e+00	1.248364e+00	4.552497e-01	2.393609e+00	-1.646754e+00	1.870983e+00	-1.985716e+00	-1.440321e-01	-2.082425e+00	3.268939e+00
1.894800e+00	-1.298431e-01	1.547209e+00	1.402261e+00	9.298742e-01	-1.308603e-01	9.224984e-01	3.593328e-02	-1.507161e+00	1.431341e+00	7.499324e-01	1.045942e+00	1.888841e+00	2.175093e-02	1.930605e+00	-1.458935e+00	1.327788e+00	-7.425087e-01	8.598642e-01	1.306577e+00
-4.183595e-01	-5.193017e-02	1.038528e+00	1.259614e+00	-2.074723e+00	3.781794e+00	2.437578e+00	-1.278797e-01	-1.004716e+00	-1.832714e+00	1.269692e+00	2.856972e+00	7.351424e-01	1.290638e-01	8.362844e-01	-5.775313e-02	-2.275855e-01	1.486122e+00	-8.881522e-01	-1.328646e+00
-3.163243e+00	2.455781e+00	-6.355948e-01	-2.949075e+00	-2.175915e+00	-6.671941e-01	2.269350e+00	7.421546e-01	1.094786e+00	-1.182998e+00	-1.457362e+00	1.104896e+00	-1.188863e+00	-3.054725e+00	-1.162795e+00	2.595919e+00	-8.987818e-01	1.762302e+00	-1.286647e+00	-2.019688e+00
-4.408331e-01	1.121838e+00	-2.784057e+00	-1.223506e+00	-1.023104e+00	2.480158e+00	-2.766782e+00	9.249116e-01	1.835227e+00	-1.153050e+00	4.879271e-01	1.328789e-01	-9.150496e-02	1.166091e+00	-5.252131e-01	8.713852e-01	2.396121e+00	3.163526e+00	1.554709e+00	-1.218066e+00
1.643642e+00	-1.478205e+00	1.019123e+00	1.784414e+00	2.667344e+00	-3.468435e+00	-1.037887e+00	1.227212e+00	-2.563260e-01	3.950137e-02	-2.008580e+00	1.923422e+00	1.309434e+00	-3.091624e+00	7.011626e-01	2.914122e+00	1.665489e+00	2.014563e+00	1.597412e+00	-2.659321e+00
1.531176e+00	1.002369e+00	-2.268741e+00	5.797787e-01	-1.611706e-01	-2.675878e+00	-7.468159e-01	-8.163809e-01	1.452970e+00	4.909596e-01	8.138389e-01	-2.515822e+00	-7.801571e-01	-1.864773e+00	1.328943e+00	2.742070e+00	1.925285e+00	1.156194e+00	1.229821e+00	1.615753e+00
1.194168e+00	-1.979536e-01	-4.724468e-01	5.763263e-01	-1.195657e+00	-1.266654e+00	1.067921e+00	1.577872e+00	-7.777906e-01	3.571733e-01	-1.877335e-01	1.365018e+00	8.425333e-01	3.765137e+00	7.664023e-01	-1.179177e+00	1.991691e+00	1.641297e+00	3.210434e-01	1.347583e+00
1.592149e+00	4.598893e-01	7.333066e-01	-6.051415e+00	-7.092034e-01	3.914299e-01	1.791042e+00	3.069663e-01	-5.575729e+00	-4.391370e+00	4.024448e-01	3.039560e+00	-2.414353e+00	-1.642533e+00	-3.878711e+00	5.957419e-02	-9.413866e-03	2.808724e+00	-1.230328e+00	2.610877e-01
2.857382e+00	-1.825066e+00	-1.507066e+00	-4.332588e-01	3.650589e+00	-6.163427e-01	1.961240e+00	1.074987e+00	-1.820085e+00	1.084753e+00	1.356033e+00	1.134150e+00	2.013411e+00	-2.933230e+00	-6.345118e-01	1.100783e+00	5.051988e-01	4.943245e-01	3.385188e-01	8.396890e-01
3.934921e+00	-7.640532e-01	3.848230e+00	-4.514551e-01	1.905171e+00	-2.073575e+00	-9.107835e-01	8.512076e-01	-3.311818e+00	-3.471186e+00	1.203051e+00	1.573778e+00	-8.023427e-01	4.686974e-01	8.727300e-01	1.516119e+00	2.282210e-01	-1.778980e+00	5.502715e+00	5.620202e-01
1.819009e+00	-1.206575e+00	2.564758e+00	-2.226952e+00	4.193067e+00	-1.060252e+00	-1.294776e+00	1.053134e+00	-7.461349e-01	8.981664e-01	-5.219054e-01	1.539829e+00	4.143506e-01	1.307913e+00	-1.184440e+00	-8.081964e-01	6.749042e-01	3.195486e+00	-8.590787e-01	1.888805e+00
-1.580050e+00	1.605164e+00	-2.180227e-01	2.627537e-01	-1.472862e+00	4.245836e+00	-1.910340e+00	2.350353e+00	3.362622e+00	-9.908576e-01	2.240392e+00	1.319605e+00	1.912747e+00	-8.566247e-01	1.271112e+00	2.381567e-01	-1.425963e+00	3.262619e+00	-6.420501e-01	-5.031136e-01
4.358068e-02	5.577573e-01	2.150605e+00	-1.404099e-01	4.790395e-01	1.227935e+00	1.011836e+00	3.936814e-01	9.023472e-01	-4.384461e-01	-1.988033e-01	1.217731e+00	-1.345583e-01	4.708400e-01	-6.509579e-01	3.327913e-01	-4.127969e-02	9.648928e-01	6.181106e-01	-6.161176e-01
9.185135e-01	5.107385e-01	2.373194e+00	-1.147230e-02	-4.665635e-02	-4.938717e-01	1.280805e+00	-1.149571e+00	1.772310e+00	5.191058e-01	1.018111e+00	5.906235e-01	1.779904e-01	-1.391102e+00	9.214010e-01	-9.947453e-01	6.179558e-01	-1.740669e+00	1.450495e+00	1.025452e+00
2.128249e+00	-4.499331e-01	-3.149617e+00	7.658148e-01	1.674414e+00	6.060093e-01	8.523559e-01	2.656319e+00	1.311804e+00	-1.073435e+00	-1.599942e+00	2.358189e-01	2.458052e+00	-7.756008e-01	-1.136889e+00	1.325632e+00	-1.229766e+00	5.601848e-01	2.079871e+00	-1.423156e+00
-2.188261e+00	2.268352e+00	2.197115e+00	2.470197e+00	1.084925e+00	2.703993e+00	7.195978e-01	5.416296e-01	1.075201e-01	2.935768e+00	-1.347307e+00	5.290514e-01	4.217962e-01	3.427081e+00	-7.263733e-01	4.191877e-01	-1.033786e+00	-1.210848e-01	-5.564186e-01	-1.028962e+00
1.450569e+00	-1.424610e-01	4.933629e-01	3.720553e-01	4.407538e-01	2.270683e-01	-1.169481e+00	8.843142e-01	4.450535e+00	-1.282511e+00	1.606761e+00	1.317968e+00	2.685273e+00	1.296038e+00	1.954591e+00	5.844963e-01	-2.396856e-01	-2.934759e-01	-2.510523e+00	2.787646e-01
1.586353e+00	1.533805e+00	-2.406482e-01	-1.012204e+00	8.134845e-01	-1.025391e+00	-9.096820e-01	-8.665917e-04	1.385296e+00	1.078663e+00	-3.002877e-01	1.009020e+00	-2.510285e+00	-3.422023e-01	3.369331e-01	-2.598096e-01	2.485744e+00	-3.852345e-02	-7.204749e-01	-2.604224e+00
2.133828e+00	2.029298e+00	2.994477e+00	1.931246e+00	-3.214453e+00	1.558595e+00	5.115064e-01	-2.781911e+00	3.843520e+00	1.014493e+00	-1.131196e+00	-2.347879e+00	-2.782752e+00	-3.768594e+00	1.485820e+00	-1.653410e+00	2.024315e+00	1.317085e+00	3.009373e+00	-2.139686e+00
2.323509e+00	-4.762698e-01	1.934363e+00	1.612782e+00	1.313850e+00	1.404742e-01	8.305332e-01	6.797817e-01	-2.306282e+00	1.539364e+00	5.951844e-01	1.443879e+00	1.927878e+00	-3.319198e-01	2.176680e+00	-1.673371e+00	7.791293e-01	-9.741627e-01	5.963264e-01	1.373844e+00
-2.251090e+00	1.610623e+00	1.248468e+00	-7.452539e-01	9.274365e-01	2.638354e+00	1.278123e+00	-8.823935e-01	9.486646e-01	1.759885e+00	-3.504971e-01	-1.605371e-01	-3.920789e-01	3.207525e+00	-6.263785e-01	1.235036e+00	-1.505607e+00	-1.810267e-01	-1.226941e+00	-9.231275e-01
5.068685e+00	2.212476e+00	1.238539e-01	5.919477e+00	-1.231356e+00	1.767287e+00	2.474703e+00	-1.416263e+00	-1.207510e+00	-6.752048e-01	-2.873144e-01	-1.263360e+00	-9.574428e-01	-3.033113e+00	-3.216288e-01	-1.549400e+00	3.933210e-02	1.705409e+00	1.126499e+00	6.514345e-01
-1.921640e+00	7.378949e-01	3.436693e+00	-4.171552e+00	-3.201235e-01	3.302949e+00	4.013256e+00	-1.148385e+00	2.147649e+00	-5.020870e-01	-2.697303e+00	-1.441718e+00	-1.049149e+00	-2.853183e-01	-7.777773e-01	1.815516e+00	7.477731e-01	-1.161805e+00	-2.517544e+00	-2.830349e+00
3.297244e+00	-1.195481e+00	-1.879276e+00	1.383168e+00	2.442777e+00	-2.092160e+00	-6.823467e-01	-6.199452e-02	-1.627526e+00	-2.548225e+00	-8.200554e-03	1.127506e+00	3.389467e-01	1.812941e+00	-1.097146e-01	1.401042e+00	2.567274e+00	2.265155e-01	2.555115e+00	-2.696226e+00
3.763454e+00	-2.738945e+00	3.723103e+00	-2.964136e+00	1.905860e-01	-3.016993e+00	3.755774e-01	1.572767e+00	2.927225e+00	3.507327e+00	-1.953656e+00	-3.104904e+00	6.566422e-01	-2.293138e+00	9.798458e-01	7.660121e-01	8.286444e-01	-8.279262e-01	2.206535e+00	-1.741390e+00
3.182984e+00	2.033739e+00	1.803987e+00	3.819592e-01	3.973686e-02	-1.064672e+00	-9.985531e-01	-2.708484e-01	3.006933e+00	1.214230e+00	-7.216133e-01	2.498991e-01	-1.006587e+00	-2.181395e+00	-2.757325e+00	1.179249e-01	6.143840e-01	9.421412e-01	-6.902198e-01	-2.166805e+00
3.676794e+00	1.138519e+00	-5.249391e-01	1.561048e+00	2.083297e-01	9.427805e-01	1.794389e+00	-2.787341e-01	-1.186021e+00	-6.049697e-01	-1.186637e+00	-3.045364e+00	-6.399535e-01	-4.907115e-02	1.440286e+00	1.802259e+00	-7.452584e-01	3.586265e-01	3.674184e+00	-3.519166e+00
1.224846e+00	-3.990770e+00	4.331124e+00	1.521097e+00	-3.866824e+00	1.822638e+00	4.826645e+00	3.431413e+00	-2.041669e+00	-6.847448e-01	-1.318563e+00	-3.027121e-01	3.027852e-01	2.434682e-01	3.145953e-01	1.300361e+00	3.988528e+00	1.429754e+00	1.767701e+00	6.379817e-01
6.732845e-01	-3.379085e+00	5.630922e-01	-3.120642e+00	4.031751e-01	4.274004e+00	2.106287e+00	3.096298e+00	-2.719397e+00	1.065833e+00	2.161451e+00	5.234683e-01	4.407083e+00	4.042607e+00	-5.260171e-01	3.774178e+00	-4.084466e+00	6.160350e-01	-1.237295e+00	4.025481e+00
6.018562e+00	6.019516e+00	5.498870e+00	6.514125e+00	-1.922695e+00	9.013691e-01	-2.437369e+00	9.423141e-01	1.912486e+00	-3.226505e+00	-7.173089e-01	-9.638924e-01	-1.434709e+00	-1.676470e+00	2.626393e+00	4.208409e+00	-2.709773e+00	-5.359185e+00	-2.629961e-01	-6.581094e+00
3.224933e+00	-1.886650e+00	2.797193e+00	6.283272e-01	-8.505252e-01	1.621376e+00	-1.201401e+00	2.987426e+00	-5.882465e-01	-1.487680e+00	-1.259187e+00	-1.901592e+00	-2.989107e+00	2.030098e+00	1.146419e+00	-4.904238e-01	-1.462932e-01	3.764181e+00	4.839138e-01	8.222728e-01
1.178683e+00	-2.332853e-01	4.875673e-01	-2.322591e-01	6.788378e-01	1.681599e+00	2.429687e+00	-7.117217e-01	-1.319862e+00	1.572312e+00	2.075012e+00	1.204439e+00	-3.866474e-01	1.612603e+00	8.603181e-01	-1.754913e+00	7.335826e-01	-9.598361e-01	9.409828e-01	1.553751e+00
1.859396e-01	1.036266e+00	2.648929e-01	1.034502e+00	-9.882918e-02	-1.594961e+00	3.011176e-01	1.482337e+00	-9.765647e-01	-1.054026e-01	2.577403e+00	1.378764e+00	1.125383e+00	3.632590e-01	-2.379779e+00	1.656419e+00	3.192887e+00	2.030512e+00	4.380645e-01	8.325568e-01
-1.381294e+00	3.074890e+00	-2.059841e-01	1.781257e-01	-1.223135e+00	2.801742e+00	3.799589e-01	8.352001e-01	6.500377e-03	3.001125e+00	1.405337e-01	6.380098e-01	-1.477399e+00	4.731596e+00	1.221383e-01	9.082881e-01	-1.045284e+00	1.095870e+00	-3.417566e+00	7.996991e-01
3.746571e-01	-3.973217e+00	2.120245e+00	-2.426182e+00	-2.842050e+00	-1.135937e+00	1.374611e+00	-3.039119e-02	-1.821262e+00	8.925081e-01	9.791281e-01	2.331892e+00	1.140357e+00	2.729376e+00	1.434916e+00	-1.899586e+00	1.237820e+00	1.560549e+00	6.010356e+00	-1.256441e+00
1.229428e-01	2.696268e-01	-2.042630e+00	-1.322111e+00	-4.991150e-01	1.999623e+00	-1.090970e+00	2.708769e+00	1.521220e-01	7.895889e-02	5.084298e-01	4.161186e-01	1.409916e+00	1.404195e+00	-1.003537e+00	1.245620e+00	1.603983e+00	3.158837e+00	7.592675e-01	-1.171964e-01
1.055782e+00	2.756286e-01	4.762868e-01	-2.713721e+00	-2.156299e+00	-2.944905e+00	5.462288e-01	1.036935e+00	-3.446023e-02	-1.543389e+00	8.636333e-01	-2.150636e-01	1.330166e-01	6.208455e-01	-1.500493e+00	1.094324e+00	6.426931e-01	2.559500e+00	1.152320e-01	-1.451040e+00
-3.688500e-01	-1.267672e+00	4.317965e+00	-5.835456e-01	2.350821e+00	2.330456e+00	-4.209769e-01	-8.448163e-01	2.133705e-01	1.439595e+00	-9.336782e-03	1.732429e+00	1.508494e+00	-1.794033e+00	-1.374906e+00	-2.246998e-01	-1.672506e-01	8.396770e-01	-7.954515e-01	1.537524e+00
-1.302169e+00	2.215264e+00	1.732526e+00	6.278648e-01	-2.629749e-01	-2.130197e+00	-5.795241e-01	-6.085350e-01	4.176324e-03	-4.935490e-01	-1.428312e+00	1.599359e+00	4.824438e-01	3.995623e-01	-7.943610e-01	2.194368e-01	1.204368e+00	5.086135e-01	4.265344e-01	-2.864965e-01
3.091978e+00	-1.123794e+00	-1.818700e+00	9.201193e-01	-1.248515e+00	2.472768e+00	1.515357e+00	-1.350793e+00	-4.377977e-01	7.918362e-01	-3.044413e-01	1.578207e+00	-1.402324e+00	2.016392e+00	3.933741e+00	-2.160270e+00	4.547538e+00	2.810106e-01	-4.732767e-01	-3.574687e-01
2.348729e-02	-1.056490e-01	3.649330e-01	-2.665282e+00	-1.140407e+00	-1.210929e-01	1.367540e+00	3.739011e-01	-7.092004e-01	-9.082428e-01	-2.135810e-01	2.476466e-01	-6.842768e-01	-1.740154e+00	-2.869679e-01	1.712424e+00	-6.106844e-01	1.722442e+00	1.641458e+00	-1.581734e+00
3.967622e-01	4.190150e-01	1.512533e+00	-9.209730e-02	-3.344100e-01	1.007319e-01	2.179277e+00	-1.244133e+00	-5.018234e-01	1.533874e+00	8.467068e-01	1.331662e+00	1.236780e+00	4.087020e-01	9.163911e-01	-1.639279e+00	1.151732e+00	-4.204708e-01	1.067161e+00	4.029841e-01
2.431802e+00	-3.227262e+00	1.010802e+00	-2.360763e+00	-5.841147e-01	2.932622e+00	2.988040e+00	-4.082355e+00	-2.933800e+00	2.140530e+00	-3.063377e+00	4.213685e-01	-2.340086e-01	-2.692391e+00	2.648083e+00	1.446819e-01	3.593818e+00	-7.680422e-01	3.426146e+00	-3.545491e+00
-1.009717e+00	5.291090e-01	1.245647e+00	3.620531e+00	1.818304e+00	8.189743e-01	-2.336435e+00	1.136522e+00	7.045812e-01	-4.534096e-01	1.343772e+00	1.776382e+00	2.439275e+00	-2.988831e-01	1.962055e+00	2.364448e+00	-1.780216e+00	1.132370e+00	-1.158373e+00	9.886563e-01
-1.242014e+00	1.382994e+00	-1.452825e+00	-1.100703e+00	2.710136e+00	-3.723633e+00	1.423190e+00	3.530838e+00	7.892050e-01	1.145849e+00	3.483753e+00	3.107373e-01	-2.492744e-01	2.351469e+00	-2.865361e+00	6.905992e-01	1.362378e-01	1.279922e+00	-5.143877e-01	2.166228e+00
3.337873e+00	2.101542e+00	1.035724e+00	-9.313362e-01	4.188961e-01	-1.946099e+00	-2.525201e+00	3.441508e+00	-1.037968e+00	-6.115082e-01	1.115385e-01	-9.305545e-01	6.428844e-01	1.265627e+00	-1.395635e+00	5.429807e-01	-9.689568e-01	3.017707e+00	1.462054e+00	-1.075742e+00
2.655796e+00	2.420660e-01	1.548586e+00	-1.216555e+00	1.040755e+00	1.771299e+00	3.408748e+00	-7.520557e-01	9.253797e-01	-2.421328e+00	-1.641045e+00	-2.138378e+00	-2.781029e+00	-1.013454e+00	1.141562e+00	-3.541529e+00	1.686286e+00	2.141651e+00	1.216341e+00	-9.955187e-01
1.630832e+00	-1.342770e+00	8.542831e-01	-1.525221e+00	1.376787e+00	-4.837141e-01	1.094859e+00	6.828324e-01	2.840265e+00	2.872671e+00	-4.162671e-01	-4.581885e-01	-2.156783e+00	-1.287256e+00	3.094642e+00	-1.309882e+00	1.088882e+00	2.769795e-01	1.964460e+00	5.927158e-01
-1.849649e-01	-2.760427e-01	1.381563e+00	2.316556e-01	7.290887e-01	-1.457856e-01	-4.648529e-01	-8.663179e-01	8.621580e-01	-7.464304e-02	1.557092e+00	7.538014e-01	2.061546e+00	1.817348e+00	2.257146e+00	4.732737e-01	-3.352801e-01	4.676755e-01	1.320771e+00	3.241353e-01
9.131199e-01	2.914098e-01	-1.179518e+00	-1.033002e+00	-2.602246e-01	1.294303e-01	-2.098598e+00	2.349155e+00	6.778388e-01	-1.873224e+00	-1.536163e+00	-1.689375e-01	9.380574e-02	1.366775e+00	2.667981e-01	-1.744607e-01	2.793720e+00	2.002540e+00	2.558871e+00	-1.825353e+00
9.982278e-01	9.635425e-01	2.771766e+00	1.724339e+00	-3.418879e-01	5.381651e-01	3.205915e-01	-1.672175e+00	6.240806e-01	2.928469e-01	1.775073e+00	9.004138e-01	1.575007e+00	8.251451e-01	1.895176e+00	-2.306090e-01	5.380152e-01	-8.259296e-01	1.714954e+00	6.369482e-01
2.201255e+00	-1.233305e+00	4.261600e+00	-1.188713e+00	1.147553e+00	-3.564391e+00	-2.953282e+00	2.514885e-03	-1.307371e+00	6.271939e-01	-1.923497e+00	2.761088e-01	4.440644e+00	1.130636e+00	1.000011e+00	6.971150e-01	2.527695e-01	2.354467e+00	3.945458e+00	1.559488e-01
-2.235883e-02	2.796815e+00	1.628600e+00	1.365785e+00	-9.052928e-01	-2.332812e+00	-8.030281e-01	-3.168504e-01	-2.060571e-01	-3.769511e-01	2.181724e-01	-1.129259e+00	1.293300e+00	3.431019e-01	-2.253722e+00	1.729858e+00	-4.127905e-01	3.333512e+00	2.019982e+00	-1.775145e+00
-2.930270e+00	8.810414e-01	-2.149527e+00	1.854509e+00	5.259550e+00	2.718900e+00	-4.831928e+00	-1.295342e+00	3.803801e+00	-2.593998e+00	6.334996e-01	4.114344e+00	5.079523e-01	1.577715e-01	2.508772e-01	3.090428e+00	5.521123e-01	3.441036e+00	-5.012257e+00	2.913897e+00
8.948201e-01	8.192560e-01	9.661115e-01	-2.662141e+00	9.057438e-01	1.565780e-01	1.474109e+00	-1.748547e+00	-2.785741e+00	1.615166e+00	3.219937e+00	1.477032e+00	1.190618e+00	2.130533e-01	1.045360e+00	2.029563e+00	5.072439e-01	2.420376e+00	-3.444059e+00	4.031491e+00
1.085470e+00	-2.225935e+00	2.005446e+00	9.969868e-01	-2.910584e+00	1.673418e+00	1.671858e+00	-1.490880e+00	2.972315e+00	-8.264714e-02	1.607298e+00	4.584809e-01	1.370310e+00	3.782730e-01	2.405211e+00	-3.092730e+00	7.271996e-01	7.271666e-02	2.499105e+00	5.777824e-01
1.679131e+00	-1.318617e+00	5.663868e-01	-2.016429e+00	1.955801e+00	3.526811e+00	-1.759741e+00	3.259500e-01	2.455506e-01	6.539370e-02	2.327849e+00	1.097065e+00	2.388439e+00	1.909330e+00	-1.057918e+00	4.617958e+00	-1.863883e+00	-1.881063e+00	-1.965305e-01	-1.212180e-02
-1.626984e+00	1.913863e-01	1.101905e+00	-1.942288e+00	-3.016787e+00	1.411349e+00	1.155153e+00	2.766255e-01	-3.555901e-01	4.375543e+00	-2.198972e-01	4.161405e+00	-1.546399e+00	1.674393e-01	1.095094e+00	-3.189861e+00	1.662901e-01	1.202374e+00	1.685617e+00	3.507290e-01
2.821779e+00	-4.481972e+00	4.106114e-01	1.004978e+00	-1.676233e+00	4.816255e-01	-1.406625e+00	4.341600e-01	9.033594e-01	-7.198418e+00	5.404682e-01	-1.023643e+00	4.500912e+00	2.977137e+00	2.713395e+00	2.344723e+00	1.572929e+00	3.983767e+00	2.035737e+00	-8.154533e-02
2.704208e+00	-2.956732e-01	1.662669e-01	-2.583535e+00	1.599596e+00	2.389485e+00	1.518517e+00	-4.223833e-01	-4.740761e-01	-1.411803e-02	1.943755e+00	2.390008e+00	1.547828e+00	1.755625e+00	-3.269155e-01	1.724343e+00	-3.290016e-01	-3.239256e-01	-1.895200e+00	-4.499930e-01
4.619934e-01	5.388272e-01	2.366031e+00	4.644712e-01	8.584913e-01	-1.391531e+00	1.067724e+00	-6.091701e-01	-2.298393e-01	8.122662e-01	3.826035e-01	-4.679487e-01	7.698765e-02	-7.401172e-01	4.624440e-01	-9.498587e-01	2.301728e+00	7.448494e-01	9.974484e-01	2.213585e+00
9.517485e-01	-1.190654e+00	-1.432035e+00	-1.184749e+00	-3.292442e+00	9.510146e-01	4.205779e+00	1.577119e+00	-1.138491e+00	5.738580e-01	-2.125788e+00	1.398408e-01	3.563562e+00	2.452439e+00	-6.315691e-01	-1.563095e+00	2.295302e+00	1.632898e+00	-1.779734e+00	1.506629e+00
1.060771e+00	-2.226139e-01	1.465166e+00	-1.029224e+00	-7.245256e-01	9.745747e-01	1.644885e+00	1.276994e+00	-1.700524e+00	3.429145e+00	5.249511e-01	2.061321e+00	-1.132901e-01	-1.468539e+00	2.817586e+00	-1.902301e+00	-1.332895e-01	1.846144e-01	-2.829071e-01	8.958882e-01
5.003530e-01	1.066816e+00	-2.385632e+00	-6.076276e-01	-5.737959e-01	7.545291e-01	-1.070694e+00	2.084299e+00	-3.708162e-01	-1.061640e+00	2.398470e+00	-3.638197e-01	1.712271e+00	1.550536e+00	-4.942160e-01	1.159716e+00	1.314774e+00	2.145585e+00	1.501931e+00	-1.879060e-01
4.719200e-01	-7.993970e-03	1.421345e+00	-3.859643e-01	-2.143616e+00	1.671601e+00	-8.595628e-01	1.491368e+00	1.435430e+00	2.409102e-01	-1.123373e+00	2.053572e+00	2.329394e+00	-6.144191e-01	2.503800e+00	-4.323645e-01	-5.045504e-01	1.667504e+00	-7.536295e-01	1.941008e+00
8.859374e-01	3.368894e-01	1.044336e+00	6.826302e-01	2.365834e+00	-1.380085e+00	-1.374466e+00	1.482570e+00	2.613266e+00	-6.575577e-01	-2.456226e-01	1.528052e+00	4.499729e-01	-2.603557e-03	1.052310e+00	-1.124935e-01	5.531186e-01	-5.918267e-02	7.444540e-01	7.979105e-02
6.351665e-01	4.783231e-01	2.935864e+00	3.201547e-02	4.221084e+00	-8.589352e-01	1.047079e-01	1.977806e+00	-9.426043e-01	2.556711e-01	1.821245e+00	-1.648133e+00	5.243713e-01	-3.367121e+00	-5.700387e-01	1.533245e+00	3.855912e-01	1.215077e+00	-2.411559e-01	2.195556e+00
-3.157066e-01	1.288722e+00	8.735232e-02	1.730195e+00	-2.176068e+00	1.593832e+00	-2.080431e-01	-6.514500e-01	8.459961e-01	1.666366e+00	-1.187656e+00	3.576070e+00	2.945476e-01	-1.701221e+00	2.412763e+00	-2.078842e+00	-4.805914e-02	5.815111e-01	6.078838e-01	1.224606e+00
-1.300092e-01	9.411458e-01	2.573945e-01	-4.080210e-01	5.702397e-01	-1.031867e+00	8.768662e-01	1.862116e-01	6.349304e-01	-8.495279e-02	5.047518e-01	2.034068e-01	1.965831e-01	2.412915e-01	7.326384e-01	-1.520524e-02	1.022300e+00	5.641444e-01	4.531274e-01	5.923430e-01
2.676681e+00	-7.327707e-01	4.791869e+00	-1.739370e+00	-3.815667e+00	-2.119326e-01	-2.567184e+00	3.629528e+00	2.416549e-01	2.900680e-01	-9.764008e-01	9.175712e-01	1.211855e+00	2.821090e-02	-5.951429e-01	-7.889386e-01	9.576770e-01	8.850569e-01	2.690372e+00	-1.212609e+00
-2.555334e+00	-2.943862e+00	-6.838867e+00	-3.734097e+00	2.345990e+00	2.098696e-01	4.602133e+00	2.083956e+00	-5.850462e-01	1.916712e+00	1.335072e+00	-1.861122e+00	-4.311948e-01	2.022460e+00	-4.731488e-01	4.692039e+00	3.899740e+00	1.364752e+00	7.690373e+00	-1.472119e+00
2.939249e+00	-1.361846e+00	-2.108357e-01	-1.803557e-01	-1.436974e+00	4.920852e+00	-5.622954e+00	-3.074873e+00	2.310929e+00	-1.916016e+00	4.265094e+00	5.312156e+00	-3.432737e+00	4.533134e-01	2.032672e+00	-1.212243e+00	2.664938e+00	7.237070e-03	1.363226e+00	6.306559e+00
-6.106196e-01	2.894258e-01	-1.800235e+00	-8.724675e-01	9.980854e-01	-4.539915e-01	-8.711610e-01	4.056302e+00	2.949354e+00	6.395903e-01	1.996358e+00	6.707873e-01	9.840263e-01	-1.294013e+00	1.876757e+00	1.438459e+00	-1.316763e+00	1.848187e+00	-1.604260e+00	7.610420e-01
-2.495733e+00	1.044707e+00	1.118008e+00	-1.020257e+00	4.910190e-01	2.857380e+00	8.857040e-01	3.328729e-01	1.381221e+00	1.444489e+00	-1.243196e+00	-1.335425e-01	-1.489464e+00	3.950543e+00	3.535044e-01	-2.792731e-01	-3.613724e-01	6.266150e-01	6.462670e-01	-5.357393e-01
1.211409e-01	9.320632e-01	3.683508e+00	1.552279e+00	1.519016e+00	-1.051606e+00	1.148429e+00	-1.428638e+00	3.607999e-01	1.263192e+00	3.156476e+00	6.091080e-01	3.751418e-01	-1.158089e+00	-5.830299e-01	-2.695854e+00	5.023704e-01	5.403305e-01	-1.196145e-01	2.946385e+00
7.705798e-01	7.979892e+00	-2.416773e+00	4.635848e+00	-5.105868e+00	-3.465241e+00	4.951696e+00	5.386611e-01	3.036023e-01	3.690475e+00	5.919928e+00	-1.779955e+00	-2.823974e+00	3.340559e-01	-2.774612e+00	-8.278904e-01	2.808947e+00	-1.371483e+00	-5.091067e+00	1.553075e+00
1.615395e+00	-3.368171e+00	-1.496951e+00	-1.256756e-01	1.640701e+00	-5.713685e-01	1.910964e+00	4.663874e+00	9.309254e-01	-7.636316e-01	3.215015e-01	-4.140889e-01	3.639996e+00	9.378766e-01	2.182135e+00	6.471500e-01	1.324129e+00	1.010858e+00	3.192771e-01	-1.434669e+00
2.022814e+00	-2.298925e-01	5.193729e-01	-1.409365e-01	-2.400563e-01	-7.146231e-01	-9.717403e-01	2.634341e-01	2.064456e-01	3.652672e-01	7.922928e-01	2.050475e+00	-8.577891e-01	2.238013e+00	1.304528e+00	-9.581335e-01	2.424871e+00	8.995821e-01	1.636874e-01	1.194971e+00
1.986654e+00	4.077960e-01	2.545194e+00	3.664905e+00	-2.269009e+00	1.305821e+00	-1.383962e+00	-3.791804e+00	2.487433e+00	4.307076e+00	2.057992e+00	-1.390279e+00	-1.435117e+00	1.656425e+00	-5.693639e-01	-1.819223e+00	5.210140e+00	-4.113251e-01	-1.512088e-01	3.048417e-01
1.320364e+00	1.501990e+00	7.127269e-01	1.754497e+00	5.154480e-01	-5.792906e-01	1.903238e+00	3.291668e-01	-1.522215e+00	-4.838162e-01	2.482707e+00	1.685339e-01	-6.595035e-01	-4.161223e-01	-2.059557e-02	-8.417415e-01	5.536459e-01	1.410931e+00	-1.966227e+00	1.067462e+00
3.259894e+00	7.867209e-01	6.493523e-01	3.464590e+00	4.378243e-01	-1.024143e+00	-2.004448e+00	1.042490e+00	-5.020097e-01	1.599820e+00	2.595452e+00	3.535867e-01	3.225906e+00	3.888726e+00	2.976495e+00	-9.184813e-01	2.080336e+00	-1.252358e+00	1.757212e+00	3.446879e+00
1.089846e+00	1.133437e+00	3.801523e-01	9.741365e-01	8.229311e-01	9.196055e-03	7.578895e-01	-5.713444e-01	5.274072e-01	3.476713e-01	9.075588e-01	2.886922e-01	1.760905e+00	-6.035512e-01	3.161820e-01	-1.186286e-01	1.487765e-01	1.767539e-01	-1.581142e+00	1.547527e+00
7.561193e-01	-1.308317e+00	-2.282858e+00	-2.629294e-01	-2.911577e+00	3.789881e+00	2.254704e+00	-1.595008e-01	-2.164030e+00	5.443409e-01	-2.727566e+00	6.598605e-01	3.610185e+00	3.618364e+00	2.263709e+00	-8.893150e-01	3.215927e+00	8.470447e-01	-1.727009e+00	2.281715e+00
-1.566592e+00	2.412996e+00	1.929183e+00	-7.656507e-01	-3.226012e+00	2.587280e+00	-2.023848e+00	1.577612e+00	1.604069e+00	2.089398e+00	1.719700e-02	-2.550076e-02	-2.327079e+00	4.393802e+00	9.614446e-01	-9.675524e-01	-1.244085e-01	2.500735e+00	-2.939398e+00	1.044719e+00
-1.869640e+00	2.267223e+00	1.356739e+00	-2.070287e-01	9.168274e-01	3.942470e-01	1.429414e+00	-1.419346e+00	3.131759e-01	3.159112e-01	-1.947446e-02	5.068545e-02	1.402827e+00	4.123041e+00	-2.145742e+00	1.230027e+00	-3.577539e-01	-2.266014e-01	-6.233098e-01	-7.312621e-01
1.729226e+00	2.179217e+00	1.237260e+00	-7.199942e-01	-1.893163e+00	-1.239697e+00	-6.599791e-01	6.152662e-02	-1.403843e+00	-9.934268e-01	7.148641e-01	1.073409e+00	-7.948578e-01	1.493158e+00	4.562551e-01	1.314910e+00	9.709269e-01	2.298940e-01	-3.375651e-01	-1.947065e-01
2.256227e+00	3.076281e+00	-7.894224e-01	4.877703e-01	2.369106e+00	-6.964963e-01	5.157146e-01	-3.101119e-01	-2.456284e-01	-2.636787e+00	2.483322e-01	1.694647e+00	3.842219e+00	2.503246e+00	-3.049376e+00	2.495755e+00	1.513344e+00	-1.331654e+00	1.239941e+00	-1.583847e+00
4.014793e-01	1.205568e+00	6.377711e-01	-3.590454e-01	6.278006e-01	-8.781288e-01	9.336255e-01	-5.615584e-02	2.207832e-01	7.385630e-01	5.990582e-01	6.216609e-01	8.623741e-01	-1.055679e+00	9.179389e-01	9.217305e-01	-4.527811e-01	2.473762e-02	-3.953988e-01	1.010431e+00
2.920156e-01	-9.993735e-01	1.444222e+00	-1.387159e+00	-2.728924e+00	-1.366290e+00	2.446249e+00	-2.256472e+00	1.870381e+00	2.907529e+00	5.729805e-01	-1.570625e+00	3.037250e+00	3.879437e+00	-3.067534e-01	-1.011014e+00	5.720370e+00	-2.258758e-01	1.329708e+00	-1.218081e+00
