0	0	0	8.873834e-01
0	0	1	2.282664e-01
0	0	2	6.031013e-01
0	0	3	6.915880e-01
0	0	4	8.220864e-01
0	0	5	4.357542e-01
0	0	6	1.276349e-01
0	0	7	1.292735e-01
0	0	8	6.417413e-02
0	0	9	3.513563e-01
0	1	0	8.883184e-01
0	1	1	7.479588e-01
0	1	2	8.945044e-01
0	1	3	7.528725e-01
0	1	4	2.149739e-01
0	1	5	5.356101e-01
0	1	6	8.405091e-01
0	1	7	5.357099e-01
0	1	8	2.521218e-01
0	1	9	7.955683e-01
0	2	0	7.744185e-01
0	2	1	4.186551e-01
0	2	2	1.884195e-01
0	2	3	6.397582e-01
0	2	4	4.123996e-01
0	2	5	3.207802e-01
0	2	6	4.999787e-01
0	2	7	7.348306e-01
0	2	8	5.204845e-01
0	2	9	8.549218e-01
0	3	0	6.988033e-01
0	3	1	4.078679e-01
0	3	2	8.318828e-02
0	3	3	3.019046e-01
0	3	4	9.945592e-02
0	3	5	9.052747e-01
0	3	6	7.376589e-01
0	3	7	2.270908e-01
0	3	8	3.454820e-02
0	3	9	8.018330e-01
0	4	0	5.784471e-01
0	4	1	9.228666e-01
0	4	2	5.497918e-01
0	4	3	4.729515e-01
0	4	4	6.757391e-01
0	4	5	7.647658e-01
0	4	6	8.561648e-03
0	4	7	5.162482e-01
0	4	8	3.004756e-01
0	4	9	2.606834e-01
0	5	0	3.118166e-01
0	5	1	7.489410e-02
0	5	2	6.793385e-01
0	5	3	5.002361e-01
0	5	4	7.146523e-01
0	5	5	9.173808e-02
0	5	6	8.210163e-01
0	5	7	2.146310e-01
0	5	8	8.265687e-01
0	5	9	3.415008e-01
0	6	0	6.955282e-02
0	6	1	5.253720e-01
0	6	2	7.493687e-01
0	6	3	1.527411e-01
0	6	4	8.272766e-01
0	6	5	8.488246e-01
0	6	6	5.801576e-02
0	6	7	5.649354e-01
0	6	8	7.591540e-02
0	6	9	9.256395e-02
0	7	0	3.667684e-01
0	7	1	6.543625e-01
0	7	2	1.543051e-02
0	7	3	9.165603e-01
0	7	4	1.273140e-01
0	7	5	6.911696e-01
0	7	6	6.813260e-01
0	7	7	1.358756e-01
0	7	8	2.074178e-01
0	7	9	9.818017e-01
0	8	0	3.965591e-01
0	8	1	5.192344e-01
0	8	2	5.669576e-02
0	8	3	7.589758e-02
0	8	4	1.947047e-02
0	8	5	7.713481e-01
0	8	6	1.676357e-01
0	8	7	8.404867e-01
0	8	8	9.859790e-01
0	8	9	9.942043e-01
0	9	0	1.819876e-01
0	9	1	5.553187e-02
0	9	2	5.195763e-01
0	9	3	9.313563e-01
0	9	4	2.082730e-01
0	9	5	3.468529e-01
0	9	6	7.801809e-01
0	9	7	2.662887e-01
0	9	8	9.117884e-01
0	9	9	8.560963e-01
1	0	0	3.588527e-01
1	0	1	2.785568e-01
1	0	2	5.104588e-01
1	0	3	3.742832e-01
1	0	4	1.951171e-01
1	0	5	6.377727e-01
1	0	6	6.545281e-02
1	0	7	8.764431e-01
1	0	8	7.736484e-01
1	0	9	2.728707e-01
1	1	0	8.582447e-01
1	1	1	1.702074e-01
1	1	2	7.921051e-01
1	1	3	9.149405e-01
1	1	4	2.461050e-01
1	1	5	8.115755e-01
1	1	6	6.862886e-01
1	1	7	4.137407e-01
1	1	8	6.520623e-01
1	1	9	6.722676e-01
1	2	0	4.079450e-01
1	2	1	8.340498e-01
1	2	2	7.277995e-01
1	2	3	9.275213e-01
1	2	4	7.654061e-01
1	2	5	9.360724e-01
1	2	6	2.743742e-01
1	2	7	5.455870e-01
1	2	8	2.023612e-01
1	2	9	1.861626e-01
1	3	0	4.016832e-01
1	3	1	5.612138e-01
1	3	2	4.647194e-01
1	3	3	9.121420e-01
1	3	4	9.354970e-01
1	3	5	6.598365e-01
1	3	6	5.499147e-01
1	3	7	9.498456e-04
1	3	8	5.362795e-01
1	3	9	3.235631e-01
1	4	0	2.738205e-01
1	4	1	3.945243e-01
1	4	2	4.937706e-01
1	4	3	6.592557e-02
1	4	4	3.094648e-01
1	4	5	7.398756e-01
1	4	6	8.775011e-01
1	4	7	9.957534e-01
1	4	8	1.536162e-01
1	4	9	5.295634e-01
1	5	0	6.680210e-01
1	5	1	5.615613e-01
1	5	2	3.636132e-01
1	5	3	3.958205e-01
1	5	4	4.890826e-01
1	5	5	1.290193e-01
1	5	6	3.318929e-01
1	5	7	7.634569e-01
1	5	8	6.746063e-01
1	5	9	5.342541e-01
1	6	0	9.496195e-01
1	6	1	7.628951e-02
1	6	2	9.546791e-02
1	6	3	4.143389e-01
1	6	4	9.884315e-01
1	6	5	3.096495e-02
1	6	6	7.417533e-02
1	6	7	5.383462e-01
1	6	8	3.191479e-02
1	6	9	6.104549e-01
1	7	0	8.619093e-01
1	7	1	3.057353e-01
1	7	2	4.979160e-03
1	7	3	3.556799e-01
1	7	4	3.716609e-01
1	7	5	3.144440e-01
1	7	6	9.555546e-02
1	7	7	2.491620e-01
1	7	8	3.101973e-01
1	7	9	2.491717e-01
1	8	0	7.787254e-01
1	8	1	9.782183e-01
1	8	2	8.107330e-01
1	8	3	1.423386e-01
1	8	4	3.740388e-01
1	8	5	2.998156e-01
1	8	6	2.713580e-01
1	8	7	7.059317e-01
1	8	8	6.327242e-02
1	8	9	9.459643e-01
1	9	0	2.401857e-01
1	9	1	1.289189e-02
1	9	2	2.225378e-02
1	9	3	3.356536e-01
1	9	4	4.272308e-01
1	9	5	1.068527e-02
1	9	6	3.666186e-01
1	9	7	5.014061e-01
1	9	8	5.490315e-01
1	9	9	3.985334e-01
2	0	0	1.118610e-01
2	0	1	4.109408e-01
2	0	2	7.042687e-01
2	0	3	1.168401e-01
2	0	4	7.666207e-01
2	0	5	7.592956e-02
2	0	6	4.312841e-01
2	0	7	8.621761e-01
2	0	8	3.250916e-01
2	0	9	7.414814e-01
2	1	0	1.113478e-01
2	1	1	1.038170e-01
2	1	2	7.196997e-01
2	1	3	9.220808e-01
2	1	4	2.461556e-01
2	1	5	9.373844e-02
2	1	6	2.218964e-01
2	1	7	5.175136e-01
2	1	8	7.996701e-01
2	1	9	2.851688e-01
2	2	0	4.634778e-01
2	2	1	3.985584e-02
2	2	2	2.980607e-01
2	2	3	4.857316e-01
2	2	4	3.755095e-01
2	2	5	7.252914e-01
2	2	6	4.964169e-01
2	2	7	7.421281e-01
2	2	8	2.266975e-01
2	2	9	4.544837e-02
2	3	0	1.406615e-01
2	3	1	3.385585e-01
2	3	2	4.563892e-01
2	3	3	8.449302e-01
2	3	4	4.553986e-01
2	3	5	2.230099e-01
2	3	6	9.208597e-01
2	3	7	8.866827e-01
2	3	8	8.518599e-02
2	3	9	2.459513e-01
2	4	0	6.281640e-01
2	4	1	1.965338e-01
2	4	2	3.497682e-01
2	4	3	3.478637e-01
2	4	4	1.186146e-01
2	4	5	5.959238e-01
2	4	6	4.416022e-01
2	4	7	3.405110e-01
2	4	8	1.134374e-01
2	4	9	2.412723e-01
2	5	0	6.256798e-01
2	5	1	5.769153e-01
2	5	2	2.811281e-01
2	5	3	9.237405e-01
2	5	4	6.264688e-02
2	5	5	6.566376e-01
2	5	6	6.490320e-01
2	5	7	5.590638e-01
2	5	8	3.987657e-01
2	5	9	8.757295e-01
2	6	0	6.045121e-01
2	6	1	5.394272e-01
2	6	2	2.142880e-01
2	6	3	6.090130e-02
2	6	4	3.843573e-01
2	6	5	6.696865e-01
2	6	6	2.839111e-01
2	6	7	3.052171e-01
2	6	8	5.563692e-01
2	6	9	3.690971e-01
2	7	0	5.511684e-01
2	7	1	1.845332e-01
2	7	2	5.656310e-01
2	7	3	9.009366e-01
2	7	4	5.323970e-01
2	7	5	6.842456e-01
2	7	6	4.968605e-01
2	7	7	9.739992e-01
2	7	8	2.475663e-02
2	7	9	6.102979e-01
2	8	0	2.152714e-01
2	8	1	6.504365e-01
2	8	2	1.872131e-01
2	8	3	4.963996e-01
2	8	4	5.741770e-01
2	8	5	2.498600e-01
2	8	6	1.530372e-01
2	8	7	2.232089e-01
2	8	8	8.089238e-01
2	8	9	5.518029e-01
2	9	0	9.893842e-02
2	9	1	4.134359e-01
2	9	2	9.123005e-02
2	9	3	3.132264e-01
2	9	4	4.743372e-01
2	9	5	4.755874e-01
2	9	6	9.829129e-01
2	9	7	7.582483e-01
2	9	8	7.808045e-01
2	9	9	5.392821e-01
3	0	0	1.273455e-01
3	0	1	3.319729e-01
3	0	2	7.238154e-01
3	0	3	6.929765e-01
3	0	4	2.329095e-01
3	0	5	2.562124e-01
3	0	6	3.772221e-01
3	0	7	7.297700e-01
3	0	8	2.302115e-01
3	0	9	4.019787e-01
3	1	0	3.400678e-01
3	1	1	4.454830e-01
3	1	2	5.241517e-02
3	1	3	5.272810e-01
3	1	4	9.418825e-01
3	1	5	6.265921e-01
3	1	6	7.771410e-01
3	1	7	9.491968e-02
3	1	8	8.498011e-01
3	1	9	5.860648e-01
3	2	0	6.467226e-01
3	2	1	9.487395e-01
3	2	2	9.995007e-01
3	2	3	7.379526e-01
3	2	4	2.619659e-01
3	2	5	4.738379e-01
3	2	6	2.135400e-01
3	2	7	2.448788e-01
3	2	8	2.320862e-01
3	2	9	9.943445e-01
3	3	0	7.841609e-01
3	3	1	3.594317e-01
3	3	2	3.263173e-01
3	3	3	5.079763e-01
3	3	4	5.240815e-02
3	3	5	5.592268e-01
3	3	6	7.641887e-01
3	3	7	4.296302e-01
3	3	8	2.889968e-01
3	3	9	9.944002e-01
3	4	0	8.316089e-01
3	4	1	6.290646e-01
3	4	2	4.398831e-01
3	4	3	8.840241e-01
3	4	4	1.563456e-01
3	4	5	3.817656e-01
3	4	6	5.106162e-01
3	4	7	9.334866e-01
3	4	8	4.766853e-01
3	4	9	3.604173e-01
3	5	0	5.195513e-01
3	5	1	1.234079e-01
3	5	2	3.091568e-01
3	5	3	5.190520e-01
3	5	4	8.613605e-01
3	5	5	5.711227e-01
3	5	6	9.928898e-01
3	5	7	7.490046e-02
3	5	8	8.160015e-01
3	5	9	2.249761e-01
3	6	0	6.924494e-02
3	6	1	6.001624e-01
3	6	2	5.844077e-01
3	6	3	3.955623e-01
3	6	4	1.081387e-01
3	6	5	6.368159e-01
3	6	6	9.547891e-01
3	6	7	8.723274e-01
3	6	8	6.644611e-02
3	6	9	2.437859e-01
3	7	0	8.667275e-01
3	7	1	8.980550e-01
3	7	2	8.728505e-01
3	7	3	3.066107e-01
3	7	4	7.820791e-01
3	7	5	2.919605e-02
3	7	6	6.883763e-01
3	7	7	2.926954e-01
3	7	8	9.626826e-01
3	7	9	1.650616e-01
3	8	0	6.531127e-01
3	8	1	4.822339e-01
3	8	2	2.884695e-01
3	8	3	9.622695e-01
3	8	4	1.285930e-03
3	8	5	1.498300e-01
3	8	6	5.333922e-01
3	8	7	9.941758e-01
3	8	8	2.247304e-01
3	8	9	3.493937e-01
3	9	0	2.191518e-01
3	9	1	2.939754e-01
3	9	2	9.495561e-01
3	9	3	8.035596e-01
3	9	4	6.895376e-01
3	9	5	5.769480e-02
3	9	6	4.403755e-01
3	9	7	6.443267e-01
3	9	8	9.300222e-01
3	9	9	5.068216e-01
4	0	0	8.881126e-01
4	0	1	7.967497e-01
4	0	2	4.048766e-01
4	0	3	7.609631e-01
4	0	4	1.033604e-01
4	0	5	1.869557e-01
4	0	6	7.901591e-01
4	0	7	7.917367e-01
4	0	8	4.796511e-01
4	0	9	7.528417e-01
4	1	0	9.567983e-01
4	1	1	1.327638e-01
4	1	2	2.350757e-01
4	1	3	2.452678e-01
4	1	4	9.503324e-02
4	1	5	2.363616e-01
4	1	6	3.950978e-01
4	1	7	6.284254e-01
4	1	8	2.305374e-01
4	1	9	6.198282e-01
4	2	0	9.778191e-01
4	2	1	4.496892e-01
4	2	2	9.138036e-01
4	2	3	9.273752e-01
4	2	4	2.532488e-01
4	2	5	6.033412e-01
4	2	6	9.850700e-01
4	2	7	6.936243e-01
4	2	8	2.476679e-01
4	2	9	9.150921e-01
4	3	0	2.004459e-01
4	3	1	1.357805e-01
4	3	2	7.118419e-01
4	3	3	6.053225e-01
4	3	4	8.967436e-01
4	3	5	8.152023e-01
4	3	6	7.922782e-01
4	3	7	6.869027e-01
4	3	8	6.069390e-01
4	3	9	2.719293e-01
4	4	0	4.397444e-01
4	4	1	5.637373e-01
4	4	2	4.046931e-01
4	4	3	6.748201e-01
4	4	4	8.090051e-01
4	4	5	4.997263e-01
4	4	6	9.111817e-01
4	4	7	2.041029e-01
4	4	8	1.281517e-01
4	4	9	1.417191e-01
4	5	0	8.239311e-01
4	5	1	1.059708e-01
4	5	2	5.914083e-01
4	5	3	7.377346e-01
4	5	4	3.334593e-02
4	5	5	8.446571e-01
4	5	6	3.410758e-01
4	5	7	1.841589e-02
4	5	8	5.382814e-01
4	5	9	5.887438e-01
4	6	0	9.335080e-01
4	6	1	7.387272e-01
4	6	2	7.245243e-01
4	6	3	6.453499e-01
4	6	4	3.440497e-01
4	6	5	6.212679e-01
4	6	6	4.605521e-01
4	6	7	1.363279e-01
4	6	8	3.081706e-01
4	6	9	6.749111e-02
4	7	0	4.082572e-01
4	7	1	7.479150e-01
4	7	2	6.312284e-01
4	7	3	8.129503e-01
4	7	4	4.227351e-01
4	7	5	4.402335e-01
4	7	6	3.126766e-01
4	7	7	3.339168e-01
4	7	8	6.443364e-01
4	7	9	4.408283e-01
4	8	0	4.756359e-01
4	8	1	4.682674e-01
4	8	2	5.467991e-01
4	8	3	6.704425e-02
4	8	4	2.060021e-01
4	8	5	5.801450e-01
4	8	6	9.117014e-01
4	8	7	5.470779e-01
4	8	8	5.985609e-01
4	8	9	4.499828e-01
4	9	0	1.358216e-01
4	9	1	5.320689e-01
4	9	2	1.887100e-01
4	9	3	8.603459e-01
4	9	4	1.774188e-01
4	9	5	5.327597e-01
4	9	6	4.816138e-01
4	9	7	6.379709e-01
4	9	8	6.690876e-01
4	9	9	7.897844e-01
5	0	0	7.054621e-01
5	0	1	7.734487e-02
5	0	2	5.376994e-01
5	0	3	3.366904e-01
5	0	4	8.902952e-01
5	0	5	9.604345e-01
5	0	6	7.769239e-01
5	0	7	2.029717e-01
5	0	8	2.943513e-01
5	0	9	4.212603e-01
5	1	0	6.438000e-01
5	1	1	7.699872e-01
5	1	2	8.895277e-01
5	1	3	1.905990e-01
5	1	4	8.370315e-01
5	1	5	9.552974e-02
5	1	6	7.707440e-01
5	1	7	7.487329e-01
5	1	8	6.426076e-01
5	1	9	3.693049e-01
5	2	0	1.987156e-01
5	2	1	7.784293e-01
5	2	2	9.013738e-01
5	2	3	3.874256e-01
5	2	4	6.387752e-01
5	2	5	7.879261e-02
5	2	6	9.201853e-01
5	2	7	1.203890e-01
5	2	8	7.167636e-01
5	2	9	5.892730e-01
5	3	0	9.101733e-01
5	3	1	4.222256e-01
5	3	2	6.666179e-01
5	3	3	4.478727e-01
5	3	4	7.589160e-01
5	3	5	5.569130e-01
5	3	6	4.083072e-01
5	3	7	5.358400e-01
5	3	8	7.598847e-01
5	3	9	7.026585e-01
5	4	0	9.571002e-01
5	4	1	4.036847e-01
5	4	2	4.726457e-01
5	4	3	8.466279e-01
5	4	4	5.942838e-01
5	4	5	3.096772e-01
5	4	6	9.421577e-01
5	4	7	3.650278e-01
5	4	8	5.841006e-02
5	4	9	5.847653e-01
5	5	0	7.343327e-01
5	5	1	2.571257e-01
5	5	2	3.631946e-01
5	5	3	6.357066e-01
5	5	4	6.445513e-01
5	5	5	1.969773e-03
5	5	6	7.144992e-01
5	5	7	5.647367e-01
5	5	8	1.223588e-01
5	5	9	4.312627e-01
5	6	0	1.540096e-01
5	6	1	3.253212e-02
5	6	2	8.534883e-01
5	6	3	8.206275e-01
5	6	4	4.804048e-01
5	6	5	6.124044e-01
5	6	6	3.775405e-01
5	6	7	8.887120e-01
5	6	8	1.482443e-01
5	6	9	1.374253e-01
5	7	0	5.913705e-01
5	7	1	1.053446e-01
5	7	2	5.411100e-01
5	7	3	6.401618e-02
5	7	4	9.519725e-01
5	7	5	1.353938e-01
5	7	6	3.736934e-01
5	7	7	8.941301e-01
5	7	8	5.004216e-01
5	7	9	4.321034e-01
5	8	0	4.788954e-01
5	8	1	2.347544e-01
5	8	2	6.892291e-01
5	8	3	8.420900e-01
5	8	4	8.704609e-01
5	8	5	3.337804e-01
5	8	6	8.440597e-01
5	8	7	5.849601e-01
5	8	8	8.985171e-01
5	8	9	9.664185e-01
5	9	0	1.622280e-02
5	9	1	5.252672e-02
5	9	2	9.989506e-01
5	9	3	8.697111e-01
5	9	4	8.731542e-01
5	9	5	4.793555e-01
5	9	6	4.821155e-01
5	9	7	2.506948e-01
5	9	8	3.680674e-01
5	9	9	6.303598e-01
6	0	0	3.881200e-01
6	0	1	9.594379e-01
6	0	2	7.357044e-01
6	0	3	9.292300e-01
6	0	4	2.345411e-02
6	0	5	6.876769e-01
6	0	6	6.462382e-02
6	0	7	3.971475e-01
6	0	8	5.818070e-01
6	0	9	5.650454e-01
6	1	0	8.292509e-01
6	1	1	6.070239e-02
6	1	2	7.997998e-01
6	1	3	5.184800e-01
6	1	4	9.027924e-01
6	1	5	6.702607e-01
6	1	6	8.522605e-01
6	1	7	7.468521e-01
6	1	8	2.552208e-01
6	1	9	7.507775e-01
6	2	0	7.132706e-01
6	2	1	2.714436e-01
6	2	2	8.033043e-01
6	2	3	7.122212e-01
6	2	4	1.411547e-01
6	2	5	6.764585e-01
6	2	6	1.915767e-01
6	2	7	6.232702e-01
6	2	8	9.271532e-01
6	2	9	5.596441e-01
6	3	0	2.536301e-01
6	3	1	3.152733e-01
6	3	2	5.190821e-01
6	3	3	9.893345e-01
6	3	4	2.445033e-01
6	3	5	5.425362e-01
6	3	6	6.770113e-01
6	3	7	3.091271e-01
6	3	8	9.396836e-01
6	3	9	2.588183e-01
6	4	0	8.741726e-01
6	4	1	7.689346e-01
6	4	2	3.195207e-01
6	4	3	6.739724e-01
6	4	4	2.874146e-01
6	4	5	2.223131e-01
6	4	6	3.442331e-01
6	4	7	1.396751e-01
6	4	8	9.691652e-01
6	4	9	5.994538e-01
6	5	0	8.904526e-01
6	5	1	6.824358e-01
6	5	2	8.708974e-01
6	5	3	6.937569e-01
6	5	4	3.946570e-01
6	5	5	1.205212e-02
6	5	6	3.702154e-01
6	5	7	5.862337e-01
6	5	8	6.353223e-01
6	5	9	2.973686e-01
6	6	0	1.458778e-01
6	6	1	8.889524e-01
6	6	2	6.126419e-01
6	6	3	6.649599e-01
6	6	4	8.782869e-01
6	6	5	8.571452e-01
6	6	6	2.074960e-01
6	6	7	5.552982e-01
6	6	8	1.662723e-01
6	6	9	1.471797e-01
6	7	0	8.141166e-01
6	7	1	4.044485e-02
6	7	2	9.161142e-01
6	7	3	1.336373e-01
6	7	4	7.144172e-01
6	7	5	2.035289e-01
6	7	6	3.559503e-01
6	7	7	5.865027e-02
6	7	8	3.432039e-01
6	7	9	3.251155e-01
6	8	0	6.581041e-01
6	8	1	2.336566e-01
6	8	2	7.551276e-03
6	8	3	5.290015e-01
6	8	4	9.274134e-01
6	8	5	4.022083e-01
6	8	6	5.410536e-01
6	8	7	2.976288e-01
6	8	8	9.884420e-01
6	8	9	1.763760e-01
6	9	0	5.949974e-01
6	9	1	1.343198e-01
6	9	2	6.532840e-02
6	9	3	2.076393e-01
6	9	4	7.992796e-01
6	9	5	9.436153e-01
6	9	6	6.478450e-02
6	9	7	6.775665e-03
6	9	8	4.989135e-01
6	9	9	2.310568e-01
7	0	0	1.539553e-01
7	0	1	3.130301e-01
7	0	2	2.715016e-01
7	0	3	7.006956e-02
7	0	4	4.466673e-01
7	0	5	9.859189e-01
7	0	6	2.735984e-01
7	0	7	8.026177e-01
7	0	8	4.456912e-02
7	0	9	6.168023e-01
7	1	0	1.277332e-01
7	1	1	7.026732e-01
7	1	2	8.504589e-01
7	1	3	1.352845e-01
7	1	4	2.316747e-01
7	1	5	7.778724e-01
7	1	6	5.374927e-01
7	1	7	7.727284e-01
7	1	8	7.550118e-02
7	1	9	5.259347e-01
7	2	0	9.491044e-01
7	2	1	6.704986e-01
7	2	2	6.602545e-01
7	2	3	1.443276e-02
7	2	4	8.781379e-01
7	2	5	4.595341e-01
7	2	6	9.580480e-01
7	2	7	9.429224e-01
7	2	8	4.663098e-01
7	2	9	4.569616e-01
7	3	0	1.739792e-01
7	3	1	6.202651e-01
7	3	2	7.699916e-01
7	3	3	4.454809e-01
7	3	4	6.903347e-01
7	3	5	2.166590e-01
7	3	6	4.313997e-01
7	3	7	9.639331e-01
7	3	8	1.927665e-02
7	3	9	4.759689e-01
7	4	0	5.807354e-01
7	4	1	1.470098e-01
7	4	2	1.786421e-01
7	4	3	4.311944e-01
7	4	4	2.822943e-01
7	4	5	4.103168e-01
7	4	6	2.090667e-01
7	4	7	8.197871e-01
7	4	8	1.830452e-01
7	4	9	2.845679e-01
7	5	0	3.457218e-01
7	5	1	1.321496e-01
7	5	2	9.550665e-01
7	5	3	5.976246e-03
7	5	4	1.465823e-01
7	5	5	8.332045e-01
7	5	6	4.655104e-01
7	5	7	1.046304e-01
7	5	8	7.761269e-01
7	5	9	9.318202e-01
7	6	0	5.615920e-01
7	6	1	9.501061e-01
7	6	2	5.520853e-01
7	6	3	3.315836e-01
7	6	4	3.955870e-01
7	6	5	2.424200e-01
7	6	6	5.482425e-01
7	6	7	8.269868e-01
7	6	8	2.063531e-01
7	6	9	5.675192e-01
7	7	0	3.029556e-01
7	7	1	7.870885e-01
7	7	2	7.145290e-01
7	7	3	4.815977e-01
7	7	4	2.182829e-01
7	7	5	9.968233e-01
7	7	6	8.919146e-01
7	7	7	4.273496e-01
7	7	8	8.166104e-01
7	7	9	7.495977e-02
7	8	0	7.119175e-01
7	8	1	1.623322e-01
7	8	2	2.071094e-01
7	8	3	6.669840e-01
7	8	4	1.683084e-01
7	8	5	3.536917e-01
7	8	6	5.001885e-01
7	8	7	6.338188e-01
7	8	8	4.583221e-01
7	8	9	2.763154e-01
7	9	0	5.656390e-01
7	9	1	1.991405e-02
7	9	2	2.264215e-01
7	9	3	1.177242e-01
7	9	4	3.514976e-01
7	9	5	6.220086e-01
7	9	6	3.601442e-01
7	9	7	8.997402e-01
7	9	8	4.489953e-01
7	9	9	5.664973e-01
8	0	0	4.672594e-01
8	0	1	7.519510e-01
8	0	2	3.535858e-01
8	0	3	1.817884e-01
8	0	4	2.335487e-01
8	0	5	5.718687e-01
8	0	6	1.786118e-01
8	0	7	1.254632e-01
8	0	8	9.992183e-01
8	0	9	9.952222e-01
8	1	0	2.004230e-01
8	1	1	7.111358e-01
8	1	2	1.575543e-01
8	1	3	4.075324e-01
8	1	4	3.781198e-01
8	1	5	3.258627e-01
8	1	6	7.612241e-01
8	1	7	8.783083e-01
8	1	8	9.596815e-01
8	1	9	2.195462e-01
8	2	0	1.546237e-01
8	2	1	5.253205e-01
8	2	2	2.394602e-01
8	2	3	3.810452e-01
8	2	4	6.430447e-01
8	2	5	5.909578e-01
8	2	6	3.053779e-03
8	2	7	3.188949e-03
8	2	8	4.906980e-01
8	2	9	4.520491e-01
8	3	0	5.696863e-01
8	3	1	9.579574e-01
8	3	2	2.040000e-01
8	3	3	9.232721e-01
8	3	4	1.397458e-01
8	3	5	4.375487e-01
8	3	6	4.951408e-01
8	3	7	3.183576e-01
8	3	8	5.630120e-01
8	3	9	4.943592e-01
8	4	0	3.135798e-01
8	4	1	7.634350e-01
8	4	2	2.054950e-01
8	4	3	4.711341e-01
8	4	4	1.709673e-01
8	4	5	5.836148e-01
8	4	6	7.969968e-01
8	4	7	9.321914e-01
8	4	8	4.619232e-01
8	4	9	7.566783e-01
8	5	0	1.517375e-01
8	5	1	6.165469e-01
8	5	2	2.819988e-01
8	5	3	3.911978e-01
8	5	4	9.975921e-01
8	5	5	9.250435e-01
8	5	6	9.821556e-01
8	5	7	6.458811e-04
8	5	8	9.282325e-01
8	5	9	4.728536e-01
8	6	0	4.526950e-01
8	6	1	4.979187e-01
8	6	2	4.308110e-01
8	6	3	6.566950e-01
8	6	4	4.211908e-01
8	6	5	5.705568e-01
8	6	6	9.424375e-02
8	6	7	9.163317e-01
8	6	8	8.889144e-01
8	6	9	6.572557e-01
8	7	0	4.106908e-01
8	7	1	2.024942e-01
8	7	2	4.206907e-01
8	7	3	6.161858e-01
8	7	4	6.736283e-01
8	7	5	5.916580e-01
8	7	6	1.998007e-01
8	7	7	4.706251e-01
8	7	8	5.238494e-01
8	7	9	6.617239e-01
8	8	0	2.273034e-01
8	8	1	6.755869e-01
8	8	2	2.782707e-01
8	8	3	5.093022e-01
8	8	4	6.678467e-02
8	8	5	2.758628e-01
8	8	6	4.343458e-01
8	8	7	4.894028e-02
8	8	8	2.765087e-01
8	8	9	3.625782e-01
8	9	0	5.217939e-01
8	9	1	7.292037e-01
8	9	2	8.604970e-01
8	9	3	9.526049e-01
8	9	4	3.858987e-01
8	9	5	2.816878e-01
8	9	6	5.231617e-01
8	9	7	4.801425e-01
8	9	8	1.980195e-01
8	9	9	4.120762e-01
9	0	0	1.373982e-01
9	0	1	6.087103e-01
9	0	2	6.145704e-01
9	0	3	5.580888e-01
9	0	4	2.248962e-01
9	0	5	2.881986e-01
9	0	6	1.497468e-01
9	0	7	4.246969e-01
9	0	8	7.588237e-01
9	0	9	6.735962e-01
9	1	0	8.642072e-02
9	1	1	9.861272e-01
9	1	2	3.491831e-01
9	1	3	3.646915e-01
9	1	4	4.954294e-01
9	1	5	4.159678e-01
9	1	6	6.405543e-01
9	1	7	9.297752e-01
9	1	8	4.649080e-01
9	1	9	9.170630e-01
9	2	0	2.923534e-01
9	2	1	9.867019e-01
9	2	2	6.462667e-01
9	2	3	1.528504e-01
9	2	4	9.393068e-01
9	2	5	3.216543e-02
9	2	6	4.345382e-01
9	2	7	4.624686e-01
9	2	8	5.123079e-01
9	2	9	6.325577e-01
9	3	0	8.745448e-01
9	3	1	6.497061e-01
9	3	2	2.412680e-01
9	3	3	4.891151e-01
9	3	4	2.077949e-01
9	3	5	4.661642e-01
9	3	6	7.773138e-01
9	3	7	3.575417e-01
9	3	8	8.908610e-01
9	3	9	5.361375e-01
9	4	0	3.113791e-02
9	4	1	9.772818e-01
9	4	2	5.222647e-01
9	4	3	3.803210e-01
9	4	4	3.419732e-01
9	4	5	1.769410e-02
9	4	6	7.962888e-01
9	4	7	9.825275e-01
9	4	8	9.474693e-01
9	4	9	2.611968e-01
9	5	0	8.995905e-01
9	5	1	2.398227e-01
9	5	2	2.478987e-01
9	5	3	5.458572e-01
9	5	4	3.926731e-01
9	5	5	1.872056e-01
9	5	6	5.780227e-01
9	5	7	8.272113e-01
9	5	8	6.496742e-01
9	5	9	9.033057e-02
9	6	0	4.597690e-01
9	6	1	5.242190e-01
9	6	2	7.400367e-01
9	6	3	7.010370e-01
9	6	4	1.333408e-02
9	6	5	9.478316e-01
9	6	6	1.672012e-01
9	6	7	7.906478e-01
9	6	8	3.053733e-01
9	6	9	5.806226e-02
9	7	0	3.267854e-01
9	7	1	3.365112e-01
9	7	2	3.534403e-02
9	7	3	8.490500e-01
9	7	4	7.168322e-01
9	7	5	3.773173e-01
9	7	6	8.667441e-01
9	7	7	5.131210e-01
9	7	8	3.598448e-01
9	7	9	8.142134e-01
9	8	0	7.743178e-01
9	8	1	2.594353e-01
9	8	2	5.403614e-02
9	8	3	2.221650e-02
9	8	4	8.052925e-01
9	8	5	4.467093e-01
9	8	6	2.094221e-01
9	8	7	3.833152e-01
9	8	8	2.739206e-01
9	8	9	8.590963e-01
9	9	0	4.736458e-01
9	9	1	7.336896e-01
9	9	2	3.833152e-01
9	9	3	2.136824e-01
9	9	4	4.347266e-01
9	9	5	3.966493e-01
9	9	6	1.615140e-01
9	9	7	6.019278e-01
9	9	8	1.872971e-01
9	9	9	4.668873e-01
