3.554955e+00	-3.706013e+00	1.497709e+00	1.532722e+00	-5.214447e-01	-1.794914e+00	-5.876682e-02	1.648680e+00	3.094629e+00	-1.009279e+00
-2.655546e-01	1.265850e+00	1.475840e+00	2.127595e+00	5.616995e-02	1.062678e-01	9.794052e-01	-2.022277e-01	-5.898449e-01	8.126984e-01
1.151927e+00	-1.795339e+00	3.036363e+00	6.657510e-01	-1.684984e+00	-2.381544e-01	1.375888e+00	1.993343e+00	1.764266e+00	-2.477183e+00
3.592973e-01	-9.428161e-01	1.651622e+00	7.177352e-01	-1.214762e-02	-1.114051e-01	9.295554e-01	1.644955e+00	1.023976e+00	-1.173085e+00
-4.864775e-01	-3.277295e-01	1.128736e+00	1.283119e+00	2.464248e-01	-9.631383e-01	2.661477e+00	8.085622e-01	1.931970e+00	-2.638576e-01
7.125169e-01	-1.090649e+00	1.535933e+00	1.367734e+00	-2.410754e-01	-1.765174e+00	2.240820e+00	1.322360e+00	1.651326e+00	-5.907805e-01
-1.003231e-01	-8.382671e-01	2.705626e+00	-4.385015e-01	-2.843081e-01	5.929447e-01	2.403656e+00	1.499035e+00	1.373689e+00	-1.746241e+00
3.430035e+00	-4.467813e+00	-5.290129e-01	1.332241e+00	2.137300e+00	-1.771147e+00	-1.164839e+00	2.108186e+00	3.435093e+00	8.388329e-01
1.903782e+00	1.823100e+00	-1.757561e+00	5.391245e+00	1.540739e+00	-5.199384e-02	-3.864963e+00	-5.114820e-01	-8.004310e-01	2.659100e+00
3.418130e+00	-3.687493e+00	3.141442e+00	-6.725716e-01	-9.135696e-01	-6.131382e-01	1.406919e+00	2.268960e+00	2.277332e+00	-2.983032e+00
5.904158e-01	2.937782e-01	-1.896081e-01	1.674584e+00	2.140950e+00	-8.038440e-01	1.927154e+00	1.069421e+00	-5.150068e-01	-2.733260e-01
1.276847e+00	-2.813434e+00	2.400309e+00	6.224153e-01	-1.198759e+00	-1.614250e+00	2.319131e+00	1.753264e+00	2.784888e+00	-1.791832e+00
-1.329187e+00	-7.848510e-01	2.048462e+00	-1.027464e+00	1.048693e+00	1.007013e+00	3.575691e+00	1.388975e+00	1.476545e+00	-1.438293e+00
2.067695e-01	-2.102646e+00	-3.998211e-01	1.625830e+00	1.876659e+00	-8.291305e-01	-6.519016e-01	1.585105e+00	1.871113e+00	1.850720e+00
-1.401188e+00	-2.202213e+00	8.070331e-01	1.298781e+00	-2.092967e-01	-7.018018e-01	2.616592e+00	1.499842e+00	4.584517e+00	-2.974292e-01
2.547993e+00	-2.499373e+00	1.565310e+00	1.166864e+00	-2.824629e-01	-1.810313e+00	2.434363e+00	1.419535e+00	2.150481e+00	-1.634400e+00
1.355336e+00	-3.272836e+00	2.548745e+00	7.920136e-01	-1.755116e+00	-1.866129e+00	2.604254e+00	2.269750e+00	3.522236e+00	-2.149071e+00
7.595367e-01	3.080152e-01	-3.455835e-01	4.001006e+00	2.629201e-01	-3.678715e-01	-3.837855e+00	5.339331e-02	6.412508e-01	3.212573e+00
5.315992e-01	-4.244832e+00	1.732334e+00	-2.185228e-01	-5.491601e-01	-7.533805e-02	-1.948517e-01	2.090756e+00	4.775593e+00	-7.637598e-02
1.332424e+00	-2.683597e+00	1.565454e+00	1.244417e+00	-7.794187e-01	-1.260885e+00	-6.341681e-01	1.577680e+00	3.400166e+00	6.964328e-02
4.856104e-01	2.079396e-01	1.428003e+00	1.767497e+00	1.105782e-01	-1.284071e+00	1.668506e+00	8.942578e-01	1.241309e+00	-1.579560e-01
1.831945e+00	-1.152537e+00	1.999777e+00	1.399785e+00	-2.808986e-01	-1.811804e+00	1.317928e+00	1.400490e+00	9.695336e-01	-6.926675e-01
-2.713389e-01	2.702188e+00	1.774437e-01	4.050864e+00	-3.262945e-02	-9.412437e-01	4.185610e-03	-4.187988e-01	-3.629775e-01	1.624891e+00
5.184146e-01	-9.762061e-01	9.267231e-01	5.342467e-01	-3.164573e-01	2.937768e-01	2.666183e+00	1.297232e+00	2.145642e+00	-1.420409e+00
8.378035e-01	-2.095081e+00	1.946229e+00	4.157610e-01	6.039823e-02	-1.404971e+00	1.544462e+00	1.137756e+00	2.936894e+00	-4.962046e-01
1.096837e+00	-3.501688e-01	2.453809e+00	2.232953e+00	-2.515938e+00	-1.294503e+00	1.232030e+00	1.645018e+00	1.940729e+00	-1.717696e+00
1.068383e+00	-3.117066e+00	2.408298e+00	1.444282e-01	-3.397233e-01	-1.849660e+00	2.941744e+00	1.810876e+00	3.558025e+00	-9.593526e-01
2.039946e+00	-9.255563e-02	8.958059e-01	4.448118e+00	-9.719955e-01	-1.660756e+00	-2.632848e+00	6.474595e-01	5.787095e-01	9.408005e-01
7.625298e-01	1.512183e+00	-3.189359e+00	5.916690e+00	2.763981e+00	-9.203001e-01	-2.862246e+00	-9.647227e-01	4.724188e-01	4.136759e+00
2.193325e-01	-1.360630e+00	2.061292e+00	9.518197e-01	-1.167085e+00	-1.156750e+00	2.394808e+00	1.266715e+00	3.020071e+00	-9.267419e-01
-1.239026e+01	5.407169e+00	9.496912e+00	-4.679942e+00	-7.158014e+00	1.328119e-01	6.602537e+00	-9.372476e-01	-1.194849e+00	3.551114e+00
-4.910630e-01	-2.779429e+00	1.336333e+00	8.549569e-01	4.029651e-01	-1.262316e+00	2.795579e+00	1.153104e+00	3.587164e+00	1.770294e-02
5.786441e-02	2.390953e-01	-1.123572e-01	1.437694e+00	2.459692e+00	3.642300e-01	1.257514e+00	8.163384e-01	-7.551324e-01	1.595873e-01
2.072713e-01	8.300717e-01	1.048084e+00	2.844859e+00	-1.275400e-01	-3.758674e-01	4.605145e-01	7.055327e-01	-4.650114e-01	-2.378811e-01
1.486053e+00	2.514023e-02	5.988126e-01	1.587134e+00	1.838273e+00	-2.318737e-01	8.771977e-01	7.437821e-01	-3.766475e-01	-4.700043e-01
3.553308e+00	-5.109515e+00	2.325519e+00	-4.294605e-01	-1.146040e+00	-9.809964e-01	1.420326e+00	2.227564e+00	5.116615e+00	-2.577251e+00
3.232180e+00	-3.937387e+00	1.390813e+00	-2.610940e-01	9.266035e-01	-1.193905e+00	1.292209e+00	1.907272e+00	3.032692e+00	-1.394630e+00
-3.480851e+00	1.182573e+00	-2.005674e+00	1.678416e+00	4.407847e+00	6.429427e-01	2.708904e+00	-1.336776e-01	-4.673425e-01	2.287642e+00
1.126696e+00	-1.651325e+00	-1.804434e+00	2.288460e+00	3.866403e+00	-1.476276e+00	8.794568e-01	7.054665e-01	2.081776e+00	9.656045e-01
1.999772e+00	1.366204e+00	4.665486e-01	4.002967e+00	-9.161137e-01	-1.152488e+00	9.946628e-02	5.261133e-02	5.979251e-01	-3.525625e-01
2.141176e+00	-1.829125e+00	6.570647e-01	9.927308e-01	6.575057e-01	-7.092547e-01	2.464272e+00	7.346731e-01	1.954047e+00	-1.203888e+00
2.801167e+00	-1.541324e+00	2.221952e-02	2.635054e+00	1.692761e+00	-1.830051e-01	-1.688254e+00	5.481145e-01	5.897030e-01	5.761324e-01
1.463848e+00	-1.312023e+00	3.209730e+00	4.655249e-01	-1.335367e+00	-3.660920e-01	1.334735e+00	1.805697e+00	1.176416e+00	-2.341752e+00
-1.704742e+00	-6.423972e-01	7.407029e-01	3.931947e-01	2.057896e+00	9.004338e-01	2.058408e+00	5.442848e-01	9.778108e-01	5.787879e-01
-5.605775e-01	2.039012e+00	8.928882e-01	1.696562e+00	8.690149e-01	5.100201e-01	4.775654e-01	5.148175e-01	-6.295802e-01	5.696914e-01
-1.347617e+00	-1.230090e+00	2.701471e-01	9.774934e-01	2.029535e+00	3.337252e-01	1.486154e+00	7.072508e-01	1.381698e+00	6.590783e-01
3.073812e-01	-1.181585e+00	1.780986e+00	1.508754e+00	-5.799726e-01	-1.730431e+00	2.811519e+00	7.384557e-01	2.382882e+00	-3.577160e-01
6.021615e-01	-2.451227e+00	1.289888e+00	6.127813e-01	1.220645e+00	-1.872231e+00	1.993458e+00	1.154420e+00	2.798901e+00	-7.242941e-02
6.180759e-01	1.048848e+00	2.058391e+00	1.820073e+00	-2.333271e-01	5.371884e-02	2.102774e-01	1.567405e-01	-6.252938e-01	1.764033e-01
1.642235e+00	-3.038529e+00	1.925720e+00	9.694871e-01	-5.504501e-01	-9.912079e-01	3.932288e-01	1.944984e+00	1.912606e+00	-8.205891e-01
1.731811e+00	-5.807586e-01	-1.751695e+00	3.349446e+00	3.164544e+00	-1.564907e+00	-8.521707e-01	5.728501e-01	1.242650e+00	2.158037e+00
2.385622e+00	-5.647569e-01	-6.355400e-01	2.698248e+00	1.888322e+00	-2.271941e+00	1.165115e+00	6.192195e-01	8.570839e-01	5.334643e-01
3.009350e+00	-3.991287e+00	6.807482e-01	1.031821e+00	-7.235925e-02	-3.946544e-01	-2.327751e+00	1.479504e+00	4.524412e+00	4.282186e-01
2.190527e+00	-3.625350e+00	3.078476e+00	1.217456e-01	-1.742143e+00	-1.295312e+00	1.239974e+00	2.364521e+00	2.901452e+00	-2.354687e+00
2.370662e+00	-3.271733e+00	3.497587e+00	3.412695e-01	-2.091502e+00	-1.265473e+00	7.207061e-01	2.394095e+00	3.100912e+00	-2.556683e+00
1.285159e+00	-4.038983e+00	3.057923e+00	-7.659134e-01	-7.558903e-01	-1.083469e+00	2.623739e+00	2.218504e+00	3.991174e+00	-2.052103e+00
5.274547e-02	-4.829563e-01	6.080355e-01	2.909431e+00	4.160853e-01	-1.629418e+00	4.858495e-01	4.027990e-01	2.410027e+00	1.569118e+00
1.357869e+00	-4.355340e+00	3.528584e+00	-8.125910e-01	-1.633213e+00	-9.550845e-01	2.582672e+00	2.220444e+00	4.609589e+00	-2.227050e+00
-5.745052e-01	2.859253e+00	-1.219609e+00	5.680872e+00	1.267063e+00	-1.403874e+00	-1.564719e+00	-9.593293e-01	-5.367664e-01	3.485846e+00
2.106209e+00	-6.996503e-01	1.301097e+00	1.779985e+00	-6.344243e-01	-1.094299e+00	2.054141e+00	9.431380e-01	1.696073e+00	-1.784156e+00
2.032275e+00	-1.396976e+00	2.176645e+00	1.900714e+00	-1.664498e+00	-1.807096e+00	7.686011e-01	1.618193e+00	2.185348e+00	-1.097244e+00
1.842116e+00	1.234848e+00	-1.528931e+00	5.240269e+00	2.688392e+00	-1.469706e+00	-2.105493e+00	-2.917177e-01	-9.580707e-01	2.471864e+00
3.851410e+00	-5.550987e+00	1.350985e+00	1.511200e-01	-3.495307e-01	-3.489145e-02	-2.170483e+00	2.000351e+00	4.348418e+00	-4.005693e-01
6.779746e-01	-1.715829e+00	7.199236e-01	1.794152e+00	9.413122e-02	-1.450565e+00	1.581811e+00	1.505010e+00	1.613664e+00	-3.514520e-01
3.551321e-01	1.086755e+00	3.557420e-01	2.933708e+00	1.145138e+00	-1.151664e+00	-3.438671e-01	4.674539e-02	2.717635e-01	1.792448e+00
7.230593e-01	-4.017445e+00	2.006691e+00	-3.664168e-01	-5.098780e-01	9.967219e-02	-1.367011e-01	2.182956e+00	4.095450e+00	-4.827378e-01
-1.008062e+00	-1.047909e+00	-6.734231e-01	2.544317e+00	2.150514e+00	-2.055215e+00	1.847140e+00	7.966911e-01	3.200545e+00	1.831328e+00
2.261382e+00	-3.935376e+00	2.963413e+00	2.186557e+00	-4.128561e+00	-2.185376e+00	-4.007180e-01	2.578036e+00	5.486309e+00	-2.388293e+00
1.080829e+00	-2.557599e+00	2.606556e+00	3.871071e-01	-9.484804e-01	-1.531817e+00	3.019665e+00	1.425840e+00	2.687846e+00	-1.459421e+00
1.345181e+00	-4.367009e-01	2.050956e+00	1.997298e+00	-1.014777e+00	-8.363554e-01	-7.107119e-01	7.025997e-01	1.493018e+00	1.509567e-01
8.811078e-01	-3.584061e+00	1.655450e+00	4.015084e-01	-3.527055e-01	-1.519128e+00	1.279442e+00	2.217370e+00	4.292272e+00	-4.291969e-01
1.188738e+00	-2.164011e+00	5.981170e-01	2.013643e+00	9.322736e-02	-2.066506e+00	2.686114e+00	1.729627e+00	2.642860e+00	-1.010270e+00
-2.517967e-01	7.056076e-01	2.186727e-01	2.289759e+00	5.858377e-01	-1.128907e+00	1.654934e+00	8.815971e-01	2.601796e-01	3.767553e-01
3.286973e-01	-2.881184e+00	1.875815e+00	-2.900200e-01	1.711802e-01	-4.705517e-01	2.450859e+00	1.643162e+00	2.697465e+00	-1.031103e+00
8.989286e-01	-7.027205e-01	2.562218e+00	8.140565e-01	-1.927476e+00	3.034551e-01	8.539105e-01	1.630914e+00	5.006282e-01	-2.168921e+00
-2.487545e+00	-1.748101e+00	-1.216890e+00	1.166150e+00	3.798323e+00	-1.561625e-01	2.411014e+00	6.774854e-01	2.275222e+00	1.979631e+00
-7.787800e-01	-2.057531e+00	1.518264e+00	-5.383903e-01	1.052606e+00	-4.109074e-02	2.832397e+00	6.906190e-01	2.337098e+00	-3.722212e-01
1.770437e+00	-1.964028e+00	3.110722e+00	1.122559e+00	-1.636567e+00	-4.481117e-01	6.819944e-02	1.965060e+00	1.645898e+00	-1.997853e+00
9.752880e-01	-2.098703e+00	2.184584e+00	9.002536e-01	-1.641394e+00	-1.754235e+00	2.670079e+00	1.982233e+00	3.041170e+00	-2.087815e+00
-1.352098e+00	-2.949462e+00	1.882145e-01	8.399540e-01	1.851620e+00	-5.928789e-01	2.136933e+00	1.076146e+00	3.563285e+00	5.084464e-01
3.281713e+00	-5.165420e+00	1.568275e+00	-9.156241e-02	-8.071682e-01	-7.442414e-01	8.013833e-01	1.961960e+00	4.996945e+00	-1.737145e+00
-1.595677e+00	-7.538274e-01	9.371236e-01	2.954823e-01	1.719799e+00	1.119007e+00	1.889150e+00	8.331966e-01	9.521507e-01	-2.039416e-01
-2.423040e+00	-9.206862e-01	-7.360668e-01	1.167321e+00	2.885526e+00	5.097381e-01	1.949204e+00	7.446392e-01	1.382511e+00	1.420001e+00
1.623497e+00	-1.946391e+00	3.771693e-01	9.541487e-01	8.581878e-01	-1.001279e+00	2.648613e+00	1.199654e+00	3.254465e+00	-1.075426e+00
8.115509e-01	1.944768e+00	-2.371391e+00	4.374612e+00	3.900178e+00	-4.042138e-01	-1.632182e+00	-4.340441e-01	-1.849464e+00	3.230304e+00
2.636716e+00	-4.101167e+00	3.527493e+00	6.743271e-01	-2.227703e+00	-2.022081e+00	9.570720e-01	2.237952e+00	3.928685e+00	-1.961476e+00
-3.881469e-01	-2.397775e-01	2.074774e+00	-7.903239e-02	-1.521802e-01	9.913321e-01	2.318716e+00	7.263628e-01	1.894307e-01	-6.088814e-01
7.239585e-01	1.371763e+00	-4.717059e-01	4.722434e+00	9.656891e-01	-1.555675e+00	-2.178091e+00	-4.724180e-01	-2.794542e-01	3.185633e+00
-1.555143e+00	-1.320847e+00	-7.612167e-01	2.255491e+00	1.606527e+00	-9.325432e-01	9.430327e-01	8.474437e-01	3.495635e+00	1.736949e+00
1.121122e+00	-3.755182e+00	2.673599e+00	-6.270431e-01	-1.275119e+00	-1.055096e+00	1.854228e+00	2.262405e+00	4.652909e+00	-1.541622e+00
-1.839288e+00	-1.673085e+00	5.333240e-02	-6.265460e-01	3.430825e+00	3.765873e-01	2.586969e+00	7.152504e-01	1.700160e+00	6.289364e-01
-2.711272e-01	1.049657e+00	6.320281e-01	3.128182e+00	-5.492594e-01	-1.650017e+00	1.945410e+00	3.464607e-01	1.339959e+00	2.750570e-01
4.178542e-01	-3.954133e-01	1.866991e+00	1.438855e+00	3.128684e-01	-1.657275e-03	4.431228e-01	7.520709e-01	5.700889e-01	2.299350e-02
8.939148e-01	-1.367659e+00	1.643341e+00	1.114443e+00	8.544064e-02	-5.988895e-02	-2.246782e-01	1.749161e+00	1.063949e+00	-7.310226e-01
1.457530e+00	-2.222518e+00	1.280213e+00	7.688146e-01	6.050953e-01	-1.188244e+00	6.358513e-01	2.080365e+00	1.468165e+00	-6.071105e-01
9.417739e-01	-3.957596e+00	4.787564e-01	1.534081e+00	1.049222e+00	-1.987998e+00	-5.859609e-01	1.646005e+00	4.592886e+00	2.119111e+00
1.902041e+00	-5.100286e+00	3.971482e+00	-1.219662e+00	-2.913509e+00	-7.470332e-01	1.646013e+00	2.544383e+00	5.224191e+00	-2.777685e+00
4.784438e-01	-2.707553e+00	2.392340e+00	2.263002e-01	-9.748252e-01	-1.285367e+00	2.789922e+00	1.541338e+00	3.768551e+00	-1.033517e+00
1.514181e+00	5.898038e-01	-7.383906e-01	2.896407e+00	1.770157e+00	-6.980434e-01	5.806715e-01	6.583334e-01	-3.172060e-01	3.700950e-01
-1.214333e+00	-2.223527e+00	1.446246e+00	-3.927962e-01	1.450074e+00	7.290119e-01	2.514769e+00	1.665133e+00	2.587940e+00	-6.623004e-01
-1.895336e+00	-7.645628e-01	-5.740870e-02	7.600974e-01	2.153727e+00	1.146408e+00	8.387268e-01	1.390329e+00	1.812543e+00	8.714334e-01
1.896024e+00	4.045804e-01	8.154149e-01	1.862634e+00	-4.792670e-01	-1.176690e-01	8.238209e-01	5.744224e-01	1.500500e+00	-9.827675e-01
1.206347e+00	-3.126862e+00	2.033202e+00	6.792969e-01	-9.281248e-01	-8.534547e-01	8.308928e-01	2.177611e+00	2.778150e+00	-1.290664e+00
-3.662476e-01	-1.812410e+00	1.746303e+00	5.524652e-01	-4.330460e-01	-9.755601e-01	3.207251e+00	1.430865e+00	3.364627e+00	-7.724481e-01
2.023670e+00	-3.105587e+00	1.191892e+00	-1.640388e-01	8.682590e-01	-3.731527e-01	7.490439e-01	2.512133e+00	1.957746e+00	-1.289208e+00
6.475460e-01	-5.358756e+00	2.958649e+00	-2.115452e+00	-3.188872e-01	1.365496e+00	6.749076e-01	2.874086e+00	4.430799e+00	-1.685460e+00
3.273394e+00	2.632013e-01	-1.560776e+00	5.544557e+00	1.216064e+00	-2.044765e+00	-3.637375e+00	-2.938100e-01	1.942470e-01	3.114318e+00
-1.747323e-01	-1.249487e+00	2.139386e+00	-8.566085e-01	-8.025021e-01	-6.573459e-01	4.096898e+00	1.809702e+00	2.616228e+00	-2.100455e+00
-1.271409e+00	9.072072e-01	4.812001e-01	1.702728e+00	1.178841e+00	4.609017e-01	1.441080e+00	7.112417e-01	4.876707e-01	5.757863e-01
1.574309e+00	-3.672147e+00	2.422525e+00	-2.715310e-01	-9.442482e-01	-4.814456e-01	-1.018144e-01	1.661434e+00	3.312104e+00	-3.308126e-01
-4.257416e-01	1.502393e+00	6.750518e-01	2.679021e+00	-4.340466e-01	-1.056420e+00	1.902086e+00	1.814503e-01	6.685170e-01	3.273847e-01
-3.515008e-01	3.228861e+00	-7.709504e-01	5.744125e+00	2.996813e-01	-1.500984e+00	-1.026475e+00	-6.519293e-01	-7.791405e-01	2.766730e+00
4.886476e-01	-3.467295e+00	2.984348e+00	-5.744896e-01	-1.993075e+00	-4.202886e-01	2.627684e+00	2.063632e+00	4.465149e+00	-2.317643e+00
-7.565219e-02	1.447412e+00	6.607780e-02	3.867404e+00	2.947201e-01	-1.105791e+00	-4.092614e-01	-2.454808e-01	3.725264e-01	2.080536e+00
2.125847e+00	-2.705413e+00	-3.123163e-01	9.093757e-01	2.465273e+00	-1.816053e-01	-1.015664e+00	1.645825e+00	1.627011e+00	6.167791e-01
2.203736e-01	-1.961023e+00	1.556281e+00	5.433223e-01	-1.570878e-01	-1.057035e+00	2.622909e+00	1.561009e+00	2.779549e+00	-9.776365e-01
5.452119e-01	-2.302588e-01	2.234860e+00	8.974235e-01	1.976265e-01	2.349983e-01	8.415603e-01	9.603177e-01	2.021100e-01	-4.424778e-01
2.015989e+00	-5.502297e+00	2.792497e+00	-6.207950e-01	-1.291175e+00	-1.065076e+00	3.393548e-01	2.667826e+00	4.997632e+00	-1.118624e+00
-9.752485e-01	-2.265520e+00	-6.778213e-01	7.351166e-01	3.697234e+00	-1.065710e+00	2.022341e+00	7.317857e-01	2.063499e+00	1.648532e+00
3.050633e+00	-5.585702e+00	2.707632e+00	7.315566e-01	-1.535802e+00	-1.596402e+00	-2.165095e+00	2.239013e+00	4.978880e+00	1.920257e-01
1.357652e+00	-1.138043e+00	2.178299e+00	9.908920e-01	-4.705328e-01	-5.274770e-01	5.983393e-01	1.004626e+00	1.854691e-01	-3.893232e-01
7.253325e-01	-2.965278e+00	6.429214e-01	1.140064e+00	7.884750e-02	-1.145726e+00	-2.095899e-01	2.013403e+00	3.359490e+00	2.011928e-01
5.596107e-01	5.930607e-02	1.145655e+00	2.434225e+00	-8.824881e-01	-1.105327e+00	3.404902e-01	6.207227e-01	1.293227e+00	1.488057e-01
-1.672102e+00	-3.188762e-01	1.119657e+00	-6.632195e-01	2.392081e+00	1.451434e+00	2.257960e+00	5.111381e-01	2.721448e-01	-2.170319e-01
3.250721e-01	1.011507e+00	-3.879775e-01	5.597289e+00	7.878008e-02	-1.960938e+00	-1.676656e+00	9.889531e-04	9.421794e-01	2.173559e+00
-1.814603e+00	-2.460625e-01	5.523718e-01	5.411373e-01	6.755870e-01	-8.587881e-02	3.127985e+00	1.342192e+00	2.839124e+00	-1.713730e-01
4.026123e+00	-5.449125e+00	1.599967e+00	4.857299e-02	-2.695266e-01	-1.272143e+00	-6.784888e-02	2.399558e+00	4.764089e+00	-1.529791e+00
2.219979e+00	-2.052083e+00	5.220627e-01	1.305952e+00	1.658666e+00	-5.443419e-01	-7.388417e-01	1.541737e+00	1.141134e+00	1.897063e-01
-1.005698e+00	-8.480775e-01	1.255824e+00	9.483202e-01	-1.962807e-01	-2.118506e-02	1.809924e+00	3.875176e-01	2.227296e+00	1.816946e-01
1.226630e+00	1.706562e-01	-6.194721e-01	1.821155e+00	2.362430e+00	-1.023749e+00	1.507934e+00	1.137464e+00	-3.167961e-01	2.254762e-01
-4.231302e-01	-2.128178e+00	1.229597e+00	-1.248812e-01	1.405703e+00	6.127589e-01	1.585945e+00	1.817313e+00	1.296198e+00	-8.507337e-01
2.652689e+00	-1.469752e+00	9.735000e-01	1.491772e+00	2.214399e-01	-4.528557e-01	8.040206e-01	7.181512e-01	1.536010e+00	-1.201214e+00
8.978427e-01	9.901823e-01	8.485579e-01	3.357699e+00	-6.582837e-01	-2.265386e+00	1.036517e+00	4.660772e-01	5.231807e-01	1.598410e-01
-9.030931e-01	-1.753869e-01	-1.699495e+00	2.556220e+00	3.479016e+00	2.643102e-01	9.642929e-01	1.037651e+00	9.717858e-01	1.183361e+00
-1.214797e+00	2.789151e+00	-2.605599e-01	3.357470e+00	1.221959e+00	3.155312e-03	5.512880e-01	-5.044538e-01	-1.258501e+00	1.740472e+00
9.398482e-01	-3.276333e+00	2.332906e+00	3.524940e-01	-6.184861e-01	-1.769952e+00	2.363894e+00	1.854889e+00	4.321567e+00	-9.041506e-01
1.723551e+00	-2.897925e+00	-1.244398e-02	1.759669e+00	6.957397e-01	-1.384031e+00	1.471875e+00	1.430198e+00	3.793605e+00	-6.354988e-01
6.812322e-02	2.839220e-01	1.768708e+00	1.203686e+00	5.482980e-01	4.891622e-01	5.768213e-01	5.891373e-01	-1.113079e-02	9.240719e-03
-1.665400e+00	-3.882215e-01	7.119680e-01	-7.543936e-01	3.087314e+00	1.122772e+00	2.300744e+00	3.919525e-01	2.020877e-01	4.080567e-01
-2.643223e-01	-9.917832e-01	2.006734e+00	-7.516596e-01	1.123740e+00	8.044926e-01	2.183453e+00	1.013247e+00	2.014116e-01	-7.634628e-01
1.694838e+00	-2.861427e+00	2.290969e+00	4.567756e-01	-4.882913e-01	-5.421385e-01	-1.758570e-01	2.258562e+00	2.259208e+00	-6.710082e-01
-2.857098e+00	7.499795e-01	-4.349575e-02	7.419637e-01	2.407505e+00	1.133888e+00	2.969753e+00	2.379139e-01	4.029794e-01	6.024060e-01
1.738559e+00	-4.109235e+00	2.344978e+00	6.974082e-01	-2.389616e+00	-1.694027e+00	1.162307e+00	2.610462e+00	4.323662e+00	-2.152134e+00
3.126955e+00	-2.711398e+00	1.425427e+00	9.675516e-01	-5.057203e-01	-6.253357e-01	8.215619e-01	1.348373e+00	2.984739e+00	-1.583979e+00
3.427946e+00	-5.070893e+00	2.713087e+00	-2.279688e-02	-9.224857e-01	-9.562460e-01	-5.717007e-01	2.713136e+00	3.358893e+00	-1.339357e+00
-8.253147e-02	-2.254015e+00	1.473658e+00	8.748780e-02	6.943142e-01	-6.070573e-01	2.406594e+00	1.234576e+00	2.270726e+00	-5.421820e-01
1.163281e+00	-1.607990e+00	2.723760e+00	1.210627e+00	-1.544328e+00	-5.128328e-01	1.261194e+00	1.776842e+00	1.490592e+00	-2.229048e+00
2.650174e+00	-6.118219e+00	-3.509044e-01	8.499028e-01	1.955676e+00	-1.289882e+00	-1.629993e+00	2.208409e+00	4.836241e+00	1.237478e+00
-4.691725e-01	2.087498e+00	-4.294052e-01	4.525374e+00	1.008877e+00	-9.000257e-01	-5.328484e-01	-6.343296e-01	-5.263148e-01	2.566811e+00
-2.250816e-01	-8.808239e-01	2.375793e+00	-5.642203e-02	-9.802113e-01	-8.680057e-02	3.145778e+00	1.418769e+00	2.099254e+00	-1.724403e+00
3.198516e-01	-1.863758e+00	2.586988e+00	-2.805861e-01	-1.614038e+00	-4.998592e-01	2.573566e+00	1.439301e+00	3.036333e+00	-1.665992e+00
2.540146e+00	-2.448846e+00	1.019417e+00	7.868804e-01	6.357833e-01	-1.291283e+00	2.198711e+00	1.362241e+00	2.500311e+00	-1.592481e+00
1.335265e+00	-9.866051e-01	-8.044270e-01	2.767324e+00	1.975502e+00	-9.590556e-01	3.000578e-01	5.684502e-01	1.668631e+00	8.581099e-01
-3.932738e-02	8.634449e-02	2.590268e+00	8.153044e-01	-1.563157e+00	1.198855e-01	2.438088e+00	1.360976e+00	1.257684e+00	-2.002468e+00
2.175282e+00	-5.041378e+00	3.071473e+00	-4.001217e-01	-1.742555e+00	-1.765592e+00	1.923894e+00	2.704749e+00	4.908206e+00	-2.031085e+00
-8.732568e-01	1.516011e-02	5.095096e-01	1.096522e+00	1.718318e+00	-3.061939e-01	1.342269e+00	-2.388743e-01	8.242128e-01	1.235984e+00
-2.381763e+00	-9.315962e-01	-1.667251e-01	-3.153277e-01	2.911523e+00	4.869061e-01	3.251360e+00	5.453081e-01	1.563324e+00	6.070205e-01
-5.271243e-01	-2.099844e+00	1.046868e+00	1.483600e+00	2.066893e-01	-1.074259e+00	1.987366e+00	9.198979e-01	3.423871e+00	2.251044e-01
-1.631862e+00	-1.716446e+00	3.612535e-01	3.823480e-01	1.705776e+00	-8.398238e-02	2.723419e+00	7.482926e-01	2.296988e+00	1.198029e-01
3.523433e-01	-1.189954e+00	2.958653e+00	-3.484651e-01	-1.055391e+00	2.298047e-01	2.660991e+00	1.567239e+00	1.428019e+00	-2.044797e+00
2.585302e+00	-5.687463e+00	1.555385e+00	7.028531e-02	1.626183e-01	-1.184175e+00	-8.880214e-01	2.785875e+00	4.461646e+00	-7.324701e-01
1.279810e+00	-8.416705e-01	-1.134096e+00	2.327290e+00	2.476885e+00	-1.938154e+00	7.411091e-01	1.461315e+00	1.715355e+00	6.359205e-01
-1.629141e+00	-2.306783e+00	5.049433e-01	-7.268369e-01	2.765028e+00	8.512980e-01	1.866711e+00	1.079740e+00	2.013704e+00	5.092366e-01
1.715246e+00	-1.322668e+00	1.123604e-01	5.279434e-01	3.315864e+00	-5.435626e-01	7.963525e-01	1.440460e+00	-3.261141e-02	3.136345e-01
-4.395688e-01	2.100959e+00	-2.476280e-01	4.163316e+00	1.762542e+00	-1.252023e-01	-1.416354e+00	-3.154855e-01	-1.155326e+00	2.449957e+00
1.757240e+00	-6.097994e-01	1.630553e+00	1.308688e+00	-1.598388e+00	9.526033e-01	1.905196e+00	6.601027e-01	8.063587e-01	-2.513348e+00
-1.226233e-01	-6.585834e-01	7.639721e-01	1.440349e+00	2.002702e-01	-6.375704e-01	2.014167e+00	1.651242e+00	8.716746e-01	-6.627039e-01
2.184702e+00	-1.522473e+00	-2.203877e-01	2.043716e+00	1.504814e+00	-1.819498e+00	1.820322e+00	8.752787e-01	1.857468e+00	-4.042912e-01
1.405209e+00	-1.697761e+00	2.517181e+00	4.859784e-01	-1.076257e+00	-1.720201e+00	2.350260e+00	1.562218e+00	2.567090e+00	-1.265005e+00
1.079924e+00	1.568591e-01	6.768710e-01	3.790002e+00	-1.541159e-01	-4.992328e-01	-2.816382e+00	7.187238e-01	1.890835e-01	1.241915e+00
1.336596e+00	-5.115616e+00	3.866543e+00	-2.182810e+00	-1.506106e+00	-9.600039e-01	3.737953e+00	2.656622e+00	5.117942e+00	-3.160676e+00
1.165646e+00	-2.312599e+00	3.045537e+00	-4.688347e-01	-1.420390e+00	4.455803e-01	1.175683e+00	1.835766e+00	1.690824e+00	-1.889370e+00
-3.367886e-01	-2.799177e-01	1.040529e+00	1.898796e+00	1.011265e+00	1.484704e-01	1.425530e-01	8.147598e-01	8.637625e-01	4.710598e-01
2.248879e+00	-2.344015e+00	2.423403e-01	1.649557e+00	1.183008e+00	-1.371896e+00	1.296508e+00	1.458236e+00	1.531695e+00	-4.434344e-01
5.109062e-01	2.551865e+00	-4.135516e-01	5.589172e+00	2.223693e-01	-1.809955e+00	-2.103247e+00	-9.694872e-01	-4.915811e-01	3.443028e+00
-5.237575e-01	3.149194e+00	-3.675215e-01	4.769092e+00	1.127302e+00	-2.800211e-01	-1.506146e+00	-6.416427e-01	-1.500160e+00	2.436216e+00
3.668574e-01	8.118313e-01	1.132236e+00	2.391427e+00	7.867387e-01	-5.815392e-01	5.331818e-01	4.236965e-01	-2.010508e-01	8.298339e-01
-2.301031e+00	-1.947671e+00	-7.133311e-01	6.928171e-01	3.421899e+00	-3.681578e-01	2.977090e+00	7.091785e-01	2.667723e+00	1.542354e+00
1.658428e+00	-2.470792e+00	1.101226e+00	5.883367e-02	8.327318e-01	-7.307973e-01	2.851768e+00	1.594582e+00	1.989745e+00	-1.696509e+00
-3.604607e-01	2.471811e+00	-5.371746e-01	5.067458e+00	8.607062e-01	-1.677110e+00	-6.013542e-01	-6.571601e-01	-3.993016e-02	2.601502e+00
