-2.548467e-02	-3.820726e-03	1.010902e-01	2.273878e-02	-2.186781e-02	-2.317951e-03	5.830426e-02	-1.400460e-02	-3.815054e-02	-3.245668e-02
-3.270825e-02	2.251437e-03	7.605252e-02	3.106511e-02	-1.762409e-02	1.646112e-03	4.679822e-02	-9.162911e-03	-3.184711e-02	-3.019851e-02
-3.997587e-02	-1.043560e-02	1.091813e-01	2.019559e-02	-2.120957e-02	-9.051916e-03	8.218865e-02	-1.801843e-02	-3.403993e-02	-3.565507e-02
-3.995805e-02	-1.447769e-02	1.049194e-01	2.193516e-02	-2.783908e-02	3.926140e-04	8.487244e-02	-1.827451e-02	-3.929208e-02	-3.198501e-02
-3.998503e-02	-1.932386e-02	1.118677e-01	1.981543e-02	-2.831915e-02	-1.018848e-03	9.288654e-02	-2.265677e-02	-4.071687e-02	-3.076473e-02
-4.974654e-02	-1.074127e-02	9.508328e-02	2.971663e-02	-3.314618e-02	5.085117e-03	7.866609e-02	-9.227060e-03	-3.544715e-02	-3.168159e-02
-4.578065e-02	-1.952987e-02	1.139521e-01	1.296716e-02	-1.997155e-02	-8.732418e-03	9.529435e-02	-2.054176e-02	-3.531901e-02	-2.933361e-02
-4.574319e-02	-2.567283e-02	1.121820e-01	1.762845e-02	-2.423185e-02	6.909896e-04	9.734432e-02	-2.166959e-02	-3.665275e-02	-3.252299e-02
-4.130117e-02	-3.221505e-02	1.151044e-01	1.549009e-02	-2.330903e-02	-1.985785e-03	1.055121e-01	-2.604668e-02	-3.954151e-02	-2.929622e-02
-4.616796e-02	-2.861265e-02	8.757778e-02	1.639902e-02	-1.759507e-02	5.660399e-03	9.233332e-02	-1.673515e-02	-3.596165e-02	-2.133154e-02
-4.769332e-02	-2.792104e-02	1.160829e-01	7.343768e-03	-1.513154e-02	-6.868628e-03	1.072461e-01	-2.561304e-02	-3.638544e-02	-2.687312e-02
-4.246487e-02	-2.790506e-02	1.035699e-01	9.073912e-03	-1.423956e-02	3.132355e-03	9.411124e-02	-2.414615e-02	-3.615845e-02	-2.339162e-02
-3.966175e-02	-3.980473e-02	1.111786e-01	6.605579e-03	-1.393577e-02	9.940378e-04	1.021369e-01	-2.597439e-02	-3.567177e-02	-2.269746e-02
-4.505936e-02	-3.423834e-02	8.082586e-02	1.139537e-02	-9.469494e-03	9.094177e-03	8.377073e-02	-1.608840e-02	-2.974878e-02	-1.523860e-02
-4.562748e-02	-4.144698e-02	1.088349e-01	1.218738e-04	-7.118039e-03	-4.489548e-03	1.031807e-01	-2.348609e-02	-2.972521e-02	-1.829994e-02
-4.304201e-02	-4.630382e-02	1.053000e-01	2.208442e-03	-8.365941e-03	1.291754e-03	1.004691e-01	-2.370743e-02	-3.127950e-02	-1.592171e-02
-4.059366e-02	-5.252469e-02	1.057255e-01	-2.970814e-03	-9.430819e-03	1.216311e-03	1.038762e-01	-2.220125e-02	-2.870593e-02	-1.241659e-02
-4.340078e-02	-4.914524e-02	7.403079e-02	5.390756e-03	-6.391816e-03	8.534616e-03	8.485104e-02	-1.097948e-02	-2.577330e-02	-3.166663e-03
-4.654102e-02	-6.070542e-02	1.151457e-01	-5.856222e-03	-5.257793e-03	-7.404858e-03	1.144525e-01	-2.353180e-02	-2.682816e-02	-1.093338e-02
-4.588017e-02	-6.689371e-02	1.096633e-01	-1.328615e-03	-9.771358e-03	1.923292e-03	1.104757e-01	-2.224144e-02	-2.721079e-02	-7.414447e-03
-4.382623e-02	-7.122080e-02	1.115713e-01	-6.381784e-03	-1.017203e-02	8.464063e-04	1.152502e-01	-2.098777e-02	-2.575353e-02	-6.558675e-03
-4.516830e-02	-6.756098e-02	7.843610e-02	5.246101e-04	-3.684081e-03	7.665718e-03	9.467411e-02	-1.085663e-02	-2.017487e-02	8.031209e-04
-4.777230e-02	-7.406341e-02	1.160286e-01	-9.162289e-03	-4.666370e-03	-6.892155e-03	1.202253e-01	-2.167874e-02	-2.218437e-02	-6.549606e-03
-4.513357e-02	-7.890417e-02	1.044436e-01	-1.012186e-02	-6.789295e-03	4.069941e-03	1.057622e-01	-1.428312e-02	-1.867308e-02	3.004097e-04
-4.122956e-02	-8.808710e-02	1.072888e-01	-1.373014e-02	-6.562115e-03	3.260712e-03	1.056733e-01	-1.474513e-02	-1.789848e-02	7.835599e-03
-4.570042e-02	-8.304748e-02	7.502265e-02	-4.711115e-03	1.753582e-03	8.727563e-03	8.228624e-02	-5.132793e-03	-1.125609e-02	1.479293e-02
-4.652937e-02	-8.312858e-02	1.079129e-01	-1.942394e-02	1.298856e-03	-5.001898e-03	1.023513e-01	-1.139122e-02	-1.191766e-02	8.089868e-03
-4.350088e-02	-8.576434e-02	9.761005e-02	-1.852186e-02	-3.740524e-03	8.537155e-03	8.841201e-02	-6.039349e-03	-1.063431e-02	1.248445e-02
-3.575480e-02	-9.006915e-02	9.951257e-02	-2.249813e-02	-1.448967e-03	4.968131e-03	8.766479e-02	-4.581112e-03	-9.522964e-03	1.274711e-02
-4.379514e-02	-7.773333e-02	6.418383e-02	-1.499164e-02	3.139705e-03	1.234082e-02	6.765450e-02	6.526942e-03	-4.330995e-03	1.967303e-02
-4.786834e-02	-8.835109e-02	1.064777e-01	-2.471216e-02	-1.385144e-04	-1.893738e-03	9.699164e-02	-3.758896e-03	-4.043580e-03	9.475197e-03
-4.585982e-02	-9.318493e-02	9.771597e-02	-1.637298e-02	-1.097832e-02	8.677058e-03	9.322076e-02	1.591321e-03	-5.690119e-03	1.142885e-02
