5.508264e-01	-1.250616e-01	7.106271e-01	-1.088068e+00	-7.202302e-01	-4.629026e-01	1.104476e-01	7.009720e-01	2.693090e+00	5.540243e-01
1.511002e+00	1.414748e-01	1.033071e+00	-4.666296e-01	1.854283e-01	-8.045250e-01	-7.502334e-01	6.020430e-01	2.261426e+00	-2.530002e-01
6.084766e-01	1.465634e-01	1.483319e-01	-4.448100e-01	6.809075e-01	4.480707e-01	1.367150e+00	9.362241e-02	-4.873397e-01	4.528446e-01
-1.609461e-01	5.117349e-01	-1.108352e+00	9.133393e-01	1.008767e+00	1.699593e+00	-1.921282e+00	1.994061e+00	2.062876e+00	2.952409e+00
-1.013128e+00	1.561972e+00	-2.808615e-01	1.930093e+00	5.278561e-01	-2.996046e-01	-3.381924e-01	7.462466e-02	7.523509e-01	2.353174e+00
1.321180e+00	3.300453e-01	1.020950e+00	2.131885e-01	-3.135842e-01	-3.835868e-01	3.129962e+00	-4.251883e-01	-1.019687e+00	-2.366542e+00
8.477453e-01	-3.211664e-02	4.837865e-01	-4.826985e-01	-1.655605e+00	-1.447375e+00	-2.249041e-01	5.626587e-01	2.958154e+00	-8.811451e-01
8.858809e-01	2.980118e-01	9.829889e-01	6.153521e-01	2.299793e+00	1.857045e+00	1.404128e+00	5.407250e-01	-1.385605e+00	7.015414e-01
4.816725e-01	-9.071411e-05	2.472319e-01	-5.904783e-01	-1.568242e+00	-1.252459e+00	-7.654943e-01	8.165830e-01	3.065248e+00	-4.618364e-01
4.921820e-01	2.041606e-02	2.606486e-01	-5.960009e-01	-1.636511e+00	-1.325139e+00	-7.785284e-01	7.524375e-01	3.112353e+00	-5.413320e-01
7.247220e-01	2.824747e-01	4.236952e-01	2.667821e-01	5.036944e-01	7.541997e-01	3.209006e-01	1.015993e+00	6.968507e-01	3.250106e-01
6.594042e-01	3.938760e-01	2.195097e-01	1.134246e-01	1.188700e+00	1.411300e+00	1.740000e+00	6.927393e-01	-1.026033e+00	6.611829e-01
8.058291e-01	4.185599e-01	5.613569e-03	-1.253514e+00	3.542903e-01	1.597796e+00	2.440417e+00	1.406068e+00	8.559378e-01	1.683509e+00
1.074589e+00	-3.169952e-01	5.578752e-01	3.745032e-01	7.208244e-01	-8.092931e-01	-6.306785e-01	4.415384e-01	7.959253e-01	-8.057845e-01
4.221435e-01	8.642391e-01	-4.393405e-01	5.547571e-01	-1.052875e+00	8.888266e-01	4.508627e+00	1.187483e-01	-1.359331e+00	-1.243842e+00
4.877235e-01	5.885649e-01	4.054703e-02	4.290523e-01	-6.696807e-01	5.190606e-01	3.327989e+00	3.229036e-02	-9.401742e-01	-1.396995e+00
1.600643e+00	-1.119257e-01	8.981694e-01	4.161605e-01	-4.423804e-01	2.062625e-01	1.687787e+00	4.335137e-01	-1.403892e-01	-4.815709e-01
9.055602e-01	-3.591254e-01	1.982143e+00	-5.129353e-01	2.446394e+00	-1.047719e-01	-2.638021e+00	9.687979e-01	1.843843e+00	1.414916e+00
2.984730e-01	9.068864e-01	-3.695667e-01	5.814774e-01	-9.899455e-01	1.191665e+00	4.365916e+00	2.675224e-01	-1.376159e+00	-9.045474e-01
