-1.432665e+00	-8.267190e-01	9.805595e-01	-2.378215e-01	-2.730614e-01	1.103401e+00	4.629613e-02	-3.618161e-01	1.549242e+00	1.143248e+00	1.540164e-01	-8.629894e-01	5.472428e-01	-1.059507e-01	-2.083362e-01	5.433306e-02	-6.061765e-01	1.633525e+00	2.292054e-01	3.297298e-01	3.547556e-03	7.189242e-01	-1.488981e-01	2.400150e-01	1.275605e-01	2.557964e-01	8.692961e-01	-2.341456e-01	-7.966955e-01	6.660655e-01	1.151205e+00	-1.019109e-01	8.879985e-01	-1.122832e-01	6.117299e-01	3.472500e-01	9.500029e-02	-1.794184e-01	6.401401e-01	3.797436e-01
-5.783477e-01	2.590668e-01	4.054284e-02	3.128111e-01	-4.589691e-01	4.366928e-01	6.329455e-01	-5.103948e-01	-5.344503e-01	-7.101828e-01	2.763776e-01	-1.104988e+00	-1.920222e+00	-8.643811e-02	-9.303436e-01	-6.062974e-01	-1.119698e+00	7.322177e-01	3.594319e-01	6.212251e-01	-8.430884e-01	-2.220115e-01	-2.121855e+00	2.522785e-01	-2.714354e-02	-1.017026e+00	4.695919e-01	5.619899e-01	-1.265839e+00	1.200809e+00	-4.359491e-01	-2.378555e+00	1.709495e+00	-5.357651e-01	-3.388313e-02	-2.125838e-01	-4.167607e-01	-9.976314e-02	-1.237439e+00	3.533052e-01
6.374376e-01	4.002429e-01	-7.141512e-02	1.429981e-01	3.526241e-01	2.417019e-01	-1.224130e+00	1.059383e+00	1.179952e+00	1.504915e+00	7.194837e-01	1.252077e+00	2.465696e+00	2.848428e-01	1.417244e+00	1.233022e+00	2.241828e+00	-4.750603e-01	-1.116379e-01	-7.968534e-01	-4.463999e-01	2.978800e-01	1.858490e+00	-7.132664e-01	3.108715e-03	7.310092e-01	4.434005e-01	-5.392590e-01	9.477355e-01	-7.231855e-01	4.488664e-01	1.706334e+00	-1.033481e+00	2.089942e-01	-1.001155e-01	1.156091e+00	1.878638e+00	7.213318e-01	1.696393e+00	-3.266116e-01
1.343702e+00	-1.490174e-01	2.394241e-01	6.004586e-01	7.855804e-01	8.133709e-01	-1.543668e+00	2.417316e+00	2.017671e+00	-1.015366e-01	7.279373e-01	1.914931e+00	1.832896e+00	3.001571e-02	1.914179e+00	3.498371e-01	4.692827e-01	9.618467e-01	5.966992e-01	1.865499e-01	-1.774112e+00	1.274358e+00	1.470615e+00	-1.837056e+00	-8.260702e-01	2.029275e-01	1.110345e+00	-2.207660e+00	-1.877058e-01	8.553394e-01	8.582444e-01	2.552887e-01	5.918023e-01	-7.149120e-01	5.136839e-02	5.210317e-01	1.228954e+00	1.712162e+00	2.419756e+00	-4.760320e-01
1.807217e-01	8.401057e-01	1.008163e+00	-2.874878e-01	1.421179e-01	6.655534e-02	-2.167145e-01	4.365334e-01	2.663754e-01	-2.300856e-01	3.209146e-01	8.382776e-01	4.780935e-01	9.205043e-01	6.454323e-01	5.807693e-02	-4.316284e-02	6.248609e-01	3.235018e-02	4.763561e-01	6.365524e-04	1.312655e+00	6.197439e-01	-3.508342e-01	1.751821e-01	5.108085e-02	1.015148e+00	-1.069462e-01	-3.341528e-02	4.231520e-01	-7.051078e-01	-2.558291e-01	6.107897e-01	-3.511885e-02	-1.481486e-01	5.742164e-01	2.233837e-01	8.276430e-01	1.425634e+00	5.833330e-02
-1.058466e+00	6.691653e-01	9.753027e-02	-1.235599e+00	-1.212606e+00	2.001111e-01	2.754665e+00	-2.709918e+00	-2.634909e+00	-7.249706e-02	-3.313462e-01	-7.681537e-01	-2.261989e+00	-3.986189e-01	-2.102467e+00	3.058445e-01	1.496418e-01	-8.265726e-01	-2.943974e-01	-7.788644e-01	2.508120e+00	-1.336743e+00	-1.792643e+00	1.861819e+00	1.910518e+00	1.032799e-01	9.530455e-02	2.184428e+00	1.251243e+00	-1.351184e+00	-1.231688e+00	-8.104800e-01	2.638546e-01	1.282418e+00	1.146036e+00	-4.011575e-01	-1.409796e+00	-2.077722e+00	-2.281082e+00	2.125953e-01
-9.175575e-01	-2.151565e-01	5.923655e-01	-5.331373e-01	-7.518687e-01	9.141691e-02	4.923496e-01	-6.168065e-01	-5.730907e-01	4.121442e-01	7.490988e-01	-3.349442e-02	-9.649681e-01	-7.907593e-01	-1.895108e+00	-7.050476e-01	-3.787941e-01	1.421072e+00	1.477906e+00	-1.353790e-01	8.120694e-01	-5.411838e-01	5.476227e-02	-5.328925e-01	-1.232736e+00	2.678294e-01	1.970030e-01	1.530315e+00	2.345039e-01	7.545672e-01	-1.101762e+00	-1.464820e-01	8.285168e-01	-3.639966e-01	6.334654e-02	-1.838679e-01	-8.001414e-01	7.692229e-01	-6.027255e-01	7.737292e-02
8.966685e-01	5.932056e-01	-1.861956e-01	1.427104e+00	1.461936e-02	7.635884e-01	-7.330643e-01	1.445754e+00	1.764806e+00	-3.006161e-01	-3.283239e-01	-2.733456e-01	1.804137e+00	1.851926e+00	2.581231e+00	1.119805e+00	-3.843450e-01	-5.525154e-01	-1.409324e+00	-4.738131e-01	-3.386770e-02	1.441156e+00	-1.476965e-01	1.299971e+00	2.578191e+00	3.243720e-01	7.724688e-01	-1.918966e+00	-1.721915e-01	-4.426714e-01	2.181804e+00	2.455616e-01	2.412824e-01	5.002125e-01	6.387866e-01	1.565170e+00	1.907988e+00	-1.734202e+00	8.276024e-01	-5.231519e-01
-4.929707e-01	2.267469e-01	6.516862e-01	-4.838584e-01	-1.448512e-01	-1.726636e-01	-1.553844e-01	-1.960306e-01	-5.896172e-01	-2.382552e-01	8.130902e-01	2.476617e-01	-1.193991e+00	-4.588870e-01	-2.366930e+00	-4.941465e-01	-2.897284e-01	1.300308e+00	1.032339e+00	1.397161e-01	6.170860e-01	-5.823861e-01	1.210672e-01	-6.854580e-01	-1.375308e+00	1.326593e-01	-5.146156e-01	1.444702e+00	6.465574e-01	8.539866e-01	-1.114928e+00	2.423198e-01	1.109925e+00	9.335155e-02	-2.120562e-01	2.491147e-01	-8.548702e-01	9.589904e-01	-5.054275e-01	1.774016e-01
-5.641376e-01	1.298164e-01	5.637271e-01	-5.339351e-01	-2.680639e-01	-2.025057e-01	-7.555960e-02	-2.605438e-01	-6.592951e-01	-2.176779e-01	8.270175e-01	2.663253e-01	-1.308597e+00	-5.812834e-01	-2.418205e+00	-5.155218e-01	-3.349525e-01	1.250579e+00	1.094156e+00	6.605548e-02	6.253224e-01	-6.638747e-01	2.109507e-02	-7.245863e-01	-1.264645e+00	1.112380e-01	-3.931145e-01	1.537301e+00	6.317477e-01	8.562223e-01	-1.195558e+00	1.310566e-01	1.058386e+00	6.089104e-02	-2.077255e-01	1.985872e-01	-8.427037e-01	9.287592e-01	-5.725331e-01	1.199052e-01
1.002554e+00	-1.058148e-01	4.617433e-01	1.124816e+00	-2.435317e-01	1.352395e+00	6.030657e-01	1.094701e+00	7.955217e-02	4.527379e-02	2.156496e-01	-1.057653e+00	4.900796e-01	-6.523305e-01	-8.353156e-01	5.531733e-01	2.854350e-01	1.725849e+00	-4.267837e-01	-3.137466e-02	-9.234124e-02	6.736709e-01	2.242690e-01	4.009693e-01	7.789343e-01	-1.321039e+00	1.160002e+00	2.023787e-01	-9.438952e-01	-1.732359e-01	-6.004245e-01	6.166677e-01	3.664221e-01	4.947366e-01	-8.681174e-01	8.600976e-01	1.229073e-01	-3.054678e-03	8.379731e-01	7.379282e-01
7.610259e-01	1.305914e-01	-3.942618e-01	9.469947e-01	-3.540203e-01	6.991119e-01	1.043636e+00	-1.593186e-01	4.801515e-01	1.059497e+00	6.441551e-01	2.059480e-01	1.122601e-01	-6.175085e-02	1.139280e+00	6.196359e-01	6.493508e-01	-2.285827e-01	5.072782e-01	-5.555630e-02	1.326250e-01	6.446464e-01	-2.722956e-01	2.086712e-01	1.065046e+00	-2.301063e-01	1.059054e+00	4.462358e-05	1.259700e-01	5.936988e-01	2.358637e-01	-1.131697e-01	-7.340946e-01	-1.596718e-01	1.020055e+00	6.013855e-01	7.827740e-01	-2.521656e-01	7.032841e-01	-4.892160e-01
9.332453e-01	1.641748e+00	2.253706e+00	4.619829e-01	1.963080e+00	4.266607e-01	1.092834e+00	-1.096321e+00	-9.608817e-01	1.449820e+00	1.378452e+00	8.662821e-01	-5.637507e-01	-7.647850e-01	-3.809736e-01	1.000718e+00	2.427617e+00	3.418159e-01	-1.709812e-01	3.120963e+00	-2.569332e+00	-5.658991e-01	-7.538162e-01	4.006297e-01	-5.284382e-01	-1.395505e+00	9.360064e-02	2.110757e+00	8.267499e-02	2.330297e+00	4.856397e-01	1.130817e-01	-3.074398e-01	3.216605e+00	1.165256e+00	1.619375e+00	2.352733e-01	-2.746159e-01	1.809720e+00	1.833550e+00
-4.371447e-01	-2.053926e-01	7.518423e-01	4.363766e-01	-4.922459e-01	1.375920e-01	-3.615094e-01	-1.716966e-01	-1.922213e-01	3.867399e-01	6.896946e-01	-3.683933e-01	3.407047e-02	-4.828666e-01	-6.684325e-01	-1.973188e-01	-1.315893e-01	6.637278e-01	6.497306e-01	6.447079e-03	2.983726e-01	-2.155585e-01	-5.005284e-01	3.947109e-01	-7.563215e-01	2.650651e-01	4.450552e-01	-3.260030e-01	-7.308595e-01	6.016402e-01	3.844919e-01	-1.038936e+00	1.811156e-01	2.188791e-01	3.533084e-01	6.008492e-02	-4.289911e-02	-8.995269e-01	4.910606e-01	1.120404e-01
1.552532e+00	5.035311e-01	-1.205088e+00	-7.759583e-01	1.454411e+00	6.194871e-01	1.261518e+00	9.315973e-01	-3.590741e-02	1.563659e+00	-1.480342e-01	1.934373e+00	2.601442e+00	7.871027e-01	2.616294e+00	1.906224e+00	9.842522e-02	-1.991452e-02	3.426847e-01	-7.221956e-01	2.983237e+00	1.112714e+00	2.177573e+00	4.771555e-01	1.149157e+00	2.959181e+00	-6.891881e-01	5.980366e-01	3.500420e+00	-6.745749e-01	8.187815e-01	4.050191e+00	-4.696899e-01	1.581154e+00	1.281898e+00	-1.522952e-01	4.172145e-01	1.397067e+00	6.838391e-01	9.163235e-01
1.718751e+00	5.510181e-01	-6.680036e-01	-3.791675e-01	1.527309e+00	7.055952e-01	9.067765e-01	1.583112e+00	2.700794e-01	1.292671e+00	1.348597e-01	2.303272e+00	2.632769e+00	9.774718e-01	1.941727e+00	1.036503e+00	2.179732e-01	3.827193e-01	9.379920e-01	-6.623704e-02	2.550868e+00	1.079696e+00	2.426407e+00	4.670589e-01	4.084804e-01	2.719053e+00	-7.034966e-01	3.550208e-01	2.564271e+00	3.245336e-02	1.489748e+00	3.316400e+00	-1.660231e-01	1.465262e+00	1.495775e+00	-1.130570e-01	1.303155e-01	2.143268e+00	1.115028e+00	1.101872e+00
-8.804316e-01	9.454041e-01	7.856647e-01	2.179024e+00	2.653531e-01	1.835626e+00	2.839622e+00	-2.155878e+00	1.247675e+00	-5.955547e-01	4.077761e-01	-1.549434e+00	4.197372e-01	-1.954630e+00	-4.127355e-01	3.141053e+00	-7.017395e-01	2.737455e-01	9.159006e-01	-1.185820e-01	7.181418e-01	-1.099898e+00	6.087679e-01	1.981083e+00	7.262343e-01	-7.171751e-03	2.763842e-01	1.096906e+00	1.582418e+00	-1.421720e+00	8.143340e-01	-4.091006e-01	3.279581e-01	-3.052496e-01	-1.943660e+00	5.229843e-01	2.458307e-01	-6.152552e-01	1.789150e-01	-9.989997e-02
-1.046399e+00	1.735007e-01	7.762003e-01	9.566056e-01	-1.295318e+00	-3.232398e-01	-7.150778e-01	-6.948879e-01	1.945318e-01	-1.465420e+00	7.318506e-01	-1.697101e+00	-1.921702e+00	-6.491895e-01	-1.409898e+00	-1.344133e+00	1.531448e-01	6.489135e-01	2.926148e-01	3.826169e-01	-2.171092e+00	-4.437558e-01	-2.120397e+00	-5.465275e-01	-8.740728e-01	-2.415884e+00	1.536139e+00	-2.572147e-01	-2.405331e+00	1.051879e+00	-4.447751e-01	-3.640402e+00	6.678288e-01	-8.043200e-01	-7.754121e-01	6.287166e-01	2.146860e-01	-1.433322e+00	-8.976215e-02	-7.331053e-01
1.812202e+00	2.122242e-01	-9.429176e-01	-4.505116e-01	1.970229e+00	1.061243e+00	1.218895e+00	1.539965e+00	8.186970e-02	1.667992e+00	-4.533914e-01	2.488663e+00	2.808740e+00	1.127605e+00	2.929714e+00	1.779361e+00	4.196114e-01	-1.600738e-02	3.344227e-01	-5.928800e-01	3.081859e+00	1.160948e+00	2.312218e+00	5.247930e-01	9.559779e-01	3.342136e+00	-9.143196e-01	6.791616e-01	3.738610e+00	-4.774111e-01	1.208333e+00	3.925377e+00	-2.585456e-01	1.561667e+00	1.683901e+00	-1.345627e-01	2.243262e-01	2.230234e+00	1.012407e+00	1.195865e+00
