-1.550894e-02	-7.803726e-03	8.036172e-03	2.432796e-03	1.531907e-02	-1.470647e-03	-1.655619e-02	9.387796e-03	-1.271043e-02	2.015576e-02	-6.839214e-03	1.108064e-02	-4.641905e-03	3.434053e-03	-7.237323e-03	-9.405041e-03	-2.313182e-03	8.258566e-03	-6.008896e-04	1.378551e-02	4.707249e-04	8.541759e-03	1.162808e-02	-2.999285e-02	1.719127e-02	-1.460384e-03	5.615892e-04	2.064949e-04	-4.737795e-03	3.089766e-03	-1.188260e-02	6.852932e-03	5.563823e-05	4.016796e-03	4.238007e-03	1.274378e-02	-9.606387e-03	-1.000456e-02	-1.450024e-02	7.815377e-03
-1.374859e-02	-1.451512e-02	6.104385e-03	-1.293364e-03	1.353565e-02	-8.663045e-03	-1.487908e-02	1.015495e-02	-1.397374e-02	2.388273e-02	-3.518072e-03	1.384989e-02	-1.047910e-02	4.329078e-03	-5.492877e-03	-5.576312e-03	-3.129207e-03	6.523765e-03	1.045443e-02	1.955211e-02	-5.188282e-04	1.226835e-02	1.218830e-02	-1.977642e-02	1.565596e-02	1.221592e-03	-5.548658e-03	2.037473e-03	-9.789989e-03	-6.176737e-04	-1.346438e-02	3.390251e-03	9.094208e-03	3.315771e-03	-4.519594e-03	1.670105e-02	-5.789949e-03	-1.810214e-02	-1.300406e-02	3.642976e-03
-1.514749e-02	-1.431906e-02	1.098206e-02	-7.054581e-04	1.754061e-02	-8.799228e-03	-1.780866e-02	1.378029e-02	-1.680956e-02	2.567799e-02	-5.845318e-03	8.201522e-03	-8.315815e-03	4.887963e-03	-5.800860e-03	-7.167075e-03	-6.529107e-03	8.926104e-03	1.005846e-02	2.045703e-02	2.376049e-03	1.246166e-02	1.439301e-02	-2.037682e-02	1.670959e-02	3.854678e-04	-3.691805e-03	1.555369e-03	-6.142483e-03	-1.071598e-03	-1.783238e-02	4.201155e-03	8.684270e-03	2.175515e-03	-2.086673e-03	1.175630e-02	-6.874269e-03	-1.905728e-02	-1.361763e-02	4.643590e-03
-1.319790e-02	-1.336269e-02	1.192277e-02	2.267486e-04	1.834977e-02	-7.728086e-03	-1.826948e-02	1.329028e-02	-1.666239e-02	2.453583e-02	-4.846469e-03	1.189445e-02	-9.508765e-03	1.950111e-03	-4.916626e-03	-7.417715e-03	-6.488008e-03	1.015307e-02	9.058087e-03	2.204136e-02	9.271383e-04	1.245460e-02	1.431802e-02	-2.199671e-02	1.452481e-02	1.217612e-03	-1.784624e-03	-1.318570e-04	-6.859309e-03	-3.696044e-03	-1.952096e-02	3.581883e-03	7.865234e-03	1.634287e-03	-5.673157e-04	1.352098e-02	-8.045118e-03	-1.794028e-02	-1.381945e-02	5.149611e-03
-1.190551e-02	-1.138586e-02	1.510211e-02	3.749839e-04	1.804627e-02	-9.900527e-03	-1.964409e-02	1.330476e-02	-1.702958e-02	2.441274e-02	-6.180791e-03	1.109124e-02	-8.873218e-03	-7.117840e-04	-5.445939e-03	-6.966840e-03	-5.009260e-03	1.128701e-02	6.865859e-03	2.229833e-02	-3.386155e-04	1.257474e-02	1.439436e-02	-2.304347e-02	1.550721e-02	2.116539e-03	-2.484067e-03	6.498214e-04	-5.645277e-03	-5.516631e-03	-2.180615e-02	1.632736e-03	8.486362e-03	4.118322e-03	8.738786e-04	1.183481e-02	-8.813348e-03	-1.798676e-02	-1.314146e-02	8.797810e-03
-1.154693e-02	-1.074865e-02	4.995567e-03	5.464820e-04	1.385186e-02	-9.054242e-03	-1.656149e-02	7.768994e-03	-1.476908e-02	2.326450e-02	-2.108687e-03	1.247090e-02	-1.309302e-02	2.639047e-03	-2.603039e-03	-5.644461e-03	-8.376997e-03	7.733389e-03	8.806341e-03	2.071286e-02	2.078791e-03	1.235646e-02	1.388827e-02	-2.082469e-02	1.471729e-02	-1.148713e-03	-3.626987e-03	2.453348e-03	-5.197415e-03	-4.229418e-03	-1.625712e-02	6.131163e-05	1.237844e-02	3.554372e-03	-9.306090e-05	1.805937e-02	-7.061590e-03	-1.880048e-02	-1.396528e-02	4.717458e-03
-1.188996e-02	-1.089495e-02	1.085117e-02	4.044322e-04	1.905048e-02	-9.722697e-03	-1.856199e-02	1.275724e-02	-1.719817e-02	2.254904e-02	-4.135799e-03	8.293859e-03	-8.805916e-03	4.145041e-03	-5.492388e-03	-7.008872e-03	-8.462787e-03	1.010063e-02	7.182194e-03	2.322119e-02	5.036104e-03	1.288412e-02	1.353706e-02	-1.971773e-02	1.517031e-02	-1.130947e-03	-3.903073e-03	3.931453e-04	-4.644115e-03	-2.936790e-03	-1.832093e-02	2.406352e-03	1.101773e-02	5.991463e-04	1.432184e-03	1.189834e-02	-9.030342e-03	-2.085661e-02	-1.475926e-02	6.400330e-03
-9.678431e-03	-8.833452e-03	1.290926e-02	1.516469e-03	1.887009e-02	-1.099780e-02	-1.834495e-02	1.409054e-02	-1.831393e-02	2.291476e-02	-4.279396e-03	1.153244e-02	-1.070900e-02	4.887648e-04	-5.290233e-03	-6.549186e-03	-8.061321e-03	1.115504e-02	7.444929e-03	2.659993e-02	3.360886e-03	1.340382e-02	1.419404e-02	-2.119075e-02	1.379665e-02	-1.265179e-03	-3.613151e-03	1.123999e-03	-5.726810e-03	-5.091389e-03	-2.199113e-02	1.953850e-03	1.064803e-02	-2.360232e-04	3.554040e-04	1.413925e-02	-9.443081e-03	-1.917828e-02	-1.549963e-02	5.761919e-03
-8.798542e-03	-5.990262e-03	1.460309e-02	1.577348e-03	1.879578e-02	-1.087706e-02	-1.901963e-02	1.376867e-02	-1.733419e-02	2.142091e-02	-5.178661e-03	1.015275e-02	-9.701605e-03	-2.164710e-03	-5.350254e-03	-5.808592e-03	-7.147800e-03	1.157269e-02	3.936946e-03	2.491100e-02	2.397174e-03	1.268034e-02	1.330281e-02	-2.275997e-02	1.399208e-02	1.080729e-03	-3.672924e-03	9.273652e-04	-5.245923e-03	-5.862589e-03	-2.242163e-02	1.751203e-04	1.044645e-02	1.912842e-03	2.053110e-03	1.217115e-02	-1.039018e-02	-1.831863e-02	-1.358461e-02	9.748746e-03
-7.993447e-03	-6.578698e-03	6.758945e-03	1.552979e-03	1.753199e-02	-1.337289e-02	-1.598863e-02	1.071989e-02	-1.553328e-02	2.045831e-02	-4.846778e-04	1.111121e-02	-1.517270e-02	-3.145920e-04	-3.000607e-03	-3.377403e-03	-6.722272e-03	1.008309e-02	6.880661e-03	2.649832e-02	2.227984e-03	1.295001e-02	1.122199e-02	-1.833184e-02	1.319934e-02	-6.750720e-04	-6.197211e-03	2.012673e-03	-5.351763e-03	-5.320797e-03	-1.698357e-02	-1.432617e-03	1.245323e-02	4.079533e-04	-7.475697e-04	1.720487e-02	-1.009943e-02	-2.164593e-02	-1.388224e-02	7.480541e-03
-9.563837e-03	-6.049089e-03	8.546437e-03	9.809703e-04	1.970995e-02	-1.078099e-02	-1.758243e-02	1.400712e-02	-1.764421e-02	2.095087e-02	-2.628764e-03	5.750320e-03	-9.382073e-03	3.717687e-03	-5.829899e-03	-6.310340e-03	-1.079556e-02	1.059460e-02	4.421692e-03	2.527970e-02	7.195524e-03	1.309442e-02	1.289081e-02	-2.008120e-02	1.451447e-02	-1.617946e-03	-4.974296e-03	9.528940e-04	-4.213430e-03	-3.375068e-03	-1.906582e-02	1.000214e-03	1.160920e-02	-9.372222e-04	2.084117e-03	1.212994e-02	-9.379136e-03	-2.080098e-02	-1.503360e-02	8.519711e-03
-6.679227e-03	-3.547932e-03	1.211103e-02	2.434644e-03	1.849736e-02	-1.448556e-02	-1.597058e-02	1.507360e-02	-1.836093e-02	2.023231e-02	-2.787329e-03	9.771514e-03	-1.161043e-02	-1.010982e-03	-6.639882e-03	-5.621445e-03	-9.381971e-03	1.258729e-02	4.742964e-03	2.870819e-02	5.458469e-03	1.337552e-02	1.411247e-02	-2.163267e-02	1.349510e-02	-3.310375e-03	-4.602438e-03	3.049570e-03	-2.403147e-03	-6.350950e-03	-2.216150e-02	8.572927e-04	1.006632e-02	-2.745740e-03	8.219446e-04	1.502130e-02	-1.133009e-02	-1.802674e-02	-1.571958e-02	6.119796e-03
-4.741039e-03	-2.989855e-04	1.549933e-02	3.253935e-03	1.787860e-02	-1.708675e-02	-1.699255e-02	1.515549e-02	-1.730205e-02	1.932861e-02	-4.812894e-03	8.914352e-03	-1.124435e-02	-5.586298e-03	-6.721311e-03	-4.242901e-03	-7.351202e-03	1.322075e-02	2.881757e-03	2.836352e-02	3.042862e-03	1.315960e-02	1.348113e-02	-2.181636e-02	1.477131e-02	-2.618496e-03	-5.058943e-03	4.131712e-03	-4.819594e-04	-7.369475e-03	-2.367321e-02	-1.234167e-03	8.818867e-03	-7.134735e-04	1.245038e-03	1.325392e-02	-1.290603e-02	-1.676989e-02	-1.420398e-02	9.172790e-03
-4.424939e-03	-1.472563e-03	5.147519e-03	2.889858e-03	1.607596e-02	-1.706617e-02	-1.378815e-02	1.167728e-02	-1.470654e-02	1.833770e-02	3.040030e-04	8.385717e-03	-1.578324e-02	-1.222803e-03	-3.839723e-03	-3.257033e-03	-7.812847e-03	1.060584e-02	5.062125e-03	2.719631e-02	3.130958e-03	1.313320e-02	1.067628e-02	-1.648901e-02	1.373950e-02	-2.993876e-03	-7.133131e-03	4.030973e-03	-2.636257e-03	-6.017523e-03	-1.604922e-02	-2.374621e-03	1.154326e-02	-1.066196e-03	-1.399239e-03	1.777700e-02	-1.133016e-02	-2.021538e-02	-1.466668e-02	7.661560e-03
-5.601864e-03	-1.083722e-03	1.113818e-02	2.822154e-03	1.882427e-02	-1.706796e-02	-1.468795e-02	1.558580e-02	-1.822759e-02	1.814153e-02	-2.749342e-03	2.746103e-03	-1.137979e-02	-5.405540e-04	-6.775862e-03	-4.800383e-03	-9.756726e-03	1.161647e-02	4.967487e-03	2.849066e-02	6.418550e-03	1.366212e-02	1.241751e-02	-1.619178e-02	1.552046e-02	-5.050357e-03	-6.325248e-03	4.957311e-03	3.341278e-04	-4.660679e-03	-2.064216e-02	-3.231447e-04	9.969334e-03	-2.665885e-03	6.896739e-04	1.321365e-02	-1.201972e-02	-1.973960e-02	-1.539366e-02	6.409792e-03
-3.707576e-03	7.348765e-04	1.256853e-02	4.200058e-03	1.832845e-02	-1.804480e-02	-1.451665e-02	1.681367e-02	-1.851491e-02	1.843306e-02	-2.389346e-03	7.030473e-03	-1.276251e-02	-4.820821e-03	-6.719309e-03	-4.216668e-03	-9.147691e-03	1.386110e-02	5.223622e-03	3.156951e-02	4.427443e-03	1.323834e-02	1.375245e-02	-1.861975e-02	1.397281e-02	-5.534832e-03	-5.576034e-03	4.997898e-03	4.877539e-04	-7.390226e-03	-2.305122e-02	-1.508030e-04	7.776100e-03	-3.592440e-03	-5.695476e-04	1.580786e-02	-1.386157e-02	-1.712163e-02	-1.610199e-02	5.578180e-03
-2.661800e-03	4.022004e-03	1.539890e-02	4.984524e-03	1.652331e-02	-2.020533e-02	-1.390520e-02	1.659620e-02	-1.798185e-02	1.719829e-02	-4.170091e-03	5.793156e-03	-1.244725e-02	-8.596578e-03	-7.181581e-03	-2.498525e-03	-8.097636e-03	1.485387e-02	3.180634e-03	3.034513e-02	1.072995e-03	1.353228e-02	1.280436e-02	-1.865559e-02	1.517515e-02	-4.174179e-03	-6.768119e-03	5.626880e-03	3.377282e-03	-8.506304e-03	-2.385557e-02	-1.794709e-03	8.175231e-03	-1.305346e-03	-3.051340e-04	1.441154e-02	-1.553653e-02	-1.630488e-02	-1.464021e-02	9.087472e-03
-2.477347e-03	2.517350e-03	5.470339e-03	4.634080e-03	1.471906e-02	-1.939711e-02	-9.332555e-03	1.175933e-02	-1.528739e-02	1.609457e-02	9.027374e-04	5.250432e-03	-1.770995e-02	-5.256998e-03	-4.352497e-03	-1.002605e-03	-7.745352e-03	1.218930e-02	5.297204e-03	2.952155e-02	6.419400e-04	1.231051e-02	1.031577e-02	-1.273772e-02	1.475362e-02	-4.653899e-03	-8.626837e-03	6.534628e-03	1.964467e-03	-6.674509e-03	-1.618715e-02	-3.123553e-03	9.608741e-03	-1.750855e-03	-3.590377e-03	1.942084e-02	-1.418873e-02	-1.869363e-02	-1.501390e-02	5.698124e-03
-5.144466e-03	2.033963e-03	1.100377e-02	4.231403e-03	1.849284e-02	-1.847734e-02	-1.182702e-02	1.643877e-02	-1.857124e-02	1.743979e-02	-2.706174e-03	-1.183783e-03	-1.287558e-02	-3.072286e-03	-6.372595e-03	-3.436180e-03	-1.049571e-02	1.353585e-02	5.437896e-03	2.997696e-02	4.901837e-03	1.292245e-02	1.220798e-02	-1.247070e-02	1.616483e-02	-6.118559e-03	-7.784436e-03	6.080562e-03	4.448201e-03	-5.585468e-03	-2.096881e-02	-8.903566e-04	8.716114e-03	-2.678646e-03	-9.177459e-04	1.396557e-02	-1.532893e-02	-1.871797e-02	-1.559174e-02	5.633094e-03
-3.296864e-03	4.103057e-03	1.241671e-02	5.561444e-03	1.739565e-02	-1.832995e-02	-1.040317e-02	1.751630e-02	-1.949985e-02	1.766243e-02	-1.772633e-03	2.658307e-03	-1.505755e-02	-7.824745e-03	-6.479062e-03	-3.130577e-03	-1.033585e-02	1.609596e-02	5.946963e-03	3.306805e-02	2.189570e-03	1.256355e-02	1.328023e-02	-1.495572e-02	1.414251e-02	-5.835182e-03	-6.904649e-03	6.592750e-03	5.124887e-03	-8.387422e-03	-2.402845e-02	-3.072303e-05	6.250085e-03	-3.953678e-03	-2.362027e-03	1.672706e-02	-1.699472e-02	-1.548287e-02	-1.619762e-02	4.534045e-03
-3.254457e-03	6.449418e-03	1.417051e-02	5.422573e-03	1.495581e-02	-1.949996e-02	-1.120734e-02	1.668499e-02	-1.842569e-02	1.710218e-02	-3.355400e-03	1.611340e-03	-1.405312e-02	-1.123606e-02	-7.467771e-03	-1.937012e-03	-7.798591e-03	1.724763e-02	5.058431e-03	3.228242e-02	-1.507321e-03	1.307059e-02	1.324332e-02	-1.636658e-02	1.638500e-02	-5.259708e-03	-7.439700e-03	7.118260e-03	6.760633e-03	-8.916405e-03	-2.526368e-02	-1.793018e-03	5.775981e-03	-4.255926e-04	-1.148831e-03	1.530695e-02	-1.793565e-02	-1.449618e-02	-1.603824e-02	8.877196e-03
-2.316068e-03	4.106718e-03	5.615527e-03	5.648576e-03	1.446654e-02	-2.058028e-02	-7.971354e-03	1.233300e-02	-1.598145e-02	1.605068e-02	1.579029e-03	3.327779e-03	-2.038545e-02	-8.913029e-03	-4.500315e-03	4.711166e-04	-6.708012e-03	1.453836e-02	7.388677e-03	3.204321e-02	-1.456041e-03	1.227845e-02	1.063854e-02	-1.038875e-02	1.571120e-02	-5.955345e-03	-9.935252e-03	6.853179e-03	5.151788e-03	-7.794525e-03	-1.758988e-02	-3.381368e-03	8.602054e-03	-1.365325e-03	-5.028126e-03	2.066061e-02	-1.766435e-02	-1.750128e-02	-1.568059e-02	5.590925e-03
-5.037884e-03	3.994190e-03	9.922299e-03	5.449916e-03	1.684606e-02	-1.824718e-02	-9.177035e-03	1.615757e-02	-1.910264e-02	1.764999e-02	-1.985552e-03	-3.864940e-03	-1.472878e-02	-5.551996e-03	-6.664240e-03	-2.485305e-03	-1.019835e-02	1.555824e-02	6.866531e-03	3.158232e-02	2.092476e-03	1.259511e-02	1.220374e-02	-1.022057e-02	1.755713e-02	-7.563958e-03	-8.568691e-03	6.838328e-03	7.769805e-03	-5.942151e-03	-2.174895e-02	9.161984e-05	7.116851e-03	-2.596938e-03	-2.540862e-03	1.434004e-02	-1.690714e-02	-1.736578e-02	-1.683622e-02	5.190751e-03
-3.969620e-03	5.642061e-03	9.964036e-03	6.711542e-03	1.410730e-02	-1.911827e-02	-7.284633e-03	1.665758e-02	-1.986113e-02	1.908452e-02	-1.064487e-03	3.374706e-04	-1.679719e-02	-9.792210e-03	-7.611034e-03	-2.527389e-03	-9.803008e-03	1.919228e-02	8.026554e-03	3.408414e-02	-9.495493e-04	1.197350e-02	1.347343e-02	-1.322992e-02	1.599860e-02	-9.185713e-03	-7.180453e-03	7.567354e-03	1.002447e-02	-8.376047e-03	-2.368582e-02	1.617743e-03	4.327983e-03	-3.744162e-03	-3.708839e-03	1.753921e-02	-1.918872e-02	-1.232851e-02	-1.838417e-02	4.159099e-03
-2.680971e-03	8.553677e-03	1.234454e-02	7.699286e-03	1.159247e-02	-2.086293e-02	-7.426805e-03	1.577901e-02	-1.960446e-02	1.798129e-02	-2.931675e-03	-8.670706e-04	-1.541746e-02	-1.425106e-02	-8.798287e-03	-8.791180e-04	-6.955829e-03	1.977750e-02	6.091902e-03	3.371773e-02	-4.236649e-03	1.316296e-02	1.263727e-02	-1.377163e-02	1.730994e-02	-8.541139e-03	-8.640550e-03	9.082686e-03	1.264065e-02	-9.497090e-03	-2.556174e-02	5.385575e-04	3.978341e-03	-8.903551e-04	-2.692481e-03	1.525582e-02	-2.025978e-02	-1.162767e-02	-1.620724e-02	7.364099e-03
-2.425359e-03	5.089369e-03	2.505460e-03	7.675029e-03	1.044764e-02	-2.245894e-02	-4.455196e-03	1.160907e-02	-1.659189e-02	1.806697e-02	2.184640e-03	4.740533e-04	-2.156167e-02	-1.071162e-02	-5.720716e-03	1.772998e-03	-5.301272e-03	1.754468e-02	1.046035e-02	3.388555e-02	-4.908604e-03	1.213120e-02	9.765280e-03	-7.774704e-03	1.719564e-02	-1.014865e-02	-1.091510e-02	1.078781e-02	1.049094e-02	-8.118748e-03	-1.792931e-02	-5.748378e-04	7.117545e-03	-1.831267e-03	-7.329108e-03	2.042640e-02	-1.928072e-02	-1.586909e-02	-1.728110e-02	3.660473e-03
-5.946876e-03	3.492059e-03	5.432359e-03	6.679737e-03	1.263431e-02	-1.872870e-02	-6.212402e-03	1.487321e-02	-1.977763e-02	1.992685e-02	-9.189929e-04	-6.237200e-03	-1.520050e-02	-6.434009e-03	-8.884936e-03	-1.493144e-03	-8.888611e-03	1.869087e-02	9.219485e-03	3.286081e-02	-1.340104e-04	1.274513e-02	1.162576e-02	-9.055531e-03	1.896590e-02	-1.141607e-02	-9.884461e-03	1.009189e-02	1.313528e-02	-6.285182e-03	-2.177772e-02	3.473729e-03	4.941811e-03	-2.607393e-03	-4.267102e-03	1.447725e-02	-1.746244e-02	-1.528713e-02	-1.780451e-02	4.049674e-03
-3.648231e-03	4.918722e-03	6.938620e-03	8.314120e-03	9.443604e-03	-2.041187e-02	-4.317626e-03	1.540186e-02	-2.050436e-02	2.040760e-02	-7.331954e-04	-1.613476e-03	-1.736062e-02	-1.137169e-02	-1.008461e-02	-3.169746e-04	-7.350787e-03	2.196180e-02	1.174987e-02	3.665552e-02	-4.036259e-03	1.332629e-02	1.312796e-02	-1.097615e-02	1.731376e-02	-1.361581e-02	-8.499620e-03	1.093532e-02	1.471648e-02	-9.339696e-03	-2.469509e-02	4.967779e-03	2.960855e-03	-4.059480e-03	-6.444171e-03	1.779400e-02	-1.918358e-02	-1.108973e-02	-2.013719e-02	1.657460e-03
-2.770102e-03	7.566768e-03	9.198754e-03	8.589612e-03	7.169041e-03	-2.211483e-02	-5.499297e-03	1.499230e-02	-2.030347e-02	2.052525e-02	-1.851006e-03	-1.928892e-03	-1.557171e-02	-1.405326e-02	-1.164173e-02	1.512839e-03	-4.657680e-03	2.303010e-02	9.372815e-03	3.477614e-02	-7.179036e-03	1.305078e-02	1.211707e-02	-1.310471e-02	1.833063e-02	-1.278964e-02	-9.008379e-03	1.055451e-02	1.679376e-02	-1.075513e-02	-2.639430e-02	3.462567e-03	3.293083e-03	-4.565585e-04	-4.745555e-03	1.432197e-02	-1.944886e-02	-9.973685e-03	-1.784195e-02	6.440175e-03
-2.662147e-03	4.555981e-03	-7.794701e-04	8.034517e-03	6.557274e-03	-2.379616e-02	-2.437199e-03	1.053491e-02	-1.666497e-02	1.958403e-02	2.512439e-03	-6.788700e-04	-2.217184e-02	-1.074232e-02	-7.694357e-03	3.547670e-03	-3.396082e-03	1.919116e-02	1.183229e-02	3.434962e-02	-6.305571e-03	1.240066e-02	9.365941e-03	-6.802678e-03	1.856290e-02	-1.328912e-02	-1.135707e-02	1.112856e-02	1.473882e-02	-7.875577e-03	-1.764504e-02	1.625982e-03	5.675455e-03	-1.573954e-03	-9.589732e-03	2.019482e-02	-1.745668e-02	-1.408999e-02	-1.842202e-02	3.229263e-03
-4.887358e-03	3.777803e-03	4.976181e-03	7.561162e-03	1.017895e-02	-2.124602e-02	-4.128594e-03	1.460829e-02	-1.998946e-02	2.108893e-02	-1.234896e-03	-7.861105e-03	-1.682056e-02	-8.324223e-03	-9.820829e-03	6.262596e-04	-6.648828e-03	2.010925e-02	1.153013e-02	3.458014e-02	-3.105759e-03	1.284607e-02	1.156242e-02	-5.892765e-03	2.047106e-02	-1.454856e-02	-9.735861e-03	9.697959e-03	1.717861e-02	-7.256027e-03	-2.256922e-02	3.888114e-03	4.504648e-03	-2.117079e-03	-6.970829e-03	1.411276e-02	-1.730583e-02	-1.377423e-02	-1.899963e-02	2.668991e-03
-3.881621e-03	5.552438e-03	7.241652e-03	8.015962e-03	8.239730e-03	-2.233568e-02	-3.427915e-03	1.609392e-02	-2.070961e-02	2.230199e-02	-9.243775e-04	-3.522271e-03	-1.923401e-02	-1.315328e-02	-9.193226e-03	1.429825e-03	-7.054887e-03	2.304528e-02	1.319960e-02	3.773361e-02	-6.112053e-03	1.322339e-02	1.243981e-02	-8.910072e-03	1.893120e-02	-1.512291e-02	-8.929848e-03	1.030290e-02	1.808516e-02	-8.917539e-03	-2.546838e-02	4.047693e-03	2.395589e-03	-3.698270e-03	-7.749960e-03	1.734623e-02	-1.902585e-02	-9.663341e-03	-2.048728e-02	9.326164e-04
