-6.996114e-01	-8.554322e-01	2.462302e+00	7.871549e-01	-3.205574e-01	8.328564e-01	8.406017e-02	-2.890228e-01	2.036121e+00	-4.839899e-01	-1.375845e+00	-9.057726e-03	1.656720e-01	-5.653174e-01	1.201651e+00	3.268583e-01	9.841292e-02	-8.456532e-01	8.279448e-01	-1.388629e+00	1.661907e+00	1.614508e+00	1.861040e+00	-7.332401e-02	-5.230854e-01	1.748296e-01	2.522879e+00	5.942988e-01	2.225254e+00	3.250824e+00	1.494374e-02	-6.124911e-01	8.746294e-01	1.699064e+00	5.351199e-01	2.325779e+00	-1.078940e-01	1.726524e+00	3.148601e+00	-4.375628e-01
9.449436e-01	9.874653e-01	-1.487551e+00	7.562747e-01	1.865063e+00	1.703105e+00	1.740817e+00	4.307191e-01	1.690707e+00	1.466411e+00	6.913117e-01	7.696129e-01	2.542105e+00	-1.806432e+00	1.225006e+00	2.615171e+00	2.322350e+00	-1.414934e+00	-2.473176e-01	6.142188e-01	2.838804e-01	2.797858e-01	1.020565e+00	-2.736935e+00	7.526882e-01	-9.197253e-01	9.277141e-01	1.308230e+00	1.533705e-01	-6.016986e-01	3.277291e+00	-2.191822e-03	1.645212e+00	-5.402811e-01	2.125367e+00	-2.066201e+00	1.048439e+00	-1.163656e-01	2.382741e+00	1.439834e+00
8.214447e-01	2.765658e+00	1.575844e+00	5.876862e-01	-6.312927e-02	1.104791e+00	5.076846e-02	1.841388e+00	-1.142771e-01	1.080667e+00	9.009725e-02	1.130615e-01	5.905746e-02	-1.336015e+00	1.362577e+00	1.872268e+00	4.694774e-01	-7.106493e-01	-1.725305e-01	3.846273e-01	7.260276e-01	-2.978223e-01	7.594502e-01	9.072017e-01	-1.857068e-01	-2.917708e-02	4.266639e+00	8.583384e-02	1.977083e+00	2.876028e+00	-2.131402e-01	7.703708e-01	1.886099e+00	2.532935e+00	1.358025e+00	1.367278e+00	1.302705e+00	-5.703580e-01	4.034214e+00	1.345771e+00
2.541605e+00	2.778288e+00	-8.218231e-01	1.937801e+00	1.474524e+00	1.238576e+00	1.662164e+00	1.439222e+00	-2.954481e-02	2.377528e+00	-4.049816e-01	6.404244e-01	1.040105e+00	1.914586e+00	1.191532e+00	-1.223575e+00	1.518955e+00	-1.005020e+00	4.415200e-01	-1.548620e+00	1.065696e+00	6.246589e-01	6.053243e-01	1.277180e+00	-8.293697e-01	9.437350e-01	4.131791e+00	-8.731003e-01	9.883658e-01	1.916640e+00	1.149225e+00	8.147437e-01	2.806488e+00	1.914575e+00	1.982944e+00	1.633270e+00	-2.982358e-01	-2.124972e+00	-2.679295e-01	5.120523e+00
8.151987e-01	-1.575553e-01	-6.674683e-01	4.086584e-01	7.411826e-01	8.547639e-01	1.422743e+00	-3.503183e-01	1.022043e+00	2.022862e+00	9.484445e-01	-9.369816e-01	4.102769e-01	1.980480e-01	-5.007644e-01	2.237687e+00	6.888875e-01	6.618489e-01	-8.587515e-01	1.302690e+00	-2.802984e-01	-1.515318e-01	2.772104e+00	-9.122614e-01	-1.341390e+00	5.652936e-02	1.828559e+00	-1.924482e-01	1.412677e+00	1.601239e+00	3.517639e+00	3.915750e-01	1.556386e+00	2.474854e+00	1.301565e+00	-4.580933e-01	1.102357e+00	1.474439e+00	2.639221e+00	2.025049e+00
1.441079e-01	1.496513e+00	-1.675069e+00	1.022881e+00	9.108226e-01	1.173951e+00	8.567415e-03	1.611311e+00	4.160886e-01	5.514854e-01	2.364162e+00	-5.031836e-01	5.952587e-01	9.176680e-01	1.683068e+00	1.060479e+00	4.803579e-01	-3.723063e-01	-4.064183e-01	1.380758e+00	6.745153e-01	4.395594e-01	8.210236e-01	4.525314e-02	4.091764e-01	1.005342e+00	2.899219e+00	1.403540e+00	6.529659e-01	-1.454992e-01	1.714707e+00	-1.362782e+00	2.268672e+00	2.078730e+00	2.883217e+00	-1.628181e+00	3.271853e-01	7.841643e-01	1.066728e+00	3.422070e+00
1.225756e+00	3.150335e+00	6.676921e-01	1.271790e+00	-4.092893e-01	1.932303e+00	1.449677e+00	1.661793e+00	-4.193658e-01	2.481364e+00	1.282982e+00	-8.922925e-01	-1.069899e-01	-9.729421e-01	1.058344e+00	1.303977e+00	2.293715e+00	-1.764747e+00	-4.463847e-01	3.780227e-01	3.642283e-01	6.442073e-01	5.772550e-01	-4.745980e-01	6.732717e-01	5.353874e-01	2.492451e+00	1.295547e+00	5.240854e-01	1.409332e+00	4.557402e-01	6.398320e-01	2.909877e+00	1.175233e+00	1.111765e+00	1.316670e+00	7.557290e-01	-2.806631e-01	3.760840e+00	3.140619e+00
1.002712e+00	-1.079325e+00	3.045491e+00	-6.436851e-01	1.757813e+00	3.732304e+00	3.040203e+00	-4.931882e-01	1.795710e+00	1.467531e+00	1.037176e+00	7.198130e-01	-1.554818e+00	2.732039e+00	2.554665e+00	-3.067188e+00	2.581984e+00	-1.033741e+00	4.192801e-01	-3.175405e-01	-5.157787e-01	3.543167e-01	3.217142e+00	2.479752e+00	-2.415224e-01	1.907515e+00	1.678583e+00	8.676202e-01	3.287102e-01	4.052485e-01	1.957573e-01	1.766917e+00	1.447369e+00	-1.274989e+00	-1.956791e+00	8.425193e-01	-9.181159e-01	3.427709e+00	-3.221244e+00	4.907631e+00
-2.254797e+00	-2.090246e+00	6.859777e-01	-3.204359e-01	1.851356e+00	-9.903677e-01	1.207913e+00	-1.746370e-01	6.932052e-01	-9.341466e-01	-9.834868e-01	2.868972e+00	-4.802296e-02	6.628285e-01	-1.308767e-01	1.918672e+00	-1.094989e+00	-1.135977e+00	1.184655e+00	-6.255464e-01	7.464237e-01	1.009722e+00	-3.345789e-01	-1.303879e+00	3.310166e-01	4.026693e-01	3.300720e-01	2.375212e+00	2.429784e+00	2.052751e+00	2.451385e+00	-2.221114e-02	-3.324042e+00	-2.517269e+00	-2.862025e-01	-3.485182e-01	-1.511579e+00	3.807371e+00	-8.495111e-01	-1.964794e+00
-1.950842e+00	2.258603e+00	4.225005e+00	3.487386e-01	-5.059416e-02	4.128195e+00	2.492056e-01	-1.692126e-01	-5.568717e-01	8.266940e-01	5.026206e-01	-1.444852e+00	-1.681743e-01	-6.511269e-01	1.201680e+00	-2.109222e-02	1.347101e+00	-6.496725e-01	9.311132e-01	1.509747e-01	-3.096108e-02	-7.302378e-01	2.949252e+00	2.404245e+00	-7.700986e-01	1.619263e+00	3.489708e+00	-5.518702e-01	5.773601e-01	1.207788e+00	-3.028716e+00	8.835878e-01	2.147275e+00	2.390196e+00	-8.150587e-01	1.585172e+00	9.677367e-01	2.242057e+00	4.062220e+00	3.247394e+00
2.190400e+00	-7.045411e-01	-1.161964e+00	1.270590e+00	1.248198e-01	8.874470e-01	-1.079894e+00	-7.721948e-01	1.438682e+00	-8.093309e-01	-1.018698e+00	4.784865e-01	1.780338e+00	1.055571e+00	1.113294e+00	-5.441346e-01	2.386797e+00	-1.286336e+00	1.924385e-02	1.471766e-01	9.818665e-01	1.890954e+00	1.385198e+00	-3.340619e+00	9.220628e-01	2.160039e+00	7.628234e-01	-8.911008e-01	2.747680e-01	-9.025893e-01	1.218362e+00	4.217398e-01	1.924583e+00	2.070693e+00	7.186257e-01	-2.328579e+00	9.281309e-01	-4.233703e-01	3.549741e+00	7.373081e-01
1.979726e+00	8.775413e-01	-4.588866e-01	1.003673e+00	4.601441e-01	5.848710e-01	8.542709e-01	-6.310605e-02	9.806819e-01	-4.043119e-01	1.384101e+00	5.642800e-01	1.120402e-01	-7.082952e-02	8.876047e-01	9.889194e-01	1.358345e-01	-4.653309e-01	-5.727270e-01	-4.837100e-01	1.398773e+00	8.404592e-01	1.282519e+00	-1.407798e+00	4.557901e-01	8.213653e-01	2.459972e+00	6.391974e-01	1.434067e+00	1.696312e-01	1.296220e+00	1.005017e+00	2.783108e+00	1.923567e+00	2.627766e+00	2.734316e-01	1.127221e+00	8.922913e-03	1.929813e+00	1.632907e+00
5.160629e-01	2.897354e+00	5.530644e-01	8.288108e-01	-7.943883e-01	1.328010e+00	2.029773e+00	9.320940e-01	-5.798437e-01	2.221739e+00	1.528071e+00	-4.849280e-01	8.589123e-02	-1.300227e+00	9.333958e-01	1.687995e+00	2.075293e+00	-6.922213e-01	-1.198305e+00	1.046770e+00	2.997858e-01	2.957562e-01	1.245101e+00	-9.993519e-01	4.679610e-01	-2.464792e-01	1.915927e+00	2.291104e+00	2.554209e-01	6.590207e-01	1.604873e+00	6.988810e-01	1.682141e+00	9.330101e-01	1.146415e+00	9.176143e-01	1.613663e+00	-7.967572e-02	3.679462e+00	1.785283e+00
2.940092e+00	4.778769e-01	-8.141084e-01	1.170714e+00	8.621538e-01	1.643399e+00	9.599611e-01	7.631463e-01	1.769741e-01	-8.944778e-01	1.198709e+00	1.207594e+00	-1.622164e+00	1.472703e+00	1.971190e+00	-1.705997e+00	4.149159e+00	-2.575092e+00	-1.023887e-01	6.159599e-01	1.027924e+00	3.743874e-01	1.917472e+00	-2.442318e+00	2.453386e+00	-1.569448e-01	5.893008e-01	1.504760e+00	-9.957295e-01	9.575056e-01	1.385050e+00	6.026288e-01	-1.112795e+00	-8.756962e-01	2.066415e-01	2.657609e-01	-1.408040e+00	-4.539185e-01	1.093661e+00	2.680649e+00
-1.845987e+00	1.775740e+00	7.066113e-01	1.505004e+00	3.643377e-01	1.123838e+00	3.297900e+00	-3.168535e-01	-2.771426e-01	1.339972e+00	3.945095e+00	1.018984e+00	5.085423e-01	-9.125814e-01	3.045661e-01	4.312881e-01	7.053595e-01	9.820991e-01	-1.995535e+00	-1.068302e-02	1.179976e+00	2.681706e+00	1.709700e+00	-1.403378e+00	4.259233e-01	-1.387936e+00	9.722136e-01	3.880199e+00	2.116299e-01	9.328506e-01	2.049022e+00	2.732886e+00	-1.346428e+00	9.847898e-01	8.777478e-01	1.487012e+00	1.075846e+00	1.075789e+00	5.330799e-01	1.802229e+00
-2.642217e-01	-6.903117e-01	-2.793714e-01	4.862161e-01	1.898070e+00	2.046740e+00	-2.499060e-02	-7.234097e-01	9.243697e-01	-9.156551e-01	4.732331e-01	6.644107e-01	-5.432527e-01	3.110780e-01	2.301943e+00	9.287526e-01	4.298670e-01	1.114524e-01	1.510926e-01	-7.128651e-01	1.364391e+00	-2.130511e+00	2.591191e+00	-1.970309e+00	1.077523e+00	1.178342e-01	1.239126e+00	8.451859e-01	1.135676e+00	-4.541240e-02	1.934203e+00	-2.926621e-01	7.570134e-01	2.826857e-01	1.958630e+00	-4.490227e-01	1.707892e+00	3.288414e+00	3.132131e+00	6.321754e-01
1.594778e+00	-6.416274e-01	-3.251260e-01	9.861553e-02	2.180129e+00	3.592799e-01	5.636036e-02	-6.541492e-02	9.106313e-01	-7.340314e-01	1.820118e+00	9.697748e-01	-2.400738e-01	-3.831735e-01	1.390979e+00	5.311048e-01	1.066893e+00	-1.884378e-02	2.408807e-01	-7.483679e-01	1.844964e+00	-2.594632e-01	9.348756e-01	-1.759063e+00	1.195874e+00	5.380277e-01	2.336402e+00	1.413935e+00	1.376253e+00	1.454135e+00	5.809187e-01	6.817627e-02	8.806928e-01	1.652746e+00	2.764218e+00	-7.364583e-01	9.461524e-01	8.026808e-01	3.133463e+00	1.932138e-01
-1.095486e+00	-2.374882e+00	1.847550e+00	1.022433e+00	2.495663e+00	4.937772e-01	1.425478e+00	1.537607e+00	-1.234737e-01	8.283270e-01	-5.893924e-01	3.523088e+00	4.249742e-01	-7.622583e-01	9.232500e-01	-7.169226e-01	6.222392e-01	-2.364357e+00	1.879726e+00	4.918978e-02	1.592898e+00	7.296385e-01	6.388287e-01	6.859524e-01	-3.646658e-01	3.846108e-01	7.184626e-02	1.705763e+00	2.515626e+00	3.272741e+00	-3.626848e-01	2.438930e+00	-1.409890e+00	-1.861895e+00	-1.013672e+00	8.948056e-01	-2.850809e+00	1.972365e+00	-2.653967e-01	-1.302339e+00
1.770920e+00	7.889347e-01	8.531178e-01	1.995528e+00	1.805696e+00	2.712520e+00	2.448238e+00	2.222267e+00	5.463235e-01	3.288866e+00	2.348716e+00	-3.066868e-01	-1.478679e-01	2.756341e+00	3.919620e+00	-1.083186e+00	1.991677e+00	-1.503982e+00	-5.341276e-01	4.585187e-01	1.721284e+00	-7.907163e-01	1.427215e+00	4.865211e+00	-3.772607e-01	1.461991e+00	1.680479e+00	1.651119e+00	2.135995e+00	2.163086e+00	-7.064679e-01	2.033186e+00	3.085299e+00	-1.666739e-01	-1.097934e+00	2.378357e+00	-2.371963e+00	1.614598e+00	-3.375048e+00	5.062347e+00
2.175843e+00	-1.094790e+00	1.331780e+00	9.222748e-01	2.212674e+00	2.486740e+00	3.134566e+00	-1.083782e-01	1.523304e-01	2.368235e+00	1.793532e+00	2.284985e+00	-9.890382e-01	1.941371e+00	2.852474e+00	-1.608695e+00	1.427527e+00	2.392757e-01	-1.124797e+00	-3.529675e-01	1.468437e+00	-2.528353e-01	2.803870e+00	3.460342e+00	-2.231446e-01	-3.236958e-02	1.669890e+00	4.071979e-01	1.996862e+00	1.742660e+00	6.604451e-01	1.556106e+00	3.283960e-01	3.832579e-01	-3.327692e-01	1.757723e+00	-5.985699e-01	1.758034e+00	-4.184180e+00	3.368014e+00
2.800143e+00	-8.201444e-01	-1.707592e+00	2.474931e-01	1.761190e+00	2.000148e+00	3.121397e+00	-2.753171e-01	2.215382e+00	2.546056e+00	1.954561e+00	3.075727e-01	8.574047e-02	8.632040e-01	-4.920087e-01	4.469196e-01	1.787118e+00	-7.577659e-01	-6.466723e-01	7.448406e-01	-7.532631e-01	1.478494e+00	3.202350e+00	-2.048264e+00	-1.959521e+00	4.981612e-01	1.314318e+00	-2.999555e-01	1.189557e+00	9.365573e-01	4.447899e+00	-6.141998e-01	2.851836e+00	1.767346e+00	2.635278e+00	-1.637257e+00	-2.109787e-01	2.711623e+00	1.563165e+00	4.635561e+00
9.254653e-01	-4.064442e-01	3.236180e-01	2.225722e-01	1.075685e+00	5.974469e-01	7.702807e-01	7.757800e-01	5.422014e-01	-4.144094e-01	1.431183e+00	1.973272e+00	-1.880913e-01	-8.710896e-01	7.356889e-01	2.976396e+00	-1.617164e-01	-7.221307e-01	-5.626158e-01	5.894217e-01	2.049134e-01	6.218458e-01	2.676754e+00	-2.755945e+00	-1.270510e-01	1.603016e-01	1.711030e+00	1.112083e+00	7.171279e-01	-6.172206e-01	2.643883e+00	-9.215553e-02	1.615360e+00	9.816675e-01	2.194004e+00	-1.042443e+00	1.363277e+00	1.876101e+00	1.770634e+00	2.990875e-01
-2.948423e-01	-4.701856e-01	-7.082711e-01	1.856616e+00	3.333011e-02	3.320347e-01	2.124189e+00	2.437409e-01	5.681276e-01	1.875931e-01	2.365844e-01	3.158573e+00	9.242018e-01	3.929034e-01	-1.992559e+00	1.143249e+00	3.065391e-01	-7.838874e-01	1.165641e+00	-4.159812e-01	8.711541e-01	2.994025e+00	1.523983e+00	-3.582766e+00	-1.116917e+00	-1.262398e+00	2.243904e-01	9.240823e-01	2.425035e+00	5.090141e-01	8.027179e-01	4.648054e-01	-2.011877e-01	5.974345e-01	3.428416e+00	2.328176e-01	-3.192137e-01	8.074297e-01	2.688513e+00	-3.228070e-01
-1.102457e+00	1.401676e+00	5.550204e-01	9.375519e-01	1.611592e+00	5.288473e-01	4.045444e-01	-6.386667e-02	1.451823e+00	-8.651214e-01	1.300295e+00	-3.415557e-02	6.951890e-02	-1.437036e+00	6.819862e-01	3.214241e-01	1.714372e+00	7.153688e-01	-6.286610e-01	-1.067163e-01	-2.065026e-01	1.507583e+00	1.020985e+00	-1.985449e+00	1.680291e+00	-3.761182e-01	2.418349e+00	1.241351e+00	1.478939e+00	9.997652e-01	3.319414e-01	2.160106e+00	-5.719111e-01	1.149248e+00	1.538067e+00	1.035303e+00	2.326183e+00	6.381335e-01	2.574439e+00	9.058871e-01
-8.629488e-01	3.533692e-02	-6.370242e-01	1.560521e+00	-1.028239e+00	1.984234e+00	1.925546e+00	8.528044e-01	3.062100e-01	1.379511e+00	2.995596e+00	7.254766e-01	2.204544e-01	5.882760e-01	1.378820e+00	2.608005e+00	-5.034289e-01	4.252795e-01	-2.900369e-01	1.425133e+00	1.546658e+00	1.315724e-01	2.098109e+00	1.751259e+00	-8.099438e-01	1.353278e+00	9.829097e-01	2.546911e+00	1.562806e+00	-9.109022e-01	2.066491e+00	2.183765e-01	2.556273e+00	1.057697e+00	2.046326e+00	2.872429e-01	5.494508e-01	1.869350e+00	-3.977077e-01	1.546027e+00
4.108463e+00	-1.486030e-02	-2.013766e+00	2.126582e-01	-2.697964e-01	1.047149e+00	-3.218394e-01	8.484996e-01	7.619341e-01	2.275393e+00	1.664241e+00	2.046210e+00	-1.222810e-01	1.641544e+00	1.169714e+00	3.160884e+00	-6.261748e-01	-1.278354e+00	-2.150906e+00	2.831539e-01	7.471767e-01	-5.743586e-01	2.102983e+00	-3.281358e+00	6.822392e-02	4.584461e-01	8.802559e-01	-1.359787e-01	2.885902e-01	3.039508e-01	4.392736e+00	-1.696524e+00	3.449114e+00	1.547105e+00	1.698694e+00	-1.177581e+00	7.303488e-01	2.061765e+00	1.559601e+00	3.780461e+00
-8.370660e-01	1.402150e+00	9.462737e-03	1.152622e+00	1.107800e+00	7.347753e-01	1.100558e+00	1.819785e+00	2.289651e-02	5.797506e-01	3.635894e+00	-4.278554e-01	-3.968145e-01	1.603151e+00	2.565046e+00	3.536745e+00	-1.101647e+00	-3.601005e-01	-1.569105e+00	1.518603e+00	1.623956e+00	-4.069761e-01	2.765976e+00	-3.518141e-01	-6.240941e-01	-2.867013e-03	1.821625e+00	2.703156e+00	1.251905e+00	-2.942359e-01	2.450652e+00	1.527568e-01	2.557595e+00	1.911393e+00	1.842700e+00	3.271502e-02	3.758642e-01	3.444426e+00	-3.396554e-01	2.547620e+00
-1.596591e-01	-7.086866e-01	1.677939e+00	2.909796e-01	8.294878e-01	6.567335e-01	1.545478e+00	1.025510e+00	6.941127e-01	7.703296e-01	-3.074122e-01	3.343835e+00	1.100967e+00	-8.670300e-01	9.960006e-01	1.888754e+00	-1.559746e+00	-2.311353e+00	-6.482998e-01	-1.563547e-01	1.696600e+00	2.584442e+00	1.538109e+00	-9.469133e-01	-8.737807e-01	-1.659307e-01	1.091281e+00	1.450904e+00	1.758513e+00	1.149378e+00	1.858342e+00	2.125010e-01	2.712598e-01	-2.415734e-01	3.873617e-01	-4.785609e-01	-9.873474e-01	2.580729e+00	-4.698026e-01	-1.806521e-01
-8.658347e-01	-1.234718e+00	1.125342e-01	-1.324465e+00	3.001532e+00	1.497511e+00	1.671922e+00	-2.589665e+00	1.447271e+00	4.442885e-01	9.885024e-01	2.529299e+00	1.322745e+00	6.655761e-01	-1.822263e+00	-9.207767e-01	2.173396e+00	-1.531230e+00	8.704655e-02	4.289803e-01	-8.193411e-01	2.406727e+00	8.319187e-01	-2.779810e+00	2.867293e-01	1.079683e+00	-1.894990e+00	3.110987e+00	-4.485499e-01	-1.140292e+00	1.923614e+00	9.797110e-01	-2.909217e+00	-2.647034e+00	-1.181075e+00	-3.258952e+00	-9.509549e-01	3.508552e+00	-6.891097e-01	1.068706e+00
1.284595e+00	-1.105751e+00	-5.271729e-01	2.271680e-01	1.642385e+00	-2.792081e-02	1.047497e+00	9.984595e-01	1.094869e+00	6.946673e-01	3.113963e+00	2.060327e+00	-4.175211e-01	1.904315e-01	1.854401e+00	1.301078e+00	-3.976264e-02	1.408672e+00	-8.538091e-01	-1.530433e-01	1.489957e+00	-7.133315e-01	1.116748e+00	-6.801879e-01	1.979102e+00	-3.244461e-01	6.505036e-01	1.885830e+00	1.332012e+00	7.837775e-01	1.669631e+00	6.935695e-01	5.156530e-01	6.425151e-01	2.053748e+00	-3.211557e-02	1.825378e+00	2.349936e+00	2.720067e-01	7.762077e-01
4.399002e+00	2.898223e-01	-2.513969e+00	-3.313616e+00	-5.459247e-01	1.453761e-01	4.688234e+00	7.540452e-01	6.748548e-01	-1.206156e+00	1.671388e+00	1.294277e+00	4.478228e-01	1.750849e+00	3.098954e-01	3.195945e-02	-1.304059e+00	-2.155309e+00	-6.875601e-01	1.084797e+00	1.944040e-01	-2.455934e+00	4.914593e-01	-2.169730e+00	1.219707e+00	-4.317913e+00	2.728682e-01	1.263716e+00	-9.128881e-01	-4.423589e+00	2.264078e+00	-4.061765e+00	-2.127560e+00	1.083825e+00	-4.170765e+00	1.917194e+00	-6.833586e-02	1.439144e+00	-4.368359e+00	2.562990e+00
5.130291e-01	1.140517e+00	-1.996510e+00	-1.206053e-01	1.336062e+00	3.299467e+00	2.137487e+00	-1.656425e+00	9.922472e-01	2.831968e+00	4.194811e+00	3.260030e-02	1.693677e+00	2.004756e+00	3.574810e-01	-1.100889e+00	1.111055e+00	7.905448e-01	-1.298318e+00	-7.896620e-01	1.244140e+00	1.467024e+00	1.039612e+00	1.230020e+00	2.874398e-01	8.829293e-01	3.647370e-01	3.325605e+00	4.531343e-01	-7.061961e-01	2.557883e+00	1.726312e+00	2.314401e+00	9.864743e-01	2.198415e+00	-2.785578e-01	7.319521e-01	2.227008e-01	-1.824083e+00	4.206568e+00
-7.519372e-01	2.040559e+00	-2.674136e-01	1.307707e-01	-1.387857e+00	1.198452e+00	1.791623e+00	1.198282e+00	4.712676e-01	-7.625131e-01	-2.897145e-01	-6.830006e-01	9.515982e-01	-6.491023e-01	1.730034e-01	9.182787e-02	1.851358e+00	-2.201240e+00	7.453264e-02	8.620833e-01	-1.660180e-01	2.900926e+00	1.439741e+00	-4.088096e+00	1.740492e+00	5.564013e-01	1.706962e+00	2.212475e+00	-1.205300e+00	-1.158897e+00	1.778683e+00	-1.057177e-01	3.621946e-01	-2.270062e-01	8.259139e-01	-8.257546e-01	8.090539e-01	1.135757e+00	4.488274e+00	2.056484e+00
2.817599e+00	8.637183e-01	5.292716e-01	-8.709378e-01	1.318063e+00	1.507884e+00	1.680428e+00	-4.481261e-01	1.268187e+00	6.993604e-01	-2.923410e-01	1.193842e+00	5.345471e-01	-1.315714e+00	3.511368e-01	2.089912e+00	1.626962e+00	-1.595973e+00	-7.196552e-01	-5.935124e-01	8.781268e-01	9.893210e-01	8.980044e-01	-1.801962e+00	8.461114e-01	-8.175751e-01	1.898054e+00	5.668698e-01	1.428292e+00	6.618222e-01	1.877503e+00	1.474815e+00	8.509156e-01	2.741684e-01	1.167482e+00	-2.455035e-01	2.375203e+00	-6.049602e-01	2.692013e+00	-4.105567e-01
-4.590751e-01	1.998856e+00	4.900851e-01	1.522746e+00	-9.879510e-01	1.448041e+00	8.375892e-01	9.848523e-01	7.505686e-01	-5.842621e-02	-1.546745e+00	-1.374666e-01	1.309921e+00	-2.506086e+00	1.719234e+00	3.353716e-01	2.989394e+00	-9.580882e-01	-6.976513e-01	3.234032e-01	1.975232e-01	2.275307e+00	1.705903e+00	-2.710113e+00	1.760077e+00	-2.708617e-01	2.212173e+00	1.194899e+00	-1.659902e-01	9.495626e-01	2.118974e+00	1.509039e-01	-2.175646e-01	8.939003e-02	3.762546e-01	1.596700e-02	1.461488e+00	-1.710265e-01	5.055840e+00	1.022839e+00
-3.290667e-01	1.540804e+00	2.742770e+00	2.004176e+00	4.005139e-01	1.657835e+00	-9.847242e-02	4.152819e-01	5.046910e-02	4.798103e-01	9.954820e-01	-1.670475e-01	-9.080812e-01	1.040175e+00	2.979984e+00	1.623539e+00	7.879792e-01	7.219991e-02	6.476487e-01	9.642953e-01	4.497629e-01	-2.228564e+00	2.154080e+00	2.740283e+00	-2.106023e+00	3.201220e+00	3.942741e+00	2.119265e-01	2.778476e+00	7.529477e-01	-8.939774e-01	1.724558e+00	3.696384e+00	2.138266e+00	-5.500908e-01	2.349036e+00	-1.068080e-01	8.925513e-01	4.713039e-01	3.030867e+00
-1.363539e+00	9.182180e-01	2.054754e+00	1.673105e+00	-8.280287e-01	2.252694e+00	2.564272e+00	-9.170646e-01	1.192830e+00	1.378360e+00	1.163069e+00	1.314611e+00	5.007924e-01	7.857833e-01	1.765904e+00	1.045288e-01	-1.395503e-01	7.347231e-01	-6.154851e-01	-7.202568e-01	5.551768e-01	1.250081e+00	2.921754e+00	1.499812e+00	-1.813459e+00	9.096245e-01	2.484495e+00	1.266742e+00	3.325103e-01	-6.571628e-01	2.135553e+00	-2.445617e-01	2.019794e+00	1.151983e+00	1.256050e+00	1.474619e+00	5.847939e-01	2.039265e+00	-1.915925e+00	3.399284e+00
-4.788589e-01	3.324074e+00	-3.137508e+00	1.453016e+00	2.107639e-01	-1.347415e-02	1.774464e+00	8.874226e-01	-6.915987e-01	-4.176782e-01	4.416092e-01	-3.000486e-01	3.070976e-01	4.037912e-02	-3.909075e-01	2.032402e+00	1.180192e+00	-4.694116e-01	-1.058410e+00	1.667241e+00	1.080352e+00	3.057433e+00	1.682939e+00	-3.510267e+00	1.285873e+00	-8.546715e-01	1.033830e+00	1.218743e+00	-1.082516e+00	-5.699820e-01	5.108687e+00	2.345704e+00	-1.397308e+00	2.626679e-01	4.029575e-01	1.357421e+00	1.717761e+00	-2.534437e+00	1.343193e+00	1.692238e+00
-1.369937e+00	1.322040e+00	-7.143874e-01	1.605913e+00	-2.495678e+00	2.764118e+00	1.805794e+00	-1.874595e+00	5.018082e-01	3.480214e-01	1.876295e+00	2.470345e+00	-8.775300e-01	1.645050e+00	-2.148062e-01	-3.208415e-01	5.498557e-01	1.674386e+00	-7.717879e-01	7.027604e-01	5.569065e-02	2.403989e+00	1.977508e+00	6.787807e-01	-7.780410e-01	1.547987e+00	1.073706e+00	1.899768e+00	2.749005e-01	-1.783085e+00	3.303878e+00	1.014913e+00	-2.477025e-01	9.773611e-01	2.099674e+00	5.026468e-01	1.465466e+00	1.584786e-01	-9.717243e-01	2.574874e+00
2.983297e+00	-1.023628e+00	-1.185938e+00	3.465322e-01	-1.692072e-01	-9.788293e-01	-6.734279e-01	4.216441e-01	2.040116e+00	1.915297e+00	-2.282909e-01	1.996550e+00	-6.794023e-01	1.158265e+00	2.234057e+00	3.215162e+00	3.354412e-01	-1.498939e+00	-2.477900e+00	6.187028e-01	3.080577e-01	5.435325e-01	7.007835e-01	-3.891575e+00	-5.428588e-01	2.961414e-01	1.116762e-01	6.098727e-01	2.009808e+00	1.342283e+00	4.988153e+00	-2.088283e+00	2.877337e+00	-1.834089e-01	6.089467e-01	-2.109775e+00	-9.237646e-01	3.604321e+00	1.127109e+00	1.418141e+00
8.260427e-01	1.388740e+00	1.071873e-01	1.064008e+00	1.560230e+00	1.409037e+00	3.582767e-01	-1.322841e+00	1.172827e+00	-6.558278e-01	8.367202e-01	4.411857e-01	-5.948136e-01	1.327667e-01	1.513310e+00	7.911086e-01	2.133373e+00	-6.956328e-02	-2.902854e-01	-2.999146e-01	8.870464e-01	-6.920088e-01	9.845180e-01	-1.490995e+00	7.645166e-01	9.180755e-01	9.052089e-01	7.002777e-01	1.454900e+00	-4.332680e-01	8.905663e-01	1.306185e+00	1.210202e+00	3.661003e-02	1.406381e+00	3.186234e-01	1.699148e+00	9.507727e-01	2.709509e+00	1.139068e+00
3.854085e-01	-6.729632e-01	1.978309e+00	6.100812e-01	1.895848e+00	3.519414e+00	2.404528e+00	-1.488670e+00	5.338207e-01	3.343942e+00	1.471250e-01	3.558851e+00	-7.011286e-01	2.889247e+00	-1.422415e-01	-2.980503e+00	6.282552e-01	1.108948e+00	7.722752e-01	-2.396665e+00	9.799239e-01	-1.466104e-01	1.255037e+00	4.360842e+00	-1.128784e+00	1.074618e+00	-1.133444e-01	-7.288548e-01	1.637468e+00	2.209189e+00	6.924169e-01	1.022580e+00	-7.445524e-01	3.383800e-01	1.300550e-02	2.741918e+00	-4.460246e-01	2.213857e+00	-3.099454e+00	2.830057e+00
2.395447e+00	2.084960e+00	1.828447e+00	-8.206614e-03	8.538228e-02	1.329361e+00	-7.422732e-01	2.015196e+00	-1.297298e-01	8.853845e-01	-5.195626e-02	3.532937e-01	-9.552292e-01	-1.503311e+00	2.359253e+00	9.077674e-01	1.797751e+00	-1.963959e+00	-3.767156e-01	2.680680e-01	7.026685e-01	-2.344363e-01	6.227690e-01	-1.021601e+00	9.110456e-01	5.236611e-01	2.915849e+00	3.298019e-01	1.662263e+00	2.563737e+00	-4.603812e-01	5.932646e-01	2.938604e+00	1.960667e+00	8.125037e-01	8.338397e-01	1.100752e+00	-6.696490e-01	5.100801e+00	1.080378e+00
4.200388e-01	3.063343e+00	-5.357062e-01	8.029799e-01	-6.519518e-01	2.470374e+00	3.205089e+00	-6.981117e-01	2.576709e-01	2.798659e+00	1.494783e+00	-7.212964e-01	1.477610e+00	3.501498e-01	-4.319065e-02	8.816492e-01	2.314270e+00	-1.360851e+00	-1.635146e+00	9.915095e-02	7.893340e-01	1.822427e+00	1.611574e+00	-1.435683e+00	-1.660314e-01	-4.136385e-01	-1.426480e-01	3.209699e+00	1.636323e-01	-5.423991e-01	2.380231e+00	2.236677e+00	2.172932e+00	-6.768158e-01	7.985224e-01	8.611430e-01	3.854672e-01	-2.322531e-01	1.561635e+00	2.383368e+00
-9.675742e-01	9.842370e-01	-8.497930e-01	1.407106e+00	5.104703e-01	2.024973e+00	1.963186e+00	-1.525291e+00	-7.781247e-01	-8.130056e-02	2.971797e+00	3.796269e+00	7.567599e-01	3.750774e-01	-1.390189e+00	7.600290e-01	-5.168265e-01	6.543455e-01	1.033505e-01	4.539690e-01	-2.478321e-02	2.488385e+00	4.349954e+00	-3.573388e+00	-8.812714e-01	-2.087064e+00	-3.017210e-01	4.938156e-01	5.043211e-01	-3.516312e-01	1.952083e+00	1.914900e+00	-2.557528e+00	1.413531e+00	1.876692e+00	3.975048e-01	8.910000e-01	1.202365e+00	1.074479e-01	1.645419e+00
1.800873e+00	1.734922e+00	-1.779847e+00	1.954731e+00	-5.077595e-01	1.604040e+00	2.050472e+00	-1.423624e-02	5.209202e-01	1.882936e+00	6.374325e-01	1.213592e+00	1.177882e+00	1.092440e+00	8.255186e-01	3.523827e-01	1.122359e+00	2.734758e-02	-7.335864e-01	-3.196611e-01	1.474379e+00	1.315783e+00	1.080107e+00	-2.272678e-01	1.887915e-01	2.764159e-01	2.624421e-01	1.642491e+00	8.096914e-01	-4.076137e-01	2.791063e+00	1.716385e+00	2.004724e+00	1.229890e-01	1.641769e+00	1.606744e+00	6.935652e-01	-2.009406e+00	-2.292308e-01	1.647092e+00
1.331861e+00	-6.815643e-01	-2.291023e+00	3.632115e-01	2.362168e+00	1.541654e+00	7.093088e-01	-2.620901e-01	4.200555e-01	1.203411e+00	2.826502e+00	1.038910e+00	9.985759e-02	2.571942e-01	2.374716e+00	2.199577e+00	1.497379e-01	3.774589e-01	-3.347505e-01	3.327922e-01	2.089563e+00	-1.014873e+00	1.456646e+00	4.130893e-02	2.712909e-01	4.353591e-01	1.000422e+00	1.651176e+00	1.934228e+00	4.024588e-02	2.925082e+00	5.884705e-04	1.835110e+00	7.570580e-01	2.431050e+00	-3.889358e-01	1.414888e+00	1.376079e+00	1.146470e+00	8.163152e-01
-1.318807e+00	1.793656e+00	-2.421293e+00	1.666255e+00	-3.641435e-01	1.827667e+00	2.436100e+00	3.860369e-01	2.213929e-01	7.796275e-01	2.935337e+00	1.386568e-02	9.552467e-01	7.126895e-01	1.453265e+00	2.874999e+00	-3.497328e-01	-1.088720e+00	-4.619402e-01	1.177371e+00	2.162381e+00	1.023512e+00	2.198726e+00	-4.182785e-01	-1.466425e+00	5.280451e-01	1.163801e+00	3.238260e+00	4.042220e-01	-1.536458e+00	4.147655e+00	2.755764e-01	2.422980e+00	7.824386e-01	2.487466e+00	-4.143092e-01	1.460988e-01	1.457417e+00	5.597001e-01	2.485758e+00
1.463073e+00	-8.792113e-01	-2.946542e+00	1.687546e+00	1.169352e+00	1.166230e+00	-2.137250e-02	4.831997e-01	2.147359e+00	1.583724e+00	1.728622e+00	1.182368e+00	2.927535e+00	3.553052e-01	2.286002e+00	2.295139e+00	8.655896e-01	-2.316558e+00	-1.569439e+00	2.425126e+00	3.586743e-01	1.457950e+00	2.583587e+00	-3.532915e+00	-6.774330e-01	1.305212e+00	-9.681466e-01	1.552618e-01	-8.379431e-02	-2.007890e+00	4.375272e+00	-1.037236e+00	3.696946e+00	1.147594e+00	1.063060e+00	-4.830681e+00	-1.588550e+00	3.136550e+00	2.641320e-01	2.938291e+00
7.544453e-02	2.162818e+00	6.237665e-01	1.828685e+00	1.702569e-01	1.922775e-02	-1.340587e+00	2.382525e+00	-3.098763e-01	1.344283e+00	2.192854e-01	1.838002e+00	-1.259977e+00	-3.769510e-01	1.654823e+00	1.208905e+00	1.223121e+00	-1.660452e+00	4.136457e-01	2.738690e-01	1.693892e+00	-1.147980e+00	5.055960e-02	4.088133e-01	-4.195004e-01	-1.236833e+00	1.679751e+00	2.487909e+00	-4.967310e-01	1.910597e+00	-1.010045e-01	-2.837294e+00	1.278766e+00	7.930109e-01	2.844111e+00	5.692146e-01	-1.262732e+00	9.859355e-01	2.713958e+00	-4.342744e-01
-4.174363e-01	1.928025e+00	2.537448e+00	-9.447083e-01	1.672402e+00	3.643772e+00	3.794399e+00	-2.785309e+00	4.975088e-01	1.566661e+00	2.071881e+00	2.105331e+00	-3.813910e-01	1.714207e+00	-1.229167e+00	-3.221083e+00	1.995598e+00	4.036689e-02	-1.972577e+00	-4.508291e-02	-6.297327e-01	3.752365e+00	2.734202e+00	1.320979e+00	6.765098e-01	-3.925255e-01	1.700477e-01	1.671016e+00	-1.371957e+00	-9.176347e-01	7.233545e-01	1.186886e+00	-3.258505e+00	-6.460289e-01	-7.780179e-01	2.160815e-02	1.326695e+00	2.665493e+00	-3.662082e+00	4.898451e+00
-2.187659e+01	1.049061e+01	1.545708e+00	1.676915e+00	-1.005786e+01	-8.839317e+00	5.155040e-01	1.717412e+01	-2.269954e+00	7.934647e-01	4.516192e+00	-9.953477e+00	6.530197e-01	4.220890e+00	-9.705790e-01	1.886710e+01	-1.592345e+01	-2.787139e+00	-3.731846e+00	1.112037e+01	-2.661113e+00	8.966150e+00	1.241689e-01	9.740358e-01	-7.624717e+00	-1.187836e-01	7.877231e+00	1.216815e+01	-4.835003e+00	-3.692692e+00	8.550798e+00	-1.340629e+01	6.753110e+00	3.486902e+00	7.717853e-01	-2.576127e+00	-6.023242e+00	1.847316e+01	-6.374277e+00	7.754634e+00
1.897709e+00	7.914260e-01	3.057001e+00	7.470633e-01	2.825566e+00	2.641572e+00	2.863629e+00	-6.568952e-01	1.326639e+00	2.506810e+00	2.125128e+00	1.776750e+00	-1.853839e+00	2.494990e+00	2.952500e+00	-1.254726e+00	2.797801e+00	-2.395777e-01	-5.761715e-01	8.179187e-02	5.621427e-01	-1.411399e+00	2.468331e+00	4.493847e+00	-9.201792e-01	8.080061e-01	1.295807e+00	1.009263e+00	1.419852e+00	1.636879e+00	2.004023e-01	1.696926e+00	4.518290e-01	-1.002044e+00	-2.126293e+00	2.497909e+00	-1.315575e+00	1.855233e+00	-6.172467e+00	4.758384e+00
1.944574e+00	3.394920e-01	-2.252634e-01	1.159865e+00	1.102538e+00	5.829613e-01	-1.559952e+00	1.659042e+00	5.598660e-01	-2.526380e-01	8.405181e-01	9.704284e-01	-3.059526e-01	-1.313654e-01	3.403752e+00	2.071664e+00	-1.136131e-02	-1.381583e+00	7.112975e-02	1.007336e+00	1.485944e+00	-1.796309e+00	1.809790e+00	-1.177219e+00	4.120725e-02	8.035403e-01	1.882632e+00	3.730616e-01	1.309055e+00	9.567021e-01	1.412983e+00	-3.450491e-02	3.163028e+00	1.926534e+00	1.043246e+00	-4.116311e-01	1.010709e-01	7.678200e-01	2.265785e+00	7.861281e-01
1.730567e+00	5.328160e-01	7.115371e-01	1.190380e+00	7.781494e-01	-5.978096e-02	-1.915044e+00	2.619902e+00	5.145770e-01	2.102618e-01	4.306430e-02	1.047288e+00	-1.861656e-01	-5.264130e-01	3.329146e+00	1.098455e+00	3.973980e-01	-1.070410e+00	4.173365e-01	2.627121e-01	1.385129e+00	-9.909600e-01	1.020262e-01	1.206217e-01	5.032187e-01	8.790226e-01	3.156395e+00	3.006544e-01	2.387407e+00	2.923861e+00	-4.280484e-01	-2.414672e-01	2.581286e+00	2.770182e+00	1.574932e+00	6.470898e-02	-8.633258e-02	-1.459240e-01	3.252034e+00	4.444776e-01
4.615507e-01	1.351213e+00	1.585782e+00	1.602084e+00	1.466367e-01	1.626403e+00	1.199670e+00	1.388556e+00	-2.314984e-01	1.108111e+00	1.863351e+00	1.228674e-01	-1.476549e-01	5.993660e-01	2.159569e+00	1.610728e+00	-6.943113e-02	-3.561809e-02	-2.595559e-01	1.009641e+00	1.285407e+00	-7.525649e-01	2.518933e+00	1.406918e+00	-1.119955e+00	1.313824e+00	2.694343e+00	9.672588e-01	1.901221e+00	3.804535e-01	2.626743e-01	1.658409e+00	3.404467e+00	2.914343e+00	9.718984e-01	1.557253e+00	8.765603e-01	7.885689e-01	8.194586e-01	2.150965e+00
-1.629500e+00	-1.666065e-01	9.823030e-01	6.674237e-01	2.408318e+00	1.797992e+00	2.934044e+00	2.205906e+00	2.502481e-01	1.438821e+00	2.499330e+00	1.038110e+00	5.104652e-01	1.477611e+00	1.604566e+00	2.282108e+00	-6.539700e-01	-2.295411e-02	-7.236433e-01	1.341803e+00	1.276709e+00	-2.827180e-02	2.594358e+00	2.273171e+00	-9.562458e-01	2.764921e-01	2.042898e+00	2.361442e+00	3.174910e+00	-1.755479e-01	1.127524e+00	2.024261e+00	1.197788e+00	9.384705e-01	9.185417e-01	8.737497e-01	5.479713e-01	2.863027e+00	-2.334075e+00	1.873541e+00
-3.803519e-01	1.278287e+00	1.806845e+00	1.988145e+00	1.376588e+00	1.641722e+00	-6.013542e-01	2.110277e+00	-7.260285e-01	2.262990e+00	2.002586e+00	5.885185e-01	6.362779e-02	1.501686e-01	2.927303e+00	1.604074e+00	-6.431148e-01	9.871552e-01	-5.181048e-01	7.776505e-01	1.443704e+00	-2.722107e+00	1.930844e+00	3.468746e+00	-8.985503e-01	1.029777e+00	2.552507e+00	7.813863e-01	2.451807e+00	2.167228e+00	-4.609895e-01	1.986180e+00	3.053669e+00	3.141859e+00	5.293727e-01	2.409209e+00	7.300732e-01	7.761782e-01	5.521326e-01	1.941840e+00
3.413452e-02	-1.448640e+00	3.915679e-01	-5.414117e-01	3.133875e+00	3.925876e-01	1.888308e+00	1.469781e+00	-2.751052e-01	1.044115e+00	2.255561e-01	2.620950e+00	2.005188e+00	-2.966770e-01	-2.717000e-01	9.781736e-01	-2.528297e-01	-2.030125e+00	-5.105894e-01	1.336379e+00	1.078297e+00	2.998873e+00	9.837980e-01	-9.433016e-01	-6.738193e-02	8.785355e-01	-4.785976e-01	1.704336e+00	2.108027e+00	2.496653e-01	1.491945e+00	2.051276e+00	-1.051888e+00	-9.172288e-01	-1.254254e+00	-1.847848e+00	-6.082483e-01	2.865485e+00	-5.353805e-01	-1.371226e-01
4.237926e-01	4.014850e-01	3.314275e-02	-1.113876e-01	1.122587e+00	6.756758e-01	9.422047e-01	-1.679241e+00	2.097356e+00	1.096339e+00	5.841501e-01	-4.510213e-01	3.425253e-01	2.806277e-01	1.169304e-01	1.927757e+00	1.079493e+00	-1.482195e-01	-1.417786e+00	9.388233e-01	-1.082254e-01	4.040110e-01	2.201360e+00	-1.525234e+00	-2.071299e+00	6.987921e-01	2.130115e+00	-5.018516e-03	1.451928e+00	9.920847e-01	3.372556e+00	-8.340298e-01	1.606054e+00	2.030060e+00	1.009816e+00	-1.935098e+00	6.206243e-01	3.248490e+00	2.318730e+00	2.419075e+00
-1.179007e-01	5.967709e-01	1.694224e+00	-1.107588e-01	1.332440e+00	2.194816e+00	1.723094e+00	6.638740e-01	8.178404e-01	1.375028e+00	2.616674e+00	2.103837e+00	-1.262949e+00	2.291407e-01	3.333785e-01	2.208220e+00	2.296337e-01	7.283144e-01	-6.030854e-01	-6.206949e-02	-2.126568e-01	-1.295729e+00	2.458268e+00	1.170752e-01	-5.758581e-01	-1.064926e+00	2.309016e+00	1.247018e+00	1.401493e-01	6.560354e-01	1.830898e+00	-7.050270e-01	1.134028e+00	1.353978e+00	2.927178e+00	-2.527069e-01	1.638375e+00	2.938508e+00	5.356137e-02	2.527825e+00
-1.947781e+00	-6.450544e-01	1.146837e+00	1.055918e-01	1.697711e-01	2.195187e-01	1.589716e+00	1.704514e+00	3.907410e-01	5.021482e-01	-2.332201e+00	2.545511e+00	1.639638e+00	1.350017e+00	1.848278e+00	2.065079e+00	-1.973385e+00	-2.112863e+00	-5.377804e-01	1.771379e-01	1.637637e+00	2.684258e+00	1.582466e+00	-9.679137e-01	-9.974919e-01	2.653808e-01	1.582708e+00	1.984964e+00	1.833347e+00	-3.308228e-01	3.454720e+00	-9.764266e-01	-2.213730e-01	-8.388944e-01	-5.887494e-01	-5.921296e-01	-5.338924e-01	3.154162e+00	-1.160455e+00	-1.255757e-02
-1.368832e-01	7.619435e-01	3.698249e+00	1.454975e+00	-2.739044e-01	2.168545e+00	6.265597e-01	-3.842643e-01	2.042444e+00	2.246012e+00	1.070047e+00	1.507199e+00	-1.632208e+00	1.342709e+00	9.847208e-01	-6.455679e-01	1.794312e+00	2.135533e-01	2.657021e-01	-4.666982e-01	-1.201473e+00	-1.527434e+00	6.505283e-01	3.392427e+00	-1.336430e+00	1.602283e+00	1.182272e+00	1.406896e+00	7.349095e-01	1.484725e+00	-7.794573e-01	3.494443e-01	2.710103e+00	5.457030e-03	6.040696e-01	2.144169e+00	-1.414030e+00	1.433803e+00	-1.838142e+00	2.862469e+00
1.474586e+00	1.212449e+00	1.071158e+00	3.948481e-01	4.847943e-01	1.981483e+00	4.065589e+00	-7.742008e-01	1.170246e+00	1.062365e+00	1.672219e+00	1.635388e+00	-1.249208e+00	8.062640e-01	-1.608752e+00	-7.523814e-01	8.127248e-01	-6.216133e-01	-1.581350e+00	-7.554596e-01	-3.153998e-01	3.377825e+00	3.733228e+00	-2.219832e+00	-1.321692e+00	5.845284e-02	2.547025e+00	2.734007e-01	-9.779969e-01	-1.163631e+00	3.044126e+00	6.109483e-01	1.893157e+00	1.797696e+00	3.177634e+00	6.216027e-01	6.794429e-01	1.657376e+00	-9.220559e-01	4.414716e+00
-2.086604e+00	2.048224e-01	-5.454004e-02	1.746579e+00	1.128155e+00	2.513783e+00	6.967381e-01	-2.280007e-01	-4.126045e-01	2.275030e+00	4.263125e-01	2.035602e+00	1.319469e+00	9.244371e-01	-6.812787e-01	6.737729e-02	1.316248e+00	-8.001292e-01	9.815307e-01	1.303195e+00	-2.259541e-02	2.195042e-01	2.410737e+00	-3.483977e-01	-2.090994e+00	-6.988402e-01	3.584778e-02	1.182651e+00	1.376546e+00	5.480279e-01	-2.477723e-01	-1.024387e-01	-4.314568e-02	1.172178e+00	2.130486e+00	-1.279341e+00	-1.068539e+00	1.603195e+00	2.243324e+00	1.226405e+00
8.479769e-01	1.480517e+00	1.011452e+00	1.802031e+00	1.411467e+00	2.945217e+00	3.870331e+00	1.436833e+00	4.370286e-01	3.257318e+00	3.523109e+00	4.604058e-01	-2.351478e-01	2.708066e+00	2.329932e+00	-1.772407e+00	1.627169e+00	-1.464007e+00	-5.152952e-01	-2.205491e-01	1.442067e+00	5.723727e-01	1.841976e+00	3.884969e+00	-8.913758e-01	1.232075e+00	1.443812e+00	2.459807e+00	1.042901e+00	8.742171e-01	-3.203147e-01	1.716584e+00	2.756326e+00	-2.429986e-01	-1.542626e-01	2.529697e+00	-2.446309e+00	2.152653e+00	-4.151494e+00	5.727770e+00
6.795049e-01	9.920977e-02	-1.470992e+00	1.385136e+00	-1.282680e+00	3.048041e+00	2.666709e+00	-1.283755e+00	2.645695e-01	2.241235e+00	3.236086e+00	2.072510e+00	3.514876e-01	9.089947e-01	-1.733742e+00	-1.904034e+00	2.095756e+00	1.218560e+00	-1.565171e+00	8.365167e-01	1.327269e-01	3.978797e+00	2.428523e+00	3.012417e-01	-3.479584e-01	1.749841e+00	7.800352e-01	2.754006e+00	2.383904e-01	-8.108376e-01	2.940803e+00	1.550203e+00	7.982030e-01	1.956878e+00	2.805766e+00	1.408302e-01	8.713151e-01	-6.750279e-01	-7.736880e-01	3.662690e+00
2.839561e+01	-1.418914e+01	-1.594009e+00	-3.764182e+00	1.556680e+01	1.529591e+01	2.590594e+00	-2.291936e+01	6.692614e+00	2.082095e+00	-2.766472e+00	1.241309e+01	9.025739e-02	-2.176126e+00	1.917888e+00	-2.222219e+01	1.953048e+01	3.652301e+00	2.575514e+00	-1.496107e+01	3.472231e+00	-8.048669e+00	5.506977e+00	-1.305387e+00	8.267074e+00	1.613917e+00	-4.185259e+00	-1.406553e+01	7.882940e+00	7.616490e+00	-3.463196e+00	1.563613e+01	-6.060676e+00	-3.765197e-01	6.668279e-01	2.360907e+00	8.954424e+00	-1.719257e+01	6.310181e+00	-9.955296e-01
1.914881e+00	4.867494e-01	-6.560380e-01	6.616931e-01	1.383769e+00	2.272429e+00	1.290303e+00	-2.330348e-01	1.139891e+00	1.822292e+00	2.982700e+00	6.465423e-01	2.123441e-01	9.940191e-01	5.729612e-01	1.229037e+00	7.653766e-02	-3.387927e-02	-9.491154e-01	9.088444e-02	8.296321e-01	3.069459e-01	2.156587e+00	-1.359255e-01	-6.131742e-01	1.724404e+00	9.399602e-01	3.819984e-01	1.100448e+00	-1.499806e+00	1.764713e+00	1.505129e+00	4.535627e+00	2.327202e+00	2.509683e+00	-1.343989e-01	1.566155e+00	1.527666e+00	4.357897e-01	3.154866e+00
1.992768e+00	-1.225671e+00	-7.874265e-02	1.669678e+00	1.897917e-01	2.048500e+00	2.929052e+00	3.346018e-01	2.184978e+00	4.093560e+00	2.040581e+00	1.471523e+00	3.974659e-01	5.229353e-01	2.977077e-01	9.239669e-02	2.202948e-01	-5.452760e-01	-2.259107e+00	1.536684e+00	-6.944263e-01	2.780755e+00	3.391329e+00	1.033246e+00	-2.224708e+00	1.352292e+00	5.511153e-01	-1.102021e+00	1.678444e+00	1.137722e+00	3.446429e+00	1.842013e-01	3.341156e+00	1.801214e+00	7.758406e-01	-4.960905e-01	-1.631956e+00	3.608320e+00	-1.885479e+00	5.172451e+00
3.585046e+00	-1.018078e+00	-1.773518e-01	1.361448e+00	2.760092e+00	3.000775e+00	2.539567e+00	-5.693452e-01	7.226497e-01	2.872671e+00	1.895513e+00	1.507704e+00	-6.193185e-01	2.480585e+00	3.977909e+00	-1.047942e+00	2.958418e+00	-6.288706e-01	-8.570151e-01	-8.260487e-01	1.823795e+00	-1.574381e+00	2.114451e+00	2.250072e+00	-2.264154e-01	2.350074e-03	1.266575e+00	1.231333e+00	2.409984e+00	1.698473e+00	1.520816e+00	1.651339e+00	2.087753e+00	-2.333744e-01	6.952677e-01	1.014628e+00	-5.633293e-01	6.672960e-01	-2.117288e+00	3.056049e+00
-3.202656e-01	-8.067612e-01	-6.008222e-01	1.100305e+00	7.059903e-01	1.456354e+00	-3.286041e-01	2.217693e+00	1.055693e+00	1.361097e-01	1.143788e+00	1.215824e+00	-1.273103e-02	1.398963e+00	2.400788e+00	-9.434053e-01	6.963068e-01	2.920545e-01	7.309522e-01	5.525629e-01	7.344685e-01	-8.170783e-01	1.181253e+00	-9.808266e-01	5.809382e-01	1.094369e+00	1.518356e+00	1.783736e+00	1.183642e+00	2.399030e-01	7.553354e-01	-1.139456e+00	1.784333e+00	1.077065e+00	2.783568e+00	-1.752408e+00	-1.435960e-01	3.099622e+00	2.672518e+00	1.545172e+00
1.764811e-01	1.241871e+00	-7.039730e-01	-1.191930e+00	4.331468e+00	4.551532e-01	4.418436e-01	1.550828e+00	1.957948e-01	-2.184852e-01	-4.947208e-02	2.847210e-02	4.502499e-01	-7.598128e-01	7.346542e-01	1.047249e-02	1.743235e+00	-1.252218e+00	-1.329288e+00	6.442146e-01	1.529906e-01	-1.963382e-01	1.394610e+00	-1.661154e+00	1.201621e+00	-1.807436e-01	4.153738e+00	7.869259e-01	1.051313e+00	1.297436e+00	2.364684e+00	1.917042e+00	-4.142685e-01	1.459242e+00	1.629305e+00	-1.368463e+00	2.104127e+00	7.022167e-01	2.445611e+00	2.106209e+00
1.318702e+00	7.750413e-02	-8.991012e-01	1.341148e+00	8.254741e-01	2.235014e+00	1.225518e+00	1.421729e+00	6.863286e-01	1.308875e+00	1.837902e+00	3.566726e-01	6.886424e-02	7.693420e-01	3.136935e+00	1.087851e+00	1.217677e+00	-1.036258e+00	5.766706e-01	1.702775e+00	1.239339e+00	-1.065995e+00	2.053879e+00	5.665066e-01	-1.205716e+00	1.222699e+00	1.575784e+00	1.305755e+00	1.210909e+00	-5.476508e-01	2.286905e+00	-7.510575e-01	3.499632e+00	1.443016e+00	1.624164e+00	-3.560354e-01	-2.467054e-01	9.772906e-01	9.743734e-01	1.992603e+00
5.666630e-01	2.078719e+00	1.259173e+00	9.400760e-01	4.489245e-01	1.030768e+00	-4.677911e-01	5.173468e-01	1.791977e-01	9.415030e-01	-1.975319e-01	-1.693425e-01	2.947857e-01	-2.344882e+00	-4.703645e-01	1.191419e+00	1.726021e+00	-1.222386e+00	-1.934752e-01	1.980048e-01	-8.867737e-02	3.825775e-01	5.975035e-01	-7.825191e-01	-9.014626e-02	3.293557e-01	3.006514e+00	-7.264905e-02	6.577533e-01	2.181036e+00	-9.403897e-01	-7.728362e-02	1.625998e+00	2.055091e+00	1.849175e+00	1.793583e-01	6.926634e-01	-2.283220e-01	5.243668e+00	7.600163e-01
1.012068e+00	1.422398e+00	-2.143274e+00	9.356090e-01	1.947944e+00	7.328190e-02	2.263242e+00	-4.211196e-01	1.509139e-01	-3.853406e-01	1.035940e+00	1.296776e+00	4.127600e-01	1.184142e+00	1.228663e+00	1.595600e-01	9.591609e-01	1.206079e+00	-7.281366e-01	1.064704e+00	1.271420e+00	1.172569e+00	2.804740e+00	-2.705902e+00	2.082228e+00	-1.743413e+00	-6.037192e-01	1.852321e+00	-7.370315e-01	-4.899756e-01	4.659749e+00	2.993714e+00	-2.637344e+00	-4.298201e-01	-3.757344e-01	1.341864e+00	1.893439e+00	-2.059863e+00	-1.748634e+00	8.740409e-01
1.201448e+00	1.571117e+00	-1.435058e+00	1.364689e+00	8.961526e-01	7.189914e-01	1.703260e+00	-1.612567e-01	5.058026e-01	1.291826e+00	1.149419e+00	1.804885e-01	1.424386e+00	5.944329e-01	1.127487e+00	1.874608e+00	9.790761e-01	-3.843506e-01	1.346517e-02	5.518262e-02	2.159674e+00	-8.219428e-01	1.059168e+00	-9.374275e-01	4.417414e-01	1.101347e-01	-6.960010e-01	1.593856e+00	6.000712e-01	-1.206652e+00	1.775970e+00	2.138468e+00	2.298439e+00	-2.382876e-01	6.776773e-01	1.002938e+00	1.470966e+00	-1.018193e+00	1.306892e+00	6.069303e-01
1.945105e+00	9.432108e-01	-3.771429e-01	1.805031e+00	5.041320e-01	5.325349e-01	-2.272320e+00	2.830905e+00	4.516845e-01	7.701170e-01	1.413319e-01	1.178297e+00	4.516446e-01	9.933830e-01	4.394330e+00	2.208699e+00	-4.427163e-01	-2.649131e+00	-1.086977e+00	1.648630e+00	1.820755e+00	-2.746900e-01	1.201256e+00	-7.751165e-01	-2.085170e-01	1.233508e+00	1.917627e+00	-7.134697e-02	2.028337e+00	1.300028e+00	1.200713e+00	-5.735798e-01	3.821597e+00	2.795874e+00	5.836953e-01	-1.085013e+00	-1.108580e+00	1.100837e+00	1.380678e+00	1.713070e+00
2.583017e+00	-1.010873e+00	2.129556e-01	5.541207e-01	1.205111e+00	-1.290480e-01	4.129705e-01	1.124586e+00	1.142159e+00	-4.570421e-01	1.086005e+00	9.817422e-01	-4.777268e-01	1.253013e-01	1.128910e+00	6.471165e-01	8.678264e-01	2.294863e-01	-2.649678e-01	1.030747e-01	1.546290e+00	-8.628515e-01	8.529051e-01	-8.493345e-01	1.006765e+00	1.243778e+00	2.028559e+00	3.271233e-01	2.547293e+00	1.551297e+00	4.196012e-01	6.064509e-01	1.721457e+00	1.690417e+00	2.024379e+00	-3.683854e-01	1.120476e+00	1.015896e+00	2.825301e+00	2.024824e-01
3.177901e-01	1.619245e+00	-2.132055e+00	1.915707e+00	1.175037e-01	9.608168e-01	2.629787e+00	-2.321153e-01	7.677141e-01	8.834232e-01	1.159159e+00	5.488659e-01	1.991447e+00	1.571404e+00	1.451702e+00	1.785293e+00	2.641487e-01	-7.050333e-03	-1.278729e+00	-4.830325e-01	2.960965e+00	1.037535e+00	1.439979e+00	-9.642910e-01	3.685233e-01	-4.213913e-01	3.217664e-01	3.028631e+00	5.940586e-01	-7.367050e-01	4.405290e+00	2.189960e+00	9.844891e-01	4.363752e-01	1.256729e+00	1.261543e+00	1.044072e+00	-1.416890e+00	-1.286195e+00	1.232254e+00
-3.609307e-01	5.890044e-01	3.410109e+00	1.101892e+00	3.719177e-01	2.862182e+00	1.133225e+00	-2.063244e+00	1.751767e+00	2.036725e+00	2.588094e+00	1.799352e+00	-5.398613e-01	7.084661e-01	1.027114e+00	-4.933845e-01	6.610953e-01	2.107663e+00	-9.055563e-01	-5.196199e-01	-3.076737e-01	-5.274408e-01	2.281769e+00	3.405497e+00	-1.420326e+00	1.832712e+00	1.429884e+00	5.543848e-01	7.873733e-01	3.999839e-02	-2.189956e-02	1.473436e+00	1.829745e+00	1.643552e+00	4.235811e-01	1.736348e+00	8.170950e-01	1.766975e+00	-2.890494e+00	3.336996e+00
1.967388e+00	3.460327e+00	-2.249565e-01	8.535480e-01	-1.040151e+00	2.230355e+00	2.638347e+00	-6.425331e-01	6.357775e-01	2.189904e+00	7.628581e-01	1.791663e-01	1.694369e+00	-2.560659e-01	2.530815e-01	1.341860e+00	2.204493e+00	-1.260215e+00	-9.653478e-01	-4.530794e-01	1.574119e+00	1.180813e+00	1.187844e+00	-1.225390e+00	9.187137e-04	-4.163597e-01	4.823716e-02	1.876982e+00	4.335745e-01	-3.784807e-01	1.729343e+00	2.902958e+00	2.535269e+00	-2.177846e-01	5.173730e-01	1.623795e+00	1.588196e+00	-2.063919e+00	2.616093e+00	1.391174e+00
7.198187e-01	2.911955e+00	-2.584100e+00	2.323053e+00	-3.383895e-01	9.649282e-01	2.134555e+00	-2.641156e-01	1.416639e-01	1.020822e+00	9.101285e-01	-4.307147e-03	1.007332e+00	-2.335519e-01	-4.985865e-01	-6.974241e-01	2.813530e+00	-1.039728e+00	-1.022564e+00	-3.458921e-01	9.571276e-01	3.210093e+00	4.190908e-01	-2.740527e+00	1.455734e+00	1.415039e-01	4.033089e-01	2.334436e+00	-6.305303e-01	2.556282e-01	2.879150e+00	2.896545e+00	4.924951e-01	-3.842059e-01	1.327225e+00	1.732023e+00	3.019718e-01	-2.777707e+00	2.524010e+00	2.341048e+00
-1.570583e+00	1.429524e+00	1.656756e+00	5.655887e-01	3.084101e-01	1.403098e+00	1.068651e+00	-4.231543e-01	1.531360e+00	1.699051e+00	3.434845e+00	2.966486e-01	-4.393724e-01	1.396239e+00	1.237673e+00	-2.078778e-01	1.423943e+00	8.785464e-01	-1.039298e+00	7.005429e-01	5.717108e-02	4.506831e-01	6.341060e-01	9.920877e-01	-5.980324e-01	1.910367e+00	3.637514e-01	3.073346e+00	9.451704e-01	-4.894307e-01	2.233559e-01	1.034213e+00	2.340499e+00	2.205765e-01	7.089471e-01	-7.031717e-01	2.244564e-01	3.623954e+00	-3.806255e-01	2.812152e+00
-3.452912e+00	-2.266984e+00	1.999364e-01	-1.057540e+00	1.661797e+00	1.844344e+00	4.325003e+00	-1.526618e+00	1.447708e+00	3.914243e-01	1.569934e-01	2.638676e+00	1.389649e+00	1.108875e+00	-2.325689e+00	-1.043128e+00	-1.152797e+00	7.604643e-01	6.798500e-01	-1.307242e+00	-9.096673e-02	3.846898e+00	2.232809e+00	-9.516906e-01	7.877637e-02	-4.694703e-01	-7.200519e-01	2.799480e+00	2.034203e-01	-8.556840e-02	4.001352e+00	5.098292e-02	-3.985698e+00	-2.326899e+00	1.093646e+00	-5.834943e-01	3.025652e-01	4.947829e+00	-2.433996e+00	4.096787e-01
3.396727e+00	-6.546947e-01	-7.552967e-02	-1.800468e+00	2.884079e+00	1.283010e+00	-1.008606e-01	4.841299e-01	1.209586e+00	-1.343550e-01	2.336636e+00	5.625881e-01	-5.683476e-01	1.288114e+00	1.934539e+00	1.682078e+00	5.562140e-01	-1.299872e+00	1.073898e+00	-5.087968e-01	1.563786e+00	-3.307915e+00	1.543748e+00	-1.204121e+00	9.065186e-01	7.767378e-01	1.680804e+00	1.258970e+00	1.657365e+00	1.237175e+00	6.200581e-01	-4.363952e-01	2.348071e+00	1.184685e+00	1.266351e+00	-8.543178e-01	6.646910e-01	1.995382e+00	2.789854e+00	1.530350e+00
-2.166349e-01	6.966140e-01	-5.506779e-01	1.305995e+00	-3.746057e-01	9.747015e-01	7.540406e-01	6.545979e-01	-8.272209e-03	1.624687e+00	2.224572e+00	2.117846e+00	1.954368e-01	1.694338e+00	-1.099007e+00	-2.390683e-01	-1.215172e-01	-7.299413e-01	8.781254e-01	-2.619868e-01	7.685860e-01	4.809483e-02	5.762299e-01	-2.542498e+00	-6.404725e-01	1.769931e-02	-1.682845e+00	1.684424e+00	1.023438e+00	-3.395035e-02	8.743916e-02	4.437330e-01	2.357382e+00	1.827368e-01	3.066122e+00	1.362322e-01	-1.111836e+00	2.435829e+00	2.680283e+00	1.046013e+00
-1.300015e+00	-7.800043e-01	1.662123e+00	-6.643183e-01	3.108316e+00	1.937418e+00	4.761981e+00	-1.083318e+00	3.715870e-02	1.752544e+00	2.023651e+00	3.814410e+00	2.130034e+00	-8.456021e-01	-1.034635e+00	7.345328e-01	-8.441402e-01	-2.101936e+00	-1.104644e+00	5.561327e-01	1.189530e+00	4.201187e+00	2.053013e+00	-4.863036e-01	-1.047757e+00	-8.086304e-01	-1.419706e+00	2.524781e+00	-4.021004e-01	-1.352442e+00	2.891998e+00	1.295244e+00	-2.397751e+00	-1.886922e+00	-7.122130e-01	-2.150684e+00	-3.958648e-01	4.363009e+00	-3.557988e+00	1.044065e+00
-1.560433e+00	4.627499e-01	-1.930783e+00	9.478831e-01	-1.256056e+00	2.902438e+00	3.229661e+00	-6.894246e-01	1.558465e-01	2.463959e+00	4.693329e+00	7.697744e-01	6.661607e-01	2.230891e+00	-1.978890e+00	4.286553e-01	-2.238263e-01	8.037272e-01	-1.367333e+00	1.209651e+00	-7.340558e-02	3.770075e+00	1.931512e+00	9.389129e-01	-9.043243e-01	1.784172e+00	7.352622e-01	3.666544e+00	-4.118478e-01	-1.586899e+00	3.567049e+00	1.016414e+00	8.105276e-01	1.338926e+00	1.868609e+00	-2.793558e-01	-1.195591e-01	1.705591e+00	-2.959676e+00	4.664764e+00
2.019657e+00	5.444727e-01	1.424326e+00	1.578605e+00	2.124543e-01	2.854884e+00	2.846346e+00	8.801458e-02	-2.185536e-01	2.529746e+00	2.675972e+00	1.619911e+00	-6.864478e-01	2.015526e+00	1.873193e+00	-1.669829e+00	1.057595e+00	6.116052e-02	-2.647312e-01	-8.948004e-01	7.489841e-01	5.405884e-01	2.075011e+00	1.880298e+00	-8.479947e-01	1.591501e+00	2.609964e+00	9.888227e-01	1.093054e+00	4.999499e-01	2.617204e-01	1.597107e+00	3.281902e+00	2.202376e+00	1.847078e+00	1.831819e+00	9.653702e-03	4.261773e-01	-1.987570e+00	5.009234e+00
-1.849266e+00	4.079877e+00	-2.101442e+00	2.709939e+00	-6.179719e-01	2.053388e-01	3.211588e+00	1.592019e+00	1.695561e-01	9.673066e-01	1.005961e+00	-3.176540e-01	2.414313e+00	6.665795e-01	8.735345e-01	1.358849e+00	-2.734045e-01	-6.290941e-01	-9.618916e-01	8.677345e-01	2.307172e+00	2.345468e+00	1.374944e+00	-1.770108e-01	-7.229015e-01	-1.747382e-01	6.556762e-01	2.720869e+00	1.830788e-01	-1.392308e+00	3.207444e+00	2.905788e+00	1.652785e+00	2.288414e-01	5.445776e-01	2.231063e+00	6.813023e-01	-1.356530e+00	-6.550038e-01	2.406174e+00
1.659951e+00	5.491533e-01	-3.261914e-01	1.639312e+00	-1.297836e-01	-4.185345e-01	-5.487067e-01	2.870031e+00	-7.556385e-01	2.563267e+00	1.701279e+00	2.641068e+00	5.503581e-01	-3.246848e-01	1.528160e+00	6.067625e-01	1.698663e-01	-1.949513e+00	-2.517336e+00	1.999329e+00	1.548557e+00	2.803508e+00	-1.057157e-01	-2.385308e+00	6.441467e-01	1.412594e+00	-1.805326e+00	1.768662e+00	-3.656069e-01	-1.512948e-01	2.144742e+00	-4.914401e-01	2.270452e+00	2.720042e-01	-2.444991e-01	-2.372617e+00	-9.516657e-01	3.084279e+00	1.109452e+00	1.652795e+00
-7.207948e-02	2.160114e+00	9.255493e-01	1.814219e+00	-2.548214e-01	1.745724e+00	1.386954e+00	1.556315e+00	1.105453e-01	2.704303e+00	2.801616e-01	1.610737e+00	9.459963e-01	-2.075167e+00	6.966792e-01	1.086191e+00	7.009576e-01	6.754491e-01	-1.045152e+00	1.969542e+00	-4.690068e-01	1.949326e+00	2.385717e+00	2.128248e+00	-1.032160e+00	-8.635755e-01	2.448551e+00	-2.893615e-01	1.171171e+00	1.639466e+00	1.819821e+00	6.435465e-02	2.859929e-01	2.066553e+00	1.243706e+00	1.344075e+00	9.852351e-01	-5.371391e-01	9.297504e-01	1.950797e+00
-1.083978e+00	1.507979e-01	1.271984e+00	3.825555e-01	1.296632e+00	1.881521e+00	2.147728e+00	-1.140681e+00	-1.182110e-02	1.709512e+00	-4.135465e-01	2.085530e+00	4.764238e-01	7.108337e-01	-1.405951e+00	2.355602e+00	-2.015405e+00	1.717891e+00	3.018630e-01	-9.044932e-01	1.068675e+00	-1.912126e+00	2.797064e+00	3.422809e+00	-2.410018e+00	-1.278272e+00	3.066137e+00	-2.617595e-01	2.743989e+00	3.028918e+00	2.182280e+00	8.653948e-01	-1.279988e+00	2.424368e+00	2.370146e+00	3.002055e+00	2.140152e+00	3.177452e-01	-2.790621e-01	-1.456321e-01
3.845921e+00	-5.435760e-01	-3.124916e-01	4.003819e-01	2.583290e+00	2.488207e+00	3.557140e+00	-2.681287e+00	1.754736e+00	1.044203e+00	1.989709e-01	5.631798e-01	1.660192e+00	1.713196e+00	5.925834e-01	-5.903049e-01	1.787287e+00	-1.718652e+00	-8.313865e-01	-1.597474e-01	4.963822e-01	2.432213e+00	3.990916e+00	-6.311820e-01	-2.151811e+00	1.165168e+00	1.915712e+00	-1.630103e+00	8.153491e-01	-5.895927e-01	3.128617e+00	2.431441e+00	2.257343e+00	1.784347e+00	4.571440e-01	-1.067292e+00	5.692067e-01	4.923712e-01	-8.728658e-01	3.842058e+00
-7.909104e-01	-1.381087e+00	3.565707e-01	-4.284715e-01	2.227554e+00	2.393163e+00	1.676604e+00	-2.077646e-01	1.994641e+00	2.054775e+00	3.760976e+00	1.290111e-01	1.154320e+00	1.873408e+00	2.186399e-01	-7.179464e-01	9.947393e-01	4.369132e-01	-4.467007e-01	1.565756e+00	8.094208e-03	9.317643e-01	1.542836e+00	2.598217e+00	1.030798e+00	1.135391e+00	-7.783302e-01	3.542376e+00	-7.794067e-01	2.435815e-01	2.056205e+00	5.619429e-01	-3.095521e-01	3.697553e-01	-3.717751e-02	-1.804773e+00	-3.951754e-01	2.703117e+00	-3.828910e+00	3.035638e+00
1.250178e+00	-1.501627e+00	2.061117e+00	1.437526e+00	8.021237e-01	1.859469e+00	1.072390e+00	-4.007312e-01	1.759223e-01	9.087798e-01	2.773336e+00	1.404723e+00	-1.107876e+00	1.170382e-01	2.047419e+00	3.636140e-01	5.199626e-01	1.267658e+00	1.150992e+00	-8.836372e-01	2.377912e+00	-2.917625e+00	1.404851e+00	2.720795e+00	3.650668e-01	1.373374e+00	9.596459e-01	5.236548e-01	2.462945e+00	2.397033e+00	-1.557792e+00	2.075157e+00	1.681283e+00	1.312266e+00	6.708496e-01	2.573931e+00	5.144006e-01	1.122708e+00	1.370712e+00	1.809090e-01
1.854002e+00	1.943548e-01	-1.158835e+00	1.457339e+00	1.997361e+00	1.602104e+00	7.486237e-01	1.948040e+00	4.999100e-01	5.353938e-01	3.218181e+00	2.345867e-01	-4.548889e-01	1.049370e+00	3.358627e+00	1.342702e+00	1.103137e+00	-1.172921e+00	-1.680535e-01	-7.770914e-02	1.893621e+00	-9.135909e-01	1.445197e+00	-1.861224e+00	9.608938e-01	8.863564e-01	1.055950e+00	2.122213e+00	1.575915e+00	3.709914e-01	1.893923e+00	5.805588e-01	3.402587e+00	1.101304e+00	2.016500e+00	1.192124e-01	-1.244499e-01	1.623183e+00	9.811555e-01	2.843664e+00
-2.059514e+00	1.392072e+00	8.553082e-01	3.806025e-01	2.076319e+00	2.394293e+00	1.321488e+00	-1.055893e+00	1.616231e+00	2.009803e+00	-7.657745e-02	3.602382e-03	1.184300e+00	7.447634e-01	-1.187157e+00	-7.761589e-01	6.000909e-01	1.974283e+00	-2.812267e+00	1.175306e+00	-8.787627e-01	2.078880e+00	4.228738e+00	3.285677e+00	-1.101637e+00	-1.864919e-02	3.515173e+00	-2.123897e+00	5.185542e-01	1.106683e+00	1.692627e+00	1.196153e+00	-1.462787e+00	3.273668e+00	3.487525e-01	3.540705e-01	2.380426e+00	3.109865e+00	-1.133064e+00	4.854917e+00
-4.323266e-01	3.631356e+00	1.805587e+00	2.681174e+00	-9.555447e-01	2.273166e+00	2.060463e+00	7.667232e-01	-1.182789e+00	2.502612e+00	2.040118e+00	6.774710e-01	-6.561873e-01	-4.212678e-01	-2.779600e-01	-1.515808e+00	2.285516e+00	5.011165e-01	-1.205181e+00	1.728678e+00	-2.342810e-01	1.788488e+00	2.560962e+00	1.507533e-01	5.370491e-01	-1.119392e-01	-5.400028e-01	9.668577e-01	-7.824707e-01	1.010936e+00	-2.687009e-01	3.133511e+00	3.183916e-01	1.054695e+00	-6.502940e-01	2.362551e+00	3.247839e-01	1.156138e-01	1.682206e+00	3.236579e+00
7.966829e-01	2.697046e+00	-6.940332e-01	1.866172e+00	4.127231e-01	3.517814e+00	2.183166e+00	1.706256e+00	-1.486724e-02	2.933543e+00	3.272231e+00	8.840460e-01	-9.400643e-01	9.242008e-03	7.000051e-01	-1.814408e+00	4.627006e+00	-1.715304e+00	-5.772829e-01	1.574643e+00	-7.114059e-01	2.966456e+00	1.598322e+00	-1.143197e+00	6.458220e-01	-5.391140e-01	-4.616301e-02	2.613558e+00	-9.948533e-01	9.535481e-01	1.266954e+00	3.415603e-01	-5.986660e-02	2.203678e-01	3.383615e-01	1.165018e+00	-1.107385e+00	-6.213119e-01	9.250083e-01	4.348494e+00
2.830775e-01	1.063466e+00	1.764543e+00	1.938503e+00	7.698318e-02	1.709324e+00	3.182731e-01	1.297142e+00	2.572607e-01	1.755752e+00	1.216654e+00	1.196602e+00	-1.609364e+00	-1.372335e-02	1.725541e+00	1.665574e-01	2.480624e+00	-1.384997e-01	-6.422621e-01	5.554950e-01	-6.649227e-01	1.553318e-01	7.483448e-01	5.307019e-01	-2.720126e-01	2.197721e+00	2.434237e+00	1.176559e-01	2.537178e+00	1.621137e+00	-1.872725e-01	1.129083e+00	2.279511e+00	6.428779e-01	1.970143e-01	1.174663e+00	-2.292706e-01	1.709448e+00	1.396226e+00	3.388517e+00
1.959957e+00	3.400945e-01	4.974138e-01	-3.334941e-01	8.846526e-01	3.156657e+00	2.394592e+00	-1.518708e+00	1.374128e+00	2.781849e+00	1.971550e+00	8.393134e-01	6.830014e-02	6.202717e-01	-7.429187e-01	-5.076653e-01	6.326768e-01	4.549655e-01	-9.686051e-02	-6.065018e-01	-1.314284e+00	2.480806e-01	3.183457e+00	2.645568e-01	-1.874875e+00	9.273651e-01	2.243811e+00	-1.151277e-01	-2.634724e-01	7.477692e-01	2.827033e+00	3.798830e-01	2.837824e+00	1.430125e+00	1.942187e+00	-8.887604e-02	1.419721e-01	1.191830e+00	-3.459978e-01	4.631475e+00
1.079005e+00	-2.013805e-01	-2.034366e-02	3.911628e-01	1.402477e+00	2.329178e+00	2.082317e+00	3.332044e-01	1.137557e+00	1.903685e+00	3.528187e+00	5.912884e-01	3.989522e-01	1.446878e+00	1.634437e+00	6.945317e-01	8.790550e-01	8.259109e-01	-1.562147e+00	6.543761e-01	1.135276e+00	-3.652480e-01	1.773809e+00	1.234845e+00	2.151031e-01	4.669358e-01	9.608686e-01	2.021874e+00	2.235449e+00	-1.880114e-01	1.302872e+00	1.159082e+00	2.107965e+00	1.597086e+00	1.990495e+00	-2.561070e-01	1.422773e+00	2.073691e+00	-6.252277e-01	2.362446e+00
5.651953e-01	1.561828e+00	2.200285e+00	5.417315e-01	8.430406e-01	4.160126e+00	8.592866e-02	1.091212e+00	1.003445e+00	2.328117e+00	4.931693e-01	-1.372879e+00	4.920483e-01	5.605773e-01	1.919836e+00	-3.825331e+00	3.920111e+00	-2.232894e+00	1.807641e-01	-4.800542e-02	-6.831250e-01	-1.000848e-01	1.372946e+00	9.637514e-01	3.903366e-01	2.004010e+00	1.704593e+00	2.931523e-01	1.010851e-01	2.313702e+00	-1.608423e+00	1.463533e+00	2.869710e+00	8.507516e-01	-7.103573e-01	-2.394247e-01	-1.261844e+00	1.234918e+00	3.345265e+00	4.952062e+00
-8.062334e-01	3.496319e+00	5.015691e+00	2.357475e+00	-1.667012e+00	2.848938e+00	2.385206e+00	2.515254e+00	1.469643e-01	4.443546e+00	1.491035e+00	-2.389767e-01	-6.160274e-01	-1.680180e-01	1.365365e+00	-3.189127e-01	1.986511e+00	-1.651074e+00	-5.324550e-02	1.253810e+00	-2.559587e-01	3.565185e-01	1.235376e+00	4.101700e+00	-1.891550e+00	7.305194e-01	1.895518e+00	2.245923e+00	1.270741e-01	1.967184e+00	-2.140042e+00	1.051030e+00	3.812416e+00	1.354450e+00	-5.498419e-01	3.651366e+00	-1.637664e+00	2.523955e-01	6.295702e-02	3.388012e+00
-1.830534e+00	-2.026635e+00	2.600779e+00	-1.601513e+00	3.925329e+00	3.233308e+00	2.177644e+00	-1.961484e+00	1.173443e+00	7.005181e-01	2.607710e-02	2.479374e+00	2.149319e+00	3.425933e-01	-9.346755e-02	-7.439197e-01	3.742528e-01	-2.438751e+00	-1.943397e-01	-6.611391e-01	5.938733e-01	2.978859e+00	2.235830e+00	-1.718451e-01	-8.201623e-01	1.043080e+00	-5.855925e-01	1.988170e+00	1.019774e+00	-5.804240e-01	1.204877e+00	1.610490e+00	-1.530446e+00	-1.937471e+00	-2.025438e+00	-1.990853e+00	-7.496710e-01	4.515800e+00	-2.746526e+00	1.172362e+00
-1.367887e-01	3.399884e-01	-2.384549e+00	1.381878e+00	8.910005e-02	1.097503e+00	6.420860e-01	3.170056e-01	2.270854e-01	4.551324e-02	4.045581e+00	4.147468e-02	1.106742e+00	7.789504e-02	1.031666e+00	2.519067e+00	4.593489e-02	-1.979252e-01	-1.047294e+00	1.319346e+00	1.413070e+00	6.644455e-01	1.353493e+00	-1.548453e+00	2.835311e-01	1.526881e+00	1.437988e+00	2.031335e+00	4.516099e-01	-1.226476e+00	2.547656e+00	-3.302925e-02	1.819135e+00	1.992640e+00	2.618440e+00	-1.618889e+00	1.265731e+00	1.769346e+00	1.784497e+00	2.441667e+00
4.336955e-01	8.315995e-01	-6.727619e-01	1.576979e+00	7.430971e-02	1.981254e+00	1.281324e+00	-3.703329e-01	-3.931300e-01	2.127100e+00	1.106620e+00	1.968193e+00	7.973380e-01	2.863198e+00	-6.381125e-01	1.519855e+00	4.049385e-01	-5.699161e-01	-8.181826e-03	9.898326e-01	4.185724e-01	7.324824e-01	2.651441e+00	-1.367809e+00	-2.028056e+00	-6.626692e-01	-3.598924e-02	4.919617e-01	1.491746e+00	-2.833987e-01	1.687709e+00	9.048167e-01	8.998576e-01	2.063054e+00	1.466062e+00	3.770243e-01	5.342610e-02	3.309993e-01	2.841457e-01	1.532697e+00
2.287842e+00	4.777173e-01	9.718535e-01	1.082907e+00	2.643011e+00	2.366334e+00	3.316739e+00	-1.264942e+00	1.508176e+00	2.822035e+00	1.966972e+00	1.677438e+00	1.317099e-01	-1.105363e-01	1.778109e+00	4.194044e-01	2.052635e+00	-2.662147e-01	-5.977341e-02	-1.015561e+00	1.141030e+00	-1.039455e+00	2.708733e+00	2.080455e+00	-3.390170e-01	-9.323715e-01	1.900902e+00	8.186346e-02	-8.615757e-01	5.228531e-01	1.920987e+00	1.033558e-01	1.087758e+00	3.410780e-01	7.963088e-01	1.952756e+00	6.688536e-01	-2.207840e-01	-2.764756e+00	3.690414e+00
1.411180e+00	3.987177e-01	-6.564196e-01	1.119226e+00	-8.562733e-02	5.597203e-01	-6.682759e-01	2.994988e+00	-1.045947e+00	3.066419e+00	2.528990e+00	2.377887e+00	2.502466e-02	9.437305e-01	1.225812e+00	-2.310731e-01	1.726369e-01	-1.904612e+00	-1.739576e+00	2.079900e+00	9.353966e-01	1.631011e+00	-4.389786e-01	-1.464702e+00	6.605350e-01	1.998597e+00	-1.966157e+00	1.415362e+00	-4.488387e-01	-6.160879e-01	1.246506e+00	-1.060432e+00	2.791102e+00	3.639277e-01	1.155316e-01	-2.524166e+00	-1.220309e+00	3.695991e+00	1.046311e+00	2.941398e+00
5.499405e-01	-3.898909e-01	-1.815758e+00	7.488536e-01	2.816093e+00	6.982290e-02	5.640552e-01	4.503816e-01	1.755835e-01	-4.513834e-01	6.293812e-01	3.394759e+00	3.161572e+00	-1.359266e+00	8.577058e-02	2.874977e+00	-4.445102e-01	-2.815258e+00	-8.249720e-01	2.000851e-01	1.784433e+00	3.377993e+00	1.332256e+00	-4.888890e+00	3.298970e-01	-1.882759e-01	-4.703662e-02	1.694017e+00	1.032570e+00	-7.000487e-01	3.343662e+00	1.723393e+00	-7.498659e-01	-6.125682e-01	8.906407e-01	-2.422126e+00	5.308763e-02	1.186622e+00	1.160671e+00	-1.334553e-01
1.170563e+00	4.183663e-01	-2.711723e-01	2.422414e+00	3.041529e-01	9.917124e-01	-6.440647e-01	3.087180e+00	1.155505e-02	1.528539e+00	2.622440e+00	6.096340e-01	-5.983166e-01	9.153207e-01	4.099625e+00	2.079455e+00	-1.682092e-01	-1.227933e-02	-9.905575e-01	1.529129e+00	1.638751e+00	-1.810292e+00	1.279023e+00	7.308499e-01	2.809575e-01	1.272618e+00	1.234483e+00	1.047375e+00	2.269439e+00	1.117311e+00	6.446848e-01	6.945455e-01	3.604318e+00	2.071187e+00	9.925044e-01	6.874771e-01	-1.434685e-01	1.943980e+00	8.740287e-01	2.229348e+00
1.115210e+00	-4.687090e-01	-8.148519e-01	-1.160901e+00	4.313526e+00	1.953773e+00	5.196202e+00	-1.245278e+00	3.088600e+00	3.260548e+00	8.183204e-01	6.460950e-01	2.113773e+00	4.301088e-01	-2.202039e+00	5.149106e-01	-4.869804e-01	-5.015116e-02	-2.513936e+00	-3.546871e-01	-9.593734e-02	2.509022e+00	3.265816e+00	1.915981e+00	-1.502622e+00	-7.529840e-01	2.689743e+00	-1.014308e+00	2.689747e+00	1.321625e+00	4.483520e+00	2.700578e+00	-4.397943e-02	1.021546e+00	1.764624e+00	1.544715e-01	1.713322e+00	3.113984e+00	-2.648601e+00	4.610692e+00
8.939186e-02	-1.477732e+00	1.190896e+00	-3.389581e-01	1.521019e+00	3.159081e+00	2.505384e+00	5.355598e-01	5.954536e-01	1.247503e+00	-7.154571e-01	-4.727238e-01	9.868571e-03	3.915169e+00	1.986991e+00	-2.944003e+00	1.436268e+00	-1.963972e+00	2.071115e+00	-2.064602e+00	9.399142e-01	-8.882654e-01	1.164490e+00	1.365461e+00	3.347979e-01	2.309832e+00	1.701026e+00	1.025662e+00	1.933446e+00	2.583548e+00	8.478286e-01	1.328250e+00	7.639168e-01	-9.908895e-01	-1.281516e+00	1.532429e+00	-2.104184e+00	2.519195e+00	-8.126134e-01	3.772609e+00
-6.416143e-01	2.286239e+00	8.662328e-01	1.846437e+00	-1.541482e+00	1.511386e+00	1.100727e+00	4.267300e-01	-1.277954e-01	4.900166e-01	2.032958e+00	1.272189e+00	-2.655519e-01	1.287486e+00	-1.456131e+00	-1.265868e+00	8.994980e-01	-8.969543e-01	1.147918e+00	-9.308791e-01	6.091372e-01	2.855538e+00	1.462279e+00	-3.289303e+00	-1.278201e+00	3.322940e-02	1.073156e+00	2.471323e+00	9.465097e-01	2.916858e-01	-1.742258e+00	9.274739e-01	2.519051e+00	2.492156e+00	3.822317e+00	1.344719e+00	-6.797655e-01	3.584934e-01	3.693027e+00	2.053137e+00
-1.540903e-01	1.561753e+00	-4.855128e-01	2.056143e+00	6.884850e-01	3.154574e+00	1.150169e+00	-7.793248e-02	-4.823939e-01	1.822160e+00	1.823690e+00	2.061606e+00	4.489761e-01	1.902270e+00	1.097368e+00	-4.433444e-01	1.001022e+00	-1.254418e+00	3.672319e-01	3.662114e-01	1.295934e+00	7.125017e-01	2.722757e+00	-2.039233e-01	-2.059921e+00	-5.754846e-01	8.827427e-01	1.362739e-01	2.123539e+00	8.948464e-01	2.417368e-01	7.092569e-01	1.718184e+00	2.509412e+00	2.371615e+00	6.618369e-01	-1.067521e+00	9.640424e-01	1.180992e+00	3.004446e+00
2.456655e+00	-6.821744e-01	8.086867e-01	1.539803e+00	2.043187e+00	2.212604e+00	2.040762e+00	1.284416e+00	7.496417e-01	2.147696e+00	1.644093e+00	1.675736e+00	-8.197822e-01	9.018767e-01	5.211018e+00	-1.938168e-01	1.949507e+00	-1.495519e+00	4.618164e-01	-3.187783e-01	2.161073e+00	-2.085930e+00	1.945978e+00	2.684838e+00	-7.156891e-01	-9.664375e-02	2.242550e+00	1.925531e+00	1.747680e+00	2.054828e+00	1.035768e+00	-5.335616e-01	2.457141e+00	-2.620454e-01	5.253365e-01	1.918120e+00	-1.576868e+00	9.567187e-01	-1.502375e+00	2.244381e+00
-3.624702e-01	2.065557e+00	-2.109181e+00	2.649031e-01	1.821422e-01	1.428868e+00	2.503418e+00	-1.150449e+00	8.599623e-01	5.629173e-01	2.613618e+00	-5.321567e-01	1.307252e+00	1.558662e+00	-5.690079e-01	-1.660619e-01	4.735284e-01	2.874877e-01	-7.627317e-01	1.456120e+00	1.395613e+00	1.933347e+00	2.360728e+00	-1.747730e-01	5.825154e-01	8.410657e-01	-6.665372e-01	2.524938e+00	-1.226232e+00	-1.797967e+00	2.979360e+00	1.857845e+00	6.160933e-01	-3.494066e-02	4.975564e-01	-4.090245e-01	6.802604e-01	3.748040e-01	-1.313108e+00	3.146527e+00
3.219408e-01	-2.152805e+00	1.907510e+00	-2.846014e-02	2.465944e+00	3.216573e+00	2.028296e+00	-9.472491e-01	1.900872e+00	2.279150e+00	2.706935e+00	1.580640e+00	2.041644e-01	-8.889382e-02	2.109216e+00	-3.715801e-01	1.573822e+00	-9.583884e-01	5.443485e-02	-2.516620e-01	5.230150e-01	-1.321295e+00	2.123318e+00	2.187530e+00	-2.686886e-01	3.084384e-01	-2.382287e-01	3.016656e+00	3.879779e-01	1.579287e+00	9.945171e-01	7.336174e-01	1.182737e+00	-8.007422e-01	2.477923e-01	-7.645969e-01	-1.445896e+00	3.618980e+00	-1.415200e+00	1.703271e+00
9.265305e-01	3.036652e+00	1.316880e+00	1.156719e-01	5.897313e-01	4.001351e+00	1.398481e+00	-4.093727e-01	-2.929734e-01	1.943225e+00	1.087373e+00	7.957248e-01	5.747731e-01	8.325675e-01	-4.776579e-01	-4.102644e-01	1.748716e+00	-1.472404e+00	1.100575e-01	-4.147662e-01	-6.585750e-02	5.527693e-01	1.946454e+00	2.282073e-01	-6.346887e-01	-4.888054e-01	1.977418e+00	3.992797e-02	-9.089575e-01	-5.001073e-01	8.799401e-02	-1.118179e+00	1.964028e+00	1.511984e+00	2.012197e+00	2.623985e-01	4.817896e-01	-6.799652e-01	6.279471e-01	4.301973e+00
2.516191e+00	2.672908e-01	-1.611346e-01	1.104973e+00	1.574404e+00	2.239034e+00	8.097560e-01	2.186362e+00	-1.513458e-02	1.560549e+00	1.434268e+00	3.776042e-01	-1.804496e+00	3.318306e+00	2.975865e+00	-2.745385e+00	2.911291e+00	-1.524662e+00	2.144862e-01	-4.411004e-02	9.970372e-01	-1.408657e+00	9.584323e-01	1.711694e+00	8.139753e-01	1.560398e+00	1.843577e+00	1.434259e+00	1.605696e+00	2.333269e+00	-4.302673e-01	1.709767e+00	2.243412e+00	-1.269634e-01	3.181111e-01	1.017914e+00	-2.150775e+00	8.414257e-01	-7.301587e-01	4.328841e+00
-9.651951e-02	1.881094e-01	-4.973596e-01	3.003179e+00	-1.371951e+00	4.147621e-01	-1.487119e+00	2.140400e+00	1.528477e-01	2.320830e+00	1.981056e-01	2.691945e+00	5.165670e-01	6.185996e-01	1.257864e+00	9.559851e-01	4.800088e-01	-1.380439e+00	-5.136330e-02	9.958407e-01	1.400959e+00	3.569301e-01	3.939899e-01	-1.150099e+00	-1.340237e+00	-3.810302e-01	-8.942005e-01	1.011089e+00	1.598363e+00	1.347272e+00	-8.945045e-02	-1.443175e+00	2.691956e+00	1.092479e+00	1.835790e+00	-3.852535e-01	-1.883330e+00	1.486490e+00	3.259285e+00	1.109358e-02
9.902076e-01	4.191622e+00	-1.354254e+00	1.288646e+00	-1.200330e+00	2.583669e+00	4.210692e+00	-9.631577e-01	5.522043e-01	1.923031e+00	1.286720e+00	-4.424882e-01	2.202888e+00	-1.857941e-01	-2.369942e-01	1.174003e+00	2.046094e+00	-2.084761e+00	-1.269723e+00	-6.344255e-01	1.824393e+00	2.139153e+00	1.430641e+00	-1.743333e+00	3.262645e-02	-2.860186e-01	-2.939943e-01	2.511021e+00	2.320613e-01	-1.665197e+00	2.191307e+00	3.211149e+00	2.460051e+00	-1.087876e+00	1.128150e+00	1.709897e+00	1.382328e+00	-1.429931e+00	2.442046e+00	2.509938e+00
6.489854e-01	-1.140924e+00	2.821848e-01	8.188288e-01	8.833491e-01	2.738910e-01	1.820569e+00	1.733865e+00	4.859798e-01	1.596760e+00	1.196593e-01	3.453223e+00	1.480691e+00	-5.528337e-01	1.029467e+00	2.057319e+00	-5.949388e-01	-1.983539e+00	-1.175150e+00	6.981804e-01	1.394362e+00	3.584354e+00	1.271542e+00	-1.564631e+00	-1.011458e+00	3.115097e-01	7.020895e-01	2.364697e+00	1.635893e+00	3.908075e-01	3.226646e+00	3.353453e-02	5.398292e-01	-3.370199e-01	2.829737e-01	-1.387419e+00	-1.224220e+00	2.113971e+00	-1.070483e+00	7.587784e-02
-1.967840e+00	1.167495e+00	-4.864799e-01	2.444950e+00	1.813371e-02	-6.382982e-01	1.036787e+00	2.394144e+00	-4.355839e-01	9.425649e-01	3.522089e+00	1.022022e+00	2.590373e-01	-6.387587e-01	9.664468e-01	-5.648202e-02	5.786917e-01	1.329917e+00	-1.658981e+00	1.942433e+00	3.350466e-01	2.132719e+00	7.611967e-01	-1.441732e+00	1.749745e+00	-1.123877e-01	1.237222e-01	3.357691e+00	4.812266e-01	1.114322e+00	1.242363e+00	1.904998e+00	-9.461916e-01	5.374946e-01	1.013924e+00	-5.819665e-02	4.161082e-01	1.989644e+00	8.348300e-01	1.481483e+00
1.745812e+00	-6.748128e-01	3.677058e+00	1.223461e+00	-3.995046e-03	3.659817e+00	3.141486e+00	-3.073725e+00	1.620637e+00	2.033822e+00	8.449866e-01	2.665043e+00	-8.625000e-01	5.613068e-01	2.466696e+00	-1.420381e+00	2.130639e+00	8.250342e-01	-3.967872e-01	-1.723837e+00	3.487412e-01	-3.390263e-01	2.682743e+00	3.464788e+00	-1.514327e+00	1.107061e+00	2.495617e+00	9.899900e-02	1.556578e+00	1.126868e+00	7.969466e-01	1.666987e+00	1.088909e+00	2.813494e-01	-5.135314e-02	2.684464e+00	6.099253e-01	4.727997e-01	-2.163498e+00	2.784318e+00
-2.587211e+00	1.011433e+00	3.170493e+00	1.114098e+00	-6.597823e-01	3.165287e+00	7.698173e-01	-4.700879e-03	4.445400e-01	1.487387e+00	-6.567672e-01	8.319957e-01	1.866575e+00	2.365448e+00	2.211419e-01	-1.930783e+00	-1.679911e-01	-2.856681e-01	1.170038e+00	-4.828582e-01	1.298555e-01	1.663859e+00	3.032433e+00	2.542807e+00	-2.413376e+00	8.600766e-01	2.455223e+00	-3.479662e-02	1.772308e+00	1.152407e+00	-2.201660e+00	1.650191e+00	1.334095e+00	2.537424e+00	-1.764666e-01	1.810046e+00	-7.163841e-01	1.115358e+00	-4.966138e-02	2.922013e+00
1.936786e+00	-8.874191e-04	-2.157227e+00	5.419882e-01	5.286102e-01	2.375945e+00	2.122217e+00	-2.442812e+00	1.130567e+00	2.134016e+00	2.697707e+00	7.948247e-01	2.386221e+00	1.165866e+00	-7.855572e-01	2.631817e-01	1.210021e+00	-2.900515e-01	-1.275223e+00	-1.162057e+00	1.955515e+00	2.135986e+00	5.611778e-01	-6.132265e-01	6.620684e-01	1.505730e+00	-1.091797e+00	2.129737e+00	9.503311e-01	-1.420181e+00	1.983652e+00	2.336135e+00	2.208486e+00	2.912657e-01	1.681206e+00	-1.677160e-01	9.169013e-01	-4.734170e-01	-5.110553e-01	2.099994e+00
-1.145282e+00	-2.680904e-01	-1.075905e+00	1.152725e+00	9.822270e-01	1.510143e+00	1.563910e-02	1.364848e+00	5.373195e-01	1.345020e-01	-1.175386e+00	-1.579942e-01	1.673373e+00	1.490246e+00	1.037415e+00	-2.019072e+00	1.117831e+00	-1.691716e+00	1.454171e+00	-1.177172e+00	1.883030e+00	1.342467e+00	3.500963e-01	-5.102998e-01	-1.804106e-01	2.245468e+00	2.562835e+00	5.408134e-01	2.358653e+00	2.374309e+00	1.402330e+00	5.109433e-01	1.230076e+00	9.769923e-01	1.257689e+00	3.412725e-01	-7.448592e-01	8.292595e-01	3.146543e+00	2.023071e+00
3.013267e+00	3.906016e+00	3.043429e-01	9.664249e-01	1.059018e+00	2.269716e+00	2.175928e+00	5.808192e-01	1.195997e+00	1.377934e+00	3.979032e-01	2.290269e-01	9.539917e-01	5.292210e-01	5.835864e-01	-1.536562e+00	3.081603e+00	-1.817082e+00	-5.736108e-01	-5.700986e-01	1.836888e-01	1.551264e+00	2.035572e+00	-1.774405e+00	8.327902e-01	-1.199745e-01	1.560795e+00	5.124519e-02	-1.072568e+00	-5.569869e-02	8.757963e-01	1.840990e+00	1.985629e+00	8.237394e-01	4.949379e-01	1.357251e+00	5.929701e-01	-2.355970e+00	9.384251e-01	4.568459e+00
-2.277689e+00	4.019712e+00	2.186063e+00	2.041894e+00	-8.418003e-01	1.792190e+00	2.750675e-02	-1.906472e+00	-1.797202e-01	6.585779e-01	-1.936871e-01	1.069010e+00	4.653527e-01	1.135610e+00	-1.601026e+00	1.077707e+00	-5.686355e-01	3.999096e-01	-2.176883e-01	-6.842177e-01	-9.895288e-02	2.187285e+00	2.562855e+00	8.668309e-03	-2.664150e+00	1.961962e-01	2.276620e+00	-2.259421e-01	1.513239e+00	-1.989725e-01	-1.456242e+00	1.767093e+00	1.534466e+00	2.807634e+00	1.457010e+00	2.989205e+00	1.086001e+00	1.157756e-01	1.199951e+00	2.521431e+00
1.159769e+00	-3.160335e-01	-2.511891e+00	1.579443e+00	7.822902e-01	4.544372e-01	-1.166220e+00	2.334042e+00	9.364577e-01	1.518023e+00	1.283888e+00	2.374480e+00	2.744349e-01	6.440420e-01	1.514265e+00	1.569546e+00	-2.395464e-01	4.976147e-01	-1.663937e+00	1.291475e+00	5.490039e-01	-4.896306e-01	7.445668e-01	-4.539691e-01	-4.944079e-02	5.330418e-01	9.072899e-01	2.521658e-01	1.773200e+00	2.292886e-01	2.977207e+00	-6.124366e-01	2.476374e+00	1.596717e+00	3.327739e+00	-2.167858e+00	8.303711e-01	1.966427e+00	1.512311e+00	1.513558e+00
-1.904578e+00	8.015932e-01	1.168654e-01	2.149283e+00	2.159433e-02	2.563006e+00	1.195612e+00	-1.910932e-01	-6.509344e-02	1.828815e-01	7.104882e-01	1.468022e+00	2.223172e+00	1.769482e+00	4.366068e-01	-1.947514e+00	2.128884e+00	-1.850000e-01	-3.728247e-01	1.384906e+00	-4.623279e-01	2.601635e+00	2.689737e+00	-2.121599e+00	-5.953933e-02	1.675389e+00	1.400672e-01	1.756621e+00	-6.256381e-01	-1.430349e+00	1.152547e+00	2.344762e+00	-5.419546e-01	9.579576e-01	-9.895923e-01	-1.377931e+00	-4.705123e-01	1.171599e+00	1.476437e-01	3.111765e+00
6.572411e-01	-3.833777e-01	-2.444198e+00	1.115909e+00	-1.310243e-01	4.444473e-02	9.228644e-01	1.969455e-01	8.589570e-01	1.509023e+00	9.036569e-01	2.162753e+00	1.284010e+00	1.717154e+00	-1.707615e+00	1.527010e+00	1.414740e-02	-8.408259e-01	1.211051e+00	2.934852e-02	8.126310e-01	2.328507e+00	6.765850e-01	-3.476767e+00	-1.156145e+00	5.638820e-02	-7.643069e-01	1.190685e+00	1.001352e+00	-4.303864e-01	2.427701e+00	-9.623598e-01	1.607521e+00	5.238185e-01	2.853173e+00	-1.161563e+00	-9.151711e-01	8.524504e-01	1.517642e+00	4.786670e-01
1.800317e+00	6.547922e-01	-2.871790e-01	1.202073e+00	2.148697e+00	3.615607e+00	2.689010e+00	-5.160987e-01	-4.798763e-01	2.102004e+00	3.235874e+00	8.136791e-01	-3.717920e-01	1.870054e+00	2.026081e+00	3.160764e-01	1.064980e+00	-3.205270e-01	-1.824140e-01	-6.543094e-01	1.306682e+00	-6.660548e-01	2.929058e+00	9.372542e-01	-1.079078e+00	9.769644e-01	2.330162e+00	1.248979e+00	1.696959e+00	1.693123e-01	1.896799e+00	1.866978e+00	2.971480e+00	1.916140e+00	1.944128e+00	1.264590e+00	6.351287e-01	8.960655e-01	-9.017437e-01	4.537093e+00
1.946406e+00	9.617112e-01	1.058047e+00	1.357869e+00	9.326951e-01	1.979415e+00	1.718286e+00	-1.035202e+00	2.956869e-01	9.453470e-01	5.766413e-01	1.998046e+00	-2.160922e+00	2.530702e+00	2.449722e+00	7.298896e-01	2.773877e+00	4.227934e-01	-5.332027e-01	-5.973405e-01	8.821101e-01	-1.746098e+00	2.182867e+00	6.824080e-01	-8.945964e-01	6.244849e-01	2.798837e+00	1.021922e+00	1.392699e+00	-3.264263e-01	1.961438e+00	6.134933e-01	1.620743e+00	4.866686e-01	1.070167e+00	2.095553e+00	1.089230e+00	-6.283771e-01	-1.170146e+00	2.349664e+00
9.548234e-02	1.450615e+00	-1.118005e-01	1.701672e+00	1.165551e+00	3.039031e+00	1.861486e+00	-5.102742e-01	-1.955073e-01	2.802361e+00	1.221182e+00	1.931847e+00	1.123221e+00	2.037491e+00	3.532764e-01	-5.462636e-01	-1.872171e-02	4.067013e-02	4.701578e-01	6.912379e-01	2.504705e-01	8.637335e-01	3.372044e+00	1.700136e+00	-3.045049e+00	-1.922985e-01	1.634798e+00	-9.644365e-01	2.992206e+00	5.256920e-01	-4.810989e-02	1.410974e+00	1.944884e+00	2.620772e+00	1.806116e+00	1.372542e+00	-5.606540e-01	3.887108e-01	-5.103256e-01	3.337464e+00
1.739594e+00	4.160522e+00	-1.188864e+00	1.747175e+00	-4.649448e-01	2.444879e+00	4.060391e+00	-6.631439e-01	9.905494e-01	1.478031e+00	7.654495e-01	-9.358485e-01	2.194103e+00	-2.666598e-01	4.449364e-01	1.231700e+00	2.933916e+00	-2.315384e+00	-1.018411e+00	-4.065850e-01	1.798893e+00	2.042004e+00	1.767822e+00	-2.134202e+00	4.336216e-01	-4.824416e-01	-3.095574e-01	1.849606e+00	-4.417530e-02	-1.555872e+00	2.207437e+00	2.884717e+00	2.417630e+00	-1.079181e+00	7.271571e-01	1.548261e+00	1.154884e+00	-2.107743e+00	1.814128e+00	2.612295e+00
2.253635e+00	2.369267e+00	-1.375362e+00	3.802814e-01	5.854979e-01	1.843022e+00	2.540595e+00	-1.540782e+00	1.114500e+00	1.553743e+00	9.879093e-01	-1.543690e-02	1.684299e+00	-6.922464e-01	-5.917585e-02	3.303999e+00	1.139678e+00	-1.310297e+00	-1.004035e+00	-1.000839e+00	1.830018e+00	8.825798e-01	1.612267e+00	-1.204022e+00	5.574537e-02	-7.155157e-01	2.056209e-01	1.279182e+00	-5.972228e-02	-6.499342e-01	3.559179e+00	1.462187e+00	1.977951e+00	-2.618552e-01	1.324816e+00	1.574771e+00	2.531782e+00	-1.332865e+00	1.691549e+00	9.704522e-01
2.684500e+00	1.489006e+00	1.044114e+00	1.035698e+00	1.341536e+00	3.575827e+00	2.271317e+00	9.679453e-01	4.931320e-01	2.908471e+00	1.511854e+00	6.383201e-01	-4.360873e-01	1.117897e-01	3.198493e+00	-7.578294e-01	3.428877e+00	-2.148837e+00	1.169963e-01	1.583943e-02	-3.271845e-01	2.362843e-01	1.931033e+00	1.570719e+00	-9.278320e-01	8.247325e-01	3.805422e+00	2.793844e-01	4.974949e-01	1.673635e+00	1.319085e+00	1.131079e+00	3.535937e+00	7.710946e-01	6.038066e-01	7.912973e-01	-9.287611e-01	-4.646118e-01	1.868158e-01	5.293423e+00
1.863223e+00	3.479373e+00	-1.324033e+00	2.313246e-01	1.794053e-01	6.203656e-01	1.904622e+00	9.913101e-01	6.332749e-01	2.520873e+00	4.355250e-01	-4.273505e-01	8.820625e-01	-1.152357e-01	2.830159e-01	1.624641e+00	2.135851e+00	-5.658279e-01	-1.418537e+00	6.680484e-01	3.443392e-01	1.392157e+00	4.153948e-01	-1.692122e+00	1.122006e+00	-1.317321e+00	9.135958e-01	1.832166e+00	7.045320e-02	4.253077e-01	3.318643e+00	1.172372e+00	1.033774e+00	6.767343e-02	6.976380e-01	1.236675e+00	1.936541e+00	-2.362983e+00	1.499999e+00	1.753559e+00
1.679215e+00	-1.202005e+00	2.250219e+00	1.673547e-02	4.383504e-01	1.975887e+00	2.048335e+00	-1.106031e+00	7.381312e-01	1.458331e+00	2.950691e+00	2.119771e+00	-1.605433e+00	1.438056e+00	3.206187e-01	2.430045e-01	-6.916454e-01	9.866638e-01	-8.344769e-01	-1.325668e+00	8.188399e-01	3.850571e-01	2.664015e+00	6.637457e-01	-9.750103e-01	9.900781e-01	1.064491e+00	1.044975e+00	6.493554e-01	6.048393e-01	1.166904e+00	1.202129e+00	2.339716e+00	1.466698e+00	1.018396e+00	1.295317e+00	3.875062e-01	2.393171e+00	-2.445643e+00	2.037362e+00
1.496422e+00	9.609163e-01	2.797329e+00	4.868080e-01	1.558938e-01	2.732057e+00	2.507320e+00	-2.700293e+00	2.161316e+00	1.437356e+00	3.425517e-01	9.410052e-01	-7.651682e-01	7.053940e-01	-2.395967e-01	-6.022612e-02	6.603662e-01	-4.773187e-02	-8.865338e-01	-8.262547e-01	-6.093487e-01	1.605972e+00	3.569204e+00	4.133764e-01	-2.290801e+00	1.225167e+00	2.942232e+00	-1.425329e+00	1.850002e+00	9.259789e-01	1.772827e+00	1.060276e+00	2.437493e+00	2.226645e+00	7.586379e-01	2.299722e+00	9.411803e-01	1.439682e+00	-6.434399e-01	4.450322e+00
-9.673266e-01	1.200804e-01	3.203927e+00	2.239947e+00	-9.628091e-01	3.212743e+00	1.092742e+00	2.240694e-01	8.891960e-01	1.760550e+00	6.168217e-01	1.577614e+00	1.560646e-01	-1.229687e+00	1.077854e+00	-1.325375e+00	1.377271e+00	-4.533636e-01	4.630863e-01	-7.599752e-02	-1.102354e-01	-2.206674e-01	1.751981e+00	2.937423e+00	-1.104638e+00	1.462161e+00	2.072825e+00	1.052647e+00	9.713733e-01	1.811477e+00	-1.060252e+00	1.122821e+00	2.532850e+00	9.434169e-01	1.611142e+00	1.174325e+00	-7.587030e-01	1.745634e+00	2.229002e+00	1.735285e+00
7.375948e-01	8.705062e-01	3.395425e-01	2.543950e-01	1.024435e+00	1.939254e+00	8.240530e-01	-1.500378e-01	-2.444519e-01	1.529435e+00	1.544654e+00	8.945287e-01	-1.096797e+00	1.583208e+00	3.063475e-01	-2.582581e-01	7.559084e-01	1.767005e+00	-4.403290e-01	1.396783e+00	-3.615051e-01	-1.189422e+00	2.354344e+00	3.868997e-01	5.310656e-01	4.465026e-01	2.052582e-01	8.808809e-01	2.058976e-01	-1.334965e+00	4.946488e-01	1.480086e+00	6.073737e-01	1.988496e+00	1.133125e+00	2.776116e-01	2.242886e+00	1.823431e-01	-4.541481e-01	1.150082e+00
1.186133e+00	1.313686e+00	-3.136988e-01	1.790362e+00	-1.827724e-01	5.763509e-01	-7.648339e-01	2.183567e+00	-2.788143e-01	9.588083e-01	5.379483e-01	1.796150e+00	-6.735254e-01	-4.141250e-01	1.238386e+00	7.633764e-01	-1.286324e-01	-7.364903e-01	-5.416082e-02	-4.439610e-01	1.372789e+00	1.844877e-01	1.506043e-01	-4.844910e-01	-1.540920e-01	7.202987e-01	2.866541e+00	4.337273e-01	1.996087e+00	2.605592e+00	1.211544e+00	-4.091641e-01	2.459934e+00	2.880425e+00	2.925404e+00	1.221481e+00	3.711243e-02	2.825401e-02	3.417083e+00	9.982217e-01
-2.854858e+00	5.920476e-02	2.616696e+00	-3.774520e-01	-6.496879e-01	2.164524e+00	1.306137e+00	-1.982891e-01	1.323911e+00	1.708857e+00	3.245013e+00	7.766061e-01	-1.368228e+00	1.601228e+00	7.825009e-01	-5.584616e-01	-3.562836e-01	9.331423e-01	4.752957e-01	1.902489e+00	-1.317893e+00	7.976162e-01	1.684643e+00	3.243134e+00	-4.473726e-01	5.096338e-01	-2.895614e-01	3.918050e+00	-1.741177e+00	1.300714e-01	8.300065e-01	-1.190500e+00	-6.746867e-01	-5.226907e-01	-1.135224e+00	1.476805e-01	-1.340445e+00	4.238441e+00	-3.857696e+00	2.572646e+00
5.220627e-01	-1.034080e+00	-7.818656e-01	9.676758e-01	1.763110e+00	-1.631702e-01	1.306712e+00	1.724135e+00	6.428223e-02	1.731206e+00	-1.000868e+00	3.467562e+00	1.821022e+00	-2.494190e-01	1.485062e+00	2.053213e+00	-4.658316e-01	-1.794509e+00	-1.706180e-01	1.249556e+00	2.183803e+00	1.044202e+00	5.287242e-01	-4.413876e-01	-9.032933e-01	-7.477733e-01	-2.460938e-01	2.173097e+00	2.307828e+00	3.524376e-01	3.004573e+00	-1.369584e+00	-4.047987e-01	-7.068888e-01	1.142720e+00	-6.148755e-01	-4.218301e-01	1.206501e+00	2.347523e-01	-2.074985e+00
-3.630488e-01	1.032763e+00	-9.665651e-02	6.954295e-01	7.756932e-01	1.409802e+00	4.185010e-01	1.061325e+00	2.353619e-01	1.180729e+00	3.156821e+00	-2.138662e-01	5.602967e-01	-7.896868e-01	2.010413e+00	1.504079e+00	1.497715e+00	-7.499882e-01	-7.825132e-01	1.107211e+00	9.442648e-01	1.801370e-01	7.352166e-01	-1.299990e+00	7.583387e-01	7.558953e-01	1.334902e+00	2.703268e+00	4.750128e-01	-1.928211e-01	6.446514e-01	-1.339422e-01	2.050603e+00	1.330023e+00	1.847254e+00	-1.440127e+00	7.181212e-01	1.766886e+00	2.791013e+00	1.442393e+00
1.348864e+00	-8.720340e-01	-1.282009e+00	1.910385e+00	1.903616e+00	-6.440971e-01	2.701049e-01	8.378641e-01	1.587374e+00	5.420530e-01	2.361374e+00	1.855188e+00	1.349818e+00	-9.852886e-01	2.170206e+00	1.428213e+00	6.640276e-01	1.646288e+00	-1.879060e-01	-2.513629e-01	1.587025e+00	-2.773475e-01	5.548151e-01	-8.526704e-01	2.053555e+00	-3.187301e-01	1.219043e+00	9.132281e-01	1.151316e-01	4.941419e-01	1.941062e+00	-1.271679e+00	1.617778e-01	1.693140e+00	2.350208e+00	-1.979459e-01	1.620715e+00	-2.788698e-01	-1.812874e-01	7.899335e-01
-2.410011e-01	9.554342e-01	1.760975e+00	2.631796e-01	-5.493193e-01	1.428636e+00	2.818620e+00	-2.353601e+00	2.045758e+00	6.833546e-01	6.150863e-01	-7.559375e-02	-5.248087e-02	2.865354e-01	-4.493472e-01	5.919737e-02	7.569539e-01	6.529356e-01	-1.157276e+00	-1.561640e+00	9.032923e-01	1.551031e+00	2.214789e+00	-5.084647e-01	-7.274993e-01	-3.417351e-01	2.171551e+00	8.688791e-01	9.691580e-01	1.536097e+00	2.491737e+00	-3.557483e-01	3.340911e-02	1.250412e+00	1.681158e+00	1.323993e+00	1.279520e+00	2.197310e+00	1.527006e+00	2.254532e+00
4.441933e-01	1.147918e+00	2.729484e+00	1.245656e+00	1.153436e-02	3.618355e+00	3.376870e+00	-2.368297e+00	-4.575269e-02	1.020700e+00	3.045434e-01	2.849831e+00	-1.108672e+00	2.442620e+00	-3.007209e-01	-2.455121e+00	2.170784e+00	-2.207413e-01	-1.450908e-01	-1.779231e+00	6.165879e-01	2.837327e+00	3.212019e+00	-9.275055e-01	-1.481330e+00	-3.429928e-01	3.324421e-01	7.914739e-01	1.536102e+00	-8.681255e-02	4.566543e-02	2.370026e+00	1.985992e-02	2.892286e-01	4.560294e-01	2.859110e+00	2.355330e-01	5.078851e-01	-8.997786e-01	2.495562e+00
2.291130e+00	2.126596e+00	-8.455443e-02	2.047479e+00	-4.381420e-01	3.126982e+00	9.716745e-02	1.688744e+00	2.827645e-01	4.444345e+00	1.876741e+00	8.036491e-01	-7.886665e-03	-6.915088e-01	1.306658e+00	7.768006e-01	2.677182e+00	-6.361412e-01	-2.117676e+00	1.237663e+00	-1.950980e-01	-2.220641e-01	1.064166e+00	6.957168e-01	4.709663e-02	8.071880e-01	1.093250e+00	-5.540946e-01	3.726672e-01	1.080184e+00	1.025337e+00	1.163251e-02	3.897324e+00	1.978046e+00	1.422213e+00	-1.069340e-01	8.482996e-01	7.306116e-01	3.230468e+00	4.184705e+00
2.200356e+00	-7.911623e-01	1.072138e+00	1.322736e+00	1.513521e+00	3.340239e+00	2.083605e+00	1.509094e-01	1.199382e+00	1.419333e+00	3.271874e+00	1.724242e+00	-5.756934e-01	4.388261e-01	1.463873e+00	-1.469114e+00	1.443560e+00	4.749062e-02	4.245872e-01	-2.398379e-01	2.390015e-01	1.808182e-01	2.819392e+00	8.264413e-01	-9.353308e-01	2.349351e+00	1.954643e+00	5.144810e-01	1.048695e+00	1.104404e-02	4.703936e-01	1.602023e+00	3.741561e+00	2.322865e+00	2.289185e+00	4.434829e-01	1.949810e-01	1.465288e+00	-7.332440e-02	3.965810e+00
2.516655e-01	1.945279e+00	-1.740797e+00	4.805989e-01	-1.345774e-01	3.288194e-01	1.494179e+00	-1.524614e-01	-8.746566e-03	8.987358e-01	1.124536e+00	-3.175904e-01	1.476304e+00	1.334510e+00	5.280328e-01	3.496981e+00	-4.948605e-01	-6.599097e-01	-4.699177e-01	2.248848e-01	2.023714e+00	3.914779e-02	8.716426e-01	-1.043305e+00	4.243720e-01	-4.558008e-01	-1.347653e-01	2.490160e+00	8.952710e-01	-1.259982e+00	2.635702e+00	1.873747e+00	1.635961e+00	-1.436186e-01	9.364656e-01	7.034480e-01	1.566027e+00	-3.138355e-01	4.476864e-01	4.744813e-01
-2.243290e-01	2.420701e+00	-3.169173e+00	1.901153e+00	-6.783816e-01	2.866998e-01	2.075007e+00	2.388182e-01	-7.895683e-01	-1.226487e-01	1.693133e+00	8.160646e-01	1.162514e+00	1.022564e+00	1.441667e+00	1.340998e+00	-4.072405e-01	3.277506e-01	-7.754698e-01	9.255166e-01	2.290292e+00	1.014319e+00	1.547695e+00	-1.249096e+00	7.938203e-01	-2.925107e-01	6.115232e-01	2.254223e+00	5.191364e-01	-1.543679e+00	3.514528e+00	2.236208e+00	3.292641e-01	7.050269e-02	1.086591e+00	1.922072e+00	1.711923e+00	-1.738089e+00	-9.311333e-02	1.523297e+00
1.089895e+00	6.124347e-01	-7.161914e-01	1.812038e-01	1.198843e+00	1.700907e+00	2.846336e+00	-2.961202e+00	1.315995e+00	2.239626e+00	2.889565e+00	1.017542e+00	2.564588e+00	1.889473e+00	-1.660474e+00	-2.852189e-01	-1.700757e-01	1.538544e+00	-1.600311e+00	-2.213601e+00	1.729374e+00	2.297374e+00	1.544520e+00	-2.520532e-01	5.633143e-01	3.066673e-01	-7.188751e-01	2.027125e+00	2.347270e-01	-4.819684e-01	2.620675e+00	3.770518e+00	7.154887e-01	1.192599e+00	1.378472e+00	6.716240e-01	1.833987e+00	-6.315721e-02	-2.280226e+00	2.493146e+00
1.308521e+00	1.836261e+00	-2.536071e+00	1.363063e+00	1.698805e-01	6.865959e-01	1.426074e+00	-3.775770e-01	-3.875968e-01	1.549004e-01	5.014602e-01	3.522262e-01	1.510236e+00	9.238961e-01	1.717646e+00	7.181062e-01	8.860964e-01	-3.072441e-01	-8.072086e-01	1.794715e-02	2.460112e+00	5.654118e-01	1.152310e+00	-1.651992e+00	1.282592e+00	3.513915e-01	1.343219e+00	1.536209e+00	6.558173e-01	-7.003796e-01	3.399549e+00	2.537767e+00	7.154152e-01	8.537634e-01	7.775410e-01	1.141531e+00	1.584645e+00	-2.894280e+00	7.435447e-01	1.543813e+00
-2.687187e-01	2.923722e+00	1.002668e+00	5.983053e-01	4.693299e-01	1.851423e+00	1.615107e+00	1.585530e+00	1.738417e-01	1.414182e+00	2.206975e+00	-1.607018e+00	2.678832e-01	-9.898202e-01	1.335758e-01	1.311033e+00	1.726954e+00	-1.450878e+00	-1.382983e-01	1.883499e-02	2.578145e-01	7.791330e-01	7.687061e-01	-1.150025e+00	6.192724e-01	3.926288e-01	2.478976e+00	1.788581e+00	4.500074e-01	1.215828e+00	-2.110521e-01	4.927944e-01	2.446030e+00	1.223452e+00	2.003686e+00	3.476369e-01	4.210350e-01	1.452075e+00	3.895866e+00	3.106850e+00
1.421844e+00	-1.026221e+00	-5.648852e-01	1.501854e+00	2.630968e-01	4.007514e+00	3.116154e+00	-1.713153e+00	1.638818e+00	1.775409e+00	2.215026e+00	1.786920e+00	3.724351e-01	2.073762e+00	2.042933e+00	-3.203594e+00	1.827902e+00	-6.617400e-01	1.233407e-01	-1.159343e+00	9.877229e-01	5.729302e-01	2.368010e+00	2.895165e+00	-5.989668e-01	1.735528e+00	1.562319e+00	2.017888e+00	7.634351e-01	2.914480e-01	9.432912e-01	8.142459e-01	1.966992e+00	3.139786e-02	1.737997e+00	7.791268e-01	-1.616229e+00	1.511068e+00	-2.146776e+00	4.479701e+00
9.305144e-02	1.598341e+00	2.687585e+00	-8.024355e-03	7.404848e-01	4.010029e+00	2.069717e+00	1.265335e-02	1.486781e-01	1.511157e+00	7.191563e-01	1.895706e+00	3.179578e-01	1.482857e+00	1.274771e+00	-3.003641e+00	2.214746e+00	-1.126359e+00	-1.288683e+00	2.770440e-01	-7.796332e-01	2.616970e+00	3.811727e+00	-3.851449e-01	-4.181221e-01	6.328690e-01	1.899804e+00	2.335633e-01	-1.002176e+00	-1.240789e+00	-7.231922e-02	7.266839e-01	4.104629e-01	1.126475e+00	-1.164864e+00	-8.592772e-02	9.551735e-01	1.296538e+00	-1.091514e+00	5.463430e+00
1.914808e+00	2.918522e+00	-4.673313e-01	1.847090e-01	-8.246508e-01	2.977585e+00	3.692057e+00	-1.695128e+00	6.101199e-01	2.589822e+00	1.348793e+00	-2.906579e-01	1.080868e+00	1.801443e+00	-1.042167e+00	-7.710662e-01	2.450112e+00	-7.885517e-01	-6.613481e-01	-1.090547e+00	3.971072e-01	1.113588e+00	1.034006e+00	-7.401047e-01	6.112497e-01	-1.086280e-01	-4.270464e-01	2.440135e+00	-9.450399e-01	-1.035494e+00	2.066421e+00	1.961581e+00	1.677157e+00	-5.757395e-01	1.260018e+00	1.065946e+00	9.900917e-01	-1.671843e+00	2.803989e-01	3.403134e+00
2.893146e-01	1.819796e+00	2.525019e+00	-7.322978e-01	4.316941e-01	5.544891e+00	2.417848e+00	-7.045699e-01	-1.039224e-01	1.838566e+00	8.288371e-01	5.287329e-01	-9.112360e-01	-5.618820e-03	1.265416e+00	-3.552282e+00	3.958254e+00	-1.468347e+00	4.389276e-01	5.286297e-01	-8.058800e-01	7.927084e-01	4.290193e+00	8.369039e-01	-3.883440e-01	5.175414e-01	1.928449e+00	-3.928888e-01	-1.173469e+00	4.140561e-01	5.185770e-01	1.364130e+00	5.793158e-01	4.510148e-01	-1.329519e+00	8.520098e-01	7.923745e-01	1.186334e+00	2.241558e+00	5.052912e+00
6.056783e-01	-1.739767e+00	-5.561981e-01	6.542683e-01	2.029566e+00	9.352683e-01	3.457351e+00	4.741448e-02	8.356535e-01	2.249417e+00	-4.379416e-01	3.864448e+00	1.981984e+00	4.258630e-01	-6.986578e-01	7.425627e-01	-7.665216e-02	-1.035750e+00	7.693653e-01	-1.258689e+00	1.839316e+00	1.998267e+00	8.679755e-01	-5.664130e-01	-1.326550e+00	-9.835556e-02	-4.483754e-01	1.810936e+00	2.289914e+00	9.752730e-01	3.509834e+00	7.370562e-01	-1.767022e-01	-8.701628e-01	1.875674e+00	7.444231e-02	-5.541483e-01	1.285160e+00	-7.712742e-01	-9.305767e-01
1.210740e+00	1.985205e+00	6.589434e-01	1.571850e+00	-3.862413e-01	8.817745e-01	-7.740621e-01	-2.078377e-01	1.715576e+00	9.048774e-01	8.995572e-02	4.333889e-01	-1.390424e-01	-1.227838e+00	8.967386e-01	1.302827e+00	2.642793e+00	-3.791732e-01	-1.013344e+00	2.792574e-01	-3.043044e-01	2.801719e-01	-5.787299e-01	-1.541708e+00	6.378974e-01	1.086727e+00	1.471324e+00	-1.379332e-01	7.307136e-01	2.145404e-01	5.258234e-01	-6.921727e-01	2.374928e+00	7.995118e-01	1.405544e+00	-4.422115e-01	8.436452e-01	7.525288e-01	3.800469e+00	1.351228e+00
-1.073993e+00	1.657756e+00	-9.331203e-01	1.058235e+00	4.037459e-01	-7.967480e-01	6.671201e-02	2.580066e+00	-3.530469e-01	-2.681084e-01	8.115541e-01	9.398934e-01	-1.029683e+00	3.575081e-01	6.732140e-01	1.021338e+00	-5.969653e-02	-8.558268e-01	5.481839e-02	-1.849587e-02	1.654707e+00	1.374590e+00	1.015886e+00	-1.549348e+00	-2.089135e-01	-5.482666e-01	3.957388e+00	1.711927e+00	6.499510e-01	2.057809e+00	1.424685e+00	-1.736054e+00	8.620135e-01	2.219830e+00	3.208513e+00	1.456948e+00	-3.228830e-01	1.065206e+00	2.249144e+00	1.446188e+00
4.534377e-01	3.686879e-01	-7.367633e-01	1.234073e-01	2.663482e+00	1.924792e-01	-5.830843e-01	-2.329746e-01	9.816378e-01	-1.424334e+00	1.546777e-01	1.070168e+00	-7.438577e-01	-1.770967e-01	2.708790e+00	3.202259e+00	1.248992e+00	-4.650492e-01	2.767937e-01	8.077055e-01	6.614971e-01	-2.558454e+00	2.407852e+00	-2.948236e+00	-6.177975e-01	3.055124e-01	2.536415e+00	1.250465e+00	1.206262e+00	-5.300548e-01	3.684650e+00	4.049754e-01	1.148229e+00	6.334610e-01	1.209573e+00	-1.074205e+00	1.892244e+00	1.360397e+00	2.639175e+00	-2.170652e-02
2.521218e+00	-6.948926e-01	-6.759944e-01	7.344751e-01	2.129136e+00	3.234263e+00	8.804416e-01	1.212490e+00	4.155922e-01	1.921690e+00	3.250622e+00	6.127701e-01	-1.614359e+00	1.015328e+00	2.960865e+00	1.804418e-01	2.371119e+00	-1.728012e+00	-1.688910e-01	8.010637e-01	7.757057e-01	-1.693934e+00	1.821298e+00	-8.530538e-01	4.293795e-01	1.496962e+00	3.682758e-01	8.130931e-01	1.253377e+00	4.114678e-01	1.280025e+00	-4.944002e-01	3.432332e+00	5.212757e-01	1.599304e+00	-1.164946e+00	-5.554087e-01	2.907459e+00	1.812768e+00	3.718542e+00
-4.727790e-01	-1.736756e+00	4.940156e-01	-2.858464e-01	9.795086e-01	3.425808e-01	2.162370e+00	1.171354e+00	2.682379e-01	8.874199e-01	2.598707e-01	3.345561e+00	5.584314e-01	4.912015e-01	1.970444e-01	1.877662e+00	-2.363752e+00	-1.527310e+00	1.520565e-01	-1.061446e+00	1.077031e+00	1.950241e+00	1.213006e+00	-1.182487e+00	-6.095855e-01	6.992531e-02	1.073838e+00	2.621528e+00	1.805817e+00	1.765911e+00	3.404774e+00	2.876400e-01	3.405160e-02	-7.368358e-01	7.990819e-01	3.530527e-01	-1.364908e+00	3.012527e+00	-2.061692e+00	4.136739e-02
6.351737e-01	1.761997e+00	1.857721e+00	7.933920e-01	8.977543e-02	3.169430e+00	2.170928e+00	-7.421544e-02	4.074249e-01	2.138021e+00	3.940942e+00	-9.284389e-02	5.238510e-02	1.014817e+00	1.533171e+00	3.669026e-01	3.147807e-01	3.207518e-01	-6.880189e-01	1.675140e-01	1.203717e+00	-6.564711e-01	2.691966e+00	2.105071e+00	-9.680773e-01	1.726403e+00	2.112654e+00	1.302692e+00	6.717908e-01	-6.475684e-01	1.268051e-02	1.654486e+00	4.231919e+00	2.984263e+00	1.460504e+00	1.187788e+00	1.222859e+00	1.340297e+00	-4.328432e-01	4.404668e+00
2.919990e+00	-6.690535e-01	1.967705e+00	6.864058e-01	-7.813903e-01	8.664295e-01	1.217672e+00	1.465917e+00	1.314288e+00	1.607150e+00	6.954832e-01	1.259732e+00	-1.452888e+00	-1.162518e+00	2.857714e+00	1.341485e+00	2.538439e+00	-2.881562e+00	8.674596e-01	-2.993956e-01	1.801218e+00	-3.410459e-01	2.460084e-01	-2.319799e+00	5.210878e-01	1.571414e-01	-5.167556e-01	1.835183e+00	6.412976e-01	1.827933e+00	3.901120e-01	-1.903333e+00	3.367403e+00	-1.396121e+00	5.840050e-01	4.787882e-01	-1.636177e+00	1.560894e+00	3.642696e+00	-8.515216e-01
-1.244796e+00	2.242843e+00	2.160454e+00	9.493338e-01	-8.094376e-01	8.727578e-01	2.865967e+00	1.667780e+00	-7.190993e-01	1.108465e+00	9.274465e-01	9.760916e-01	-6.065034e-01	-1.691945e+00	-2.597841e-01	6.086647e-01	5.100120e-01	5.983861e-02	-3.557800e-01	1.013712e+00	2.052077e-02	2.989860e+00	1.570516e+00	-3.490674e-01	7.525806e-01	-5.794244e-01	1.775898e+00	1.742771e+00	5.699284e-01	2.371031e+00	1.288029e+00	2.212060e+00	-9.181267e-01	2.371163e-01	-8.076267e-02	1.786170e+00	4.219915e-01	7.683777e-01	1.217222e+00	1.393759e+00
-6.878297e-01	7.160713e-01	1.269292e+00	1.600284e+00	-1.171015e+00	4.274823e+00	1.905938e+00	-2.410823e+00	5.322839e-01	1.170316e+00	6.700350e-01	1.935656e+00	4.360797e-02	1.951731e+00	-1.391833e+00	-2.659121e+00	1.396562e+00	-1.905958e-01	1.005358e+00	-1.288956e+00	-3.964874e-01	2.977754e+00	3.171690e+00	-1.671520e+00	-1.165187e+00	6.489808e-01	4.533803e-01	1.449929e-01	-1.241780e+00	-1.695914e+00	-3.921046e-01	-9.598290e-01	1.310289e+00	1.440588e+00	2.448058e+00	3.969985e-01	4.392622e-02	1.660946e+00	1.352371e+00	3.937618e+00
2.201918e-01	-2.029371e+00	1.473486e+00	-1.623761e+00	3.448163e+00	2.021778e+00	3.178403e+00	-7.443125e-01	-7.063637e-02	2.401596e+00	1.067052e+00	3.942576e+00	2.149241e+00	-5.866607e-01	-9.994959e-02	1.882670e+00	-5.528108e-01	-2.892191e+00	-9.197336e-01	7.739932e-01	1.086935e+00	2.914573e+00	2.176463e+00	-1.200622e+00	-1.439953e+00	-4.246137e-02	-1.171169e+00	2.475835e+00	7.671387e-01	-1.761097e+00	2.604955e+00	1.791269e-01	-3.256291e-01	-1.715203e+00	-7.639821e-01	-2.709288e+00	-2.906206e-01	3.924042e+00	-2.650854e+00	5.335246e-03
-6.671166e-01	-1.715480e+00	-1.475993e+00	1.035773e+00	2.488767e+00	2.582936e-01	3.496925e+00	2.213811e-01	1.665170e-01	2.339282e-01	-7.998850e-01	3.223054e+00	1.996916e+00	-5.478593e-01	-1.810438e-01	1.694214e+00	-6.979885e-01	-1.901423e+00	7.947672e-01	-1.832252e+00	2.693259e+00	2.528185e+00	1.298525e+00	-3.237684e+00	-4.231661e-01	-3.893587e-01	9.900446e-01	1.939642e+00	2.908270e+00	1.736479e+00	4.448225e+00	1.629032e+00	-1.281483e+00	-1.095826e+00	1.995574e+00	3.661405e-01	-7.120874e-01	1.417209e+00	3.288528e-01	-1.023456e+00
1.501630e+00	-4.971297e-01	-2.721581e-01	4.299234e-01	3.008016e+00	2.551043e+00	2.570462e+00	-9.274041e-02	6.141511e-02	3.122782e+00	8.853561e-01	2.300268e+00	5.628827e-01	2.309650e+00	-8.379862e-01	-9.204361e-01	1.602771e-01	-8.432273e-02	1.100842e+00	-2.264670e+00	1.994139e+00	-1.283535e+00	7.457604e-01	2.052092e+00	-9.426724e-01	7.157872e-01	6.946153e-01	-3.441105e-01	3.099418e+00	2.821118e+00	1.652780e+00	1.748475e+00	1.065158e+00	9.763393e-01	2.418505e+00	1.820298e+00	3.380165e-01	1.065443e+00	1.168140e-01	2.258961e+00
-5.820212e-01	2.138198e+00	-2.546611e+00	9.163257e-01	8.275078e-01	1.229452e-01	1.797013e+00	1.012613e+00	-7.508800e-03	8.425944e-01	1.044369e+00	1.045887e-03	1.319461e+00	9.478012e-01	2.522837e+00	2.226556e+00	4.203439e-01	-1.354474e-01	-4.767343e-01	1.005755e+00	2.459301e+00	4.513942e-02	1.476447e+00	-9.899249e-01	6.073709e-01	-9.690199e-01	1.431176e+00	3.464256e+00	5.986894e-02	-2.722957e-01	5.043164e+00	1.173097e+00	3.680818e-01	-7.579533e-02	3.277810e-01	1.461349e+00	1.243333e+00	-1.959076e+00	-5.440064e-01	1.165457e+00
-1.434054e-01	1.694507e+00	1.145838e+00	6.570264e-01	8.471443e-01	1.787530e+00	1.375089e+00	-3.128433e-01	1.217354e+00	-1.688127e-01	3.108241e-01	-5.161835e-01	5.982417e-01	-1.833664e-01	1.255460e+00	-8.171119e-01	1.505599e+00	-1.008123e-01	3.735094e-01	-1.611202e+00	1.104856e-01	1.203896e+00	2.221396e+00	-2.867183e+00	1.428550e+00	5.264029e-02	2.537526e+00	5.363832e-01	-4.229234e-01	-1.722585e-01	5.057711e-01	-1.052311e-01	6.755842e-01	7.675929e-01	1.415534e+00	6.997276e-01	1.503290e+00	8.835796e-01	2.608789e+00	3.154872e+00
1.492752e-01	-1.002376e+00	4.852772e-02	-6.294497e-01	2.429362e+00	-4.171112e-01	1.654526e+00	1.306763e+00	2.504244e-02	7.981614e-01	-5.336368e-01	3.001084e+00	2.364847e+00	-6.852251e-01	6.781721e-01	2.035398e+00	-5.268444e-01	-2.914679e+00	-2.970866e-01	7.606471e-01	2.350466e+00	2.563314e+00	2.593164e-01	-2.194431e+00	-9.409953e-02	-5.084356e-02	-6.112666e-02	3.008230e+00	2.286561e+00	-1.281293e-01	2.106170e+00	4.316864e-01	-5.455884e-01	-9.731338e-01	6.257502e-02	-1.912545e+00	1.195339e-01	2.050059e+00	7.960674e-01	-1.882493e+00
