-9.379557e-01	3.382287e+00	2.754285e+00	-8.203004e-01	7.727557e-01	1.039075e+00	3.042557e+00	3.320474e-01	6.122092e-01	1.039256e+00	-5.925721e-01	1.978553e+00	-1.684393e-01	-1.534951e-01	-2.748863e+00	9.061750e-01	-5.228676e-02	1.538175e+00	4.364568e-01	1.228763e+00	-2.229585e+00	-5.798126e-01	-7.111397e-01	-3.190211e-01	4.689462e+00	7.180288e-02	3.735682e+00	1.364657e+00	-1.049897e+00	3.734912e+00	2.294343e-01	7.965205e-01	-1.742012e+00	2.379507e+00	1.307373e+00	8.395145e-01	6.528134e-01	6.078487e-01	1.648602e+00	1.505600e+00
9.900091e-01	-8.713351e-01	-5.448177e-01	3.077588e+00	-1.266792e-01	2.898986e+00	7.107931e-02	-3.080675e-01	4.192546e+00	2.896307e+00	2.446983e-01	7.618878e-02	-1.587100e+00	4.874278e+00	4.023115e+00	-4.155581e-02	4.236841e+00	1.182669e+00	-2.062679e+00	-7.122905e-01	1.491530e+00	2.772325e+00	2.888023e+00	1.072471e+00	-2.041382e+00	-8.816013e-01	3.276203e-01	-9.896550e-01	1.487385e+00	-8.525683e-01	5.819249e-01	1.898712e+00	1.735904e+00	-3.514319e-01	-6.729887e-01	-1.396586e+00	-2.338176e+00	-6.099692e-01	2.355715e+00	1.345370e+00
1.279926e+00	1.959183e+00	1.056676e+00	2.453797e+00	3.357410e-01	1.371952e+00	2.423349e+00	7.517676e-01	1.426740e+00	1.177702e+00	6.363280e-01	2.853258e-01	9.972184e-01	-5.752851e-01	-9.572606e-01	1.320834e+00	-3.208364e-01	-1.616499e-01	8.956830e-01	1.855217e+00	5.597372e-01	1.238423e+00	3.056777e-01	1.596454e+00	8.958453e-01	-3.527782e-01	1.924473e+00	1.781960e+00	-7.058667e-01	2.692460e+00	2.424762e-01	7.989563e-02	1.080332e-01	2.033006e+00	2.126606e-01	-1.389213e+00	-2.099434e-01	1.473236e+00	1.649760e+00	2.107088e-01
1.722705e+00	8.917106e-01	2.211609e-01	2.070188e+00	8.944963e-01	1.870339e+00	-5.569158e-01	1.541482e+00	7.187533e-01	9.081200e-01	2.752901e+00	-6.923009e-01	1.865657e-01	1.202628e+00	3.083994e-01	-2.778773e+00	2.706668e+00	1.479560e+00	2.644519e-01	2.800830e+00	1.465561e+00	-1.865301e-01	2.877292e+00	7.916606e-01	1.890665e+00	1.765444e-01	-6.600584e-01	6.016471e-01	1.276740e+00	1.311568e+00	-7.096305e-01	5.518303e-01	2.456635e-01	4.373756e-01	1.314782e+00	-1.007736e+00	-1.055029e+00	-4.252817e-01	6.874541e-02	2.366438e+00
3.587168e-01	3.520361e-01	3.143857e-02	1.368185e+00	-5.834235e-01	8.147442e-01	4.720094e+00	-2.636476e-01	2.384328e-01	3.003177e+00	1.556954e+00	2.022909e+00	5.632317e-01	-4.148576e-01	-2.099585e-01	1.266588e+00	5.120963e-01	1.069653e+00	-1.851769e-02	2.728938e+00	-3.194385e-01	2.124136e+00	4.052650e-01	-5.279714e-01	1.026070e+00	-4.572670e-01	9.516746e-01	3.625175e+00	3.661548e-01	1.691498e+00	-7.110469e-01	3.303736e-01	1.513995e+00	2.988700e+00	8.320180e-01	5.272989e-01	-2.444645e+00	-6.044324e-01	3.145535e+00	1.121155e+00
2.050063e-01	-1.577826e-01	-6.955603e-01	1.943460e+00	1.363187e+00	2.019887e+00	1.738447e+00	1.248502e+00	2.817640e-01	1.769945e-01	-2.201209e-01	-1.560743e+00	-9.041895e-01	2.121595e+00	7.299627e-01	-2.800976e+00	2.245487e+00	1.116288e+00	2.151643e-01	1.741066e+00	1.461292e+00	2.668870e+00	2.813166e+00	1.596271e+00	2.648665e+00	-8.978110e-01	-5.771638e-01	-1.066989e-01	1.165977e+00	-1.517912e-01	-4.278730e-01	-1.042128e-02	1.179791e+00	-5.488359e-01	-4.838260e-01	-5.712518e-02	-3.679337e-01	-1.192938e+00	1.239474e+00	3.139824e-01
1.491465e+00	2.823966e+00	3.425862e-01	2.362017e+00	-4.836572e-01	3.215721e+00	2.741665e+00	2.986539e-01	2.789425e+00	1.018792e+00	1.531928e+00	2.304964e-02	-4.164096e-01	-1.470365e-01	-1.060318e-01	2.033951e+00	1.974402e+00	-6.113475e-01	1.918425e+00	8.317781e-01	-7.562033e-01	2.034136e+00	1.079594e+00	2.580334e+00	3.109652e-01	-5.195417e-01	-8.515059e-02	1.717607e+00	-6.726242e-01	-9.258894e-01	-5.148680e-01	3.484324e-01	2.226881e+00	9.162798e-01	8.270570e-01	-1.420127e+00	-1.296962e+00	5.711703e-01	2.405091e+00	2.066284e-01
7.966477e-01	2.052425e+00	7.165086e-01	1.694368e+00	1.681255e-01	8.711996e+00	3.992062e-02	8.882725e-01	1.738597e+00	-8.207197e-01	4.131563e-01	1.861407e+00	-2.067622e+00	-7.829249e-01	3.697068e+00	-2.717398e+00	1.400046e+00	-7.313789e-01	8.862651e-01	2.141993e-01	1.470127e+00	1.571448e+00	3.930992e+00	1.093192e+00	3.799270e+00	5.267028e+00	-2.551807e+00	4.297243e+00	2.575684e+00	-7.008246e-01	-9.078432e-01	2.540293e+00	8.308458e-01	-1.350213e+00	2.196261e+00	-6.229351e-01	-3.611752e+00	-2.351263e+00	4.214434e+00	1.887341e+00
3.072826e+00	-1.256892e-01	4.283694e+00	-9.297641e-01	9.918105e-01	-1.248081e+00	-1.841753e+00	1.557070e+00	-3.689429e-01	-5.428687e-01	-1.002514e+00	2.204239e+00	1.336845e+00	2.703364e+00	5.953501e-01	-2.003122e+00	3.198272e+00	1.561498e-01	-1.968245e+00	3.615572e-01	1.769948e+00	-3.737621e+00	4.788954e-01	-2.103316e+00	-2.424490e+00	-1.200348e+00	2.445998e+00	6.370356e-01	3.779917e-01	2.854975e+00	2.122159e+00	1.447382e+00	-1.755823e+00	-1.558468e+00	-7.998993e-01	1.130888e-01	3.984074e+00	9.863404e-01	-1.931559e+00	4.556421e-01
1.187895e+00	4.881081e+00	1.667858e+00	9.110541e-01	-5.401913e-01	4.750995e+00	5.281573e+00	1.699819e+00	-4.352318e-01	3.664036e-02	1.250641e+00	1.057682e-01	-2.642965e+00	-3.420580e+00	-1.408976e+00	2.361447e+00	-9.735278e-01	-2.536312e+00	2.520752e+00	1.106284e+00	-2.586444e+00	7.862891e-01	3.668090e+00	3.065058e+00	4.226445e+00	2.786544e+00	1.955384e+00	2.761660e+00	-5.731055e-01	1.774838e+00	2.764829e-01	-1.398229e+00	9.066547e-02	1.435963e+00	3.589794e+00	5.033026e-02	1.239547e-01	2.398219e+00	3.068922e+00	-3.413814e+00
-1.092943e+00	9.974324e-01	-5.602954e-01	1.400765e+00	-1.694239e-01	-1.161989e+00	2.800240e+00	1.707674e+00	1.784661e+00	6.248396e-01	-2.334560e+00	9.438970e-01	-5.400447e-01	1.117911e+00	3.463968e+00	-1.555519e+00	2.780881e+00	-7.531275e-01	-2.310875e+00	3.009701e+00	-1.573076e+00	4.188559e-01	-5.612585e-01	2.052683e+00	1.748591e+00	-5.341944e-01	1.524070e+00	8.516435e-01	9.639996e-01	-2.012164e+00	6.132647e-01	6.120400e-01	2.631300e+00	4.526554e-01	5.493330e-01	9.275647e-01	2.001335e-01	-1.106685e+00	1.892790e+00	2.503450e+00
-1.030522e+00	1.184013e+00	1.935660e-01	1.402953e+00	6.056045e-01	6.668780e-01	5.609237e-01	1.471648e+00	1.469492e+00	1.530446e+00	-2.855047e-01	7.107803e-01	2.863965e-01	2.850969e+00	1.696489e+00	-2.178368e+00	1.579129e+00	5.278635e-01	-3.340395e-01	1.617848e+00	4.003723e-01	1.632351e+00	1.344863e+00	1.430258e+00	2.666887e+00	5.407016e-01	1.894306e+00	4.728388e-01	1.670949e+00	7.114635e-01	1.845551e-01	4.846578e-01	1.520034e+00	4.794492e-01	2.780159e-01	-1.636398e+00	-8.070911e-01	-1.265310e+00	1.781284e+00	1.471354e+00
4.023408e-01	3.715603e+00	-4.459152e-01	2.070409e+00	-6.784255e-01	2.399605e+00	3.139735e+00	4.267444e-01	1.912746e+00	1.152051e+00	1.173804e+00	6.093631e-01	-1.076692e+00	-1.268258e+00	5.981380e-01	1.404700e+00	2.527920e+00	-6.869042e-01	1.151525e+00	1.132037e+00	-1.256335e+00	2.541164e+00	1.158218e+00	2.749835e+00	1.929216e-01	3.384589e-02	1.811928e-01	2.501130e+00	-4.704116e-01	-2.299672e+00	-9.902201e-01	-1.287895e-01	3.779598e+00	1.653188e+00	6.663522e-01	-1.673802e+00	-2.472065e+00	3.539024e-01	3.171379e+00	-2.088340e-02
-1.258381e+00	9.121447e-01	1.025932e+00	2.995481e+00	-1.101907e+00	3.125735e+00	1.447510e+00	5.983657e-01	1.010801e+00	-2.381325e+00	2.391907e-02	5.316516e-01	-6.362581e-01	-1.153947e+00	2.201411e+00	-3.804896e-01	1.355255e+00	-7.656171e-01	4.923879e-01	2.122658e+00	4.413698e-01	-2.267580e-02	-1.061230e+00	2.259866e+00	1.757272e+00	1.585377e+00	-2.568781e+00	2.672065e+00	1.291256e+00	-3.152061e+00	6.273434e-01	-4.731736e-03	1.592847e+00	-1.710030e+00	7.185729e-01	1.230609e+00	-5.152349e-01	-1.343943e+00	1.520947e+00	1.019197e+00
-1.003415e+00	-3.092972e-01	1.717822e+00	5.884875e-01	-1.166295e+00	2.198681e+00	9.558531e-01	-3.371746e-01	1.430573e+00	1.240916e+00	1.563066e-01	1.407061e+00	-3.539720e-01	2.119780e-01	1.092877e+00	1.552510e+00	5.066319e-01	1.756733e-01	3.915067e-01	1.222536e+00	2.064642e+00	1.742035e+00	-3.186226e-01	1.425941e+00	2.207172e+00	2.567117e+00	1.606594e-01	2.282431e+00	1.296065e+00	-2.692336e+00	-2.088341e+00	3.920807e-01	3.540326e+00	-6.913764e-01	6.777924e-01	-2.051797e+00	2.054455e-01	7.553558e-01	6.360956e-01	-8.843549e-01
-1.080596e+00	1.332501e+00	3.334156e-01	7.962280e-02	1.261439e+00	-6.231793e-01	7.656757e-01	2.189669e+00	2.671159e+00	7.960746e-01	-3.599740e+00	2.922399e-01	-1.505445e+00	1.955325e+00	1.039129e+00	-5.301740e-01	-5.457729e-01	2.450633e-01	-8.575169e-01	6.973402e-01	6.347473e-01	1.006669e+00	7.967059e-01	2.643915e+00	2.870029e+00	6.392846e-01	1.478627e+00	-3.922951e-01	1.015320e+00	4.295052e-01	-1.066936e+00	3.929142e-02	1.781526e+00	1.223052e+00	3.771847e-01	1.094548e-01	-9.987480e-01	-6.168021e-01	3.565798e+00	-1.070462e+00
-8.137779e-01	-8.254645e-01	-1.374391e-01	7.163402e-01	1.396013e+00	-6.440078e-01	4.405826e-01	1.260286e+00	2.109836e+00	1.061081e+00	-1.654181e+00	-1.100059e-01	2.437735e-01	3.359749e+00	-4.184686e-01	-4.796369e-01	5.606360e-01	6.605303e-01	5.913278e-01	2.780411e+00	2.465483e+00	1.101729e+00	1.297301e-01	2.575964e+00	3.223968e+00	-6.700862e-01	2.285656e+00	7.666670e-01	1.091311e+00	1.008902e+00	-3.889346e-01	-7.840383e-01	1.133179e+00	-3.728843e-01	-8.752557e-01	-3.857060e-01	1.585772e+00	-8.450411e-01	9.773187e-01	-5.599269e-01
9.496805e-01	1.440834e+00	3.477009e+00	-8.508076e-01	-4.741522e-02	3.282671e+00	-1.576440e+00	5.932597e-01	1.989212e+00	-6.604458e-01	1.197222e+00	2.101956e+00	1.612149e+00	1.908764e+00	6.009615e-01	8.122188e-01	1.286035e+00	-2.679805e-01	6.086304e-01	-1.454354e+00	3.162116e+00	-2.915476e+00	1.490271e+00	-1.737123e+00	-5.814743e-02	2.266857e+00	6.359621e-01	1.593283e+00	4.794675e-01	4.085069e+00	1.318607e+00	8.700618e-01	-2.710258e+00	-9.350280e-01	1.898814e+00	5.555320e-01	2.190100e+00	9.862145e-01	-9.116029e-01	1.193651e+00
2.653157e+00	3.444391e+00	2.775449e-01	3.505815e+00	2.984942e-01	6.779096e+00	1.264679e+00	7.410061e-01	2.457532e+00	-2.726656e+00	3.149582e+00	1.370257e+00	-5.187840e-01	-2.927515e+00	1.993862e-01	-2.197047e+00	-1.044582e+00	-3.010487e-01	3.687161e+00	5.469221e-01	3.187865e+00	1.273875e+00	3.250505e+00	1.664880e+00	4.498349e+00	3.764710e+00	-5.349791e+00	3.034799e+00	8.485529e-01	1.297360e+00	-1.225980e+00	1.296889e-01	7.941418e-01	1.986130e-01	2.881890e+00	2.127037e-01	-1.840039e+00	-2.586747e-01	1.464035e+00	1.699149e+00
1.338929e+00	1.065504e+00	4.612702e-02	1.978525e+00	1.109254e-01	5.532043e+00	1.559564e-02	1.340259e+00	2.596947e+00	-1.700311e+00	1.219981e+00	9.975353e-01	2.157022e-02	-1.117242e+00	1.410967e+00	-9.337876e-01	-1.676383e+00	2.099479e-01	1.579729e+00	7.030796e-01	3.418068e+00	-1.255190e-01	2.214286e+00	6.008785e-01	2.511968e+00	2.940750e+00	-2.295546e+00	3.918687e+00	1.537345e+00	2.714152e+00	-5.096779e-01	1.471991e+00	1.264732e+00	5.997893e-01	1.049863e+00	-4.628230e-01	-5.749971e-01	1.215185e-01	6.001247e-01	1.263631e+00
1.093269e+00	-7.556683e-01	-3.534168e-01	1.736859e+00	-5.851054e-01	3.018531e+00	4.394420e+00	7.277261e-01	1.181425e+00	4.200912e+00	1.706195e+00	1.072809e+00	6.936167e-01	5.686437e-01	1.638848e+00	-6.724975e-01	2.071092e+00	1.218626e+00	-8.540509e-01	2.405775e+00	3.540263e-01	2.947748e+00	2.421561e+00	-4.980908e-01	4.427742e-01	-9.718931e-01	-5.891502e-01	2.017233e+00	9.615504e-01	5.132756e-01	-9.667395e-01	7.723846e-01	-5.361890e-01	1.298728e+00	1.224496e+00	1.234601e+00	-4.033785e+00	-2.147089e+00	3.525386e+00	2.457780e+00
6.873805e-01	-6.060780e-01	2.558772e-01	1.323590e+00	1.750160e-01	1.051684e+00	1.471708e+00	2.355592e+00	2.213007e+00	2.452631e+00	5.778647e-01	1.449909e+00	-5.404507e-02	2.251955e+00	3.082268e+00	-1.846817e-01	1.259048e+00	-1.178086e+00	-6.507740e-01	5.891871e-01	8.616288e-01	1.117543e-01	2.043502e+00	6.901405e-01	-4.326589e-01	7.215079e-01	1.647511e+00	8.882328e-01	1.932701e+00	1.624871e+00	5.086111e-01	1.242793e+00	1.368135e+00	7.927717e-01	1.119165e+00	-4.395790e-01	-1.066109e+00	-1.197973e+00	1.380703e+00	-3.543515e-01
-2.107582e-01	-2.092324e+00	1.065806e+00	2.085013e+00	-1.340519e+00	1.780051e+00	1.317451e+00	4.424066e-01	1.310567e+00	3.412082e+00	-2.074660e+00	2.253674e+00	2.498806e+00	3.411831e+00	3.157674e+00	-9.042401e-01	7.068231e-01	9.898428e-01	-4.941456e+00	6.334024e-01	4.145398e+00	-2.911066e-01	1.913319e+00	-1.673085e+00	-1.272315e+00	1.959377e+00	5.569744e-01	2.258325e+00	3.176013e+00	1.541266e+00	4.309362e-01	9.713052e-01	-5.648939e-01	-1.846953e-01	3.243275e-01	7.083837e-01	-4.605172e-01	-2.313208e+00	1.923161e+00	3.637942e+00
9.676146e-01	-5.883147e-01	1.406281e+00	9.706814e-01	-8.338321e-01	7.996813e-02	-1.095127e-01	-1.222688e+00	1.094194e+00	1.885876e+00	-2.565918e+00	1.040470e-01	-3.739520e-01	2.920851e+00	-3.451673e-01	-1.103919e+00	2.765989e+00	1.640787e+00	-1.801237e+00	5.808926e-01	2.589870e+00	3.213462e+00	1.702493e+00	1.482862e+00	1.137759e+00	-1.563117e-01	1.840507e+00	2.261992e+00	4.227163e-01	-1.802361e+00	-4.135429e-01	-6.768827e-02	2.426600e+00	9.736174e-01	-1.890275e+00	-2.214361e+00	1.163832e+00	-4.345422e-01	3.095417e+00	-3.398041e-01
9.921773e-01	2.538064e+00	-3.533713e-01	9.574443e-02	1.647578e+00	1.774987e+00	2.638025e+00	2.380188e+00	-1.188259e-01	-7.593161e-01	1.877874e+00	6.797874e-01	-1.077749e+00	1.038805e-01	1.228458e+00	-1.768717e+00	1.420775e+00	-3.509410e-01	2.546979e+00	5.897165e-01	5.455682e-01	7.135593e-01	3.679828e+00	1.188704e+00	3.486756e+00	-2.263576e-02	4.599057e-01	5.594604e-01	-9.350584e-02	2.058332e+00	1.030461e+00	-1.059673e-01	1.156007e+00	9.403360e-01	1.789017e+00	-7.537991e-01	-1.015611e+00	1.450172e+00	-6.124686e-01	-7.372986e-01
9.513340e-01	-4.461456e-01	-6.535052e-02	7.628793e-02	-3.348294e-01	-1.235244e+00	3.002162e+00	2.320857e+00	1.817157e+00	2.974605e+00	8.851058e-01	2.536919e+00	2.651274e+00	-1.025102e+00	2.679172e+00	-3.604931e-02	-5.596806e-02	6.625796e-01	-7.598465e-02	3.430935e+00	-1.317399e+00	-4.244171e-01	-1.969775e+00	-1.996589e-01	-1.524743e+00	-3.358823e+00	9.270603e-01	1.674231e-01	1.762811e+00	3.081609e+00	-7.125588e-01	3.068634e+00	2.009964e+00	1.511299e+00	2.309837e-01	4.373355e-01	-2.488924e+00	-1.897825e+00	1.715341e+00	2.206066e+00
1.713709e+00	1.795948e+00	1.749005e-01	1.046458e+00	8.841859e-01	7.917836e-01	1.826242e+00	3.423830e+00	9.690296e-01	1.668938e-01	2.211199e+00	4.037617e-01	-7.949602e-01	-6.950951e-01	5.962908e-01	-1.641827e+00	1.429280e+00	-1.022372e+00	2.486907e+00	1.414094e+00	6.967857e-01	7.491406e-01	3.195908e+00	1.397981e+00	3.638908e+00	1.335245e+00	-8.751903e-01	1.725214e+00	1.169286e+00	7.550725e-01	-1.086140e+00	-3.574449e-01	1.928515e+00	1.517520e+00	1.832003e+00	-2.580976e-01	-1.228360e+00	-3.196356e-01	9.767473e-01	-9.899241e-01
1.006563e+00	9.292278e-01	2.680974e+00	-1.089675e-01	7.707952e-02	1.484860e+00	2.986871e-01	1.878221e+00	2.173825e+00	1.961432e+00	7.095105e-01	2.089402e+00	9.537013e-01	1.499774e+00	2.919634e+00	2.733071e-01	1.194791e+00	4.705879e-01	-1.213084e+00	-9.430513e-01	7.865540e-01	-1.950885e+00	8.247207e-01	-7.702096e-01	-1.395293e+00	-1.236138e-01	2.884225e+00	-2.643674e-01	5.059981e-01	3.185638e+00	8.324808e-01	2.071247e+00	-1.247409e+00	-1.316612e-01	7.412448e-01	4.691367e-03	1.031638e+00	-7.052937e-02	-1.423390e+00	2.055855e+00
1.430811e+00	-3.400493e+00	2.046899e+00	1.494367e+00	-7.530511e-01	1.330486e+00	2.248276e-02	-9.849621e-01	8.224484e-01	1.874495e+00	-2.522009e+00	2.594598e+00	-1.038088e+00	3.155882e+00	4.996502e+00	-6.756864e-01	2.430697e+00	2.385856e-02	-3.559576e+00	1.989161e-02	2.670478e+00	-5.604459e-01	-1.056648e-01	5.126753e-01	-3.077076e+00	2.984397e-01	-4.023615e-01	-5.269967e-01	2.154332e+00	-3.742335e+00	1.073504e+00	1.761468e+00	2.108200e-01	-4.372192e+00	-7.541796e-01	1.977204e+00	2.320371e+00	-2.024328e+00	-3.250958e-01	3.862081e-02
8.037139e-01	-5.110780e-01	1.108911e-01	5.728761e-01	1.610667e+00	-3.713068e-01	-6.281831e-01	1.595527e+00	3.517286e+00	-6.461575e-01	-1.606224e+00	8.532374e-01	-4.241112e-03	1.458219e+00	3.874350e-01	-2.054363e-01	4.122884e-01	1.302180e+00	4.136039e-01	1.203740e-01	2.273264e+00	7.737071e-01	3.445135e-01	1.021285e+00	1.512843e+00	-1.617695e+00	1.192533e+00	7.279392e-01	1.365239e+00	1.873169e+00	-3.595196e-01	2.592858e-01	2.606574e+00	9.636398e-01	-1.598997e+00	-1.314696e+00	1.221811e+00	8.105497e-01	7.239174e-01	-1.319047e+00
-1.977279e+00	-1.047742e+00	1.743218e+00	3.116031e+00	-2.163880e+00	4.721377e+00	-2.201373e+00	1.459616e+00	-1.481727e+00	3.154168e+00	2.522388e+00	1.816157e+00	9.084753e-01	-7.325813e-01	-1.471902e+00	-2.489530e+00	-9.272205e-01	2.977006e+00	3.324325e-01	-3.214649e+00	-3.196111e+00	1.426608e+00	4.705668e+00	1.680841e+00	1.752196e+00	2.148577e+00	-2.305956e-01	-2.574673e+00	4.993890e+00	4.207936e-01	-5.388553e-01	-1.875854e+00	1.739895e+00	-7.682581e-01	5.156032e-01	-9.458217e-01	1.516627e+00	-3.947057e+00	-7.305964e-01	2.746274e+00
-8.867681e-02	-2.534336e-01	-1.017448e+00	1.086432e+00	7.904839e-01	2.317162e+00	3.325154e-01	5.582920e-01	-4.543521e-01	6.120511e-01	1.380894e+00	-6.834429e-01	-2.058211e+00	2.726187e+00	1.109806e+00	-1.617878e+00	3.158386e+00	9.956709e-01	2.468288e+00	1.621374e+00	1.855382e+00	3.182053e+00	3.106155e+00	2.537619e+00	4.398237e+00	1.018357e+00	-1.922075e+00	-5.130997e-01	1.693263e+00	-2.839436e+00	-1.493464e+00	5.067406e-01	2.830128e+00	-1.603053e+00	9.829290e-01	-1.007541e+00	-5.593388e-01	-8.371512e-01	-3.832229e-01	3.160521e-01
-1.002622e+00	2.113280e+00	3.623010e-01	5.277798e-01	-1.213579e+00	3.916950e+00	2.608671e+00	3.645561e-01	-1.214156e-01	2.578515e+00	-1.100342e+00	-3.567834e-01	-1.891770e+00	1.207697e+00	4.251235e+00	-7.413415e-01	4.923678e+00	-2.715804e-01	-2.248551e+00	1.441049e-01	-2.506253e+00	2.122888e+00	2.585106e+00	2.388793e+00	5.057066e-01	2.062951e+00	7.265409e-01	1.702930e+00	1.446563e+00	-4.327160e+00	1.158118e-01	4.564674e-01	1.891153e+00	-1.812850e+00	6.463412e-01	-7.749557e-01	-4.952274e-01	-2.659073e+00	3.111695e+00	1.028094e+00
1.676459e-01	-1.216405e+00	3.138973e-01	1.883236e+00	-1.503859e-01	2.143244e+00	1.021127e+00	-5.402531e-01	2.914630e+00	3.839157e+00	-1.072558e+00	1.409336e+00	6.135754e-01	4.036803e+00	4.018409e+00	1.557218e+00	1.013973e+00	-1.017034e-01	-1.864138e+00	3.416906e-01	2.016761e+00	2.165161e+00	1.720436e-01	1.030630e+00	-2.080838e+00	1.781987e+00	1.543263e+00	1.147833e+00	1.890401e+00	5.352598e-01	-4.991892e-01	1.760239e+00	1.755866e+00	3.976567e-01	-3.792681e-01	-1.244441e+00	-4.010024e-01	-1.719451e+00	2.294762e+00	2.113487e+00
-1.692103e-01	3.190267e+00	-4.433307e-02	1.291118e+00	1.278916e-01	2.953003e+00	1.776715e+00	-5.879168e-01	2.599534e+00	1.019336e+00	-3.502412e+00	5.402385e-01	-1.306662e+00	-6.479939e-02	1.616530e+00	1.827381e+00	2.494270e+00	1.444981e-01	-8.205267e-01	5.083682e-01	-1.969002e+00	2.829385e+00	8.967622e-01	3.185151e+00	1.927084e-01	-6.046750e-01	2.029107e+00	5.189997e-01	-6.704475e-02	-2.073037e+00	-9.743839e-01	1.197110e+00	2.152644e+00	2.210251e-02	-3.138573e-02	-7.679804e-01	-1.018186e+00	8.608993e-01	3.554726e+00	4.161232e-01
2.231154e+00	2.812748e+00	-6.345263e-02	2.323119e+00	1.728233e+00	2.940208e+00	1.673648e+00	2.477275e+00	1.203630e+00	-1.130008e+00	1.732237e+00	1.896322e+00	-1.557630e+00	-1.851720e+00	-1.482335e-01	-2.075787e+00	-4.188489e-01	-2.111081e+00	3.191692e+00	3.620885e+00	4.471582e-01	-6.674759e-01	3.304432e+00	2.762122e+00	4.350170e+00	1.195637e+00	3.209216e-01	1.906405e+00	-3.258603e-01	3.174265e+00	5.967803e-01	6.531181e-01	7.516699e-01	1.132516e+00	2.443143e+00	-1.123835e+00	-1.937248e+00	2.421606e+00	1.720856e+00	-1.864419e+00
-2.674617e-01	2.268606e+00	-2.586558e-01	-6.103729e-01	1.360058e+00	3.398829e+00	-2.812761e-02	2.088383e+00	1.441177e+00	7.869834e-01	4.395139e-01	7.849411e-01	-2.870090e+00	4.089810e-01	1.307004e+00	-2.083713e+00	2.381791e+00	1.097261e+00	8.262967e-01	1.444339e+00	-1.109569e+00	5.346907e-02	3.343763e+00	1.616904e+00	4.446872e+00	7.320756e-01	2.461571e+00	4.180872e-01	5.765234e-01	9.278604e-01	-7.484371e-01	1.611098e+00	1.129176e+00	5.324458e-01	1.568161e+00	-1.149112e+00	-2.973797e+00	6.326108e-01	2.206885e+00	-5.364681e-02
8.248985e-01	1.526786e+00	4.275745e-01	1.211018e+00	-1.101855e+00	4.583141e-01	9.482798e-01	-3.678269e-01	-8.501817e-01	4.805713e-01	1.251899e+00	-8.295367e-02	1.861268e+00	-8.018152e-01	2.991273e+00	9.269703e-02	4.518864e+00	-1.301958e+00	-1.394440e+00	1.700358e+00	-9.135524e-01	3.541667e+00	1.960307e-02	-6.621849e-01	-1.096790e+00	1.289127e-01	-2.164281e+00	3.538735e+00	1.307847e+00	-4.144860e+00	1.351198e+00	2.488982e+00	2.962955e+00	-1.025925e-02	-4.936737e-01	-2.461943e+00	-2.164520e+00	-2.882801e-01	1.806489e+00	3.056434e+00
-2.762700e-01	-1.298661e-01	-3.794477e-01	-5.010151e-02	1.190656e+00	1.304621e+00	1.272358e+00	1.999241e+00	-2.514295e+00	-1.530677e+00	-1.267523e+00	3.500059e-01	-1.572560e+00	-2.271684e-01	3.550640e+00	-2.703137e+00	8.673186e-01	-4.496537e-01	-1.367955e-01	2.377918e+00	1.389686e+00	-3.345529e-01	1.497053e+00	1.970659e+00	2.880053e+00	3.825061e-01	1.361485e+00	1.464896e+00	3.811681e-01	-1.640567e+00	1.628924e+00	1.866582e+00	2.482284e+00	-1.735985e+00	3.795837e-02	-1.450016e+00	-1.907386e+00	1.782639e+00	-2.924501e-01	-8.857779e-01
1.676523e+00	-1.701571e+00	4.372620e-01	8.822407e-01	7.019177e-01	1.310640e+00	1.736700e+00	2.165902e+00	3.027478e+00	2.515926e+00	-1.103434e+00	3.106684e+00	2.111993e+00	1.321255e+00	2.283876e+00	-7.377552e-01	6.873338e-01	1.145242e+00	-1.756155e+00	3.304570e+00	-3.458228e-01	-3.104871e-01	-1.486179e+00	-8.087000e-01	-2.790773e+00	-3.691487e+00	-2.943130e-02	1.719130e-01	1.262805e+00	1.371964e+00	-1.480008e+00	3.744398e+00	1.060625e+00	-1.285777e-01	-1.367382e+00	1.041434e+00	-2.243722e+00	-2.543890e+00	2.377328e+00	4.225177e+00
1.091652e+00	-7.428484e-01	-1.455774e+00	2.852281e+00	1.720337e+00	2.161028e+00	-1.102007e+00	3.899967e-01	2.489692e+00	4.661068e-01	-3.599267e+00	1.532070e+00	3.478876e-01	1.054710e+00	2.402666e+00	-1.837845e+00	-1.982905e-01	2.300113e-02	-1.426991e+00	1.509846e+00	2.564913e+00	2.739578e+00	1.287060e+00	2.369838e+00	4.631082e-01	6.874368e-01	1.748856e-01	1.539430e-02	1.687268e+00	-2.354330e+00	-9.376717e-01	1.607732e+00	2.345245e+00	-1.466212e-01	-1.667484e+00	-1.681265e+00	-1.876416e+00	-2.648590e-01	3.468108e+00	4.703192e-01
3.660307e+00	1.957714e+00	1.755956e+00	-2.019546e+00	1.033515e+00	3.409683e+00	-6.508826e-01	3.554272e+00	-1.549755e+00	-1.314196e+00	3.559659e+00	-2.444278e-01	-2.790411e-01	-2.066352e+00	-3.480535e-01	-7.204744e-01	2.372749e+00	-1.092552e+00	1.831136e+00	1.156868e+00	-1.191694e+00	-4.065843e+00	4.105365e+00	-4.436019e-01	1.205612e+00	9.300849e-01	-4.570536e-01	1.240049e+00	5.138764e-01	1.925774e+00	-1.438204e-01	1.081863e+00	-1.493565e+00	-4.678055e-01	2.569898e+00	7.609721e-01	2.164111e+00	2.822598e+00	-1.321305e+00	-1.182066e+00
3.267934e-01	1.569187e+00	-2.641742e-03	1.999871e+00	3.767597e-01	2.540940e+00	2.360758e+00	7.950023e-01	2.538175e+00	1.540389e+00	-3.737026e-01	9.597022e-02	1.147714e+00	-4.669242e-02	-2.954505e-01	1.961191e+00	3.853568e-01	-1.226191e+00	1.095080e+00	1.787789e+00	-1.108823e-01	1.732379e+00	-2.167467e-01	2.201070e+00	-7.140381e-01	-1.316849e-01	9.262750e-01	1.443435e+00	3.149111e-01	6.040976e-01	-1.092277e+00	8.742399e-01	1.147706e+00	1.025380e+00	-9.803168e-02	-6.596650e-01	-6.091172e-01	-2.586507e-01	2.880939e+00	8.374121e-01
3.626411e-01	4.772629e+00	3.337221e-01	2.137568e+00	-1.127671e+00	3.616287e+00	2.999716e+00	-7.222057e-01	4.035044e-01	1.680533e+00	1.519407e+00	1.001541e+00	-1.254998e+00	-2.497076e-01	1.123373e+00	8.994508e-01	3.877168e+00	-2.194166e-01	1.068592e+00	9.510503e-02	-5.484600e-01	3.523713e+00	2.245994e+00	2.581637e+00	9.758923e-01	1.562379e+00	-2.009435e+00	1.337899e+00	1.328214e-01	-4.292947e+00	-1.554126e+00	5.775661e-01	3.100742e+00	-2.431655e-01	1.480595e+00	-1.291648e+00	-3.633080e+00	-1.499299e+00	2.128117e+00	2.813149e+00
-2.315237e+00	-2.317400e+00	1.044511e+00	2.357695e+00	-1.526596e+00	-1.784775e+00	-2.740034e-01	-4.031969e-02	8.794957e-01	1.548307e+00	-5.159176e+00	4.262591e+00	2.349426e+00	2.004344e+00	3.657926e+00	1.090474e+00	-2.567027e+00	8.191459e-01	-3.238551e+00	3.117179e+00	4.728712e+00	1.124074e+00	-2.676973e+00	1.763291e-01	2.100038e+00	2.352518e+00	2.393226e+00	4.207794e-01	3.280089e+00	-1.431845e-01	1.412618e+00	3.496709e-01	1.133153e+00	-2.033389e+00	1.657184e+00	1.900384e-02	-2.165563e+00	6.207328e-01	1.515848e+00	1.696894e+00
-4.146492e-01	3.046714e+00	-8.478828e-01	9.206881e-01	1.224707e+00	9.544421e-01	-3.765038e-01	2.068707e-01	9.963596e-01	-2.157957e-01	4.348112e-01	6.012127e-01	-5.583720e-01	9.634529e-01	1.886458e+00	-1.704977e+00	3.391725e+00	9.836742e-01	5.614437e-01	1.212076e+00	2.993357e-01	2.112604e+00	1.450999e+00	1.671862e+00	1.957358e+00	3.731997e-01	-1.169501e+00	7.051997e-01	7.625554e-01	-6.210878e-01	-5.797395e-01	1.375428e+00	3.180397e+00	6.745473e-02	7.561584e-01	-1.854376e+00	-2.031720e+00	3.382415e-02	1.184947e+00	2.850250e+00
3.580010e-01	-4.690573e-01	-6.246900e-01	1.061929e+00	1.606437e+00	2.649464e+00	1.612863e+00	1.916503e+00	2.045813e+00	4.523551e-02	-1.160801e-01	1.288928e-01	-3.377435e-01	2.414160e+00	8.551041e-01	-8.518482e-01	-7.962800e-02	5.349412e-01	9.451424e-02	-1.412900e-01	2.665124e+00	1.693226e+00	2.834661e+00	8.153425e-02	2.102185e+00	1.051592e+00	-1.442067e+00	6.213105e-01	1.711985e+00	1.501280e+00	-3.437411e-01	1.184427e+00	1.504568e+00	9.232403e-01	6.754247e-01	-7.130637e-01	-1.164903e+00	-5.565142e-01	1.491996e+00	1.446012e-01
3.074392e-01	2.229364e+00	1.361452e-01	9.257916e-01	7.358890e-01	2.371088e+00	2.998183e+00	2.051969e+00	-5.181282e-01	3.404589e-01	2.283129e+00	-3.147438e-02	-9.892365e-01	3.484429e-01	1.460649e+00	-2.375300e+00	3.077705e+00	4.360089e-01	1.761817e+00	4.153963e-01	-6.704257e-01	1.935208e+00	3.368001e+00	1.293395e+00	3.382434e+00	-3.268290e-01	-2.171358e-01	-1.895098e-01	1.306698e-03	-1.540942e+00	6.037905e-01	5.391290e-01	7.102096e-01	5.442521e-01	1.454081e+00	-1.199276e+00	-3.304967e+00	-4.045780e-02	-1.447782e-01	8.265050e-01
-8.197848e-02	-2.964298e+00	-1.304472e+00	1.130838e+00	-9.447923e-01	1.483905e+00	1.101503e+00	2.227506e+00	3.262068e+00	2.120147e+00	4.837838e-01	1.580403e+00	2.302583e-01	3.312187e+00	5.416840e+00	-1.252457e+00	1.743240e+00	2.700132e-01	-2.188559e+00	1.087707e+00	9.683145e-01	5.858092e-01	1.278830e+00	-2.550225e-01	-2.731358e+00	-1.240472e+00	-8.154270e-01	-9.945442e-01	2.698628e+00	2.527043e-02	7.869600e-01	2.045355e+00	1.681265e+00	8.051549e-02	1.034506e+00	1.548840e+00	-2.841289e+00	-8.797971e-01	2.537416e+00	1.559408e+00
-1.252907e+00	1.808152e+00	8.622710e-01	1.702200e+00	3.903983e-02	2.346711e-01	1.140058e-01	1.156068e+00	2.527706e+00	-1.255922e+00	1.064824e+00	-1.113027e+00	-6.957487e-01	1.969303e+00	-5.451008e-01	-2.957702e-01	3.037551e-01	1.296721e+00	6.802687e-01	1.356400e+00	8.031818e-01	-2.213008e+00	-1.645080e-01	2.999372e+00	6.455952e-01	-8.739928e-01	4.080957e-01	1.019471e-01	-9.715384e-01	5.662432e-01	4.228371e-01	-8.735930e-01	8.211400e-01	2.218727e+00	6.272830e-01	1.068408e+00	5.373475e-01	4.213523e-01	1.127732e+00	3.436587e-02
-1.353557e-01	-2.309328e-02	1.747546e+00	1.068497e+00	-1.108990e+00	5.618515e+00	1.299459e+00	-2.194626e-01	-1.318217e+00	-1.282547e-01	-1.612681e+00	4.927745e-01	-2.856080e+00	-3.289549e-01	4.204357e+00	-7.827555e-02	7.196766e-01	1.372665e-01	-1.775314e+00	2.320546e-02	8.380802e-01	1.470852e-01	1.861763e+00	2.397848e+00	1.171873e+00	3.480541e+00	-6.238292e-01	2.554459e+00	2.708582e+00	-5.020686e+00	-2.285016e-01	6.301516e-01	3.059867e+00	-4.207492e+00	5.768990e-01	6.007471e-01	1.800272e+00	-1.948281e+00	1.241690e+00	-9.270790e-01
7.585924e+00	-7.070852e-01	5.778810e+00	-7.429892e+00	-6.012281e+00	5.407963e+00	7.432923e+00	5.635962e+00	-1.004105e+01	7.571641e+00	1.485854e+01	-6.083742e+00	-3.324624e+00	7.027169e-01	-7.450924e-01	-2.790127e+00	1.035782e+01	-1.469493e+00	1.263762e-01	-2.578337e+00	-8.192010e+00	-1.225596e+00	1.197384e+01	-6.093921e+00	-1.589096e+00	-8.945893e-01	-4.243457e+00	1.057644e+01	1.666913e+00	2.046560e+00	2.100240e+00	2.880798e+00	-8.628050e-01	4.989531e+00	4.018064e+00	1.239178e-01	1.376066e+00	-5.915125e+00	3.461825e+00	-2.966964e+00
2.860572e+00	1.136235e+00	1.101413e+00	3.216555e+00	1.303171e+00	6.148882e+00	-1.187764e+00	6.323123e-01	2.446807e+00	-3.546357e+00	2.712288e+00	2.568746e+00	-7.260505e-01	-8.917194e-01	2.587785e-01	-2.728676e+00	-8.948848e-01	3.161315e-01	2.583082e+00	1.988361e+00	2.927096e+00	-1.308103e+00	1.462883e+00	2.942712e-01	2.177131e+00	1.116503e+00	-3.056659e+00	2.911213e+00	9.790721e-01	2.803763e+00	5.408250e-01	1.834591e+00	4.945022e-01	-2.171230e-01	9.310114e-01	-3.052354e-01	-1.374833e+00	1.133869e+00	1.398096e+00	8.313737e-01
-4.630382e-01	1.146766e+00	-4.452723e-01	1.812287e+00	9.226816e-01	-9.974955e-02	-8.745558e-02	2.539651e+00	3.249173e+00	-4.870057e-01	4.691978e-01	6.568433e-01	9.326012e-02	1.410895e+00	1.020255e+00	-1.214301e+00	1.940112e-01	-1.154143e+00	6.454464e-01	2.047981e+00	6.945683e-01	-3.750182e-01	2.360805e-01	1.254861e+00	1.271596e+00	-5.133703e-01	6.042189e-01	-4.674591e-02	1.291335e+00	2.782495e+00	6.763234e-01	8.965612e-01	6.584972e-01	2.110727e+00	1.458937e+00	2.367707e-01	-9.426520e-01	8.911949e-01	2.318586e+00	-1.130941e-01
5.156216e-01	1.268891e+00	7.139396e-01	1.303409e+00	1.312043e+00	3.340062e-01	7.929540e-01	1.799607e+00	2.512235e+00	2.586007e-01	1.794554e-01	1.626330e-01	7.650881e-01	6.022735e-01	-1.016993e+00	-2.960350e-01	-3.822212e-02	-8.013849e-02	1.708774e+00	2.346226e+00	5.965226e-01	3.027407e-01	3.060823e-02	1.812076e+00	1.906861e+00	-7.530577e-01	1.499522e+00	8.850424e-01	6.219737e-02	3.169519e+00	-2.256458e-01	-1.639623e-01	4.174663e-02	1.582126e+00	4.975480e-01	-4.706197e-01	5.580392e-01	1.064524e+00	1.281811e+00	1.108768e-01
8.020025e-01	3.458806e+00	-2.007804e-01	1.348780e+00	9.892686e-01	1.205899e+00	1.992013e+00	2.502116e+00	1.482264e+00	3.507538e-02	2.022260e+00	1.058491e+00	-3.555811e-01	-1.331309e+00	-1.226843e-02	-7.050767e-01	6.227745e-01	-1.330754e+00	2.864593e+00	1.865634e+00	6.322875e-02	3.080737e-01	2.806502e+00	1.943384e+00	3.979321e+00	1.833751e+00	8.466204e-01	2.410641e+00	1.041458e-01	2.906211e+00	-2.960420e-01	-1.362879e-01	1.471331e+00	2.723369e+00	2.710956e+00	-1.473401e+00	-1.805675e+00	1.693631e+00	1.606090e+00	-7.378708e-01
2.421005e+00	1.268364e+00	2.486145e-01	1.954693e+00	1.117932e+00	3.608878e+00	1.387512e+00	6.159260e-01	1.301819e+00	8.812197e-01	7.314423e-01	1.069560e+00	-8.496121e-01	7.700603e-01	2.733882e+00	-1.035053e+00	1.023954e+00	-1.014019e+00	2.973202e-01	-1.438390e-01	3.900912e+00	1.680399e+00	5.513653e+00	6.093170e-01	1.748779e+00	3.871296e+00	-1.341932e+00	2.566365e+00	2.316287e+00	3.041560e+00	-3.915787e-01	4.464359e-01	1.459621e+00	6.510531e-01	1.771468e+00	-7.099727e-01	-1.512511e-01	3.766730e-01	7.054574e-01	-3.610334e-01
2.111302e+00	4.590266e+00	1.003651e+00	-4.281193e-02	1.753548e+00	-7.413728e-01	9.496315e-01	3.039754e+00	9.213947e-01	-1.480230e+00	4.019224e+00	7.607792e-02	-4.377429e-01	-2.766240e+00	-2.751665e+00	-3.609627e-01	7.657261e-01	-9.250475e-01	4.751387e+00	1.912827e+00	-8.039249e-01	-9.311374e-01	3.135343e+00	1.747818e+00	3.433124e+00	-5.376944e-01	4.892831e-01	1.403253e+00	-1.384571e+00	4.666846e+00	-5.482397e-01	-9.181037e-01	1.386063e+00	3.883460e+00	2.894958e+00	-1.296917e+00	-3.638037e-01	4.040540e+00	4.207578e-01	-3.081670e+00
2.892484e+00	4.501673e-01	1.946938e+00	1.579169e+00	-2.295075e-01	2.185688e+00	1.542794e+00	2.351618e-01	1.509511e+00	1.095031e+00	-8.898006e-01	1.931580e+00	1.743322e+00	1.121521e+00	2.766659e+00	1.105018e+00	1.659776e+00	-2.298881e-01	-2.118984e+00	-1.391044e+00	2.500461e+00	-8.253049e-01	2.389055e+00	-1.404324e+00	-1.991498e+00	6.011291e-01	-6.270861e-03	1.553421e+00	1.725186e+00	1.825517e+00	1.093069e+00	1.897966e+00	-7.700801e-01	-1.980556e+00	6.024523e-01	8.643847e-01	1.930258e+00	-4.881185e-01	-1.246887e+00	1.465153e+00
4.433972e-01	-1.546530e+00	9.710831e-02	4.567566e-01	1.939048e-01	2.508373e+00	3.574959e+00	9.834550e-01	-2.214561e-01	3.426678e+00	-1.364524e-01	1.600248e+00	1.116935e+00	1.131078e+00	7.917119e-01	-6.325130e-01	7.988810e-01	6.071273e-01	-1.074123e+00	4.098489e+00	-4.712388e-01	1.321987e+00	1.182082e+00	-9.516566e-02	7.513276e-01	-1.023922e+00	1.499544e+00	1.538208e+00	1.106556e+00	6.303177e-01	-9.738000e-01	1.500553e+00	1.352346e-01	4.160339e-01	2.277871e-01	3.724178e-01	-1.967863e+00	-1.227623e+00	3.116348e+00	1.464972e+00
4.494009e-01	-3.016055e+00	-2.693170e-01	2.473584e+00	3.237283e-01	3.308864e+00	-2.122305e-01	1.783137e+00	3.310269e+00	1.714365e+00	-1.542043e-01	1.172837e-01	-5.236267e-01	2.931706e+00	3.420935e+00	-2.107720e-01	-7.057062e-01	-1.241007e+00	-1.087313e+00	1.252587e+00	3.974449e+00	5.843643e-01	2.616048e+00	1.453693e+00	-1.249680e+00	2.156020e+00	-5.166499e-01	2.291562e+00	2.772586e+00	2.880313e+00	-4.208761e-01	1.310618e+00	1.853947e+00	1.684533e+00	5.927911e-01	-1.059419e+00	-7.489044e-01	-2.881179e-01	3.479978e+00	-9.043691e-01
5.814549e-01	2.572006e+00	1.957879e+00	-2.110078e+00	2.018830e+00	4.782086e-01	-6.606294e-02	1.167222e+00	1.483598e+00	1.890838e+00	-2.030482e+00	1.490938e+00	4.044930e-02	1.518291e+00	1.825450e+00	-3.490778e-01	3.524366e+00	1.677699e+00	-2.102608e+00	-4.251204e-01	-1.066213e+00	-1.931749e+00	1.003040e+00	-6.592544e-01	1.752483e-01	-9.222003e-01	3.172713e+00	-5.599843e-01	4.280338e-01	2.646322e+00	-3.205310e-01	3.002278e+00	-5.475722e-01	-7.541806e-01	-2.420421e-01	5.411595e-01	6.177265e-01	-5.526719e-01	-7.180802e-01	2.918480e+00
5.633249e-01	1.414375e+00	8.585483e-01	2.531706e+00	2.339343e-01	2.694541e+00	-1.666369e+00	4.385217e-02	2.452967e+00	-1.469833e+00	1.133312e+00	1.525877e+00	-1.845625e+00	-4.019127e-01	8.707855e-01	-2.700905e+00	1.162970e+00	-2.047276e-01	1.880628e+00	1.312288e+00	8.774832e-01	1.126580e-01	6.960193e-01	3.515572e+00	5.206714e-02	-5.639698e-01	3.363804e-02	2.389216e-01	-1.094625e+00	-4.834054e-01	4.708652e-01	9.542729e-01	1.476098e+00	7.827965e-01	3.658922e-02	-5.595908e-01	-1.434369e+00	1.450874e+00	2.829909e+00	-2.716652e-01
-9.009806e-01	6.522420e-02	5.538224e-01	1.008782e+00	-9.967330e-01	1.205333e+00	8.747325e-01	1.932257e+00	9.149786e-01	2.959267e+00	1.242926e+00	5.024949e-01	5.028289e-01	1.971800e+00	3.750785e+00	-2.550456e+00	3.661022e+00	-4.862133e-02	-1.852247e+00	2.487002e+00	2.508080e-01	1.163084e+00	2.210408e+00	5.245015e-01	4.587101e-01	1.189266e+00	1.110995e+00	1.743444e+00	1.902207e+00	-1.297896e+00	-1.387128e-02	9.832368e-01	5.441741e-01	8.246965e-01	6.703595e-01	-7.272641e-01	-2.408772e+00	-2.546098e+00	2.394401e+00	2.634546e+00
7.630503e-01	-4.371862e-01	1.136509e+00	1.971430e+00	-1.355710e+00	1.381034e+00	2.177219e+00	3.466773e-01	9.424670e-03	1.681138e+00	6.779106e-01	3.530913e-01	4.039909e-02	8.832309e-01	1.304229e+00	9.417410e-01	-4.835412e-02	-6.555712e-01	-2.288864e+00	7.853414e-01	3.684256e+00	-1.312018e+00	2.689811e+00	-2.080624e-01	-1.275021e+00	2.175737e+00	-1.109565e+00	2.482870e+00	1.494764e+00	9.212359e-01	9.620154e-01	-6.784488e-02	-2.232532e-01	3.575945e-01	2.573377e+00	1.881466e+00	-4.596449e-02	2.859707e-01	1.031451e+00	-2.562146e-01
1.284319e+00	3.345599e+00	7.795682e-01	2.141832e+00	2.335492e-01	5.243255e+00	6.923889e-01	8.163414e-01	2.329490e+00	-2.031345e+00	2.366127e+00	1.484660e+00	-5.836867e-01	-1.397173e+00	-3.131358e-01	-1.762206e+00	-6.330406e-02	6.579441e-01	3.382316e+00	5.054111e-01	2.012740e+00	4.467004e-01	2.258004e+00	2.248356e+00	4.589733e+00	1.936177e+00	-2.999722e+00	9.882566e-01	2.477042e-01	6.704933e-01	-9.972989e-01	-6.031721e-01	4.235700e-01	-6.825403e-01	2.431512e+00	4.468769e-01	-1.225526e+00	-7.005812e-03	4.661804e-01	1.082685e+00
-1.289444e+00	1.274462e+00	-3.022824e-01	1.855792e+00	-7.665079e-01	1.665495e+00	3.953643e+00	1.007232e+00	-2.515973e+00	-6.485442e-02	8.026386e-01	9.386311e-01	-1.684071e+00	1.610965e-01	4.014166e+00	-2.802568e+00	4.169659e+00	-6.282801e-01	7.507769e-01	2.884953e+00	8.599280e-01	2.637041e+00	2.928503e+00	2.365713e+00	3.098939e+00	5.626773e-01	-6.515084e-01	1.317972e+00	5.763078e-01	-4.010968e+00	1.089959e+00	3.075747e-01	2.816639e+00	-1.098423e+00	1.674929e+00	-5.242055e-01	-1.303636e+00	-3.767245e-01	-8.304404e-01	1.354637e+00
-4.063143e+00	-1.472340e+01	-6.974364e+00	-5.617055e-01	1.306985e+00	1.405352e+01	-3.568786e+00	-2.351308e+00	3.853707e+00	6.387498e+00	-2.050518e+00	2.627108e+00	-9.585725e-02	4.678310e+00	1.187268e+01	5.457251e+00	-1.221723e+01	-2.283795e+00	-1.892561e+00	1.472894e+00	1.122515e+01	2.726974e+00	1.900502e-01	8.448310e-01	-6.979915e-01	1.507853e+01	-4.130948e+00	2.919709e+00	1.058780e+01	2.698302e+00	-4.780136e+00	5.375525e+00	4.545606e+00	-2.812319e+00	2.796344e+00	1.270132e-01	3.576841e+00	-2.549947e+00	2.953562e+00	-1.286425e+00
1.375102e+00	6.890279e-01	-9.983967e-01	2.121847e+00	9.259497e-01	1.282850e+00	2.382146e+00	2.216374e+00	2.369011e+00	1.104608e+00	1.011822e+00	1.763518e-01	-3.246931e-02	1.373838e+00	7.871967e-01	-5.793781e-01	7.636832e-01	-1.072635e+00	1.964401e+00	1.852559e+00	1.292735e+00	1.176079e+00	3.099306e+00	2.071678e+00	3.397154e+00	5.402586e-01	-2.847050e-01	-7.376199e-01	1.401693e+00	7.041575e-01	-4.285363e-01	6.768179e-01	8.775954e-01	-1.905533e-02	2.000670e+00	1.388546e-01	-2.333945e+00	-1.969113e-01	1.030447e+00	-4.027473e-01
3.855411e-01	4.246717e-01	7.105700e-01	8.061311e-02	-1.064932e+00	4.491329e+00	4.131569e+00	1.313151e+00	7.585936e-01	2.317707e+00	2.656426e+00	3.310452e+00	1.217601e+00	-9.336798e-01	2.564892e+00	-5.374132e-01	2.611535e-01	1.431789e+00	4.063452e-02	1.850052e+00	-6.831127e-01	1.133513e+00	2.107932e+00	-1.459721e+00	5.258962e-02	-4.603884e-01	1.497309e-01	2.064777e+00	1.109434e+00	2.956574e+00	-5.484489e-01	1.135634e+00	8.516360e-02	8.972788e-01	2.428347e+00	1.652708e+00	-3.448991e+00	-7.428084e-01	2.719539e+00	2.832593e+00
9.801707e-01	1.719331e+00	-8.642170e-02	2.592394e+00	3.612730e-01	4.885082e+00	6.081943e-01	2.295095e+00	3.449145e+00	-1.364898e+00	2.349148e+00	4.090450e-01	-1.505897e+00	-4.996593e-02	1.104110e+00	-2.606187e+00	5.737994e-01	2.993261e-01	1.794909e+00	7.951459e-01	2.833429e+00	5.528231e-01	2.972059e+00	1.160368e+00	3.706404e+00	2.643687e+00	-3.650277e+00	3.341496e+00	1.234227e+00	1.234267e+00	-1.776410e+00	1.281983e+00	2.191678e+00	1.846924e+00	1.882167e+00	-4.758844e-01	-2.608978e+00	-1.241320e+00	2.021936e+00	2.120172e+00
-9.728154e-02	7.902600e-02	-1.412958e+00	8.752396e-01	1.350962e+00	8.976292e-01	2.172341e-01	2.612163e+00	2.664530e+00	1.149674e-01	-2.966667e+00	-8.350861e-01	-1.223693e+00	4.748636e-01	1.993485e+00	-2.152240e+00	1.468681e+00	3.540060e-01	-9.792205e-01	4.110980e-01	2.076561e+00	5.408485e-01	2.311613e+00	2.730353e+00	2.303847e+00	-3.766893e-02	6.757027e-01	-6.481570e-02	9.455602e-01	-1.026079e+00	-1.885118e+00	1.307936e-01	1.036420e+00	2.183316e-01	-5.454451e-01	7.334377e-01	-1.091177e-02	-7.631046e-01	2.148459e+00	-1.152338e+00
3.903712e+00	-2.423539e-01	1.676074e+00	1.939436e+00	-1.667465e+00	2.702087e-01	1.218527e+00	1.896311e+00	-7.754517e-01	2.129855e+00	2.216897e+00	-2.902711e+00	-5.993211e-01	1.110349e+00	1.292315e+00	-2.295860e+00	5.596250e+00	-1.062454e+00	-1.679851e+00	-1.885877e-01	1.601393e+00	2.530013e+00	4.616210e+00	-2.084067e-01	-2.232638e+00	-2.746264e-01	-1.474123e+00	3.640897e+00	1.121097e+00	-2.129448e+00	1.008517e+00	6.705030e-01	4.638346e-01	2.812196e+00	-1.332943e+00	-1.503508e+00	6.795608e-01	-2.148730e+00	1.266833e+00	-5.001194e-01
6.958019e-03	2.906107e+00	-1.413778e+00	2.429174e+00	1.171906e+00	2.055201e+00	1.049636e+00	2.219886e+00	2.655995e+00	-4.004943e-01	9.046300e-01	1.168195e-01	-9.956098e-01	4.950039e-01	2.011233e+00	-3.101156e+00	3.070856e+00	-8.986145e-01	1.066178e+00	1.391131e+00	6.524922e-01	2.036933e+00	3.546751e+00	1.624764e+00	2.946884e+00	1.422170e+00	-1.461901e+00	3.456687e-01	1.451448e-01	2.266202e-02	-3.152895e-01	4.698863e-01	5.490361e-01	1.829158e+00	2.310702e+00	-7.653091e-01	-3.809388e+00	6.227364e-01	2.647237e+00	1.046782e+00
1.553354e-01	6.170690e-01	8.194556e-01	2.860574e+00	-1.543874e+00	2.086385e+00	2.741918e+00	-5.778191e-01	2.600539e+00	1.998891e+00	-9.671362e-02	7.080243e-01	3.984870e-01	1.161362e+00	6.587990e-01	2.310922e+00	-1.135284e+00	-1.195828e+00	-8.220702e-01	1.525846e+00	1.170402e+00	1.782280e+00	9.421606e-02	2.344680e+00	-1.620312e+00	4.460905e-01	9.700338e-01	1.360966e+00	-4.796083e-02	6.006092e-01	3.997056e-01	-8.780741e-02	1.021220e+00	1.475920e+00	1.153748e+00	-1.483849e-02	2.421824e-01	1.943992e-01	3.104026e+00	1.508902e-01
-1.006891e+00	2.644806e+00	-5.801016e-01	2.030930e+00	1.361273e+00	1.617467e-01	-2.175941e+00	-6.734092e-01	1.835936e+00	-1.346108e+00	-1.106547e+00	1.596624e+00	4.201986e-01	-1.423685e-01	2.772290e+00	-1.227116e+00	2.803329e+00	4.186489e-01	-6.366867e-01	1.634689e+00	1.571995e+00	2.944954e+00	-9.254251e-01	2.053324e-01	2.090130e+00	2.194902e+00	-2.032163e+00	2.364079e+00	2.291060e+00	-2.546101e+00	-7.077447e-01	1.924831e+00	3.654062e+00	-7.276480e-01	2.244198e-02	-2.209396e+00	-2.913186e+00	3.103004e-01	2.254674e+00	2.756045e+00
-6.186391e-02	4.171379e+00	-6.096910e-01	8.161764e-01	1.958049e+00	1.634598e-01	-8.664716e-02	3.431110e-01	3.466377e+00	-7.638149e-02	3.282457e-01	5.606566e-01	-2.820908e-01	1.211919e+00	1.308031e-01	-6.658068e-01	2.247023e+00	5.179948e-01	1.155432e+00	3.257761e-01	-4.582802e-01	1.544433e+00	1.200950e+00	2.420599e+00	2.070930e+00	-4.381669e-01	-5.816015e-01	-1.584645e-01	3.499411e-01	-1.269004e-01	-9.265487e-01	-3.294584e-01	3.085542e+00	7.989983e-01	4.268450e-01	-1.563323e+00	-1.835483e+00	3.074051e-01	2.048480e+00	1.326128e+00
6.057401e-01	8.766684e-01	5.503235e-01	8.458424e-01	1.498437e-02	-2.549921e-01	1.746481e+00	3.092948e+00	1.834786e+00	8.274299e-01	1.596234e+00	1.004094e+00	8.853589e-01	1.274620e-01	1.896986e+00	-1.215923e+00	4.943075e-01	-4.098341e-01	4.691559e-01	2.431922e+00	-4.144696e-01	-6.211139e-01	-2.820968e-01	4.966364e-01	-1.463104e-01	-3.393961e-01	-5.191128e-02	4.556681e-01	1.133683e+00	2.248523e+00	-1.458113e-01	1.160187e+00	1.070241e+00	1.873445e+00	1.598858e+00	1.075728e+00	-7.155391e-01	-4.063135e-01	1.368134e+00	1.978402e+00
1.304679e-01	5.803997e-01	-1.445950e-01	2.203656e+00	9.216215e-01	1.767268e-01	1.637591e+00	1.953186e+00	2.110326e+00	2.940355e-01	-1.819895e+00	1.507066e+00	1.577191e+00	3.920816e-01	8.995676e-01	-1.548565e+00	-4.977111e-01	-7.567443e-01	-5.825851e-01	2.216763e+00	1.968977e+00	1.046857e+00	4.520614e-01	1.218077e+00	1.815192e+00	-1.699593e-01	1.418187e+00	1.488011e+00	1.493400e+00	2.136499e+00	-1.629589e-01	-8.265001e-02	1.117919e+00	1.164040e+00	-5.159466e-01	-4.254666e-01	6.231511e-01	-4.830022e-01	1.623240e+00	5.497923e-01
-1.145941e+00	3.259679e+00	-7.465174e-01	1.230469e+00	1.789580e+00	-9.742433e-01	-4.917968e-01	-2.811921e-02	1.329318e+00	-5.073764e-01	-3.229256e-01	1.622043e+00	-3.900661e-01	3.075178e-01	1.510090e+00	-2.122081e+00	3.193118e+00	1.345498e+00	1.629417e+00	2.260037e+00	3.304906e-01	2.276994e+00	-1.629139e-02	2.376048e+00	4.118714e+00	2.150419e-01	3.060488e-01	-9.193859e-01	6.671415e-01	-1.782657e+00	-1.336494e+00	9.168151e-01	3.185046e+00	2.267292e-01	2.026763e-01	-1.681682e+00	-2.378224e+00	8.408686e-01	-4.525602e-01	2.767082e+00
9.595385e-01	2.575892e-01	-1.448412e-01	1.140467e+00	1.036684e+00	4.123961e+00	-1.729601e-01	2.308833e+00	1.387028e-01	-1.430645e+00	2.466461e+00	1.615227e+00	-3.230661e+00	-6.448838e-01	2.546977e+00	-3.327980e+00	7.953742e-01	1.207412e-01	2.370959e+00	2.466455e+00	4.085979e-01	-4.151832e-01	3.812308e+00	2.081719e+00	3.638137e+00	1.427241e+00	1.032737e+00	7.329072e-01	8.618394e-01	6.952857e-01	2.532980e-02	8.822953e-01	2.222967e+00	5.542512e-02	1.614508e+00	-1.473724e+00	-1.980253e+00	2.225285e+00	1.419031e+00	-2.490748e+00
3.951543e-01	3.799126e+00	-8.689477e-02	1.501476e+00	4.157638e-01	1.708844e+00	1.622009e+00	-7.401407e-01	1.457176e+00	1.507997e+00	5.980180e-01	1.121014e+00	-7.279806e-02	7.349715e-01	5.338847e-01	8.676438e-01	2.683880e+00	6.549718e-01	1.327266e+00	6.378995e-01	-1.949203e-01	2.823553e+00	8.771534e-01	2.972533e+00	1.540562e+00	-1.761942e-02	-6.056529e-01	4.375693e-01	-2.260384e-01	-1.442877e+00	-1.157690e+00	6.028723e-01	2.922520e+00	5.754999e-01	7.625776e-01	-2.072855e+00	-2.743073e+00	-2.701880e-01	1.632329e+00	2.859953e+00
-1.613873e+00	3.447275e+00	1.245022e+00	1.575647e+00	-1.718358e+00	1.437074e+00	1.111748e+00	-1.024347e+00	-1.489255e-01	5.109662e-01	-3.734022e-02	1.242676e+00	7.672381e-01	2.135024e-01	2.420158e+00	-1.012000e+00	4.277739e+00	1.281737e-03	-9.317700e-02	1.984209e+00	-5.675624e-01	4.054682e+00	-2.066976e-01	2.397144e+00	1.418110e+00	1.148995e+00	-1.582126e+00	1.343754e+00	8.570946e-01	-6.368893e+00	-4.885727e-01	6.213648e-01	3.480377e+00	-1.788983e+00	6.794136e-01	-1.767867e+00	-2.976508e+00	-1.626734e+00	1.962062e+00	3.862647e+00
1.999802e+00	-2.291199e-02	-1.769931e-01	5.766803e-01	9.117406e-01	3.599254e+00	1.755512e-01	1.814938e+00	5.523325e-01	-2.860011e-01	2.623723e-01	-1.524165e-01	-1.437437e+00	7.813133e-01	5.712839e-01	-2.939745e+00	2.193973e+00	-3.337634e-01	5.944840e-01	1.364554e+00	2.067810e+00	6.683263e-01	3.911611e+00	2.625689e+00	1.319053e+00	-2.765300e-01	-6.581903e-01	2.041346e+00	6.980643e-01	-1.823726e+00	-1.376702e+00	2.943577e-01	3.078292e+00	-2.223677e-01	-7.250507e-01	-1.334200e+00	5.402363e-01	-2.819055e-01	2.180586e+00	-1.139923e+00
1.835373e+00	1.410374e-01	2.025384e+00	-1.736007e+00	6.059832e-01	1.898822e+00	-1.563143e+00	-3.257994e-01	-9.109752e-01	1.641464e+00	-2.016840e+00	8.165877e-01	-1.300724e+00	3.131167e+00	2.438584e+00	-7.365946e-01	5.183531e+00	1.896642e+00	-2.424585e+00	-1.633128e+00	1.842091e+00	6.162005e-01	3.633300e+00	-9.586599e-01	5.253575e-01	8.905611e-01	2.000293e+00	5.804462e-01	1.591451e+00	-9.427559e-01	2.007801e-01	1.414231e+00	-7.550136e-01	-2.859032e+00	1.669826e-01	-8.660163e-02	1.719410e+00	-6.401607e-01	-1.138397e-01	4.570132e-01
-3.339856e-01	-3.639600e-01	4.161405e-01	1.946333e+00	1.903326e+00	7.273459e-01	2.283552e+00	2.270683e+00	2.413234e+00	1.805616e+00	-8.679194e-02	1.884738e+00	-6.503700e-01	1.710975e+00	1.096532e+00	-1.475978e-01	-8.231744e-01	-8.320963e-01	1.355663e+00	2.229472e+00	7.107006e-01	3.097974e-01	-3.719312e-01	2.113280e+00	2.604100e+00	1.306475e+00	5.421896e-02	-1.030885e+00	2.309533e+00	1.878497e+00	-8.440607e-01	-9.041850e-01	-1.078163e-01	-5.059664e-01	1.263696e+00	1.288561e+00	4.528275e-02	-1.661452e+00	1.069622e+00	-9.964296e-01
-1.661817e+00	-8.269808e-02	-8.186589e-01	5.506041e-01	-3.867838e-01	-6.874476e-02	-8.093575e-01	1.824360e+00	2.273189e+00	1.821236e+00	-1.886718e+00	8.648279e-01	2.031855e+00	2.157061e+00	4.878664e-01	-1.030507e+00	5.545770e-01	-1.522122e-02	-1.570844e+00	8.152134e-01	2.944555e+00	2.583972e-01	1.924701e-01	1.491439e+00	-9.645403e-02	1.040297e+00	-1.307582e+00	3.988350e-01	1.528730e+00	-6.689905e-01	-1.807182e+00	-7.081249e-01	1.239984e+00	6.471916e-01	8.635201e-02	7.079943e-01	-1.536953e+00	-2.315510e+00	4.187229e+00	2.211855e+00
1.193775e+00	-1.767315e+00	1.999304e+00	1.397537e-01	-3.049648e-01	3.475729e+00	-6.879328e-01	6.715666e-01	2.650881e+00	2.487699e+00	2.785651e-01	1.646456e+00	6.983984e-01	2.397853e+00	4.501939e+00	1.473960e+00	1.023071e+00	6.219538e-01	-1.892696e+00	-3.001930e+00	2.684783e+00	-1.216525e+00	1.552711e+00	-1.105152e+00	-2.171729e+00	1.951009e+00	1.038680e+00	-4.440167e-01	1.515671e+00	-8.884345e-02	1.989568e-01	1.954929e+00	-9.158304e-01	-2.060257e+00	7.240155e-01	1.825875e-01	1.125943e+00	-5.944701e-01	-1.324352e+00	6.628518e-01
1.509650e-01	1.993026e-01	1.229555e+00	4.127916e-01	-2.402906e+00	3.559155e+00	4.988036e+00	1.330061e+00	-3.939319e+00	5.433246e-03	3.662437e+00	3.278385e-01	-2.134784e+00	-4.410410e-01	3.966588e+00	-2.018059e+00	2.933860e+00	-1.230499e+00	9.029834e-01	1.019784e+00	7.585310e-01	9.486172e-01	3.702774e+00	9.496768e-01	3.217936e+00	2.341741e+00	-2.462512e+00	2.928311e+00	1.111092e+00	-3.073014e+00	1.619348e+00	3.831779e-01	2.696608e+00	-1.894188e+00	2.844441e+00	6.886378e-02	-8.665400e-02	-6.584450e-01	-1.457983e+00	-2.546962e-01
-1.684655e-01	2.415691e+00	-3.071730e-01	2.444441e+00	8.906772e-01	3.058798e+00	7.459828e-01	2.499212e+00	2.750890e+00	-6.614189e-01	1.344037e+00	4.826959e-01	-1.204262e+00	1.993228e-01	1.887854e-01	-2.338005e+00	1.357638e+00	-8.991333e-03	3.014127e+00	2.923945e+00	1.732475e+00	3.189716e-01	2.329991e+00	2.470246e+00	5.808727e+00	1.859389e+00	-5.879724e-01	2.035960e+00	6.494522e-01	1.378333e+00	-6.915633e-01	2.609334e-01	9.382903e-01	-2.918058e-01	2.105800e+00	-1.345351e+00	-3.146741e+00	-2.263355e-01	1.621903e+00	1.324938e+00
2.585306e-01	4.677159e+00	1.060910e+00	-4.339536e-01	4.245751e-01	-4.658817e-01	-2.011949e-01	6.783367e-01	-7.250856e-01	-1.090618e-01	2.082379e+00	-1.151978e+00	2.183960e-01	1.293588e-01	-2.315487e-01	-3.306660e+00	5.190750e+00	1.217563e+00	5.296233e-01	-1.873259e-01	-1.089370e+00	2.673803e+00	2.276871e+00	8.419694e-01	2.910757e+00	-8.065345e-01	-1.199375e+00	7.171570e-01	-3.125387e-01	-2.901769e+00	6.827776e-01	3.791491e-01	1.926801e+00	1.336170e+00	2.428594e-01	-3.090784e+00	-3.056712e+00	2.579324e-01	5.822334e-01	2.276960e+00
9.849211e-01	6.784575e-01	-7.578601e-01	1.028317e+00	-4.121407e-02	-1.227264e-01	4.136732e-01	3.396502e+00	4.199521e+00	-5.241966e-01	-1.131437e+00	1.591410e+00	2.937206e+00	-2.311735e+00	2.361901e+00	1.513943e+00	3.858952e-01	-1.530747e+00	1.855315e-01	1.560040e+00	-4.830464e-02	-1.860860e+00	-1.794911e+00	1.358774e+00	-2.076121e+00	-3.356094e+00	-1.090929e-01	-1.093882e+00	4.647555e-01	-2.137906e+00	-1.417070e+00	1.898862e+00	1.822576e+00	-1.204500e+00	-1.321649e-01	1.385431e+00	5.080449e-01	3.609194e-01	-3.616870e-01	8.810336e-01
1.630698e+00	2.080043e+00	-9.814209e-02	2.713263e+00	-8.121732e-02	3.300114e+00	1.550078e+00	-7.597943e-02	8.225432e-01	3.833289e-01	1.556059e+00	1.027247e+00	-6.620420e-01	-8.771301e-01	2.098718e+00	8.166809e-01	1.411532e+00	8.379277e-01	1.585966e-01	1.007416e+00	3.240278e-01	2.370828e+00	3.498850e+00	5.284823e-01	-8.480658e-01	-1.100163e-03	1.205783e+00	2.368581e+00	-3.737115e-02	2.189014e+00	9.064766e-01	1.007346e+00	1.340815e+00	1.920141e+00	1.631992e+00	-1.470235e+00	-2.188094e+00	3.061890e+00	2.264996e+00	-6.709217e-02
6.645695e-01	2.602724e+00	2.383618e+00	1.115395e-01	1.520275e+00	-2.108579e+00	1.515867e+00	6.544906e-01	-1.955602e+00	1.022079e+00	2.396053e+00	8.293494e-01	-8.704326e-01	4.943173e-01	-1.178022e+00	5.514486e-01	1.368627e-01	9.131636e-02	1.426316e+00	2.811256e+00	1.406086e+00	-1.420120e+00	2.282532e+00	6.326652e-01	2.370515e+00	2.051401e+00	3.082853e+00	1.165936e+00	-3.865908e-01	6.239980e+00	8.467197e-01	-1.175086e+00	-6.638616e-02	3.429479e+00	3.599671e+00	-8.196209e-01	2.381186e-01	3.184889e+00	-3.466863e-01	-1.396912e+00
8.580450e-01	8.971101e-01	3.873512e-01	2.992047e+00	1.818956e-01	3.151938e+00	2.487457e+00	6.640255e-01	1.509084e+00	2.976202e+00	1.404386e+00	2.398600e+00	1.200887e+00	3.725456e-01	1.892102e+00	-2.551846e+00	1.642861e+00	2.095638e+00	-5.963629e-01	1.928222e+00	7.250911e-01	1.964145e+00	2.224130e+00	-6.888734e-01	3.166994e+00	2.434240e+00	6.337082e-01	3.428926e+00	1.233276e+00	2.374304e+00	-4.133308e-01	2.174052e+00	-4.257526e-01	1.942638e+00	1.803700e+00	-1.226448e+00	-5.820175e+00	-2.989872e+00	2.905915e+00	5.333973e+00
1.449075e+00	-7.901131e-01	1.003106e+00	5.001754e-01	-9.985204e-02	3.248927e+00	2.710715e-01	3.812845e-01	-8.667607e-01	-1.294771e+00	4.747455e+00	-2.055804e-01	-3.021214e+00	1.258838e+00	2.220197e+00	-2.609140e+00	4.691981e+00	3.698169e-01	2.409661e+00	-3.643355e-01	1.003966e+00	3.727946e-01	3.706459e+00	-3.257992e-01	2.092044e+00	1.241273e+00	-2.241616e+00	2.715403e+00	2.031061e+00	-1.364706e-01	6.573265e-01	4.460323e-01	2.102049e+00	-3.048502e-01	1.722088e+00	1.049483e+00	2.356589e+00	-1.245368e-01	-5.393638e-02	-1.973772e+00
-1.733112e-02	2.666597e+00	5.483195e-01	4.824208e-01	2.056360e+00	1.154827e+00	1.167728e+00	2.056457e+00	2.604077e+00	-2.157783e+00	3.291446e-01	2.156327e+00	8.054337e-01	-2.382093e+00	-2.271642e+00	2.719052e-02	-2.701642e+00	-3.092787e-01	3.842585e+00	1.206437e+00	8.879190e-01	-3.586183e-01	-1.054887e-01	1.868980e+00	4.709546e+00	8.897489e-01	1.614303e+00	9.094539e-01	-9.623957e-01	4.240908e+00	-8.706982e-01	-1.446886e+00	6.742813e-01	2.368436e+00	1.061391e+00	-6.711938e-01	9.477933e-01	3.028646e+00	4.900439e-01	-1.618165e+00
7.505417e-01	2.114312e-01	-1.337956e+00	2.383614e+00	1.180003e+00	1.687050e+00	-5.007916e-01	2.340894e+00	4.085333e+00	-5.785407e-01	-2.109311e-01	8.253858e-01	-4.781885e-02	1.849282e+00	1.273671e+00	-2.132242e+00	2.057263e+00	-3.698983e-01	1.359595e+00	1.450483e+00	2.196986e+00	1.814836e+00	1.707429e+00	1.207823e+00	2.972394e+00	-6.996569e-02	-1.581532e+00	2.577691e-01	2.274706e+00	6.297764e-02	-9.545931e-01	1.292896e+00	1.807059e+00	3.386055e-01	3.074499e-01	-6.958730e-01	-1.652712e+00	-3.558521e-01	1.806433e+00	9.402773e-01
2.100134e+00	-8.466838e-01	1.151430e+00	1.022039e+00	-1.470714e+00	3.354162e+00	4.435804e+00	-1.259625e+00	-2.999999e+00	1.760481e+00	-4.831739e-01	6.183981e-01	-1.560035e+00	-2.430714e+00	1.997765e+00	1.170339e+00	-1.071672e+00	1.760135e+00	-2.158765e+00	1.866863e+00	3.208416e-01	3.153151e+00	3.117779e+00	3.556988e-01	7.427522e-01	1.494753e+00	9.631637e-01	4.591935e+00	1.883993e+00	3.206950e-01	6.775076e-01	9.157020e-01	2.339707e+00	2.194333e+00	1.498033e-01	2.438010e-01	-1.378233e-01	-1.208783e-01	3.114294e+00	-9.367739e-01
9.047888e-01	4.515177e+00	9.858772e-01	9.837636e-01	-1.809528e+00	1.607222e+00	1.838616e+00	3.958507e-02	7.825431e-02	-5.037728e-01	2.012675e+00	1.192047e+00	7.819687e-01	-4.833058e+00	6.264612e-01	2.326083e+00	9.915093e-01	-1.392896e+00	1.974003e+00	1.495019e+00	-1.246997e+00	1.843927e+00	1.465083e-01	2.372785e+00	-1.414865e-01	9.650358e-01	-5.693717e-01	3.638793e+00	-3.054128e-01	-3.590554e+00	-1.396223e+00	-6.141033e-01	4.157189e+00	6.842587e-01	2.012444e+00	-9.372158e-01	-1.092110e+00	2.334013e+00	2.604400e+00	-1.115939e+00
-2.867973e-01	2.074782e-01	-3.448244e-01	3.182634e+00	-2.745594e+00	4.703038e+00	2.738320e+00	-1.497632e+00	1.789893e+00	-3.834153e-01	3.422035e-01	1.735717e-01	-1.448724e+00	-1.246089e+00	3.036954e+00	1.316269e+00	2.080743e+00	-1.068549e+00	-5.608791e-02	1.570438e+00	1.499149e+00	2.748703e+00	-3.936213e-01	2.894102e+00	1.728218e-01	1.191000e+00	-3.321614e+00	2.149362e+00	5.572114e-01	-6.646661e+00	-6.801812e-01	3.159167e-01	3.035172e+00	-2.045542e+00	1.193750e+00	1.294694e+00	-1.264518e+00	3.508583e-01	2.123628e+00	2.240694e-01
3.126299e+00	8.705584e-01	4.530413e-01	3.217589e+00	-3.537967e-01	4.356656e+00	1.688308e+00	1.819016e+00	1.758135e+00	-3.932141e-01	-6.281647e-01	1.538350e+00	2.632411e-01	-1.569452e+00	2.046776e+00	-1.268748e+00	1.798691e-01	-2.632651e+00	-1.027645e-02	3.233124e+00	1.472091e+00	8.578562e-01	2.365153e+00	2.123353e+00	-3.967261e-01	4.685610e-01	-1.438562e+00	1.992405e+00	9.149969e-01	-9.281915e-01	-4.552797e-01	1.349211e+00	1.936449e+00	-7.851219e-01	4.204635e-01	-8.742773e-01	-6.308789e-01	8.186979e-01	2.197394e+00	1.144957e-01
-2.373194e-01	3.875601e-01	8.689775e-02	1.705316e+00	-4.957679e-01	2.572617e+00	1.571771e+00	9.382426e-01	8.527120e-01	2.589447e+00	3.063054e+00	1.827320e+00	-1.452772e+00	2.001377e+00	2.099436e+00	-1.030640e+00	2.044940e+00	6.121815e-01	1.504438e+00	2.753195e+00	7.155391e-01	1.621025e+00	1.931877e+00	1.138045e+00	2.445714e+00	6.013172e-01	1.017995e+00	9.519344e-01	8.543254e-01	1.233112e+00	-4.421013e-01	8.636503e-01	4.780115e-01	1.179093e-01	2.581962e+00	-2.537140e-01	-4.329773e+00	-8.659369e-01	2.535129e+00	8.860178e-01
1.806434e+00	8.536550e-01	-1.316260e+00	1.954910e+00	1.337432e+00	1.550534e+00	1.620527e+00	1.209995e+00	1.422992e+00	-3.863720e-02	-2.094646e-01	-4.419254e-02	-1.206756e+00	-3.822088e-01	4.134993e-01	-1.343649e+00	1.361426e+00	1.492200e-01	1.600090e+00	8.532346e-01	2.728597e+00	2.305045e+00	3.441362e+00	1.956129e+00	3.441732e+00	7.290981e-01	-3.679209e-01	9.634161e-01	9.800602e-01	5.058436e-01	-1.602716e+00	-1.862712e-01	2.363587e+00	9.781603e-01	-1.146119e-01	-4.370491e-01	2.286441e-01	4.534343e-01	4.420910e-01	-1.215797e+00
-4.281334e-01	3.621149e+00	4.262072e-01	1.778557e+00	-1.345919e+00	5.860257e+00	2.791778e+00	-1.025502e-01	1.267715e+00	-3.040099e-01	-2.665477e-01	5.895825e-02	-2.895610e+00	-2.649885e+00	7.129145e-01	9.481986e-01	1.556266e+00	-1.121071e+00	2.038104e+00	8.582479e-01	-1.372702e+00	2.365191e+00	1.762915e+00	4.222729e+00	3.032299e+00	2.148439e+00	-4.320665e-01	1.574579e+00	1.244451e-02	-3.410056e+00	-2.438021e+00	-5.783407e-01	1.763339e+00	-8.421308e-01	2.301354e+00	1.331072e+00	-9.727624e-01	-4.569062e-01	4.075640e+00	-6.492440e-01
1.146921e+00	5.711344e+00	1.632130e+00	9.117958e-01	-9.128411e-01	4.658330e+00	2.135149e+00	2.647658e-01	1.069941e+00	-8.384827e-01	6.872529e+00	2.544301e-01	-1.803787e+00	-3.478382e+00	-2.141497e+00	1.116205e+00	2.623683e+00	-1.184670e+00	5.102941e+00	3.544121e-01	-1.738068e+00	-1.676035e+00	3.051335e+00	2.590081e+00	1.643266e+00	1.785079e+00	2.208858e-01	1.958443e+00	-2.513028e+00	4.721009e-01	-9.381232e-01	-1.072256e+00	9.816066e-01	2.449935e+00	4.000875e+00	-3.593485e-01	-9.722433e-01	3.320220e+00	1.271217e+00	-2.423089e+00
2.651493e+00	-5.679599e-01	3.301225e+00	-6.593542e-01	-4.348197e-01	3.792695e+00	-2.435875e-02	5.124271e-01	5.877980e-01	1.741211e+00	2.798551e-01	9.248911e-01	-1.501208e+00	3.254471e+00	2.602815e+00	-2.514251e-01	3.769801e+00	-1.113249e-01	-1.242672e+00	-2.027369e+00	1.257813e+00	-1.270949e+00	4.078894e+00	-1.005716e+00	-3.196022e-01	7.106090e-01	7.548480e-01	1.665531e-01	1.192777e+00	1.338190e+00	1.370326e+00	3.361429e+00	-1.849011e+00	-1.896503e+00	1.353588e+00	6.675301e-01	1.789995e+00	-6.973566e-01	-8.260738e-01	4.338191e-01
4.543338e-02	-1.703037e+00	-9.923003e-01	1.690043e+00	-8.935302e-02	5.004423e-01	2.581146e+00	2.709808e+00	1.230668e+00	-3.143469e-01	-5.205068e-01	1.765887e-01	-6.415500e-01	8.067358e-01	1.775883e+00	-1.245752e+00	-5.356302e-03	-1.022622e+00	3.945434e-01	1.701962e+00	1.864898e+00	8.772096e-01	1.402855e+00	1.921891e+00	2.771611e+00	-3.641704e-01	1.292774e-01	6.779053e-01	1.205577e+00	-4.726400e-01	8.915211e-01	-5.182400e-02	2.628859e+00	7.417413e-01	4.421973e-01	-7.657449e-01	-4.602895e-01	1.299604e-01	8.619251e-01	-1.811894e+00
1.607547e-02	-1.888059e-01	-1.830369e-01	2.729411e+00	-8.776455e-01	3.346139e-03	3.536257e+00	7.542988e-01	7.250906e-01	1.287982e+00	-4.433522e-01	2.249147e+00	5.865826e-01	3.950096e-01	1.870990e+00	-4.670797e-01	4.064355e-01	-2.369876e-01	-1.803065e+00	2.794434e+00	2.626826e+00	-4.942887e-02	6.298005e-01	-3.311630e-01	1.455026e+00	2.264099e+00	-1.435976e+00	2.780913e+00	2.097431e+00	1.601178e+00	-4.836904e-03	1.206882e+00	1.659843e+00	1.626264e+00	2.169541e+00	1.563785e+00	-2.531510e+00	-9.435358e-01	2.061270e+00	2.863347e+00
-2.258626e-01	1.104860e+00	2.872322e-01	2.481123e+00	1.229472e+00	4.304102e+00	-8.911001e-01	7.337120e-01	5.546768e+00	-7.895057e-01	3.156180e+00	1.108559e+00	-1.265739e+00	2.281515e+00	1.502605e+00	-1.014386e+00	5.627767e-01	1.338156e+00	2.114641e+00	1.606575e+00	5.915736e-01	-4.043463e-01	9.843827e-01	1.051599e+00	3.174851e+00	1.025700e+00	-6.912085e-01	2.947467e-02	4.104233e-01	2.720650e+00	4.286357e-01	1.010381e+00	5.405100e-01	4.011455e-01	2.143840e+00	-9.669414e-01	-3.030594e+00	1.288850e+00	1.610448e+00	8.818452e-01
1.325320e+00	-5.065649e-02	-6.522199e-01	3.250674e-01	-1.154575e-01	9.787158e-01	1.050655e+00	3.684443e+00	3.240100e+00	-6.534598e-01	-2.502079e-01	-1.528960e-01	2.410275e+00	-2.638228e+00	1.504393e+00	1.713645e+00	-2.619890e-02	-1.909339e+00	3.735572e-01	9.469062e-01	-9.574213e-02	-2.556780e+00	-6.197072e-01	1.152499e+00	-2.162975e+00	-2.450782e+00	-1.448602e+00	-1.088272e+00	3.746145e-01	-1.907761e+00	-1.490411e+00	1.267284e+00	1.119685e+00	-1.619620e+00	3.886765e-01	1.937352e+00	8.700581e-01	3.908929e-01	-1.783670e-01	-8.123360e-01
1.792379e+00	-1.441386e+00	2.988769e+00	1.492811e+00	-1.012985e+00	-2.876744e-01	1.411582e+00	1.465372e+00	1.783610e+00	2.559828e+00	-4.077522e-01	2.123456e+00	9.256516e-01	4.053330e+00	3.902330e+00	3.840570e-01	2.844590e+00	4.602954e-01	-3.032304e+00	-3.367832e-01	1.775638e+00	-1.514244e+00	1.508114e+00	-1.419405e+00	-1.156412e+00	-8.962642e-01	1.159032e+00	-6.052613e-01	2.632934e+00	1.803225e+00	2.255809e+00	2.541646e+00	-5.162266e-01	-1.892666e+00	1.133105e+00	4.140078e-01	4.955309e-01	-1.593915e+00	-1.249459e+00	1.979516e+00
2.213773e+00	2.055707e+00	-8.683848e-01	8.959170e-01	1.314032e+00	-1.786374e-01	8.807604e-01	3.068739e+00	3.155148e+00	-1.927523e+00	1.049336e+00	2.774465e-01	6.315918e-01	-2.765280e+00	-1.123577e+00	-4.269432e-01	-5.739577e-01	-1.019449e+00	3.617105e+00	1.716718e+00	1.053453e+00	3.976732e-02	1.001828e+00	1.969923e+00	2.505214e+00	-1.858739e+00	-6.805215e-01	6.322877e-01	-3.785118e-01	2.648872e+00	-9.911014e-01	3.718747e-01	1.713686e+00	2.101025e+00	7.326052e-01	-1.916988e-01	-7.322721e-01	2.502354e+00	9.041043e-01	-1.613169e+00
1.476903e+00	-9.107021e-01	1.858081e+00	2.933677e-01	-1.814877e-01	3.072469e+00	2.216983e+00	-2.244683e+00	-4.699509e-01	4.871383e+00	3.115101e-01	1.160039e+00	6.629954e-01	2.667737e+00	2.037026e+00	-2.469279e-01	1.655073e+00	4.397356e+00	-1.850796e+00	-4.546903e-01	2.270082e+00	4.273618e+00	3.603166e+00	-1.381727e+00	4.795940e-01	1.036559e+00	7.960270e-01	2.130551e+00	2.113341e+00	2.345227e+00	-4.618303e-01	9.965441e-01	-3.554305e-02	1.028749e+00	-6.638989e-01	-5.455944e-01	-2.316033e+00	-2.915139e+00	2.583818e+00	2.721456e+00
2.426485e+00	3.865232e+00	1.462253e+00	-1.340881e+00	3.002938e-01	4.098424e+00	1.074392e-02	2.635901e+00	-1.961953e+00	-1.165035e+00	2.287294e+00	4.867784e-01	-1.550237e+00	-2.465855e+00	-5.144014e-01	-1.352247e+00	4.784771e+00	-2.515864e+00	2.975228e+00	8.681063e-01	-1.334865e+00	-1.474139e+00	3.833309e+00	-2.093348e-01	4.420983e+00	3.294183e+00	-7.168130e-01	2.503559e+00	1.510067e+00	1.536530e-01	-7.397728e-01	9.233077e-01	-1.574300e+00	-1.129344e+00	2.995448e+00	8.011920e-01	1.358385e+00	3.327934e-01	2.224407e-02	-4.406883e-01
-1.085168e+00	-1.473464e-01	-7.183454e-01	2.336208e+00	-9.253831e-01	9.118845e-01	7.488813e-01	7.382834e-01	9.086151e-01	2.215883e+00	-1.279661e+00	4.840647e-01	1.799125e+00	1.096292e+00	-4.808621e-01	-4.377325e-01	5.777619e-01	-5.892514e-01	-6.113704e-01	2.639876e+00	3.526081e+00	7.902013e-02	8.140652e-01	2.288677e+00	2.957362e+00	1.768664e+00	4.102034e-01	1.213832e+00	1.781477e+00	-2.221952e+00	-7.110772e-01	-2.379072e-01	4.875874e-03	-1.097994e+00	8.385798e-01	2.310042e-01	-6.114053e-01	-1.627601e+00	1.342781e+00	1.458310e+00
-5.340549e-01	2.390560e-01	-8.309909e-01	2.883047e+00	-4.413148e-01	1.066335e+00	1.343067e+00	1.414232e+00	1.465143e+00	5.506421e-01	-2.221846e+00	1.356414e+00	1.866790e+00	-4.263309e-01	7.231153e-01	-2.734544e-01	-1.935641e+00	-3.532621e-02	-1.145025e+00	2.307758e+00	3.970552e+00	8.291753e-01	2.696644e-02	1.340419e+00	1.930015e+00	2.050909e+00	-7.169476e-01	6.796929e-02	1.295236e+00	-5.172167e-01	-2.377410e-01	5.318017e-02	-2.559015e-01	5.943014e-01	1.051738e+00	1.446352e+00	-2.064966e+00	2.253267e-01	1.105302e+00	2.844998e+00
-1.120806e+00	2.979661e+00	-5.207194e-01	3.177431e+00	2.238745e+00	4.137478e+00	-1.202292e+00	8.390220e-01	5.760935e+00	-2.197621e+00	2.571918e-01	1.836557e+00	-1.019878e+00	7.532415e-01	1.075390e-01	-2.231505e+00	-1.299697e-01	1.437497e+00	2.900645e+00	1.592823e+00	2.714053e+00	5.833761e-01	9.924773e-01	2.326319e+00	4.990194e+00	1.764225e+00	-7.301102e-01	-7.093885e-01	4.334216e-02	2.261790e+00	-1.271136e+00	8.155623e-01	7.341906e-02	4.853427e-01	1.936211e+00	-3.908805e-01	-3.675696e+00	8.955844e-01	1.516042e+00	1.862540e+00
-7.291968e-01	2.425478e+00	-6.297467e-01	4.505321e-01	-1.160560e-01	2.632880e+00	8.283198e-01	1.244862e-01	-1.971044e+00	2.053180e-01	1.608429e+00	2.438848e-01	-7.598679e-01	3.581453e-01	3.104164e+00	-2.319928e+00	3.336063e+00	1.006905e-02	5.163754e-02	4.873540e-01	2.176192e-01	3.588803e+00	2.376798e+00	1.384974e+00	2.061592e+00	1.306978e+00	-2.564097e+00	2.326784e+00	2.089925e+00	-4.451240e+00	7.139657e-01	1.794924e-01	2.784802e+00	-9.951465e-01	5.873337e-01	-9.419582e-01	-1.720931e+00	-2.122190e+00	1.794258e+00	1.936098e+00
-2.362159e-01	1.112834e+00	1.147021e+00	2.413566e+00	-3.473428e-01	4.876879e+00	5.197566e-02	4.748569e-01	3.865147e+00	-1.260105e+00	2.011252e+00	1.659947e+00	-2.537161e+00	7.812273e-01	1.552450e+00	-7.294965e-01	2.662673e-01	5.521100e-01	2.692449e+00	-1.196846e+00	2.006743e+00	2.029266e-01	2.002390e+00	2.016857e+00	2.013144e+00	2.008227e+00	-2.703089e-01	7.924470e-01	1.794557e-01	1.413032e+00	1.831893e-01	1.034348e+00	6.863867e-01	9.316034e-01	2.162495e+00	2.190938e-01	-1.458343e+00	9.423803e-01	1.197522e+00	-6.864165e-01
-5.690778e-01	-1.352672e+00	-1.419805e+00	4.025295e+00	-1.177405e+00	5.854757e+00	1.099501e+00	1.255940e-01	1.291205e+00	2.496534e+00	1.421721e+00	1.628954e-01	-1.458176e+00	1.260735e+00	3.842160e+00	1.337284e+00	-3.426939e-01	-9.102874e-01	-1.426963e+00	8.981232e-01	1.050021e+00	1.299684e+00	1.881052e+00	1.213196e+00	-3.833522e-01	3.339119e+00	-1.016769e+00	8.235899e-01	3.081083e+00	-5.236616e-01	2.192153e-01	2.093072e+00	1.457130e+00	-7.643306e-01	1.478621e+00	5.837897e-02	-1.656149e+00	-1.147378e+00	2.687926e+00	5.675396e-01
7.498687e-01	2.484121e+00	1.413795e-01	3.334520e+00	1.821978e-02	3.903220e+00	8.315205e-01	1.131384e+00	1.924042e+00	-2.431560e+00	5.099369e-02	5.798284e-01	4.094311e-02	-1.628892e+00	6.657815e-01	-2.126088e+00	-6.080003e-01	-9.236237e-01	1.842962e+00	1.918927e+00	3.110981e+00	9.458821e-01	9.445741e-01	2.469608e+00	3.392028e+00	2.646907e+00	-4.360287e+00	3.602476e+00	1.415659e+00	6.614876e-03	-1.296801e+00	1.739399e-01	1.508841e+00	-6.680504e-01	1.255617e+00	7.559013e-01	-9.537708e-01	-2.011113e+00	2.165102e+00	2.559188e+00
-2.090655e-01	-7.675236e-02	-1.625339e-01	1.115037e+00	-1.010785e+00	5.802853e-01	1.005160e-01	1.980415e+00	3.198570e+00	7.716012e-01	-7.260818e-02	1.214522e+00	2.038058e+00	-2.720701e-01	1.505940e+00	-4.210370e-01	-6.923370e-01	-3.442817e-01	-2.240732e+00	1.270470e+00	1.902372e+00	-1.492700e+00	2.524768e-01	2.476552e-02	-2.376143e+00	-5.837346e-01	-1.580095e+00	9.597200e-01	1.167010e+00	1.335639e+00	-1.094250e+00	1.278297e+00	1.134808e+00	2.674507e+00	1.219356e+00	1.722458e+00	-5.117126e-02	-6.969684e-02	2.098981e+00	2.400918e+00
4.396570e-01	3.756406e+00	3.041284e-01	-5.523385e-01	-5.040447e-01	2.829795e+00	1.780249e+00	-7.155513e-01	-7.256952e-02	3.315418e+00	1.994434e+00	4.082261e-01	-2.815770e-02	5.645578e-01	9.597469e-01	2.214055e-01	4.012264e+00	1.430670e+00	6.434342e-01	-1.432558e+00	-1.499178e+00	3.012944e+00	2.461495e+00	2.322787e+00	-7.897916e-02	-3.802775e-02	-4.872074e-01	1.465167e-01	-9.080035e-02	-3.477057e+00	-1.428650e+00	4.404679e-02	2.725112e+00	3.844261e-01	4.493105e-01	-2.142651e+00	-3.186281e+00	-1.740639e+00	1.939024e+00	2.279011e+00
1.417289e+00	1.190233e-01	1.538767e+00	8.840542e-01	2.540327e-01	2.760648e+00	1.492136e+00	1.266333e+00	2.250330e+00	1.839664e+00	5.018036e-01	2.403524e+00	9.226812e-01	2.119023e+00	4.001116e+00	-4.565136e-01	2.374593e+00	1.005743e+00	-1.632836e+00	-3.525210e-01	1.440648e+00	-1.047304e+00	1.915872e+00	-1.332915e+00	-1.022682e+00	-2.944294e-01	9.963759e-01	-8.065642e-02	1.524665e+00	2.368472e+00	3.734277e-01	3.265668e+00	-5.667252e-01	-1.204763e+00	8.472108e-01	5.472538e-01	7.646424e-02	-9.887216e-01	-1.860210e+00	3.243724e+00
6.488257e-01	4.990732e-01	9.182320e-01	7.003225e-01	-1.177954e+00	2.935661e-01	-6.924211e-02	1.042595e+00	1.185024e+00	-6.141976e-01	-3.986747e-01	1.059621e+00	6.154081e-01	-6.805602e-01	1.263023e+00	-3.914843e-01	1.866140e+00	-4.879720e-01	3.451904e-01	1.242543e+00	2.496303e+00	1.454380e+00	2.620661e-01	1.314808e+00	9.632758e-01	-7.044701e-04	-3.304915e-01	2.699062e+00	1.087238e+00	-3.341726e+00	-1.164180e+00	-6.343057e-01	3.856048e+00	-8.656040e-01	6.602191e-02	-1.345387e+00	6.485818e-01	5.808122e-01	1.272732e+00	-1.294417e+00
-4.772983e-01	2.780258e+00	1.022477e+00	9.087479e-01	2.079596e+00	5.436045e+00	1.086727e+00	2.385640e+00	1.989074e+00	-1.474465e+00	1.418572e+00	1.521619e+00	-3.138123e+00	-1.245153e+00	6.851094e-01	-1.707940e+00	-3.414994e-01	-5.402230e-02	3.141531e+00	2.254495e+00	-4.865717e-01	-1.946193e+00	2.336787e+00	2.940723e+00	5.605763e+00	2.679424e+00	1.268728e+00	4.890900e-01	-1.215660e+00	2.404255e+00	-7.379872e-01	9.846412e-01	3.680233e-01	-2.150841e-01	2.895255e+00	-1.175389e+00	-2.923130e+00	2.142620e+00	1.070970e+00	-7.993313e-01
-2.582302e-01	3.225605e+00	1.791391e+00	2.342051e-01	-3.656980e-01	2.165277e+00	2.453127e+00	7.001997e-01	-1.590645e+00	9.088568e-01	-4.673931e-01	1.506025e+00	-1.450132e+00	-1.213624e+00	1.667011e-02	-4.470519e-01	3.614105e-01	2.101523e-01	5.955020e-02	1.629989e+00	2.752108e-01	-7.961904e-01	2.676338e+00	1.089625e+00	5.285820e+00	3.808928e+00	1.511234e+00	2.551464e+00	9.105928e-01	2.800176e+00	8.187022e-02	6.149191e-02	-4.689132e-01	4.799751e-01	3.522414e+00	1.038030e+00	-4.237450e-01	2.648665e-01	1.350157e+00	9.524761e-01
-2.030500e-01	-2.307340e-02	-1.155496e+00	1.694893e+00	-1.859629e-01	1.345832e+00	1.156426e+00	3.845112e-01	1.041163e+00	1.224608e+00	1.250522e-01	1.147001e+00	-6.766168e-01	2.698466e+00	2.961622e+00	-1.552235e+00	2.364832e+00	5.039139e-01	6.118015e-01	1.263268e+00	1.268889e+00	2.035043e+00	1.934116e+00	2.528247e+00	2.065494e+00	3.992333e-01	-9.416500e-01	-6.199316e-01	1.679684e+00	-1.846814e+00	-2.493648e-01	6.013095e-01	3.204646e+00	-1.189749e+00	5.177517e-01	-5.849597e-01	-3.501275e-01	-1.402198e+00	1.233100e-01	1.936177e+00
5.456828e-01	2.609628e+00	6.636498e-01	-4.881293e-01	8.419489e-01	1.543893e+00	4.430057e-01	1.641528e+00	-1.628124e+00	-2.602624e-02	-1.594137e+00	-1.150308e+00	-4.428965e-01	6.880339e-01	-5.621702e-01	-1.810368e+00	4.544031e+00	-1.104901e+00	1.372884e-01	1.934177e+00	1.991646e-01	1.011676e+00	3.791124e+00	1.121750e+00	4.514750e+00	8.444926e-01	8.254643e-01	1.843560e-01	9.583019e-01	-7.893171e-01	-2.571524e-01	6.356533e-01	-9.882371e-01	1.681000e-03	1.499231e+00	-7.595216e-02	8.242115e-01	9.306756e-02	8.503957e-01	8.825925e-01
3.544360e-01	2.256563e+00	-1.828238e-01	2.844491e+00	-7.425131e-01	4.029551e+00	1.557030e-01	-2.019064e-01	9.469038e-01	1.832248e+00	2.300832e+00	2.187627e-01	-3.472926e-02	1.017203e-01	2.720250e+00	-1.332201e+00	3.915816e+00	-4.673408e-01	-4.746092e-01	1.768844e+00	-7.760893e-01	2.968740e+00	2.107326e+00	1.242987e+00	1.265457e-01	1.875153e+00	-2.049920e+00	1.587535e+00	2.474317e+00	-2.381408e+00	-8.164075e-01	1.519667e+00	1.805777e+00	-1.747414e-02	1.677480e+00	-1.599775e+00	-3.432097e+00	-1.241916e+00	3.723247e+00	2.218577e+00
5.936043e-01	8.153031e-01	1.572703e+00	4.240238e-02	-4.167521e-02	1.419494e-01	1.539534e+00	6.285051e-01	-2.377927e+00	2.789225e+00	4.786669e-01	1.720274e+00	8.759037e-02	1.554127e-01	7.948052e-02	-1.987364e-01	-6.312027e-01	-1.604005e-01	-1.100476e+00	3.543986e+00	3.463627e-01	-8.739243e-01	2.095962e+00	1.127088e+00	1.551078e+00	1.703774e+00	1.876949e+00	7.476795e-01	1.389795e+00	8.568629e-01	4.318451e-01	5.354919e-01	7.975303e-01	2.580551e-01	2.331889e+00	-2.872955e-01	-5.611833e-01	3.842054e-01	1.447870e+00	1.499366e-01
6.922385e-01	-1.195652e+00	-8.414088e-01	2.019030e+00	1.412013e+00	-9.413925e-01	1.467531e-01	2.321620e+00	2.746669e+00	-1.486831e-01	-2.563644e+00	-2.663755e-01	8.095673e-01	1.794219e+00	1.969440e+00	-1.481651e+00	-1.978975e-01	1.855968e-01	-1.581809e+00	2.064728e+00	3.299783e+00	8.701693e-01	1.500283e+00	1.136136e+00	-7.101256e-01	-1.923384e+00	-7.149519e-01	-6.470605e-01	2.086610e+00	2.201090e+00	-7.710109e-01	9.801695e-01	1.547038e+00	1.051320e+00	-3.238733e-01	8.307674e-01	-1.026506e+00	-5.948290e-02	1.914909e+00	7.378481e-01
-1.806599e-01	1.004663e+00	2.359705e-01	1.144041e+00	-1.618555e+00	1.408167e+00	1.977797e+00	1.306025e+00	-1.765373e-01	5.893509e-02	-1.974390e+00	8.327211e-01	-1.133579e+00	-2.187557e+00	3.960534e+00	-1.107201e+00	2.522787e+00	-1.635889e+00	-2.107383e+00	1.795466e+00	3.875072e-01	3.056191e-01	1.357151e+00	1.613874e+00	1.725763e+00	2.964805e+00	-8.851514e-01	2.785876e+00	1.618262e+00	-3.109679e+00	-9.530891e-02	1.798229e+00	2.383207e+00	-7.492725e-01	2.067127e+00	2.619012e-01	-9.862467e-01	3.461958e-01	1.687498e+00	8.127353e-02
-1.115522e-01	-1.147865e+00	5.723493e-01	1.589541e+00	-8.526342e-01	8.111062e-01	2.461535e+00	1.474427e+00	8.414021e-01	1.939072e+00	-2.424243e-01	1.745404e+00	1.303597e+00	4.205005e+00	2.355051e+00	-1.661350e+00	2.319631e+00	6.905437e-01	-3.646679e+00	1.842822e+00	2.349327e+00	-1.117716e+00	1.301357e+00	-1.654640e+00	3.454318e-01	2.948298e-01	-1.278358e+00	9.143008e-01	2.549283e+00	9.184114e-01	9.482523e-01	9.343362e-01	-3.795050e-01	-1.067164e+00	1.395791e+00	1.922034e+00	-8.583374e-01	-2.454500e+00	8.522836e-01	4.217284e+00
5.142505e-01	1.779524e+00	-8.033854e-02	2.060478e+00	9.882441e-01	2.343615e+00	1.451287e+00	2.073964e+00	1.413847e+00	3.539732e-01	1.379540e+00	1.293047e+00	-1.451898e+00	6.312756e-01	1.342481e+00	-1.786361e+00	1.304149e+00	-2.640648e-01	2.487411e+00	2.381891e+00	1.834503e+00	1.447888e+00	3.620306e+00	1.805690e+00	5.202190e+00	2.814043e+00	-7.291095e-01	1.348172e+00	1.802867e+00	1.178876e+00	-1.272599e+00	1.582311e-01	1.835076e+00	2.777209e-01	3.056792e+00	-9.200035e-01	-2.471267e+00	1.971653e-02	1.132651e+00	1.877852e-01
9.779236e-01	1.024880e+00	-4.353439e-01	2.900686e+00	1.639423e+00	2.406274e+00	3.982706e-01	1.667164e+00	2.111317e+00	-3.121501e-01	4.866455e-01	1.580771e+00	-1.291456e+00	1.917466e-01	3.146244e+00	-3.077561e+00	1.564923e+00	-8.422866e-01	1.983533e-01	4.069042e+00	1.240430e+00	1.085631e-01	1.833243e+00	2.462170e+00	1.561481e+00	1.325403e+00	-8.435545e-01	1.965479e+00	8.524310e-01	-5.013099e-01	-7.166155e-01	1.822607e+00	3.002895e+00	4.085067e-01	3.180407e-01	-1.518565e+00	-2.847516e+00	1.588711e-02	1.548878e+00	1.197897e+00
4.945375e-01	1.496317e+00	1.565192e-01	2.083251e+00	-6.782594e-01	2.188521e+00	2.366267e+00	7.675523e-01	5.440083e-02	1.890086e+00	4.966192e-02	1.330281e+00	1.079628e+00	-3.120568e-01	2.165129e-01	-7.112955e-01	-1.372710e+00	1.029181e+00	-1.523050e+00	1.510092e+00	3.365092e+00	1.302243e+00	2.553698e+00	-5.322498e-01	2.456906e+00	3.142377e+00	-1.253636e+00	2.656446e+00	1.384960e+00	2.781415e+00	-1.678262e-02	5.092974e-01	-5.132696e-01	1.458839e+00	2.620809e+00	7.013370e-01	-3.387747e+00	-3.776491e-01	2.522070e+00	3.002802e+00
-2.895950e-01	4.524156e+00	-1.104672e+00	1.920692e+00	2.231753e-01	2.849814e+00	6.958738e-01	-1.814241e+00	2.078887e+00	1.884553e+00	-3.467723e-01	1.265066e+00	2.701145e-01	7.969724e-01	1.809378e+00	2.422594e-01	3.474492e+00	7.778518e-01	9.449474e-01	4.782754e-02	-5.381449e-01	4.467802e+00	1.330722e+00	3.636856e+00	1.296088e+00	3.587558e-01	-6.027489e-01	-9.333467e-01	3.930762e-01	-4.423544e+00	-1.234510e+00	4.466296e-01	3.121576e+00	-7.637816e-01	5.416093e-01	-2.211744e+00	-4.427939e+00	-9.253029e-01	2.477495e+00	3.730661e+00
-3.413693e-01	2.501539e+00	1.947331e-01	1.648999e+00	4.591432e-01	2.389411e+00	2.404165e+00	-3.419716e-01	1.859889e+00	2.103781e+00	1.355989e+00	1.125483e+00	-6.292570e-01	2.070680e+00	8.643243e-01	8.399200e-01	1.971532e+00	8.071316e-01	1.093239e+00	4.224768e-01	-1.171353e+00	2.521716e+00	1.330420e+00	2.488602e+00	1.806478e+00	7.024489e-01	-4.924362e-01	-7.355790e-01	4.532416e-01	-8.701078e-01	-4.122247e-01	7.616901e-01	2.571063e+00	9.450239e-01	1.934722e+00	-1.864432e+00	-3.583952e+00	-1.240379e+00	2.288057e+00	2.553302e+00
8.745274e-01	1.286173e+00	1.438506e-01	4.070926e+00	-3.829960e-01	7.202955e+00	1.083193e+00	1.269670e+00	4.531859e+00	5.889072e-01	2.408346e+00	8.195436e-01	-1.094399e+00	8.056070e-01	2.187553e+00	-1.275578e+00	1.974415e+00	-9.864335e-02	1.910493e+00	1.502622e+00	1.631134e+00	2.303387e+00	2.845422e+00	1.904649e+00	2.215753e+00	2.424257e+00	-2.036658e+00	2.684685e+00	5.561082e-01	6.680353e-01	-1.058778e+00	1.925691e+00	3.770412e-01	4.424098e-01	1.997760e+00	-1.373881e+00	-5.252555e+00	-1.115056e+00	3.561813e+00	3.029924e+00
2.072410e-01	2.696640e+00	-9.447630e-01	2.106638e+00	2.092578e-01	1.182859e+00	8.327044e-01	-1.464697e+00	1.880053e+00	1.830525e+00	9.467818e-01	2.758582e-01	-1.353083e-01	9.339862e-01	1.764462e+00	4.082328e-01	4.636743e+00	6.859546e-01	-1.186705e-01	2.217103e+00	-1.005000e+00	3.734780e+00	-1.446213e-01	2.270267e+00	-9.355533e-01	-1.087512e+00	-1.598986e+00	9.301769e-01	2.244931e-01	-3.699366e+00	-1.687301e+00	7.350661e-01	4.120554e+00	3.120946e-01	-6.970678e-01	-1.634796e+00	-1.981381e+00	-7.898045e-01	2.646860e+00	3.384457e+00
4.157984e-02	5.804031e-01	6.629259e-01	1.783557e-02	1.974019e-01	9.929842e-01	8.546112e-01	3.571648e+00	1.519121e+00	1.708364e-01	2.253592e+00	2.341901e+00	2.462087e-01	-2.024007e-01	1.674091e+00	-1.441092e+00	-1.538985e-01	-1.276417e+00	2.015797e+00	2.185735e+00	1.014520e+00	-1.438463e+00	8.068983e-01	3.718693e-01	2.963263e+00	1.543544e+00	9.603380e-01	1.525790e+00	1.198127e+00	2.800284e+00	-9.684216e-01	1.199650e+00	1.256963e+00	1.025685e+00	2.269268e+00	-3.021168e-01	-8.411649e-01	-2.271117e-01	9.966244e-02	4.440693e-01
1.123135e+00	4.221294e-01	5.057766e-01	1.049276e+00	4.354415e-01	3.674150e+00	2.580247e+00	6.038604e-01	-9.111581e-01	2.957746e+00	1.486185e+00	2.891987e+00	-1.845876e-01	-8.480629e-01	1.285533e+00	-1.165247e+00	4.314645e-01	1.084808e+00	7.570265e-01	3.452412e+00	-1.225561e+00	8.805878e-01	1.476194e+00	-1.307218e-02	2.813053e+00	7.617128e-01	2.536596e+00	9.890318e-01	6.919439e-01	1.369966e+00	-1.436952e-01	2.408935e+00	-4.035355e-02	1.397052e-01	1.130464e+00	-6.567059e-01	-3.374197e+00	-3.148592e-01	2.277729e+00	1.089515e+00
-1.965796e+00	3.253908e+00	5.923398e-01	1.654058e+00	5.531222e-01	2.869411e+00	3.416399e-01	9.209684e-01	2.758877e+00	-3.805359e-01	-3.307395e-01	1.511893e+00	-2.346207e+00	2.957375e-01	1.828579e+00	-1.007913e+00	7.875984e-01	4.369356e-01	2.014200e+00	4.932859e-01	2.613919e-01	6.842150e-01	1.917241e+00	3.744202e+00	3.140742e+00	1.824609e+00	2.842493e+00	-1.649314e-01	-8.942253e-01	1.481236e+00	-2.279480e-01	9.228542e-02	9.961518e-01	1.448576e+00	2.440169e+00	-7.888311e-01	-3.050146e+00	1.475262e+00	3.129262e+00	-5.991363e-01
-9.439758e-02	-5.213245e-01	-1.087950e+00	5.833337e-02	3.081634e-01	-1.780498e+00	-1.736350e+00	-1.146311e-01	9.115095e-01	8.914382e-01	-1.130666e+00	3.075057e-01	4.479345e-01	1.228930e+00	2.155902e+00	5.575372e-01	-7.303570e-02	-9.874226e-01	9.788406e-01	2.107901e+00	2.941337e+00	2.530650e+00	9.675142e-01	2.388182e+00	6.133214e-01	1.887251e+00	1.076334e+00	1.709244e+00	2.215202e+00	-7.735055e-01	-7.791583e-01	-2.632016e-01	3.909862e+00	-3.678687e-02	6.206483e-01	-8.310142e-01	3.420040e-01	1.175566e+00	2.267026e+00	-2.119982e+00
2.402444e-01	1.334958e+00	2.329937e-01	4.487779e-01	6.857949e-01	-1.665327e+00	9.524333e-01	2.820830e+00	1.471727e+00	2.372835e-01	-3.145142e-01	1.030730e-01	1.649590e+00	1.151593e+00	-6.765573e-01	-6.484033e-01	1.012927e+00	-7.991821e-01	1.003541e+00	3.078568e+00	6.525393e-01	-8.192389e-01	-6.388026e-03	1.348186e+00	1.001073e+00	-1.486233e+00	1.915256e+00	-7.424325e-01	-4.602853e-03	1.874816e+00	-4.103969e-01	-2.605651e-02	-2.967906e-01	1.089096e+00	8.977944e-01	7.942820e-01	3.964617e-01	1.353430e+00	3.324166e-01	1.103635e-01
-1.730920e+00	1.218415e+00	1.423911e+00	3.804824e-01	-2.346809e-01	2.725495e+00	-7.229761e-01	-5.458595e-01	5.632294e-01	-3.486892e+00	-1.258025e-01	9.689878e-01	-4.199155e+00	-1.895568e-01	1.538178e+00	-2.603727e-01	1.284057e+00	3.166196e-01	1.585533e+00	-2.674962e-01	3.382717e-02	-2.667798e-01	-1.218222e+00	2.106345e+00	3.800077e+00	6.921894e-01	1.153246e+00	8.527545e-01	1.044448e-02	-2.672394e+00	2.023236e+00	5.735418e-01	1.275181e+00	-1.685666e+00	6.576223e-01	9.431249e-01	1.524988e+00	2.233634e+00	7.956210e-01	-3.017519e+00
1.400018e+00	1.852327e+00	6.671832e-01	8.534955e-01	1.916048e+00	-9.141574e-02	3.613428e-01	7.017101e-01	2.478229e+00	1.174050e+00	-2.509831e-01	1.100955e+00	6.520746e-01	1.346849e+00	1.444680e+00	-5.412182e-01	3.343385e+00	1.508317e+00	-1.710751e+00	-7.117775e-01	1.061606e+00	-9.281279e-01	2.112835e+00	-1.099851e+00	-1.577852e+00	-7.979070e-01	7.227424e-01	-1.816825e+00	-1.465214e-02	1.907749e+00	-3.562054e-01	1.306145e+00	-1.146674e+00	8.801466e-01	4.872124e-01	1.051322e+00	4.233155e-01	3.437821e-01	-1.032654e+00	1.925888e+00
1.213355e+00	-1.756921e-01	-3.803253e-01	1.459583e+00	1.319515e-01	1.362647e+00	1.748936e+00	1.678283e+00	2.102198e+00	5.358262e-01	3.968057e-01	-6.178304e-01	-8.875739e-01	1.746763e+00	4.708504e-01	-7.781786e-01	2.518094e+00	-8.355189e-01	8.225655e-01	9.416539e-01	1.825810e+00	1.779545e+00	2.702461e+00	1.827865e+00	6.430835e-01	-1.304887e-01	-3.632362e-01	6.743118e-01	7.177285e-01	-1.085404e+00	-8.861397e-01	-3.461269e-01	2.178587e+00	7.843680e-01	1.924122e-01	-7.158662e-01	2.798231e-01	3.149535e-02	1.470448e+00	-1.453515e+00
-5.213362e-01	-1.275647e+00	-1.235726e+00	1.206946e+00	2.847468e+00	-1.369105e+00	-2.321893e+00	3.808084e-01	4.991130e+00	-1.473267e+00	-1.361219e+00	5.880246e-01	-2.710317e-01	2.781721e+00	-4.351360e-03	-9.058668e-01	1.438410e+00	2.332344e+00	9.085456e-01	2.992038e+00	1.254156e+00	5.474929e-01	-7.842307e-01	1.317441e+00	2.780336e+00	-3.617237e+00	2.890791e+00	-2.477715e+00	6.448795e-01	2.236091e+00	1.380635e-01	-2.335438e-02	1.747801e+00	3.526958e-02	-1.283837e+00	-8.891249e-01	1.367116e+00	3.600853e+00	-2.542119e-01	-1.737120e+00
-1.187316e+00	1.391078e+00	8.173766e-01	-1.323640e+00	8.963664e-01	2.304933e+00	2.427049e+00	7.609383e-01	-1.105704e+00	2.481453e+00	-8.418445e-01	1.436939e+00	-8.227973e-01	3.804475e-02	-8.753327e-01	-2.213784e-02	7.573967e-01	1.844069e+00	-3.088662e-02	2.456490e+00	-1.637490e+00	7.640226e-01	6.897238e-01	1.199801e+00	3.645109e+00	2.028989e-01	3.111821e+00	1.946265e+00	2.220378e-01	3.048380e-01	-1.868582e+00	7.073320e-02	1.162348e+00	9.432494e-01	-6.934755e-02	-4.921447e-01	-8.694890e-01	-7.806561e-01	2.931850e+00	6.232735e-01
3.609293e-01	1.860714e+00	5.050308e-01	1.337012e+00	-2.281607e-01	3.517278e+00	1.200419e-01	7.464241e-01	-1.985513e-01	1.419940e+00	-1.039446e+00	2.257438e+00	6.294940e-01	-1.290935e+00	2.000723e+00	-4.061836e-01	7.748174e-01	-1.161334e+00	-1.040645e+00	2.643697e+00	1.651220e+00	-3.229605e-01	1.740207e+00	1.109214e+00	1.856767e+00	4.208707e+00	-3.441968e-01	2.678105e+00	1.981736e+00	-1.591848e+00	-1.977199e+00	1.917960e+00	1.407574e+00	-1.171194e+00	1.751278e+00	-6.564578e-01	-1.308836e+00	-5.260908e-01	1.560793e+00	2.725721e+00
1.799020e+00	1.592617e+00	-4.544861e-01	3.095792e+00	-1.215832e+00	2.106682e+00	3.701867e+00	1.341769e+00	3.817448e+00	6.563682e-03	8.741944e-01	1.103626e-01	-4.530737e-02	-2.143293e+00	1.272889e+00	2.527711e+00	1.044354e-01	-1.301612e+00	1.327808e+00	2.094198e+00	-5.373085e-01	1.355973e+00	6.234101e-01	3.154973e+00	-1.621944e+00	-2.460509e+00	-8.266582e-01	5.948154e-01	-4.905299e-01	-6.495761e-01	-1.227089e+00	7.437214e-01	3.320098e+00	1.626822e+00	1.105125e+00	5.424194e-01	-1.980773e+00	1.766574e+00	2.973687e+00	-6.549691e-01
1.319904e-01	1.467332e+00	-1.025445e+00	2.269306e+00	9.090865e-01	3.455542e+00	7.670971e-01	2.627684e+00	3.050894e+00	-1.621000e-01	1.639956e+00	7.379011e-01	-1.109551e+00	6.854475e-01	1.896023e+00	-2.853635e+00	1.795753e+00	-5.947657e-01	2.711754e+00	2.287485e+00	1.488278e+00	6.482023e-01	3.965939e+00	2.352615e+00	5.190652e+00	1.620215e+00	9.099152e-01	2.677209e-01	8.414841e-01	1.490737e+00	-4.522498e-01	3.385355e-01	1.511168e-01	-2.273350e-01	2.843532e+00	-6.729068e-01	-3.170126e+00	9.649903e-01	1.615374e+00	-7.350326e-01
4.676678e-01	3.545711e+00	6.019469e-01	1.168308e+00	1.136051e+00	-8.553945e-02	1.291000e+00	5.205484e-01	7.836052e-01	4.444882e-01	6.461287e-01	7.669786e-01	-4.502781e-01	1.827656e+00	3.260922e-01	-5.923423e-01	2.880578e+00	3.555409e-01	6.487823e-01	3.008808e-01	-2.488891e-01	1.063103e+00	1.645716e+00	1.112970e+00	1.909134e+00	3.430767e-01	-1.233184e+00	1.028207e+00	8.673070e-01	5.243783e-01	1.934642e-01	3.562318e-01	2.332343e+00	6.697149e-01	8.568841e-01	-1.409279e+00	-1.590733e+00	-8.577680e-01	1.010978e+00	2.536728e+00
-1.041385e+00	2.953234e+00	-5.404116e-01	2.572939e-01	9.181274e-01	-2.289874e-02	-4.989718e-01	4.214557e-01	-3.488596e-01	-1.833048e-01	-7.105750e-01	2.642936e-01	5.928798e-01	-7.009137e-01	1.622475e+00	-2.137292e+00	2.210301e+00	8.065854e-01	-5.612647e-01	4.978243e-01	5.419746e-01	2.733484e+00	8.068690e-01	1.101845e+00	2.388892e+00	1.268992e+00	-1.341121e+00	1.142374e+00	7.932455e-01	-2.738139e+00	-6.287880e-02	7.675305e-01	3.218155e+00	2.327789e-01	-1.394477e-01	-3.006430e+00	-2.665026e+00	-2.504874e-01	1.126084e+00	2.023906e+00
8.292890e-01	1.442725e+00	1.209390e+00	-1.944815e-01	7.053734e-01	4.367568e-01	8.874550e-01	9.159639e-01	-1.212972e+00	1.250402e+00	3.126688e+00	8.791875e-01	-8.864211e-01	1.013405e+00	1.326198e-01	-4.725629e-01	3.242273e+00	1.218184e+00	2.138348e+00	1.653327e+00	-4.817138e-01	-6.184994e-02	2.646580e+00	1.249807e+00	3.547828e+00	1.117224e+00	-5.324894e-02	7.692589e-01	1.378614e+00	-2.924859e-02	-1.618337e+00	-1.454347e-01	2.922611e+00	1.100481e-02	1.979860e+00	-1.388301e+00	1.336948e+00	-5.740770e-02	-1.568813e+00	5.640549e-01
-9.141511e-01	2.728728e+00	-9.060458e-01	1.770733e+00	6.927824e-01	3.776135e-01	6.098028e-01	7.375377e-01	2.011274e-01	9.784611e-02	8.156439e-02	7.332598e-01	4.123962e-01	-3.861254e-02	2.512489e+00	-2.350273e+00	2.962225e+00	-1.329053e-01	-2.270178e-02	2.300477e+00	-6.232814e-01	2.391962e+00	4.211632e-01	1.240165e+00	2.692938e+00	1.397844e+00	-1.242428e+00	1.058997e+00	1.406368e+00	-2.387704e+00	-1.435147e-02	1.422254e+00	2.963518e+00	-2.541114e-01	3.360325e-01	-2.228460e+00	-2.421636e+00	-5.374145e-01	7.531325e-01	3.041236e+00
1.538287e+00	1.215691e+00	2.621511e-01	2.817991e+00	-1.282051e+00	3.889539e+00	3.053226e+00	2.154002e-03	1.681675e+00	2.222392e+00	8.456018e-01	2.910695e-01	-7.112412e-01	4.717546e-01	6.304532e-01	1.271720e+00	2.089702e+00	-3.540932e-01	4.603484e-01	3.473425e-01	1.529817e-01	3.420536e+00	2.181100e+00	2.288136e+00	6.691892e-01	2.766305e-01	4.334366e-01	1.893723e+00	5.537282e-01	-2.078497e+00	-5.195550e-01	-5.937161e-01	1.563246e+00	1.840671e-01	4.504737e-02	-9.149580e-01	-3.157331e-01	-8.345509e-01	2.837592e+00	-2.644785e-02
-1.550964e+00	2.011313e+00	-2.790194e-03	6.986778e-01	4.858842e-01	4.698767e+00	5.378525e-01	1.701811e+00	1.292746e+00	-1.315928e+00	-4.508515e-01	5.894688e-01	-1.838703e+00	-4.932954e-01	2.397680e+00	-4.227584e+00	6.787520e-02	1.570760e+00	1.329565e+00	-5.339114e-01	1.357037e+00	8.808350e-01	2.102618e+00	2.638714e+00	5.483728e+00	2.805911e+00	-9.884979e-01	-1.344124e-01	2.217762e-01	-5.227572e-01	2.245168e-01	1.180573e+00	-1.774680e-02	-3.899372e-01	1.715202e+00	3.422601e-02	-2.096915e+00	-1.228943e+00	3.657934e-01	1.640707e+00
-1.806265e-01	1.578788e+00	-6.395806e-02	2.484606e+00	-5.094588e-01	4.609062e+00	2.637729e+00	8.659611e-01	1.975779e+00	7.112559e-01	-2.805152e+00	4.518281e-01	-1.466324e+00	-2.892926e+00	3.633491e+00	2.898292e-01	-1.302203e-01	-1.796170e+00	-1.241092e+00	1.737334e+00	6.900973e-01	7.580218e-01	6.019300e-01	2.920585e+00	2.564977e+00	2.892784e+00	-1.069073e+00	8.433288e-01	2.039742e+00	-3.506510e+00	-1.520080e+00	1.955125e+00	1.366825e+00	-3.041309e+00	1.453875e+00	1.324964e+00	-2.275464e+00	-1.565136e+00	1.701161e+00	5.161844e-01
-1.834715e+00	3.696559e+00	-5.904870e-01	1.392818e+00	4.167630e-02	2.207569e+00	7.888971e-01	-1.169149e+00	-4.595350e-02	9.284602e-01	6.776157e-01	8.061146e-01	-1.865933e+00	3.884122e-01	1.888439e+00	-5.292800e-01	3.873136e+00	9.707677e-01	1.577234e+00	8.206590e-01	-1.101567e+00	3.004740e+00	5.133452e-01	3.560078e+00	2.391226e+00	1.741277e+00	-1.101651e+00	5.231906e-01	9.598781e-01	-4.597074e+00	-1.744247e+00	-6.609921e-02	4.259318e+00	-1.325896e+00	7.450684e-01	-1.432014e+00	-3.152455e+00	-1.724750e+00	2.269289e+00	2.195600e+00
-2.991607e-01	4.579212e+00	3.022912e-01	1.249429e+00	-7.267760e-01	6.391586e+00	2.911495e+00	9.231553e-01	-4.256661e-02	-9.591361e-02	-4.476610e-01	-4.821503e-01	-2.033333e+00	-3.597251e+00	1.853356e+00	2.193316e+00	1.635514e+00	-2.920304e+00	1.296010e+00	8.346115e-01	-2.111569e+00	2.564879e+00	2.334284e+00	3.144041e+00	2.537208e+00	3.462546e+00	-9.608935e-01	2.690577e+00	-1.661387e-01	-3.549251e+00	-5.292430e-01	5.135352e-01	5.356106e-01	-2.818418e-01	2.829206e+00	-2.729464e-01	-2.911962e+00	9.148805e-01	3.958649e+00	-4.984649e-01
1.186894e+00	1.248861e+00	9.255210e-01	-3.164441e-01	1.975656e+00	1.188050e+00	-5.827403e-01	3.971658e-01	2.251680e+00	2.258784e+00	-2.476717e-01	2.211477e+00	8.442558e-01	3.623929e+00	1.854742e+00	-5.835672e-01	4.199944e+00	2.225283e+00	-1.120365e+00	-5.110139e-01	2.147693e+00	-6.418975e-01	2.815392e+00	-9.566665e-01	-3.810155e-01	2.946868e-01	1.930500e+00	-1.141789e+00	8.190191e-01	2.706895e+00	-8.774478e-01	1.277203e+00	-1.069242e+00	-1.355461e-01	8.489586e-01	6.691944e-02	-3.607212e-01	-6.291342e-02	-1.175744e+00	3.298119e+00
1.562262e+00	-1.048164e+00	-1.046404e+00	2.923437e+00	-4.085506e-01	1.720636e+00	1.021884e+00	6.816813e-01	2.918101e+00	1.142756e+00	-1.936644e+00	2.991491e-01	7.990370e-02	5.468893e-01	1.837286e+00	-7.196230e-01	7.423730e-01	-6.762909e-02	-1.541262e+00	2.295802e+00	-2.478429e-01	1.164892e+00	7.129232e-01	3.227457e+00	-2.153126e+00	-2.369610e+00	1.168438e+00	-1.136424e+00	-5.725299e-01	-2.180608e+00	-6.153859e-01	1.526981e+00	2.316722e+00	7.215629e-01	-1.879883e+00	-6.009713e-01	-1.225631e-01	1.036615e+00	2.817014e+00	-3.233659e-01
-4.515483e-02	4.984622e-01	1.191519e+00	-2.114530e-02	-1.808552e-01	-2.626708e-01	-3.922472e-01	2.160605e+00	-7.771820e-01	6.513674e-01	9.830554e-01	-1.703956e+00	1.719572e+00	2.530988e+00	-5.025480e-01	-2.417055e+00	3.748448e+00	-8.384178e-01	-1.873927e-01	4.387487e+00	1.570608e+00	9.052395e-01	2.528420e+00	5.082025e-01	1.716575e+00	3.654848e-01	-1.248705e-01	1.732057e+00	1.549806e+00	5.891921e-03	8.983312e-01	1.251844e-01	-5.311155e-01	8.358966e-01	8.488560e-01	-1.036226e+00	6.346687e-01	-7.656112e-01	9.193888e-01	1.500730e+00
2.489783e-01	-7.730123e-01	-8.720970e-01	2.656405e+00	2.444760e+00	-5.262918e-01	-8.423024e-01	1.727653e+00	2.589146e+00	1.256635e+00	-3.173737e+00	2.136877e+00	1.625991e-01	2.675101e+00	3.789183e+00	-3.113981e+00	8.788364e-01	-9.553775e-01	-1.677167e+00	3.612441e+00	2.190958e+00	1.730968e+00	6.771932e-01	1.594475e+00	1.476811e+00	1.060025e+00	8.855663e-01	-3.751181e-01	1.675228e+00	-2.555762e-01	3.720185e-01	2.176980e+00	8.752494e-01	9.872307e-01	-2.901420e-02	-1.790398e+00	-3.358207e+00	-4.086919e-02	2.460472e+00	1.430672e+00
9.908763e-01	2.682340e-01	-1.243818e+00	2.548863e+00	6.052375e-01	3.959997e+00	2.258551e+00	2.578962e+00	3.939511e+00	-5.319427e-01	-3.871340e-01	7.184977e-02	-5.908220e-01	-2.925124e-01	1.929407e+00	-5.588369e-01	1.457067e-01	-1.684663e+00	1.307951e+00	6.247378e-01	1.834524e+00	1.540583e+00	2.317661e+00	2.120005e+00	1.170811e+00	5.404987e-01	-1.840290e+00	-8.831314e-03	1.469853e+00	-1.095394e+00	-1.657303e+00	1.147966e-01	1.200984e+00	-1.364125e-01	9.957989e-01	1.254120e+00	-1.606877e+00	-5.168974e-01	2.563472e+00	-1.002560e+00
1.398227e+00	3.948179e-01	2.767272e+00	-1.211564e+00	1.307850e-01	3.736314e-01	-1.236640e+00	2.701607e+00	8.646997e-01	1.902428e+00	1.906202e+00	1.743667e+00	5.586190e-01	3.910590e+00	2.943711e+00	-1.683182e+00	3.918735e+00	-4.150046e-01	-1.465336e-01	-7.682822e-03	1.626978e+00	-2.307720e+00	2.295189e+00	-1.404311e+00	-9.678569e-01	1.401881e+00	1.027153e+00	7.292335e-02	1.741528e+00	3.378440e+00	7.182524e-01	1.945010e+00	-1.206010e+00	-8.295267e-01	2.278280e+00	-1.979138e-01	1.133118e+00	-9.326652e-01	-1.675570e+00	1.833870e+00
5.179163e-01	2.620133e+00	-1.190425e+00	1.073766e+00	1.224289e+00	2.095585e+00	1.419325e+00	3.042294e+00	1.067189e+00	-1.255551e-01	3.051243e+00	2.149554e-01	-1.588606e+00	-1.197306e+00	-8.828581e-02	-1.443236e+00	1.359560e+00	-1.333238e+00	3.970729e+00	2.065716e+00	-2.894033e-01	3.486854e-01	3.599831e+00	2.833995e+00	4.730693e+00	1.377787e+00	8.702935e-01	7.181358e-01	6.176864e-01	1.085405e+00	-9.825553e-01	-8.541894e-01	1.983814e+00	1.745583e+00	2.276249e+00	-1.501484e+00	-1.489744e+00	1.739870e+00	1.037063e+00	-2.514536e+00
3.285003e-01	2.954941e+00	-6.376177e-01	2.257238e+00	1.326324e-01	6.459645e+00	1.093615e+00	2.152559e+00	6.110303e+00	-7.069451e-01	1.798480e+00	1.348704e+00	7.294738e-01	-5.385676e-01	7.131246e-01	8.078034e-01	1.123660e+00	-1.360155e+00	5.038081e-01	-1.173929e+00	-7.491034e-01	-1.027038e+00	3.554287e-01	2.282167e-01	-1.327911e+00	1.824491e-01	-5.724124e-01	1.145993e+00	-2.576499e-01	1.083044e+00	-9.448218e-01	2.155274e+00	2.526386e-01	2.053348e+00	4.488901e-01	-1.958363e-02	-1.216957e+00	1.015315e-02	2.982420e+00	2.430263e+00
1.613847e+00	3.366818e+00	2.712697e+00	6.466837e-01	-1.208028e+00	4.690386e+00	2.651942e+00	-5.639949e-02	-5.105045e-01	7.015788e-01	1.795772e+00	1.563056e+00	5.493153e-01	-5.957824e-01	6.182890e-01	2.327140e+00	1.770486e+00	4.131577e-02	7.012586e-01	-6.310317e-01	-1.113039e-01	1.235993e+00	1.289249e+00	-7.303367e-01	3.199682e-01	1.738332e+00	1.106885e+00	5.513385e+00	4.309360e-01	1.030224e+00	1.852236e-01	1.044960e+00	1.544480e+00	-5.438757e-01	6.947926e-01	-1.919100e+00	-3.455574e-01	3.442669e-01	1.796543e+00	9.716354e-01
-1.826147e+00	4.961740e-01	-6.039701e-01	6.532874e-01	-6.873214e-01	3.979759e+00	2.040136e+00	1.540516e+00	7.384357e-01	2.009257e+00	-1.523195e+00	-2.626868e-01	-1.844145e+00	-4.929881e-01	3.113308e+00	-4.830465e-01	5.496852e-01	-3.959551e-01	-1.949417e+00	1.515211e+00	-1.727046e-01	-2.465363e-01	2.155164e+00	2.534300e+00	3.191316e+00	3.443106e+00	7.821892e-01	6.215291e-01	1.450574e+00	-2.755740e+00	-9.245638e-01	9.540142e-01	4.346176e-01	-1.539903e+00	2.080134e+00	1.287264e+00	-1.467674e+00	-1.360924e+00	2.739502e+00	3.232687e-01
2.479049e+00	-8.986765e-01	1.368095e+00	8.687140e-01	6.618057e-01	2.682617e+00	9.366549e-01	7.670968e-01	4.108428e+00	3.024964e+00	5.060341e-01	2.166759e+00	-9.601740e-02	3.022475e+00	3.963670e+00	2.079432e+00	2.179529e+00	3.687497e-01	-1.165607e+00	-2.541764e+00	2.165499e+00	-1.141762e+00	1.989275e+00	-1.269725e+00	-2.577963e+00	8.335414e-02	1.000723e+00	-1.578632e+00	8.228875e-01	1.743095e+00	5.179643e-01	3.152935e+00	-1.281818e+00	-1.389539e+00	6.228829e-01	8.651915e-01	4.733925e-01	-1.065370e+00	-2.323450e+00	1.281713e+00
2.049076e+00	5.539860e-01	1.907521e+00	-1.720019e-02	4.156153e-01	3.972944e-01	-1.309062e+00	1.051302e+00	2.153845e+00	2.411073e+00	-9.273586e-01	2.191321e+00	2.005230e+00	4.318666e+00	2.812071e+00	-1.030990e+00	4.573269e+00	9.663192e-01	-2.572483e+00	-6.631109e-01	2.668594e+00	-1.223265e-01	2.568913e+00	-2.268988e+00	-1.317489e+00	2.559286e-01	1.871306e+00	-1.816052e-01	1.812132e+00	2.091716e+00	7.841016e-01	2.267771e+00	-1.547787e+00	-3.468962e-01	4.370614e-01	-7.569685e-01	8.541936e-01	-3.572944e-01	-1.460320e+00	3.831473e+00
1.772274e+00	1.497085e+00	-1.174936e-01	2.212453e-01	2.578147e+00	3.410199e-01	-1.160596e+00	1.937193e+00	6.746883e-01	6.399137e-01	1.788507e-01	1.002529e+00	1.513655e+00	6.233868e-01	-8.179166e-01	-1.140173e-01	1.877073e+00	-2.890737e-01	1.557851e+00	2.195921e+00	2.698677e+00	-4.869865e-01	3.008704e+00	7.173116e-01	2.129903e+00	1.286942e+00	9.893837e-02	-5.394304e-01	1.342514e+00	2.746331e+00	-2.126164e+00	-5.425716e-01	-5.067564e-01	3.999161e-01	2.002109e+00	1.703500e-01	7.507250e-01	1.324705e+00	-5.113889e-01	1.082831e+00
-1.007669e+00	3.590430e+00	-2.391347e-01	8.215738e-01	1.767971e+00	5.307168e-01	-9.143103e-01	-2.792785e-01	8.762556e-01	-5.439716e-01	1.214253e+00	-3.876357e-02	-7.275704e-01	9.695695e-01	1.064250e+00	-1.853327e+00	4.953260e+00	8.079270e-01	1.001757e+00	1.617951e+00	-2.536676e-01	3.293872e+00	6.428964e-01	8.608298e-01	2.828724e+00	2.227482e-01	-1.770715e+00	6.050418e-01	5.955683e-01	-2.394691e+00	-3.015366e-01	1.708078e+00	2.850870e+00	8.729331e-01	-9.063125e-02	-2.760953e+00	-2.864436e+00	4.425839e-01	8.308133e-01	2.584755e+00
-1.353625e-01	1.342801e+00	-4.619520e-01	1.172379e+00	7.671599e-01	3.442120e+00	-5.546931e-01	4.243359e-01	2.503800e+00	1.739691e+00	-1.817301e+00	-2.322825e-01	-2.260305e+00	1.130317e+00	1.523122e+00	-7.597221e-01	2.561947e+00	1.115447e+00	-1.012335e+00	8.880488e-01	-8.436898e-01	2.201658e+00	2.293076e+00	2.306325e+00	2.904009e+00	1.533689e+00	1.392962e+00	5.954350e-01	2.171199e+00	-2.050825e+00	-1.907004e+00	7.983538e-01	2.038563e+00	-8.305569e-01	-4.826094e-02	-1.380804e+00	-1.009701e+00	-1.021839e+00	3.949800e+00	-4.875541e-01
1.295874e+00	2.070748e+00	1.923065e+00	5.316210e-01	1.712620e+00	-3.328033e-01	7.118197e-01	7.484525e-01	2.416188e+00	1.959296e+00	-1.464185e+00	1.611567e+00	1.295741e+00	2.915925e+00	1.414303e+00	-1.246915e-01	3.505910e+00	8.933334e-01	-1.885644e+00	-8.114296e-01	1.714104e+00	-1.202496e+00	1.568787e+00	-6.346192e-01	-1.154193e+00	-7.180044e-01	1.968095e+00	-1.338697e+00	5.753179e-01	1.672315e+00	1.565731e-01	1.021059e+00	-1.139290e+00	-8.374476e-01	-2.035265e-01	2.993923e-01	1.936005e+00	-8.592530e-01	-2.105166e+00	2.461452e+00
