2.724036e-01	1.015020e+00	2.266095e-01	-2.120552e-01	5.572253e-02	2.078500e-01	2.932889e-01	-2.780380e-01	1.150142e+00	-1.063197e-01	6.801217e-01	3.058150e-01	-7.389019e-01	1.798724e-01	-9.048921e-02	7.868703e-01	6.689452e-02	-2.937068e-01	6.609417e-01	9.831412e-01	3.623217e-01	1.023311e+00	5.626333e-01	-4.616462e-01	2.871748e-01	4.216542e-01	1.211404e+00	4.244487e-01	3.674857e-01	1.348750e-01	4.543771e-01	-1.121124e-01	-3.915112e-01	-7.953298e-01	2.491616e-01	3.668288e-01	4.336262e-01	5.728252e-01	6.372250e-01	-4.624602e-01
-1.115703e+00	-5.762836e-01	-1.174261e-01	-8.096640e-01	-9.911964e-01	-3.716198e-01	-3.969732e-01	-2.311035e-01	9.645981e-01	8.384320e-02	2.066999e-01	3.043332e-01	-7.028863e-01	-8.725251e-01	3.492733e-01	5.771046e-01	-5.183004e-01	-7.386788e-01	4.446799e-01	-3.906140e-01	6.953044e-01	8.157902e-01	2.514192e-01	-9.400684e-01	-1.308384e-01	-8.136754e-01	1.471956e+00	2.016015e-01	9.995843e-02	3.150852e-01	7.117616e-01	1.930667e-01	1.034044e+00	1.663024e-01	-1.555919e-01	1.117438e+00	2.079964e-01	5.626557e-01	1.347500e-02	4.200249e-01
2.357562e+00	3.682876e-01	5.270967e-01	1.564875e+00	-1.579906e-01	7.183363e-01	2.703072e-01	7.132694e-01	-1.412615e+00	5.355644e-01	1.523110e-01	-1.304008e+00	6.199426e-01	7.263742e-01	6.606154e-01	-6.917373e-02	5.809261e-01	-2.465708e-02	2.109548e-01	5.619245e-01	-6.361302e-02	-3.326967e-01	-3.791328e-02	1.443250e+00	-8.901011e-02	-3.608713e-01	-1.163294e+00	2.344370e-01	4.176496e-01	2.324323e-01	9.774709e-01	9.987038e-01	-2.720584e-01	1.122593e+00	3.663931e-01	-6.249222e-01	1.623822e-01	3.535099e-01	-6.991271e-02	2.143736e-01
6.919770e-01	1.713239e-01	-6.578482e-01	1.101007e+00	-5.639561e-01	-1.273791e-01	3.797883e-01	6.465209e-01	1.097276e+00	-1.541407e+00	-7.076171e-01	-8.506650e-01	1.275586e+00	3.786617e-01	-7.600478e-01	1.088435e+00	-1.256404e+00	-6.947391e-02	1.692808e+00	1.029808e-01	8.953674e-01	2.913341e-03	-1.341221e+00	1.032255e+00	4.130992e-01	9.306513e-01	3.860619e-01	2.569248e-01	1.070931e+00	-1.221813e-01	1.346902e+00	-3.324282e-01	3.128864e-01	5.949283e-01	2.567302e+00	-1.168484e+00	1.084524e+00	-4.256504e-01	-4.121992e-01	-6.256340e-01
9.264493e-01	2.486266e-01	4.857685e-01	4.622751e-01	-2.051762e-01	-1.512781e-01	-1.594645e-01	3.014718e-01	1.310038e+00	-3.261633e-01	3.024724e-01	1.498703e-01	5.946868e-01	7.550478e-01	2.042621e-01	6.245326e-02	5.098431e-01	1.928880e-01	3.361374e-01	2.854494e-01	-2.438528e-01	-2.540918e-02	-4.176470e-01	-7.203352e-01	1.603401e+00	6.144930e-01	4.961885e-01	4.191905e-01	3.879945e-01	-7.219908e-02	7.021940e-01	5.407305e-01	2.669490e-01	6.266685e-01	2.659507e-01	1.594711e-01	5.216468e-01	1.576587e-02	-1.240176e-01	5.698608e-02
-3.340818e-01	-1.751718e-01	1.154597e+00	-6.708142e-02	1.870820e+00	5.797858e-01	-4.940393e-01	-3.284392e-01	-3.957877e-01	2.182536e+00	2.542006e-01	1.476098e+00	-1.025181e+00	-1.650810e-02	9.469045e-01	-1.029269e+00	2.297550e+00	2.240752e-01	-1.655052e+00	-4.637042e-01	-4.570813e-01	1.517661e+00	1.748187e+00	-7.788249e-02	1.241243e+00	-4.725084e-01	1.361203e-01	-5.390785e-01	-4.892528e-01	5.123052e-01	-8.583202e-01	9.798709e-01	8.930976e-01	6.361160e-01	-2.103136e+00	1.565620e+00	-9.145891e-02	6.417496e-01	7.325499e-01	1.505572e+00
-1.281350e-01	-9.578581e-02	3.789783e-01	-4.685496e-01	7.586799e-01	8.272170e-01	8.125191e-01	7.273471e-01	1.253527e+00	-6.508147e-01	9.221795e-01	1.145744e+00	-2.760168e-01	-6.787944e-01	-5.239891e-01	8.607749e-01	-1.485290e-01	-2.572921e-01	2.410772e-01	1.617768e-03	1.581690e-01	7.832644e-01	-4.236941e-02	3.307856e-01	-2.487060e-01	-1.366903e+00	1.431943e+00	3.053895e-01	3.634016e-01	8.459119e-01	1.346324e-01	1.077074e+00	-9.385892e-02	4.639519e-01	2.307249e-01	-1.817818e-03	7.117724e-02	3.363710e-01	-5.059654e-01	7.563273e-01
1.351178e+00	-6.095953e-01	-7.402874e-01	2.566538e-01	-2.301255e-01	-8.389588e-02	-9.887972e-01	-4.055208e-01	-1.578122e+00	2.048125e+00	-8.080659e-01	-8.042581e-01	-5.408741e-01	1.183807e+00	9.821034e-01	7.438410e-02	1.596873e-01	-1.725419e-01	-6.937784e-01	6.759876e-02	1.268565e+00	1.218322e-01	1.791361e-01	-6.967764e-01	2.767406e-01	1.475372e+00	-9.858264e-01	-7.019638e-01	4.835101e-01	-8.263769e-01	-2.940779e-01	-1.604783e-01	1.534923e+00	-4.035075e-01	1.585228e+00	1.212458e+00	1.320081e+00	1.058906e+00	9.235515e-02	-3.319950e-01
2.538305e-01	-1.451199e-01	2.452812e-01	-2.208614e-01	7.740039e-01	9.105323e-01	4.627666e-01	1.133124e+00	8.034360e-01	-3.768819e-01	1.249278e+00	4.741888e-01	-4.546587e-01	-7.412694e-01	-2.405548e-01	7.520951e-01	-4.225354e-01	3.523965e-01	-3.161984e-02	-2.557333e-01	-9.341735e-02	5.541144e-01	-4.222433e-01	2.145103e-01	-1.528411e-01	-1.172630e+00	1.041425e+00	6.965738e-02	5.375681e-01	1.201763e+00	2.911374e-01	1.022776e+00	1.886393e-01	8.364157e-01	2.501104e-01	-5.820132e-02	-1.111687e-01	-1.411461e-01	-3.327294e-01	1.360468e+00
3.152853e-01	-1.605352e-01	1.515604e-01	-2.851450e-01	7.755672e-01	9.510347e-01	5.433709e-01	1.074322e+00	7.978344e-01	-4.352176e-01	1.151755e+00	4.761776e-01	-4.763518e-01	-7.398500e-01	-3.654728e-01	7.184155e-01	-4.144034e-01	2.416155e-01	1.490032e-02	-3.097343e-01	-8.188873e-02	5.983821e-01	-4.549968e-01	2.607060e-01	-1.003894e-01	-1.264431e+00	1.080050e+00	2.263240e-02	5.036471e-01	1.139677e+00	3.041904e-01	1.010752e+00	1.221461e-01	8.420254e-01	3.873542e-01	-1.714863e-01	-1.252733e-01	-1.207831e-01	-4.852918e-01	1.253538e+00
4.723875e-01	6.396627e-01	2.628103e+00	9.999278e-01	3.049929e-01	-2.841068e-01	-2.315611e-01	1.751726e+00	-3.433120e-01	1.986252e-02	6.261068e-01	8.461979e-01	-1.261833e+00	-6.219038e-01	2.821937e+00	1.634491e+00	-4.377416e-01	2.445937e+00	2.110922e+00	2.614294e-01	2.076395e+00	-8.523854e-01	-5.263511e-01	-1.388643e-02	2.894520e-01	1.592520e+00	8.104290e-01	5.582437e-01	2.090486e+00	1.409290e+00	2.607182e+00	-1.375784e+00	4.476861e-01	3.784685e-01	5.844909e-01	1.400503e+00	2.450642e-01	7.683889e-01	5.201876e-01	1.657387e-01
-4.108141e-02	4.886673e-01	3.896535e-01	2.829470e-01	5.123132e-02	-5.047853e-01	-1.182419e-01	1.268047e-01	6.258830e-01	3.813886e-01	-3.418204e-01	-4.595592e-03	9.646783e-02	7.095632e-01	1.373212e+00	1.403911e-01	6.665276e-01	3.749146e-01	1.284757e+00	4.192812e-01	1.034929e+00	7.035468e-01	2.753059e-01	6.828306e-01	2.321436e-01	5.087589e-01	2.026207e-01	5.671110e-01	-2.984330e-01	5.045211e-01	1.025824e+00	-2.589201e-01	5.005606e-01	-5.815064e-01	1.531486e-01	6.191728e-02	3.943380e-01	1.439005e+00	1.550672e-01	-1.531226e-01
-1.284022e+00	3.310372e+00	2.532542e+00	8.841690e-01	-1.575659e+00	-6.686522e-01	-1.944990e+00	-6.359893e-01	1.674322e+00	-4.700350e-01	1.523765e+00	-1.566883e+00	1.721548e+00	9.284347e-01	6.596616e-01	-7.427658e-01	-2.584588e-01	1.325081e+00	1.338399e+00	1.847073e+00	-1.501809e+00	1.773933e+00	1.325779e+00	-8.568111e-02	4.637707e-01	1.451431e+00	3.168301e-02	1.299352e+00	-9.451477e-02	2.655527e+00	1.799845e+00	-2.215449e-01	6.468352e-01	1.356483e+00	-2.863572e+00	5.793527e-02	1.158595e+00	-3.135248e-01	3.792898e+00	2.227403e+00
-4.276325e-01	1.356312e-01	5.826997e-01	-1.336536e-01	-6.964411e-01	-4.863022e-01	-1.301751e-01	3.981691e-01	1.032945e-01	-6.054250e-01	1.910275e-01	5.190445e-01	-2.083512e-03	-9.918533e-02	2.645278e-02	8.192341e-01	-2.134069e-01	-4.182039e-01	2.394722e-01	2.029604e-01	6.122847e-01	6.819408e-01	3.654380e-01	-2.126931e-01	-8.628230e-02	-3.777215e-01	1.535885e-01	5.585640e-01	-4.952273e-02	5.063234e-01	1.485166e-01	-1.455975e-01	2.008722e-01	1.368132e-01	1.785240e-01	-6.583537e-02	4.425936e-01	4.392119e-02	-2.905619e-01	5.378812e-01
8.775525e-01	-4.891684e-01	5.442382e-01	3.347319e-01	3.770813e+00	2.556158e+00	1.235961e+00	-4.088357e-02	-4.847440e-01	5.069714e-01	1.459134e+00	1.376510e+00	1.902560e+00	1.162033e+00	-9.652743e-01	1.113141e+00	2.171547e+00	9.834042e-01	-1.331032e+00	2.366185e+00	8.848502e-02	1.961539e-01	1.477837e-01	5.019566e-01	3.348167e-01	1.855690e+00	-1.932145e-01	-2.613481e-01	-5.717081e-02	1.099014e+00	-2.094659e+00	1.684378e-01	-3.030125e-01	1.441038e+00	2.019535e+00	7.785533e-01	5.723034e-01	-9.051660e-02	2.764853e-01	2.442503e-01
2.861825e-01	-4.146736e-02	5.775307e-01	3.335916e-01	2.815437e+00	1.919578e+00	1.506848e+00	2.801893e-01	-1.921783e-01	-9.848718e-02	8.403619e-01	1.112379e+00	1.593324e+00	7.819774e-01	-9.993975e-01	8.989500e-01	1.492438e+00	8.592273e-01	-4.962947e-01	1.667347e+00	-2.256387e-02	-2.378681e-01	5.082610e-01	8.869017e-02	1.153836e-02	1.324429e+00	-5.618764e-01	-2.571058e-01	-1.733205e-01	1.564709e+00	-1.326811e+00	1.263008e-01	-7.853689e-01	1.288047e+00	2.120015e+00	5.960641e-01	5.655193e-01	4.624229e-01	-8.152864e-03	2.424773e-01
9.067578e-02	-1.538690e-01	4.477732e-01	-1.283062e-01	-2.064292e-01	2.287789e+00	-1.131306e-01	8.313438e-01	1.117436e+00	1.461549e+00	3.807491e-01	1.861621e+00	9.647595e-01	9.833692e-01	1.950367e-01	-4.174816e-01	1.027799e+00	1.612855e+00	1.703499e-01	-1.111813e+00	1.764205e+00	1.697607e+00	9.751455e-01	5.572322e-02	-1.387525e+00	1.221627e-01	-1.223461e-01	5.379165e-01	-2.294575e-01	-2.703676e-02	-1.288383e+00	5.319774e-01	2.158610e+00	-2.152664e-01	-1.034608e+00	3.219289e+00	-1.535212e+00	4.581529e-01	1.914974e+00	1.835458e+00
-8.936330e-01	6.701975e-01	-1.124469e-01	-1.967037e-01	-3.041756e+00	-2.223961e+00	-1.045825e+00	4.126962e-01	6.143299e-01	-1.604158e-01	-4.346432e-01	-8.386177e-01	-1.068304e+00	-4.670656e-01	1.623238e+00	-2.120604e-01	-1.859841e+00	-1.103231e+00	1.332930e+00	-1.298846e+00	7.492610e-01	8.345807e-01	8.397081e-02	-2.293646e-02	4.448412e-01	-1.377766e+00	7.474029e-01	6.121490e-01	4.495513e-01	-2.109458e-01	2.021918e+00	-1.510263e-01	1.585081e-02	-5.901580e-01	-9.415674e-01	1.041645e-01	3.607850e-01	6.294696e-01	-1.008800e-01	5.471256e-01
1.250387e+00	-5.454091e-01	3.673124e-01	7.220202e-01	3.576851e+00	2.416167e+00	1.708980e+00	-2.822792e-01	-6.121944e-01	2.158098e-01	1.193568e+00	9.732804e-01	1.828010e+00	1.076761e+00	-1.107523e+00	5.089324e-01	2.008387e+00	8.367399e-01	-1.075285e+00	2.081062e+00	-3.215921e-01	-8.045383e-02	4.329183e-02	4.103429e-01	4.118178e-01	1.777995e+00	-7.743026e-01	-7.480334e-01	-2.566077e-01	1.263621e+00	-2.040222e+00	5.617937e-01	-1.919171e-01	1.214150e+00	2.378180e+00	5.388995e-01	6.035224e-01	2.176708e-01	2.123806e-01	2.103703e-01
