6.132498e-03	1.110028e-02	1.124953e-02	-2.268747e-03	6.858188e-03	-3.719226e-03	2.410284e-03	-1.222660e-02	-6.335768e-04	-1.460239e-02	-7.094218e-03	-6.041105e-03	-1.030103e-02	-1.865635e-02	4.955608e-03	-1.074523e-02	4.976873e-03	-4.613955e-04	-1.127148e-02	1.019084e-04	1.328872e-02	-3.435173e-03	7.563155e-03	-3.468779e-03	1.375130e-03	1.089912e-02	-3.585060e-03	-4.902707e-03	5.958849e-03	1.203937e-02	-2.165294e-03	1.385003e-02	1.171677e-02	-6.005789e-03	-8.418738e-03	1.252135e-02	-1.773105e-02	-4.105603e-03	1.464063e-02	2.236439e-03
1.075186e-02	9.821722e-03	6.867150e-04	-1.828951e-04	5.947070e-03	-5.521431e-03	6.948415e-03	-1.636075e-02	-6.348784e-03	-1.625753e-02	-5.039889e-03	-6.726489e-03	-1.361583e-02	-1.570160e-02	9.483390e-03	-5.473685e-03	3.596987e-03	-6.381589e-05	-1.555785e-02	3.165676e-03	1.212150e-02	-3.776315e-03	3.286948e-03	-9.530640e-04	8.512696e-03	6.994278e-03	-6.336413e-03	-6.744674e-03	8.447504e-03	1.248780e-02	-4.496268e-03	1.032739e-02	8.088799e-03	-8.109584e-03	1.270442e-04	1.551317e-02	-1.445218e-02	2.028694e-03	8.023893e-03	7.432817e-03
9.279426e-03	1.166267e-02	3.179679e-03	-3.161316e-03	8.656570e-03	-7.090126e-03	7.955285e-03	-1.561662e-02	-5.268460e-03	-1.575788e-02	-7.421780e-03	-4.154777e-03	-1.418918e-02	-1.927374e-02	1.280927e-02	-9.500929e-03	2.080990e-03	4.142861e-04	-1.899640e-02	2.845044e-03	1.253342e-02	-3.606955e-03	4.530175e-03	1.013243e-03	8.373712e-03	1.093061e-02	-7.115981e-03	-1.266421e-02	6.132582e-03	1.540507e-02	-4.873836e-03	1.577961e-02	1.021816e-02	-1.015978e-02	-2.071410e-03	1.519070e-02	-1.476317e-02	-1.403849e-03	8.311002e-03	1.191073e-02
8.428368e-03	1.082454e-02	2.657230e-03	-3.510099e-03	9.939319e-03	-6.807445e-03	5.586448e-03	-1.656530e-02	-5.816289e-03	-1.582015e-02	-8.985389e-03	-2.266157e-03	-1.306590e-02	-1.970795e-02	1.367855e-02	-8.801020e-03	-2.854838e-05	6.970868e-04	-1.774888e-02	1.773692e-04	1.375234e-02	-4.726115e-03	3.883589e-03	1.474840e-03	7.880874e-03	9.801645e-03	-4.833373e-03	-1.125832e-02	8.112077e-03	1.891309e-02	-4.945110e-03	1.832158e-02	1.078694e-02	-1.013049e-02	-3.397663e-03	1.500471e-02	-1.518444e-02	-4.499200e-03	9.676137e-03	1.078526e-02
5.948960e-03	1.096327e-02	5.083018e-03	-4.037847e-03	1.091431e-02	-6.760351e-03	6.458158e-03	-1.708737e-02	-6.244122e-03	-1.662967e-02	-6.540338e-03	-1.615042e-03	-1.455850e-02	-2.099558e-02	1.451112e-02	-1.139032e-02	-1.208270e-03	-3.207672e-04	-2.038308e-02	5.756610e-05	1.360742e-02	-5.190260e-03	1.577411e-03	-8.759070e-04	1.007883e-02	9.895094e-03	-5.004786e-03	-1.317798e-02	9.942858e-03	2.022591e-02	-4.772872e-03	2.166284e-02	1.349810e-02	-8.638451e-03	-2.788614e-03	1.759309e-02	-1.616428e-02	-7.356871e-03	9.529110e-03	1.251988e-02
1.042449e-02	6.407417e-03	1.191497e-03	-3.784977e-04	1.079856e-02	-7.905644e-03	6.367220e-03	-2.050543e-02	-6.512704e-03	-1.528549e-02	-8.567452e-03	-6.465124e-03	-1.259808e-02	-2.051538e-02	1.633104e-02	-5.067419e-03	2.855158e-04	-4.725470e-04	-1.955350e-02	4.295218e-03	1.204204e-02	-8.203117e-03	2.420294e-04	2.342878e-04	1.135349e-02	9.747529e-03	-7.583891e-03	-8.394661e-03	1.199024e-02	1.584984e-02	-5.078690e-03	1.306166e-02	1.028623e-02	-7.631322e-03	1.284831e-03	2.015598e-02	-1.327210e-02	2.677693e-03	3.130537e-03	8.274461e-03
6.676110e-03	1.028850e-02	2.639677e-03	-3.023648e-03	1.236222e-02	-6.763320e-03	6.340875e-03	-1.687861e-02	-7.268570e-03	-1.534328e-02	-9.761933e-03	-3.697087e-03	-1.256682e-02	-2.109522e-02	1.493349e-02	-8.803527e-03	3.499306e-04	-2.478771e-04	-2.130322e-02	4.635700e-03	1.244469e-02	-4.156116e-03	3.562788e-03	1.604822e-03	1.063042e-02	1.327761e-02	-5.877970e-03	-1.483426e-02	8.250755e-03	1.758464e-02	-3.438397e-03	1.589233e-02	1.039105e-02	-1.175418e-02	-1.692416e-03	1.532521e-02	-1.305865e-02	-1.671579e-03	3.833346e-03	1.436272e-02
6.883620e-03	1.154592e-02	9.873683e-04	-2.393185e-03	1.293406e-02	-5.232757e-03	5.944930e-03	-1.880869e-02	-1.007937e-02	-1.651964e-02	-9.795993e-03	-1.645027e-03	-1.225621e-02	-2.105504e-02	1.662997e-02	-9.520201e-03	-2.990571e-03	3.353820e-04	-2.043356e-02	2.416374e-03	1.431363e-02	-5.241849e-03	3.024227e-03	2.894507e-03	1.010621e-02	1.177310e-02	-5.395018e-03	-1.467637e-02	1.055744e-02	2.063862e-02	-3.676120e-03	1.837353e-02	1.138185e-02	-1.191704e-02	-2.307538e-03	1.602784e-02	-1.337429e-02	-7.181248e-03	6.496871e-03	1.356567e-02
3.226068e-03	1.077755e-02	3.602561e-03	-3.071417e-03	1.313151e-02	-5.231801e-03	5.706082e-03	-1.729408e-02	-9.213970e-03	-1.411441e-02	-8.218629e-03	-7.072966e-04	-1.162868e-02	-2.052204e-02	1.503779e-02	-9.751790e-03	-3.338751e-03	-6.168393e-04	-2.068532e-02	1.970538e-03	1.365689e-02	-6.171637e-03	7.444666e-04	7.145266e-04	1.131836e-02	1.191990e-02	-5.422017e-03	-1.335295e-02	1.140779e-02	2.052828e-02	-3.227782e-03	1.875396e-02	1.282739e-02	-8.993434e-03	-2.591887e-03	1.564932e-02	-1.323385e-02	-8.635457e-03	5.971426e-03	1.147079e-02
7.149749e-03	8.035237e-03	-1.720706e-03	-4.945465e-04	1.246436e-02	-2.388406e-03	5.570681e-03	-1.866307e-02	-1.129676e-02	-1.489600e-02	-1.094969e-02	-2.615642e-03	-1.300048e-02	-1.773028e-02	1.693497e-02	-4.548749e-03	-6.523016e-04	-4.871890e-04	-2.012517e-02	6.446278e-03	1.141963e-02	-6.937963e-03	1.486003e-03	3.572089e-05	1.277376e-02	1.148535e-02	-8.092792e-03	-1.263498e-02	9.378082e-03	1.960998e-02	-1.816164e-03	1.264820e-02	1.015298e-02	-9.513710e-03	1.319014e-03	1.580780e-02	-1.185067e-02	-6.348500e-04	-1.545259e-04	1.096245e-02
4.812145e-03	8.859399e-03	1.588071e-03	-1.754828e-03	1.326578e-02	-5.295777e-03	5.834705e-03	-1.743639e-02	-1.030664e-02	-1.408097e-02	-1.065037e-02	-3.563349e-03	-1.015658e-02	-2.003649e-02	1.589901e-02	-7.688160e-03	-5.248916e-04	-1.902844e-03	-2.140411e-02	6.954839e-03	1.202818e-02	-4.555053e-03	2.959811e-03	2.328985e-03	1.177391e-02	1.487372e-02	-5.979144e-03	-1.651434e-02	9.607764e-03	1.730880e-02	-1.236473e-03	1.459978e-02	1.137938e-02	-1.170756e-02	-1.293930e-03	1.397192e-02	-1.005187e-02	-2.751232e-03	-8.715806e-04	1.404368e-02
6.271916e-03	1.116198e-02	-5.482076e-04	-1.670110e-03	1.316030e-02	-4.295313e-03	4.283578e-03	-1.810435e-02	-1.398912e-02	-1.548082e-02	-9.867902e-03	-1.292582e-03	-8.737777e-03	-1.915261e-02	1.708293e-02	-7.955600e-03	-3.597829e-03	-1.335318e-03	-1.904768e-02	3.974236e-03	1.372491e-02	-5.452822e-03	3.143483e-03	1.718860e-03	9.960105e-03	1.267029e-02	-3.726614e-03	-1.637150e-02	1.234712e-02	2.026846e-02	-9.289522e-04	1.623053e-02	1.105860e-02	-1.209081e-02	-1.486938e-03	1.319047e-02	-9.640124e-03	-8.432234e-03	2.373694e-03	1.304129e-02
2.109844e-03	1.263021e-02	1.494640e-03	-2.373593e-03	1.429203e-02	-2.887709e-03	4.889587e-03	-1.696922e-02	-1.486642e-02	-1.461702e-02	-8.089136e-03	-5.542520e-04	-9.243853e-03	-1.967182e-02	1.751545e-02	-9.385924e-03	-6.256311e-03	-2.608742e-03	-2.028351e-02	3.832288e-03	1.312305e-02	-6.247488e-03	2.034985e-03	-2.398456e-04	1.158211e-02	1.154317e-02	-4.825772e-03	-1.717746e-02	1.333574e-02	2.231675e-02	-6.029161e-04	1.839988e-02	1.329184e-02	-9.367325e-03	-3.060137e-04	1.357505e-02	-8.225198e-03	-1.261066e-02	2.553210e-03	1.148857e-02
5.976236e-03	8.251493e-03	-3.968507e-03	1.473598e-03	1.375309e-02	1.562565e-06	4.778915e-03	-1.739540e-02	-1.551960e-02	-1.501045e-02	-1.037205e-02	-3.620911e-03	-1.068135e-02	-1.729841e-02	1.832705e-02	-4.027920e-03	-3.174101e-03	-2.195554e-03	-1.958128e-02	9.186745e-03	1.032923e-02	-5.374278e-03	2.380086e-03	-8.902393e-04	1.289196e-02	1.173211e-02	-7.356195e-03	-1.537328e-02	1.168457e-02	1.970156e-02	7.634594e-04	1.109737e-02	1.057756e-02	-1.133135e-02	3.200931e-03	1.443099e-02	-7.486771e-03	-2.217178e-03	-5.115572e-03	1.003209e-02
3.807745e-03	1.167330e-02	-2.560953e-03	-8.267366e-04	1.511671e-02	-2.823170e-03	6.514649e-03	-1.636991e-02	-1.552984e-02	-1.350826e-02	-1.029004e-02	-2.704575e-03	-8.477859e-03	-1.930625e-02	1.932546e-02	-7.350381e-03	-5.190087e-03	-2.434832e-03	-2.166333e-02	7.916298e-03	1.141285e-02	-5.033817e-03	3.578321e-03	1.839819e-03	1.144269e-02	1.404514e-02	-6.043869e-03	-2.024484e-02	1.169123e-02	1.987019e-02	-1.405991e-04	1.367861e-02	1.151625e-02	-1.292890e-02	1.868191e-03	1.278205e-02	-5.092842e-03	-6.951435e-03	-3.772804e-03	1.357818e-02
4.421446e-03	1.174896e-02	-3.701288e-03	-7.669870e-04	1.578250e-02	-2.159895e-03	3.962645e-03	-1.672261e-02	-1.748391e-02	-1.439204e-02	-1.104449e-02	7.578692e-04	-8.214554e-03	-1.961203e-02	2.055892e-02	-7.579289e-03	-7.825472e-03	-2.290453e-03	-1.894048e-02	4.952364e-03	1.300979e-02	-5.599661e-03	3.516856e-03	2.749173e-03	9.726933e-03	1.272850e-02	-4.173264e-03	-1.805090e-02	1.385627e-02	2.193326e-02	1.048985e-04	1.599776e-02	1.083216e-02	-1.091823e-02	5.874350e-04	1.145608e-02	-5.650718e-03	-1.150839e-02	-9.714253e-04	1.158971e-02
7.703441e-04	1.297593e-02	-1.541167e-03	-9.043319e-04	1.625384e-02	-1.396512e-03	4.693559e-03	-1.489959e-02	-1.815000e-02	-1.314785e-02	-9.019099e-03	1.675752e-03	-9.014634e-03	-1.926730e-02	2.017573e-02	-8.167398e-03	-9.599324e-03	-4.214586e-03	-2.014169e-02	4.941081e-03	1.163072e-02	-6.402327e-03	2.732813e-03	2.671125e-04	1.258884e-02	1.218187e-02	-4.529249e-03	-1.932021e-02	1.537486e-02	2.288778e-02	-1.473455e-04	1.683472e-02	1.323971e-02	-8.457367e-03	1.695017e-03	1.116153e-02	-4.100410e-03	-1.430376e-02	-2.260471e-03	9.658147e-03
5.357916e-03	8.898278e-03	-7.904723e-03	3.247011e-03	1.413176e-02	2.063436e-03	5.073122e-03	-1.473319e-02	-1.903348e-02	-1.280021e-02	-1.058697e-02	-1.445159e-03	-1.052470e-02	-1.585681e-02	2.051362e-02	-2.266148e-03	-6.162954e-03	-3.279493e-03	-1.891191e-02	9.838070e-03	9.238373e-03	-5.603285e-03	2.649099e-03	6.485019e-04	1.281078e-02	9.806723e-03	-6.614785e-03	-1.653141e-02	1.253365e-02	2.016690e-02	3.316597e-04	9.832767e-03	9.259129e-03	-9.333243e-03	5.609940e-03	1.211170e-02	-3.118568e-03	-5.292378e-03	-8.807745e-03	7.530589e-03
2.075075e-03	1.188490e-02	-4.773410e-03	-6.521480e-05	1.728325e-02	-1.219712e-03	6.848516e-03	-1.368919e-02	-1.738180e-02	-1.145155e-02	-1.211098e-02	-1.025647e-03	-8.970652e-03	-1.951983e-02	2.150221e-02	-6.462975e-03	-7.832278e-03	-3.325365e-03	-2.219268e-02	8.972221e-03	1.074855e-02	-4.773145e-03	5.226056e-03	3.770510e-03	1.186105e-02	1.386925e-02	-6.199449e-03	-2.180711e-02	1.172059e-02	2.017930e-02	-4.725961e-04	1.354240e-02	1.090544e-02	-1.138773e-02	3.236007e-03	1.081582e-02	-1.647396e-03	-8.620717e-03	-8.392247e-03	1.157633e-02
4.523603e-03	1.212447e-02	-5.948367e-03	6.143956e-04	1.763807e-02	-6.285001e-04	5.812884e-03	-1.360902e-02	-1.967837e-02	-1.231861e-02	-1.287959e-02	1.962525e-03	-9.822168e-03	-1.976487e-02	2.326119e-02	-7.443554e-03	-1.143122e-02	-2.694829e-03	-1.878919e-02	5.567145e-03	1.299706e-02	-5.313617e-03	5.831061e-03	4.808633e-03	8.963384e-03	1.213109e-02	-4.027739e-03	-2.019742e-02	1.484798e-02	2.354152e-02	-2.021706e-03	1.545383e-02	1.208366e-02	-1.178558e-02	1.456039e-03	1.054081e-02	-2.863562e-03	-1.507655e-02	-4.082122e-03	9.171417e-03
5.339602e-04	1.269945e-02	-2.666826e-03	5.284728e-04	1.726798e-02	3.895146e-04	5.567962e-03	-1.217417e-02	-1.941809e-02	-1.064566e-02	-9.852228e-03	3.091378e-03	-1.020196e-02	-1.936588e-02	2.216223e-02	-8.670003e-03	-1.175228e-02	-4.003889e-03	-1.924753e-02	5.575439e-03	1.132991e-02	-7.008954e-03	2.612347e-03	2.086984e-03	1.015704e-02	1.160559e-02	-4.062395e-03	-1.942109e-02	1.494229e-02	2.232361e-02	-1.256350e-03	1.659739e-02	1.461373e-02	-7.535030e-03	2.137305e-03	1.029019e-02	-1.283698e-03	-1.674386e-02	-4.966656e-03	6.673379e-03
4.531162e-03	9.900674e-03	-9.172667e-03	2.752963e-03	1.604609e-02	2.932966e-03	6.269826e-03	-1.283617e-02	-1.970912e-02	-1.010765e-02	-1.240950e-02	-4.342656e-04	-1.199755e-02	-1.541328e-02	2.297510e-02	-1.736488e-03	-8.856436e-03	-3.537519e-03	-1.825297e-02	1.023490e-02	8.801550e-03	-6.465081e-03	2.627268e-03	1.372012e-03	1.208801e-02	9.803609e-03	-6.147525e-03	-1.767076e-02	1.266491e-02	2.107933e-02	-3.399615e-04	9.641350e-03	1.019342e-02	-8.643683e-03	6.922475e-03	1.017243e-02	-5.105568e-04	-7.994787e-03	-1.064710e-02	4.989595e-03
3.143656e-03	1.188032e-02	-6.199475e-03	8.850514e-04	1.727156e-02	3.168251e-04	8.163735e-03	-1.154765e-02	-1.860628e-02	-9.691616e-03	-1.236241e-02	-1.084826e-04	-1.056052e-02	-1.880956e-02	2.376506e-02	-6.649881e-03	-9.915149e-03	-3.509320e-03	-2.022876e-02	1.005259e-02	9.468564e-03	-5.323251e-03	4.530856e-03	5.175309e-03	1.062284e-02	1.398894e-02	-6.204008e-03	-2.217184e-02	1.197972e-02	2.014692e-02	-1.780769e-03	1.250994e-02	1.220624e-02	-1.112910e-02	4.037021e-03	8.808196e-03	2.609018e-04	-1.128195e-02	-8.951948e-03	8.710727e-03
4.583614e-03	1.110710e-02	-7.273178e-03	2.345963e-03	1.681509e-02	9.148602e-04	5.902596e-03	-9.593135e-03	-2.026677e-02	-9.879611e-03	-1.220494e-02	3.107185e-03	-1.075741e-02	-1.805669e-02	2.403478e-02	-6.575151e-03	-1.235201e-02	-3.108577e-03	-1.549490e-02	6.712293e-03	1.157444e-02	-5.243175e-03	4.561479e-03	5.588840e-03	6.308734e-03	1.092388e-02	-1.735253e-03	-2.091519e-02	1.579116e-02	2.124106e-02	-2.746763e-03	1.417859e-02	1.194958e-02	-1.083597e-02	1.802206e-03	7.112591e-03	7.381565e-04	-1.624969e-02	-6.196246e-03	5.307286e-03
1.510434e-03	1.310596e-02	-4.964271e-03	2.614000e-03	1.657168e-02	2.131144e-03	6.923499e-03	-8.473441e-03	-2.122812e-02	-9.904826e-03	-9.022172e-03	3.956638e-03	-1.299404e-02	-1.941642e-02	2.473955e-02	-9.273293e-03	-1.455326e-02	-5.621618e-03	-1.626397e-02	7.237996e-03	9.988208e-03	-6.506722e-03	4.067120e-03	2.520532e-03	8.304972e-03	1.118694e-02	-2.848739e-03	-2.114088e-02	1.791814e-02	2.171835e-02	-3.261751e-03	1.567368e-02	1.506793e-02	-6.610092e-03	3.582221e-03	8.321302e-03	1.395838e-03	-2.004605e-02	-6.579557e-03	3.365292e-03
7.245540e-03	1.068109e-02	-1.082980e-02	5.308333e-03	1.489503e-02	4.455543e-03	8.094473e-03	-1.039569e-02	-2.128410e-02	-1.087435e-02	-1.176699e-02	2.810256e-04	-1.478969e-02	-1.592779e-02	2.628765e-02	-3.262621e-03	-1.182759e-02	-4.482891e-03	-1.546404e-02	1.224485e-02	7.006732e-03	-5.570118e-03	3.843257e-03	1.678649e-03	8.464063e-03	8.569988e-03	-6.244861e-03	-1.939661e-02	1.510730e-02	1.948341e-02	-2.391965e-03	8.584641e-03	1.129132e-02	-8.274886e-03	8.433981e-03	1.021641e-02	3.147147e-03	-9.755066e-03	-1.276275e-02	3.186722e-03
4.738859e-03	1.130420e-02	-6.436005e-03	3.125777e-03	1.456869e-02	1.761454e-03	9.226255e-03	-7.563533e-03	-1.916192e-02	-9.597865e-03	-1.139772e-02	1.332681e-03	-1.364654e-02	-1.860735e-02	2.414904e-02	-7.489155e-03	-1.070968e-02	-4.064595e-03	-1.607643e-02	1.254583e-02	7.404075e-03	-4.077234e-03	6.154536e-03	5.329107e-03	6.108248e-03	1.340088e-02	-5.149540e-03	-2.337692e-02	1.360668e-02	1.605304e-02	-2.565252e-03	1.110698e-02	1.231337e-02	-1.114369e-02	5.429008e-03	7.181134e-03	4.295570e-03	-1.140637e-02	-1.131992e-02	5.538383e-03
7.591021e-03	1.247248e-02	-7.812715e-03	4.729807e-03	1.297508e-02	2.423632e-03	7.255608e-03	-7.102221e-03	-2.112170e-02	-1.107735e-02	-1.117879e-02	5.415712e-03	-1.424243e-02	-1.730619e-02	2.479946e-02	-9.069213e-03	-1.379050e-02	-2.849482e-03	-1.150259e-02	8.284749e-03	9.117835e-03	-5.053878e-03	6.357742e-03	5.951093e-03	2.551486e-03	1.067373e-02	-1.384078e-03	-2.136701e-02	1.740234e-02	1.805071e-02	-3.176472e-03	1.189598e-02	1.198074e-02	-1.067509e-02	4.333829e-03	5.310507e-03	3.947105e-03	-1.780387e-02	-6.618085e-03	2.562149e-03
3.631270e-03	1.194260e-02	-3.530537e-03	4.102677e-03	1.089852e-02	2.970922e-03	8.821704e-03	-5.303488e-03	-2.089783e-02	-1.108540e-02	-6.671818e-03	6.464151e-03	-1.598882e-02	-1.714124e-02	2.315096e-02	-1.080124e-02	-1.291244e-02	-4.089808e-03	-1.134242e-02	7.854427e-03	8.153342e-03	-6.390640e-03	3.993845e-03	2.298114e-03	4.288971e-03	1.011419e-02	-2.151247e-03	-2.255076e-02	1.877892e-02	1.744519e-02	-2.909612e-03	1.373362e-02	1.551432e-02	-8.266283e-03	5.954532e-03	6.293713e-03	3.053855e-03	-1.976495e-02	-5.881963e-03	1.164983e-03
8.749279e-03	9.228022e-03	-1.003549e-02	6.532251e-03	9.717460e-03	6.423853e-03	9.272209e-03	-7.328148e-03	-2.152579e-02	-1.075840e-02	-9.199910e-03	2.562039e-03	-1.710746e-02	-1.283962e-02	2.439213e-02	-3.834496e-03	-9.945501e-03	-4.313807e-03	-1.116876e-02	1.337462e-02	5.195923e-03	-6.256640e-03	4.496496e-03	2.530811e-03	4.588703e-03	8.970090e-03	-5.873088e-03	-1.956839e-02	1.452019e-02	1.542423e-02	-2.152008e-03	6.534521e-03	1.089076e-02	-9.209766e-03	1.029716e-02	7.022365e-03	4.999457e-03	-9.357251e-03	-1.149750e-02	-7.797522e-04
6.062681e-03	1.244209e-02	-7.467604e-03	4.953440e-03	1.129136e-02	2.708390e-03	1.135114e-02	-6.195427e-03	-1.995367e-02	-8.985630e-03	-9.299753e-03	3.574031e-03	-1.522374e-02	-1.538959e-02	2.456984e-02	-7.866916e-03	-1.184238e-02	-3.742358e-03	-1.450708e-02	1.169423e-02	6.323792e-03	-5.675792e-03	6.348235e-03	6.494546e-03	4.074688e-03	1.226855e-02	-5.235283e-03	-2.501995e-02	1.350289e-02	1.463732e-02	-2.908908e-03	9.847814e-03	1.235695e-02	-1.178277e-02	7.774032e-03	5.758398e-03	6.435307e-03	-1.282519e-02	-1.050309e-02	2.762452e-03
8.313510e-03	1.167762e-02	-8.776243e-03	5.565537e-03	1.243389e-02	2.871388e-03	9.735652e-03	-6.263412e-03	-2.195975e-02	-9.832853e-03	-1.087781e-02	7.133980e-03	-1.628565e-02	-1.540438e-02	2.588946e-02	-1.005974e-02	-1.491290e-02	-2.085678e-03	-1.187736e-02	7.792707e-03	9.323225e-03	-6.501901e-03	6.640587e-03	8.083999e-03	9.027913e-04	9.624348e-03	-3.072598e-03	-2.267421e-02	1.684636e-02	1.795147e-02	-5.382714e-03	1.282391e-02	1.351199e-02	-1.180351e-02	5.088517e-03	5.861769e-03	4.794053e-03	-1.917552e-02	-4.742015e-03	1.792072e-03
