0	0	0	1.301627e-01
0	0	1	4.297013e-01
0	0	2	5.726029e-01
0	0	3	4.788024e-01
0	0	4	5.890416e-01
0	0	5	4.726312e-01
0	0	6	3.609107e-01
0	0	7	3.784595e-01
0	0	8	8.345073e-01
0	0	9	5.290965e-01
0	1	0	6.191155e-01
0	1	1	3.334921e-01
0	1	2	3.846206e-01
0	1	3	2.030853e-01
0	1	4	3.990814e-01
0	1	5	9.925479e-02
0	1	6	6.193644e-01
0	1	7	7.750867e-01
0	1	8	7.034847e-01
0	1	9	6.334817e-01
0	2	0	4.826767e-01
0	2	1	8.459557e-01
0	2	2	1.457559e-01
0	2	3	1.687624e-01
0	2	4	9.803235e-01
0	2	5	1.194736e-01
0	2	6	9.207665e-01
0	2	7	2.478201e-01
0	2	8	6.794218e-01
0	2	9	5.492877e-01
0	3	0	9.991408e-01
0	3	1	8.095845e-01
0	3	2	9.789890e-01
0	3	3	5.717437e-01
0	3	4	2.883869e-01
0	3	5	5.680306e-01
0	3	6	4.437489e-02
0	3	7	6.492977e-01
0	3	8	9.464901e-01
0	3	9	8.788822e-01
0	4	0	1.783941e-01
0	4	1	5.656056e-01
0	4	2	2.123743e-01
0	4	3	5.630147e-01
0	4	4	7.686908e-01
0	4	5	6.114557e-01
0	4	6	6.622695e-01
0	4	7	3.880552e-01
0	4	8	3.865424e-01
0	4	9	3.657542e-01
0	5	0	2.153685e-02
0	5	1	8.692192e-01
0	5	2	2.117099e-01
0	5	3	1.672928e-01
0	5	4	3.798155e-02
0	5	5	1.920334e-01
0	5	6	2.867664e-01
0	5	7	9.587480e-01
0	5	8	4.398535e-01
0	5	9	9.661882e-01
0	6	0	5.080357e-01
0	6	1	4.389943e-01
0	6	2	7.757727e-01
0	6	3	4.870248e-01
0	6	4	1.073805e-02
0	6	5	6.415958e-02
0	6	6	5.505538e-02
0	6	7	5.511293e-02
0	6	8	7.134573e-01
0	6	9	1.545466e-03
0	7	0	9.339951e-01
0	7	1	8.918514e-01
0	7	2	5.671510e-01
0	7	3	1.463695e-01
0	7	4	4.548661e-01
0	7	5	3.358418e-01
0	7	6	7.578251e-01
0	7	7	1.171356e-01
0	7	8	7.238970e-01
0	7	9	1.443676e-01
0	8	0	4.828898e-01
0	8	1	7.454339e-01
0	8	2	1.358672e-02
0	8	3	6.945998e-01
0	8	4	9.127267e-01
0	8	5	5.156827e-02
0	8	6	8.866332e-01
0	8	7	1.994931e-01
0	8	8	1.031628e-02
0	8	9	3.264867e-01
0	9	0	1.656813e-01
0	9	1	5.183520e-01
0	9	2	7.654811e-01
0	9	3	9.414539e-01
0	9	4	5.376781e-03
0	9	5	7.762191e-01
0	9	6	5.613499e-03
0	9	7	6.043216e-02
0	9	8	8.313321e-01
0	9	9	7.190708e-01
1	0	0	6.197763e-02
1	0	1	7.653272e-01
1	0	2	6.109222e-01
1	0	3	6.291286e-01
1	0	4	9.116966e-01
1	0	5	6.578827e-02
1	0	6	9.649705e-01
1	0	7	6.695218e-01
1	0	8	1.829239e-01
1	0	9	6.888675e-01
1	1	0	8.138893e-01
1	1	1	6.658137e-01
1	1	2	4.343014e-01
1	1	3	8.274761e-01
1	1	4	3.604135e-01
1	1	5	3.470281e-01
1	1	6	8.790443e-01
1	1	7	2.470466e-01
1	1	8	5.465211e-01
1	1	9	8.893606e-01
1	2	0	5.735334e-01
1	2	1	7.122024e-01
1	2	2	4.077126e-01
1	2	3	3.390145e-01
1	2	4	6.536563e-01
1	2	5	4.130894e-01
1	2	6	1.152336e-01
1	2	7	6.592698e-01
1	2	8	4.735216e-01
1	2	9	9.465656e-01
1	3	0	3.783406e-01
1	3	1	5.354992e-01
1	3	2	7.118928e-01
1	3	3	9.892627e-01
1	3	4	1.646278e-01
1	3	5	6.235895e-01
1	3	6	5.505100e-02
1	3	7	1.295983e-01
1	3	8	2.931113e-01
1	3	9	2.379749e-01
1	4	0	8.184658e-01
1	4	1	1.070006e-01
1	4	2	9.037886e-01
1	4	3	2.527672e-01
1	4	4	9.344766e-01
1	4	5	2.642020e-01
1	4	6	5.997953e-01
1	4	7	8.135210e-01
1	4	8	5.112487e-01
1	4	9	1.463164e-01
1	5	0	7.028816e-01
1	5	1	8.478205e-02
1	5	2	8.585188e-01
1	5	3	1.105942e-01
1	5	4	4.237965e-01
1	5	5	5.121751e-01
1	5	6	5.236836e-01
1	5	7	5.390301e-01
1	5	8	1.714449e-01
1	5	9	9.972051e-01
1	6	0	4.855957e-01
1	6	1	5.497855e-01
1	6	2	5.327043e-01
1	6	3	1.974886e-01
1	6	4	5.390482e-01
1	6	5	6.973321e-01
1	6	6	8.210780e-01
1	6	7	5.940992e-01
1	6	8	8.269304e-01
1	6	9	1.141893e-01
1	7	0	8.320741e-01
1	7	1	6.453963e-01
1	7	2	2.211899e-01
1	7	3	7.358627e-01
1	7	4	8.981635e-01
1	7	5	1.556665e-01
1	7	6	6.470038e-05
1	7	7	4.979587e-01
1	7	8	9.691875e-01
1	7	9	5.113134e-01
1	8	0	6.442751e-01
1	8	1	6.720691e-01
1	8	2	5.960954e-01
1	8	3	5.027939e-01
1	8	4	7.826633e-01
1	8	5	1.989194e-02
1	8	6	1.496902e-02
1	8	7	3.063468e-01
1	8	8	5.589220e-01
1	8	9	1.864139e-01
1	9	0	3.035519e-01
1	9	1	4.451776e-02
1	9	2	7.361994e-01
1	9	3	8.362562e-01
1	9	4	2.420063e-01
1	9	5	2.752476e-01
1	9	6	5.335884e-01
1	9	7	6.308435e-02
1	9	8	8.693468e-01
1	9	9	3.605188e-01
2	0	0	1.772736e-01
2	0	1	7.014209e-01
2	0	2	5.915076e-03
2	0	3	3.984635e-01
2	0	4	4.372835e-01
2	0	5	9.040786e-01
2	0	6	5.541301e-01
2	0	7	4.373482e-01
2	0	8	4.020373e-01
2	0	9	5.233176e-01
2	1	0	9.486616e-01
2	1	1	4.631242e-02
2	1	2	1.953866e-01
2	1	3	5.447570e-01
2	1	4	5.491063e-01
2	1	5	9.780499e-01
2	1	6	5.646490e-01
2	1	7	5.640753e-01
2	1	8	2.843967e-01
2	1	9	1.235710e-01
2	2	0	7.504893e-01
2	2	1	5.879486e-01
2	2	2	1.680888e-01
2	2	3	4.866887e-01
2	2	4	4.242049e-01
2	2	5	4.100951e-01
2	2	6	7.619363e-01
2	2	7	9.577933e-01
2	2	8	4.731794e-01
2	2	9	6.312830e-01
2	3	0	3.183121e-01
2	3	1	6.504531e-01
2	3	2	3.327039e-01
2	3	3	3.242271e-01
2	3	4	4.891659e-02
2	3	5	7.699874e-01
2	3	6	2.283057e-01
2	3	7	6.030466e-01
2	3	8	2.073357e-01
2	3	9	6.303430e-01
2	4	0	1.263642e-01
2	4	1	1.559973e-01
2	4	2	6.766554e-01
2	4	3	3.217508e-01
2	4	4	7.007543e-01
2	4	5	2.257617e-01
2	4	6	2.998007e-01
2	4	7	2.654033e-01
2	4	8	7.898371e-01
2	4	9	5.841974e-01
2	5	0	3.889743e-01
2	5	1	5.403263e-01
2	5	2	1.721461e-01
2	5	3	5.570631e-01
2	5	4	2.701501e-02
2	5	5	5.963509e-01
2	5	6	9.671581e-01
2	5	7	7.889513e-01
2	5	8	5.541442e-01
2	5	9	4.403376e-01
2	6	0	4.202343e-01
2	6	1	8.724562e-01
2	6	2	9.079062e-02
2	6	3	7.529382e-01
2	6	4	1.966834e-01
2	6	5	1.397072e-01
2	6	6	5.229257e-01
2	6	7	4.249891e-01
2	6	8	7.427539e-01
2	6	9	7.302613e-01
2	7	0	5.533204e-02
2	7	1	8.691180e-01
2	7	2	8.862586e-01
2	7	3	7.319874e-01
2	7	4	1.908689e-01
2	7	5	5.870129e-01
2	7	6	9.577491e-01
2	7	7	4.906696e-01
2	7	8	8.524162e-01
2	7	9	7.475862e-01
2	8	0	7.486700e-02
2	8	1	2.413905e-01
2	8	2	2.879126e-01
2	8	3	2.470130e-01
2	8	4	7.984536e-01
2	8	5	3.149276e-01
2	8	6	8.433640e-01
2	8	7	7.656117e-01
2	8	8	1.038789e-01
2	8	9	3.975082e-01
2	9	0	2.059493e-01
2	9	1	5.241132e-01
2	9	2	2.699644e-01
2	9	3	2.967399e-01
2	9	4	2.770514e-01
2	9	5	4.666478e-01
2	9	6	4.364471e-01
2	9	7	7.999771e-01
2	9	8	8.916369e-01
2	9	9	1.792010e-01
3	0	0	5.302384e-01
3	0	1	9.469689e-01
3	0	2	4.831900e-02
3	0	3	4.164971e-01
3	0	4	6.789563e-01
3	0	5	2.391879e-01
3	0	6	3.510020e-03
3	0	7	6.367055e-01
3	0	8	7.298575e-01
3	0	9	8.559263e-01
3	1	0	3.842917e-01
3	1	1	8.047245e-01
3	1	2	9.731680e-02
3	1	3	6.722042e-01
3	1	4	5.173751e-02
3	1	5	8.957704e-01
3	1	6	9.871318e-01
3	1	7	8.951015e-01
3	1	8	6.613821e-01
3	1	9	9.101068e-02
3	2	0	2.926097e-01
3	2	1	8.673314e-01
3	2	2	6.151239e-01
3	2	3	5.625741e-01
3	2	4	1.640713e-01
3	2	5	8.921753e-01
3	2	6	2.922184e-02
3	2	7	6.005184e-01
3	2	8	6.921524e-01
3	2	9	9.208587e-01
3	3	0	7.797193e-01
3	3	1	2.223908e-01
3	3	2	8.678276e-01
3	3	3	8.280383e-01
3	3	4	6.388879e-01
3	3	5	5.467839e-01
3	3	6	6.722621e-02
3	3	7	6.423979e-01
3	3	8	1.834894e-01
3	3	9	7.970837e-01
3	4	0	4.983242e-01
3	4	1	5.677810e-01
3	4	2	6.018081e-01
3	4	3	5.956410e-01
3	4	4	2.399853e-01
3	4	5	6.535456e-01
3	4	6	4.914114e-01
3	4	7	2.271171e-01
3	4	8	5.486471e-01
3	4	9	1.527935e-01
3	5	0	3.181278e-01
3	5	1	8.412568e-01
3	5	2	2.012485e-02
3	5	3	9.332517e-01
3	5	4	4.038308e-01
3	5	5	1.841961e-01
3	5	6	8.254269e-01
3	5	7	4.330527e-01
3	5	8	7.847145e-01
3	5	9	5.175793e-01
3	6	0	3.539114e-01
3	6	1	5.644338e-01
3	6	2	7.399701e-01
3	6	3	2.217389e-01
3	6	4	3.924722e-01
3	6	5	3.788580e-01
3	6	6	7.685228e-01
3	6	7	4.596984e-01
3	6	8	2.125595e-02
3	6	9	9.520122e-01
3	7	0	2.567821e-01
3	7	1	5.195801e-01
3	7	2	5.197932e-01
3	7	3	8.585902e-01
3	7	4	1.152211e-01
3	7	5	7.597785e-01
3	7	6	5.121358e-01
3	7	7	6.066325e-01
3	7	8	9.868956e-01
3	7	9	6.078297e-02
3	8	0	7.594259e-01
3	8	1	3.050234e-01
3	8	2	9.020398e-01
3	8	3	7.795508e-01
3	8	4	2.382751e-01
3	8	5	3.058706e-01
3	8	6	9.637469e-01
3	8	7	6.370203e-02
3	8	8	7.389233e-01
3	8	9	7.484614e-01
3	9	0	5.812813e-01
3	9	1	9.283464e-02
3	9	2	3.128953e-01
3	9	3	3.212515e-01
3	9	4	3.145736e-01
3	9	5	7.053674e-01
3	9	6	7.001095e-01
3	9	7	8.309643e-02
3	9	8	1.650658e-01
3	9	9	7.213654e-01
4	0	0	3.510863e-02
4	0	1	4.218479e-01
4	0	2	2.409456e-01
4	0	3	5.549019e-01
4	0	4	2.804381e-01
4	0	5	3.561667e-01
4	0	6	3.146804e-01
4	0	7	7.925739e-01
4	0	8	9.627991e-01
4	0	9	3.015761e-01
4	1	0	8.533569e-01
4	1	1	7.222251e-01
4	1	2	6.065995e-01
4	1	3	7.553966e-01
4	1	4	5.017758e-01
4	1	5	8.448746e-01
4	1	6	6.126722e-02
4	1	7	4.655228e-01
4	1	8	9.085766e-01
4	1	9	8.001905e-01
4	2	0	2.139842e-01
4	2	1	4.898580e-01
4	2	2	8.930251e-01
4	2	3	5.268794e-01
4	2	4	8.111094e-01
4	2	5	2.075987e-01
4	2	6	2.322469e-01
4	2	7	5.112189e-01
4	2	8	2.906952e-01
4	2	9	3.973127e-01
4	3	0	2.325844e-01
4	3	1	3.258038e-01
4	3	2	8.191605e-01
4	3	3	4.735300e-01
4	3	4	8.807057e-01
4	3	5	9.959861e-02
4	3	6	8.296966e-01
4	3	7	1.953861e-01
4	3	8	8.921725e-01
4	3	9	7.924958e-01
4	4	0	4.969621e-01
4	4	1	7.455294e-01
4	4	2	5.147208e-01
4	4	3	1.035616e-01
4	4	4	5.009260e-01
4	4	5	1.649666e-02
4	4	6	9.484362e-01
4	4	7	5.621932e-01
4	4	8	4.820194e-01
4	4	9	8.570129e-01
4	5	0	3.623837e-01
4	5	1	6.960036e-01
4	5	2	3.468708e-01
4	5	3	2.554088e-01
4	5	4	2.228830e-01
4	5	5	1.579803e-01
4	5	6	4.630076e-01
4	5	7	4.551299e-01
4	5	8	6.691992e-01
4	5	9	7.537027e-01
4	6	0	8.524426e-01
4	6	1	9.017836e-01
4	6	2	7.950650e-02
4	6	3	6.716031e-01
4	6	4	3.753136e-01
4	6	5	9.602122e-01
4	6	6	7.712017e-01
4	6	7	2.050102e-01
4	6	8	1.555982e-01
4	6	9	6.633742e-01
4	7	0	9.975059e-01
4	7	1	6.525604e-01
4	7	2	4.089036e-01
4	7	3	5.122267e-01
4	7	4	7.561220e-01
4	7	5	9.098296e-01
4	7	6	5.287234e-01
4	7	7	7.045582e-01
4	7	8	4.720228e-01
4	7	9	1.074282e-02
4	8	0	5.615711e-01
4	8	1	8.344065e-01
4	8	2	7.067464e-01
4	8	3	9.084419e-01
4	8	4	8.981536e-02
4	8	5	9.296294e-01
4	8	6	6.642219e-02
4	8	7	5.528229e-01
4	8	8	3.847593e-01
4	8	9	7.356214e-01
4	9	0	3.065256e-01
4	9	1	2.372019e-01
4	9	2	6.374050e-01
4	9	3	3.860321e-01
4	9	4	9.088051e-01
4	9	5	1.271856e-02
4	9	6	3.462443e-01
4	9	7	6.800068e-01
4	9	8	2.177287e-01
4	9	9	5.018425e-01
5	0	0	3.433810e-01
5	0	1	2.152347e-01
5	0	2	1.544029e-01
5	0	3	7.522847e-01
5	0	4	7.274614e-01
5	0	5	9.105249e-01
5	0	6	6.621143e-01
5	0	7	2.561848e-01
5	0	8	6.150831e-01
5	0	9	1.341371e-01
5	1	0	2.669276e-01
5	1	1	1.766541e-01
5	1	2	9.685436e-01
5	1	3	9.736741e-01
5	1	4	8.509606e-02
5	1	5	5.835900e-02
5	1	6	9.033035e-01
5	1	7	1.515183e-01
5	1	8	6.111819e-01
5	1	9	2.880628e-01
5	2	0	8.871397e-01
5	2	1	9.177076e-01
5	2	2	5.252648e-01
5	2	3	5.245447e-01
5	2	4	3.037397e-01
5	2	5	4.340698e-01
5	2	6	5.372632e-01
5	2	7	6.499840e-01
5	2	8	1.140766e-01
5	2	9	7.549919e-01
5	3	0	1.518265e-01
5	3	1	4.574577e-01
5	3	2	9.702266e-01
5	3	3	3.062293e-01
5	3	4	2.097424e-01
5	3	5	6.976880e-01
5	3	6	2.167542e-01
5	3	7	8.718566e-01
5	3	8	9.538728e-01
5	3	9	8.318373e-01
5	4	0	5.993751e-03
5	4	1	2.208005e-01
5	4	2	8.491409e-03
5	4	3	9.745374e-01
5	4	4	1.944745e-01
5	4	5	9.358747e-02
5	4	6	3.289639e-02
5	4	7	9.777803e-02
5	4	8	2.451057e-01
5	4	9	6.440783e-01
5	5	0	3.858409e-01
5	5	1	1.322454e-01
5	5	2	5.617859e-01
5	5	3	9.111057e-01
5	5	4	6.567900e-01
5	5	5	8.655255e-01
5	5	6	3.451755e-01
5	5	7	1.940532e-01
5	5	8	5.155095e-01
5	5	9	4.592521e-01
5	6	0	9.490452e-01
5	6	1	6.673360e-01
5	6	2	9.167098e-01
5	6	3	9.192718e-01
5	6	4	9.735653e-01
5	6	5	1.264522e-01
5	6	6	6.169598e-01
5	6	7	1.903195e-01
5	6	8	9.983088e-01
5	6	9	5.708327e-01
5	7	0	2.215676e-02
5	7	1	4.302564e-03
5	7	2	7.916331e-01
5	7	3	3.064817e-02
5	7	4	9.788400e-01
5	7	5	9.861076e-01
5	7	6	1.242356e-01
5	7	7	1.173635e-02
5	7	8	8.388567e-02
5	7	9	3.693414e-01
5	8	0	6.558147e-01
5	8	1	4.697265e-01
5	8	2	5.015867e-01
5	8	3	2.176005e-01
5	8	4	3.808322e-01
5	8	5	1.583768e-01
5	8	6	8.312606e-02
5	8	7	7.260077e-01
5	8	8	3.524300e-01
5	8	9	5.986356e-01
5	9	0	1.852598e-01
5	9	1	3.014752e-01
5	9	2	2.659715e-01
5	9	3	1.019696e-01
5	9	4	2.207470e-01
5	9	5	2.395368e-01
5	9	6	2.284218e-01
5	9	7	8.377068e-01
5	9	8	4.298563e-01
5	9	9	2.267306e-01
6	0	0	4.085395e-01
6	0	1	4.520131e-01
6	0	2	2.310332e-01
6	0	3	2.001726e-01
6	0	4	4.826613e-01
6	0	5	2.098731e-01
6	0	6	1.862802e-01
6	0	7	6.068969e-01
6	0	8	2.216095e-01
6	0	9	2.701659e-01
6	1	0	9.762383e-01
6	1	1	8.774242e-01
6	1	2	7.398925e-01
6	1	3	4.778250e-01
6	1	4	9.502467e-02
6	1	5	1.207247e-01
6	1	6	6.362018e-01
6	1	7	1.781507e-01
6	1	8	8.467324e-01
6	1	9	9.886318e-01
6	2	0	7.767863e-01
6	2	1	3.199219e-02
6	2	2	2.901070e-01
6	2	3	4.275782e-02
6	2	4	1.339618e-01
6	2	5	5.108540e-01
6	2	6	2.822947e-01
6	2	7	3.623836e-01
6	2	8	3.485608e-01
6	2	9	7.121510e-01
6	3	0	5.891143e-01
6	3	1	7.571003e-01
6	3	2	1.641641e-01
6	3	3	8.201475e-01
6	3	4	9.572729e-01
6	3	5	6.468254e-01
6	3	6	3.002062e-02
6	3	7	1.435532e-01
6	3	8	2.537223e-01
6	3	9	2.516301e-01
6	4	0	4.137191e-01
6	4	1	2.299606e-01
6	4	2	1.290543e-01
6	4	3	1.536116e-01
6	4	4	7.077856e-01
6	4	5	2.240789e-01
6	4	6	2.743362e-01
6	4	7	3.439874e-01
6	4	8	4.022297e-01
6	4	9	1.210686e-01
6	5	0	3.326192e-01
6	5	1	1.790160e-01
6	5	2	1.530608e-01
6	5	3	6.227262e-01
6	5	4	2.217738e-01
6	5	5	2.870226e-01
6	5	6	1.335802e-01
6	5	7	5.040684e-01
6	5	8	6.494063e-01
6	5	9	4.821410e-01
6	6	0	2.162194e-01
6	6	1	2.385206e-01
6	6	2	2.392414e-01
6	6	3	3.803835e-01
6	6	4	5.866803e-02
6	6	5	1.965143e-01
6	6	6	2.720891e-02
6	6	7	8.868864e-02
6	6	8	3.400675e-01
6	6	9	2.809312e-01
6	7	0	3.403188e-01
6	7	1	7.537866e-01
6	7	2	5.108917e-01
6	7	3	4.693730e-01
6	7	4	9.073982e-01
6	7	5	2.186773e-01
6	7	6	6.934520e-01
6	7	7	1.817344e-01
6	7	8	5.626647e-01
6	7	9	9.568163e-02
6	8	0	3.028030e-01
6	8	1	8.952838e-01
6	8	2	2.746976e-01
6	8	3	4.558638e-01
6	8	4	5.180100e-01
6	8	5	4.964714e-01
6	8	6	7.428864e-01
6	8	7	6.515902e-01
6	8	8	5.398183e-04
6	8	9	3.922927e-01
6	9	0	1.337312e-01
6	9	1	2.167593e-01
6	9	2	6.308133e-01
6	9	3	3.729726e-01
6	9	4	5.971428e-01
6	9	5	6.894813e-01
6	9	6	5.694869e-01
6	9	7	6.243517e-01
6	9	8	7.781699e-01
6	9	9	9.095544e-01
7	0	0	9.052829e-01
7	0	1	1.184887e-01
7	0	2	6.633410e-01
7	0	3	4.161747e-01
7	0	4	5.878617e-01
7	0	5	5.707391e-01
7	0	6	6.348520e-01
7	0	7	2.813137e-01
7	0	8	7.524735e-01
7	0	9	1.975166e-01
7	1	0	3.769953e-01
7	1	1	5.527651e-02
7	1	2	9.280043e-02
7	1	3	6.516929e-01
7	1	4	5.111403e-01
7	1	5	6.108104e-01
7	1	6	1.481643e-01
7	1	7	2.540268e-01
7	1	8	2.624006e-01
7	1	9	1.487041e-01
7	2	0	6.463195e-01
7	2	1	3.961318e-01
7	2	2	3.654634e-01
7	2	3	2.771327e-01
7	2	4	7.691044e-01
7	2	5	9.626062e-01
7	2	6	9.666140e-01
7	2	7	3.385913e-01
7	2	8	5.869579e-01
7	2	9	7.447840e-01
7	3	0	2.481457e-01
7	3	1	4.922408e-01
7	3	2	8.632727e-01
7	3	3	9.114866e-01
7	3	4	9.084154e-01
7	3	5	4.511344e-01
7	3	6	4.822257e-01
7	3	7	5.432674e-01
7	3	8	7.324481e-01
7	3	9	2.346992e-01
7	4	0	7.407840e-01
7	4	1	1.094434e-01
7	4	2	2.899757e-01
7	4	3	8.335845e-01
7	4	4	7.611363e-01
7	4	5	8.011160e-01
7	4	6	4.443949e-01
7	4	7	9.093006e-01
7	4	8	5.514279e-02
7	4	9	7.067955e-01
7	5	0	5.800467e-02
7	5	1	7.014623e-01
7	5	2	1.029273e-01
7	5	3	4.234680e-01
7	5	4	9.785950e-01
7	5	5	8.720317e-01
7	5	6	3.860742e-01
7	5	7	9.452090e-01
7	5	8	2.106230e-01
7	5	9	9.730321e-01
7	6	0	6.899930e-01
7	6	1	4.587686e-01
7	6	2	4.652729e-01
7	6	3	5.532657e-01
7	6	4	3.702552e-01
7	6	5	3.736883e-01
7	6	6	4.400046e-03
7	6	7	8.524809e-01
7	6	8	9.169557e-01
7	6	9	7.368481e-01
7	7	0	8.718016e-02
7	7	1	6.577397e-01
7	7	2	8.462915e-01
7	7	3	3.771559e-01
7	7	4	4.913242e-01
7	7	5	6.074278e-01
7	7	6	1.782719e-01
7	7	7	9.357190e-01
7	7	8	5.167284e-01
7	7	9	2.334147e-01
7	8	0	6.425145e-01
7	8	1	5.747330e-01
7	8	2	9.348770e-01
7	8	3	7.454418e-01
7	8	4	9.982010e-01
7	8	5	9.134720e-01
7	8	6	6.174734e-01
7	8	7	3.842752e-01
7	8	8	8.586810e-01
7	8	9	8.280964e-01
7	9	0	3.573073e-01
7	9	1	5.486740e-01
7	9	2	2.868650e-01
7	9	3	8.225802e-01
7	9	4	1.019396e-01
7	9	5	6.571203e-01
7	9	6	1.962685e-01
7	9	7	1.063397e-01
7	9	8	5.096012e-01
7	9	9	1.132242e-01
8	0	0	8.431878e-01
8	0	1	5.967814e-01
8	0	2	7.709639e-01
8	0	3	6.894793e-01
8	0	4	9.739372e-01
8	0	5	2.622881e-01
8	0	6	2.969071e-01
8	0	7	1.522092e-01
8	0	8	1.980071e-01
8	0	9	8.136354e-01
8	1	0	3.856239e-01
8	1	1	8.405216e-01
8	1	2	3.883684e-01
8	1	3	3.205009e-01
8	1	4	5.859634e-01
8	1	5	3.865695e-01
8	1	6	2.339728e-01
8	1	7	2.034368e-01
8	1	8	7.708447e-01
8	1	9	9.265378e-02
8	2	0	3.153322e-02
8	2	1	1.281520e-01
8	2	2	6.413277e-01
8	2	3	3.183982e-01
8	2	4	9.507322e-01
8	2	5	7.432674e-01
8	2	6	9.755185e-01
8	2	7	1.470007e-01
8	2	8	8.496070e-01
8	2	9	4.851197e-01
8	3	0	2.602248e-01
8	3	1	6.927948e-01
8	3	2	8.190107e-02
8	3	3	3.118872e-02
8	3	4	3.822741e-01
8	3	5	5.583832e-02
8	3	6	2.934768e-01
8	3	7	6.791812e-01
8	3	8	2.080475e-01
8	3	9	4.914839e-01
8	4	0	4.928166e-01
8	4	1	5.936714e-01
8	4	2	3.320055e-01
8	4	3	8.811850e-01
8	4	4	9.141722e-01
8	4	5	9.179688e-01
8	4	6	2.677545e-01
8	4	7	1.481450e-01
8	4	8	1.214056e-01
8	4	9	3.859926e-02
8	5	0	2.407988e-01
8	5	1	1.529388e-01
8	5	2	1.667513e-01
8	5	3	8.821266e-01
8	5	4	4.713371e-01
8	5	5	1.174835e-01
8	5	6	6.253939e-01
8	5	7	4.468556e-01
8	5	8	2.644841e-01
8	5	9	4.750009e-01
8	6	0	9.319753e-01
8	6	1	5.247090e-01
8	6	2	1.677958e-01
8	6	3	1.387639e-02
8	6	4	5.558977e-01
8	6	5	5.500698e-01
8	6	6	6.971470e-02
8	6	7	8.493745e-01
8	6	8	2.292510e-01
8	6	9	2.777622e-01
8	7	0	3.408583e-01
8	7	1	7.220676e-01
8	7	2	8.714336e-01
8	7	3	6.728638e-01
8	7	4	6.032526e-01
8	7	5	7.856058e-01
8	7	6	5.908326e-01
8	7	7	8.710072e-01
8	7	8	9.337508e-01
8	7	9	7.122382e-01
8	8	0	9.096064e-01
8	8	1	1.745496e-01
8	8	2	8.651771e-01
8	8	3	7.635771e-02
8	8	4	5.667615e-02
8	8	5	3.365141e-01
8	8	6	1.938412e-01
8	8	7	6.820701e-01
8	8	8	7.833697e-01
8	8	9	4.583254e-01
8	9	0	1.570710e-01
8	9	1	7.153451e-01
8	9	2	9.830343e-01
8	9	3	3.248668e-01
8	9	4	7.292214e-01
8	9	5	5.389320e-01
8	9	6	8.749366e-01
8	9	7	7.989361e-01
8	9	8	3.883065e-01
8	9	9	1.041876e-01
9	0	0	7.669833e-02
9	0	1	7.291648e-01
9	0	2	8.262552e-01
9	0	3	9.481319e-01
9	0	4	4.020286e-01
9	0	5	4.295079e-01
9	0	6	7.337377e-01
9	0	7	9.928612e-01
9	0	8	3.005150e-01
9	0	9	6.674884e-01
9	1	0	7.050994e-01
9	1	1	2.101214e-01
9	1	2	8.420380e-01
9	1	3	5.702764e-01
9	1	4	2.864792e-01
9	1	5	8.987142e-01
9	1	6	9.067906e-01
9	1	7	4.803204e-01
9	1	8	5.807843e-01
9	1	9	6.901603e-01
9	2	0	9.386457e-01
9	2	1	7.378553e-01
9	2	2	4.055054e-01
9	2	3	9.216801e-01
9	2	4	6.272202e-02
9	2	5	1.347268e-01
9	2	6	4.606121e-01
9	2	7	9.376586e-01
9	2	8	9.336630e-01
9	2	9	8.489186e-01
9	3	0	4.184624e-02
9	3	1	1.036131e-02
9	3	2	5.780834e-01
9	3	3	8.681015e-01
9	3	4	9.584932e-01
9	3	5	9.801120e-01
9	3	6	2.976093e-01
9	3	7	6.922308e-01
9	3	8	9.729732e-01
9	3	9	5.981243e-01
9	4	0	3.597193e-01
9	4	1	6.780726e-01
9	4	2	8.082458e-01
9	4	3	2.017573e-01
9	4	4	2.483490e-01
9	4	5	9.472495e-02
9	4	6	1.004715e-01
9	4	7	1.551396e-01
9	4	8	5.750453e-01
9	4	9	6.812558e-01
9	5	0	8.452999e-01
9	5	1	5.136910e-01
9	5	2	4.191110e-01
9	5	3	2.508053e-01
9	5	4	4.353711e-01
9	5	5	4.818331e-01
9	5	6	3.855322e-01
9	5	7	8.959832e-01
9	5	8	4.194917e-01
9	5	9	3.191951e-01
9	6	0	7.449017e-01
9	6	1	4.613379e-01
9	6	2	3.295564e-01
9	6	3	3.229851e-01
9	6	4	3.294394e-01
9	6	5	2.880496e-01
9	6	6	3.030971e-01
9	6	7	6.270487e-01
9	6	8	9.802805e-01
9	6	9	2.760703e-01
9	7	0	2.251730e-01
9	7	1	3.399998e-01
9	7	2	9.541428e-01
9	7	3	3.341882e-02
9	7	4	5.417571e-01
9	7	5	2.024918e-01
9	7	6	1.281438e-01
9	7	7	6.422286e-01
9	7	8	3.576314e-01
9	7	9	7.031891e-01
9	8	0	3.234844e-01
9	8	1	2.029314e-01
9	8	2	2.168801e-01
9	8	3	7.425954e-01
9	8	4	4.537367e-01
9	8	5	6.522512e-01
9	8	6	2.244285e-01
9	8	7	8.392688e-01
9	8	8	5.482344e-01
9	8	9	6.439202e-01
9	9	0	1.584640e-01
9	9	1	2.931361e-01
9	9	2	1.052581e-01
9	9	3	4.880204e-01
9	9	4	6.161212e-01
9	9	5	4.346975e-01
9	9	6	7.760701e-01
9	9	7	9.192183e-01
9	9	8	6.174620e-02
9	9	9	7.563505e-01
