-1.402514e-01	2.230057e-02	7.358309e-03	2.199113e-02	5.541851e-02	-7.721845e-02	-4.053047e-02	5.376502e-02	2.383429e-02	6.651866e-02
-1.215125e-01	5.532913e-02	-8.253304e-03	1.528628e-02	1.719124e-02	-4.983059e-02	-2.230006e-02	1.792255e-02	3.381734e-02	6.504399e-02
-8.401616e-02	5.467727e-02	-1.661216e-02	-2.236667e-03	5.590766e-02	-7.645612e-02	-4.390705e-02	3.134564e-03	2.586581e-02	7.864183e-02
-1.035529e-01	8.818410e-02	-6.730078e-03	-6.230416e-03	6.703985e-02	-8.964347e-02	-3.213364e-02	1.870408e-02	-4.054829e-02	9.664159e-02
-1.057236e-01	7.409511e-02	3.422354e-03	4.910841e-02	5.517959e-02	-1.160643e-01	-2.147720e-02	3.400837e-02	-4.440083e-02	6.789040e-02
-8.588577e-02	6.148188e-02	-1.302817e-02	3.567838e-02	2.942604e-02	-6.058448e-02	2.641263e-02	-9.910734e-03	-2.477322e-02	6.145936e-02
-7.168983e-02	4.029258e-02	-2.873773e-02	1.806053e-02	5.855835e-02	-6.842417e-02	5.261765e-02	-3.011920e-03	-3.605987e-02	6.117261e-02
-9.076187e-02	5.783577e-02	-4.419870e-02	3.093207e-02	6.128928e-02	-5.817931e-02	5.468757e-02	1.158776e-02	-6.020123e-02	5.990859e-02
-8.766659e-02	1.628350e-02	-3.237069e-02	8.943602e-02	7.804569e-02	-8.353800e-02	4.862297e-02	1.772511e-02	-5.903334e-02	3.233985e-02
-8.293136e-02	-4.534693e-03	-4.396145e-02	7.493920e-02	5.422886e-02	-2.356953e-02	6.906210e-02	-3.789865e-02	-9.828905e-03	4.128773e-02
-8.571134e-02	-2.509506e-02	-5.584194e-02	4.422525e-02	9.447574e-02	-4.274389e-02	7.579973e-02	-1.556053e-02	-1.239619e-02	5.684699e-02
-1.103317e-01	-2.911636e-02	-7.205604e-02	5.728326e-02	1.066900e-01	-1.200119e-02	6.557401e-02	-2.460343e-05	-2.618804e-02	4.965236e-02
-9.001635e-02	-7.762215e-02	-6.228216e-02	1.262248e-01	1.009657e-01	-1.864540e-02	4.560386e-02	-3.894170e-04	5.298525e-04	4.793727e-03
-7.393623e-02	-6.894138e-02	-7.190363e-02	9.829662e-02	5.647495e-02	3.367461e-02	6.639628e-02	-3.726287e-02	4.153905e-02	3.853988e-03
-4.927351e-02	-6.546189e-02	-8.846841e-02	5.438111e-02	9.112823e-02	2.233639e-02	6.926704e-02	-2.090502e-02	4.053999e-02	-3.360368e-03
-6.591313e-02	-3.538597e-02	-1.056100e-01	5.947860e-02	9.792584e-02	3.945657e-02	4.046294e-02	4.637860e-03	2.141910e-02	-1.420929e-02
-4.545370e-02	-6.767013e-02	-8.256301e-02	1.184014e-01	1.066755e-01	-8.454453e-05	-6.449247e-03	8.613087e-03	2.787784e-02	-2.620560e-02
-3.183971e-02	-6.451489e-02	-8.955401e-02	9.738726e-02	6.325763e-02	6.123981e-02	2.103227e-02	-5.434118e-02	7.203822e-02	-2.011881e-02
-2.671707e-02	-7.477641e-02	-7.270837e-02	2.776423e-02	1.168232e-01	3.074107e-02	2.728307e-02	-2.870902e-02	4.431239e-02	5.276355e-03
-4.472316e-02	-4.489253e-02	-8.282690e-02	3.611200e-02	1.173000e-01	4.588936e-02	6.940576e-03	-9.877565e-03	1.129936e-02	6.560089e-03
-2.214623e-02	-9.582677e-02	-5.082863e-02	8.858004e-02	1.357515e-01	8.874264e-03	-3.713546e-02	-1.432024e-02	1.249736e-02	3.634481e-03
-2.074847e-02	-1.035353e-01	-5.377749e-02	6.663423e-02	9.533024e-02	5.638074e-02	-1.218443e-02	-6.495093e-02	5.143075e-02	3.275526e-02
-1.250493e-03	-1.217184e-01	-4.780322e-02	-3.079348e-04	1.448689e-01	3.604532e-02	1.167319e-06	-3.481992e-02	3.086690e-02	4.011065e-02
-4.695005e-02	-9.482121e-02	-5.472111e-02	1.061418e-02	1.381255e-01	5.517085e-02	-7.569486e-03	5.727204e-03	-8.791094e-03	4.454905e-02
-7.379980e-03	-1.276414e-01	-2.358313e-02	5.781045e-02	1.039927e-01	1.082413e-03	-2.795766e-02	4.008950e-02	-1.581893e-02	3.095052e-02
1.024586e-02	-1.226341e-01	-4.425108e-02	3.103517e-02	3.960919e-02	6.373226e-02	-4.039445e-03	-7.605876e-03	4.060152e-02	4.625674e-02
3.356958e-02	-1.381727e-01	-6.011794e-02	-3.024109e-02	8.285870e-02	2.953327e-02	2.852525e-03	2.611810e-02	3.539431e-02	6.549519e-02
6.924001e-04	-1.034758e-01	-9.011776e-02	-3.475760e-04	6.862698e-02	4.368899e-02	-1.220594e-02	5.186319e-02	5.877907e-03	7.312613e-02
2.446446e-02	-1.510088e-01	-6.723360e-02	6.708292e-02	5.785869e-02	-1.213511e-02	-3.554444e-02	6.858930e-02	5.052046e-03	6.740597e-02
4.054328e-02	-1.417126e-01	-1.068816e-01	5.250049e-02	-6.140946e-04	4.776685e-02	-1.871794e-02	2.484024e-03	7.818634e-02	9.186394e-02
8.213950e-02	-1.356965e-01	-1.339004e-01	-8.225298e-03	6.568371e-02	9.428524e-03	-2.550079e-02	2.077590e-02	5.794011e-02	1.059124e-01
5.230253e-02	-7.894649e-02	-1.682159e-01	2.809166e-02	6.528784e-02	2.619120e-02	-3.959003e-02	3.283348e-02	2.328947e-02	9.143194e-02
