6.002470e-01	1.170054e+00	6.068135e-01	7.954229e-01	7.386317e-01	-3.889041e-01	1.185197e+00	4.053749e-01	6.720407e-01	1.804333e-01
7.736251e-01	9.399059e-01	1.342840e+00	7.203352e-01	3.582854e-01	4.486589e-01	4.279743e-01	8.231366e-01	3.685214e-02	-1.093916e+00
5.557197e-01	7.846232e-01	1.970477e-01	5.510346e-01	6.173671e-01	-3.412839e-01	1.333437e+00	6.970191e-01	9.694815e-01	3.328877e-01
2.908232e-01	2.983545e-02	3.132899e-01	4.362478e-01	2.261469e-01	6.198477e-01	7.929624e-01	9.556261e-01	7.480308e-01	7.525019e-01
6.979074e-01	4.769077e-01	3.056984e-01	9.266628e-01	-2.038203e-03	-6.606647e-01	1.292419e+00	9.933414e-01	5.248844e-01	7.269013e-01
8.210397e-01	4.581726e-01	6.175129e-01	2.379418e-01	1.693348e-02	4.994657e-01	7.205167e-01	4.250180e-01	8.135804e-01	2.887826e-01
-2.233665e-01	6.517437e-01	1.124027e+00	1.286471e+00	2.465110e-02	-5.664250e-01	1.475966e+00	9.335996e-01	1.196205e+00	-3.624868e-01
9.006769e-01	8.643644e-01	8.294874e-01	-8.512573e-02	6.335453e-01	2.607683e-01	7.941425e-01	4.820093e-01	-3.040335e-01	2.563545e-01
-1.354081e-01	1.723643e+00	-8.200633e-01	1.023607e+00	1.031332e+00	1.421193e+00	4.465960e-01	1.099617e+00	4.182973e-01	3.007578e-01
9.997725e-01	-4.603851e-02	6.750731e-02	6.758545e-01	8.219149e-01	1.293633e-01	3.317143e-01	8.113762e-01	9.724933e-01	4.484325e-01
9.474700e-01	2.537833e-01	3.403171e-01	6.665187e-01	9.031307e-01	2.661593e-01	6.876134e-01	7.142999e-01	6.637163e-01	3.352487e-01
7.428322e-01	1.084660e+00	1.972635e-01	5.486272e-01	6.628283e-01	-6.264124e-01	1.419682e+00	4.969886e-01	6.496060e-01	4.445152e-01
-3.942108e-02	7.698584e-01	4.685999e-01	3.911484e-01	2.881274e-01	-6.192059e-02	4.022266e-02	5.029597e-01	5.395785e-01	1.341710e+00
3.154313e-01	7.012565e-01	6.329738e-02	7.066277e-01	6.792572e-01	-5.112805e-02	7.925333e-01	7.029529e-01	9.899353e-01	4.353813e-01
4.763208e-01	8.183205e-01	2.045269e+00	1.703128e-01	2.662787e-01	6.360394e-01	1.912394e+00	6.318471e-01	1.046074e+00	-1.133950e-01
6.567887e-01	6.400250e-01	4.670972e-01	6.589159e-01	2.521929e-01	-1.465068e-01	1.285573e+00	7.109845e-01	1.022816e+00	2.445447e-01
5.025105e-01	5.990278e-01	5.169553e-02	6.952264e-01	4.127306e-01	-4.019887e-02	9.156773e-01	7.037316e-01	1.028154e+00	4.247724e-01
9.765714e-01	8.311706e-01	9.048530e-01	7.205601e-02	5.855778e-01	4.379083e-01	7.490648e-01	6.301765e-01	-2.389998e-01	1.077652e-01
6.283810e-01	8.126363e-01	3.843288e-01	6.881098e-01	5.642542e-01	-3.172085e-01	1.343600e+00	8.298060e-01	9.229224e-01	2.135909e-01
-3.552308e-02	1.044097e+00	4.449482e-01	3.158300e-01	-2.210579e-02	6.018194e-01	1.469510e+00	1.439241e+00	4.930473e-01	1.206749e-01
3.613315e-01	9.390078e-01	1.450891e-01	6.215215e-01	6.955451e-01	-1.175618e-01	8.514943e-01	4.627478e-01	9.502348e-01	3.613635e-01
5.981977e-01	3.040352e-01	-2.015809e-01	4.213504e-02	8.926631e-01	1.231054e-01	9.843158e-01	7.105027e-01	2.101220e-01	1.534638e+00
5.801184e-02	1.698498e+00	-8.590836e-01	6.865647e-01	1.107740e+00	1.508098e+00	5.131331e-01	9.800270e-01	6.194286e-01	2.411207e-01
7.957660e-01	5.138588e-01	-2.107693e-01	1.112433e-01	8.268540e-01	2.211910e-01	9.896416e-01	7.057352e-01	2.892077e-01	1.245649e+00
2.448955e-01	9.767388e-01	2.410713e-01	1.251554e-01	5.328084e-01	5.893646e-01	1.494642e+00	1.325717e+00	6.758695e-01	-9.553916e-03
6.035270e-01	4.409235e-01	-2.394420e-01	7.911917e-02	9.226276e-01	1.260937e-01	9.019013e-01	7.501788e-01	2.405857e-01	1.650385e+00
8.607952e-02	1.126306e+00	3.320212e-01	3.060455e-02	4.390014e-01	6.578444e-01	1.321542e+00	1.153527e+00	5.391971e-01	2.240812e-01
1.024145e+00	5.219431e-01	2.281331e-01	3.007689e-01	4.032785e-01	4.012886e-01	4.595165e-01	6.289728e-01	1.007716e+00	-1.113383e-01
1.014671e+00	4.142914e-01	8.425721e-01	-1.111240e-01	-5.412225e-01	8.960912e-01	1.486402e+00	5.185358e-01	6.641338e-01	8.925884e-01
1.002608e+00	5.494365e-03	2.580218e-01	3.424723e-01	-4.241964e-01	5.426432e-01	1.332871e+00	6.952006e-01	9.572986e-01	1.381911e+00
-1.374345e-01	1.617571e+00	-8.040087e-01	9.523421e-01	1.019725e+00	1.419713e+00	4.603918e-01	1.080482e+00	4.181669e-01	3.258844e-01
7.764677e-01	8.518738e-01	6.598204e-01	8.393774e-01	3.447404e-01	-2.918625e-01	1.405298e+00	8.684965e-01	3.422592e-01	2.717897e-01
9.367588e-01	6.025841e-01	3.243242e-01	1.919376e+00	1.670614e-01	-2.555294e-01	1.666984e+00	1.654889e-01	6.007894e-01	-1.046165e-02
5.881979e-01	1.192713e+00	1.296522e-01	5.779069e-01	7.239873e-01	2.343854e-01	9.060825e-01	3.467781e-01	1.181816e+00	4.799603e-01
1.314900e+00	2.713990e-01	3.699578e-01	2.379159e-01	1.989852e-01	7.006353e-01	4.789399e-01	9.004275e-01	6.349498e-01	-2.564927e-01
6.231250e-01	2.261118e-01	5.027980e-01	5.567230e-01	6.153688e-01	-1.925912e-01	6.054223e-01	6.283763e-01	9.483224e-01	3.554249e-01
6.735360e-01	3.104356e-01	-2.630831e-01	1.547883e-01	8.070600e-01	6.206916e-02	8.841145e-01	6.673161e-01	6.178547e-02	1.682048e+00
2.738737e-01	-2.127993e-01	2.880772e-01	5.079581e-01	2.170031e-01	5.700000e-01	8.129419e-01	8.333511e-01	7.394723e-01	8.585937e-01
-8.602353e-02	1.622188e+00	-8.441032e-01	8.632366e-01	1.070472e+00	1.454805e+00	4.157040e-01	1.209888e+00	4.650026e-01	3.323102e-01
6.298832e-01	3.788321e-01	-1.769493e-01	5.888710e-02	8.812404e-01	1.398769e-01	9.619124e-01	6.765857e-01	2.449028e-01	1.519240e+00
-4.795006e-02	2.007593e+00	4.879070e-01	6.656731e-01	8.047229e-01	1.319628e-01	1.314105e+00	5.881245e-01	8.234107e-01	-1.413679e-01
2.415045e-01	9.926895e-01	2.261799e-01	1.809161e-01	3.811776e-01	5.586100e-01	1.482280e+00	1.290828e+00	4.939803e-01	1.888976e-01
6.383912e-01	8.425508e-01	5.825352e-01	7.627296e-01	3.019706e-01	-3.614980e-01	1.485460e+00	8.221839e-01	4.829658e-01	2.915714e-01
6.549600e-01	7.776726e-01	3.891834e-01	7.035068e-01	5.234792e-01	-1.349559e-01	1.460707e+00	7.578212e-01	7.159830e-01	1.897253e-01
6.840467e-01	1.375465e+00	-1.476254e-01	1.719322e-01	9.089250e-01	-2.219785e-01	1.676547e+00	6.105553e-01	1.786979e+00	8.059947e-01
7.697817e-01	4.661391e-01	-8.544904e-02	4.951844e-01	2.351399e-01	-3.069971e-02	1.164097e+00	1.054636e+00	8.372560e-01	5.913271e-01
7.582482e-01	1.084717e+00	1.325528e-01	5.771915e-01	7.911163e-01	2.061300e-01	8.656166e-01	8.760555e-01	1.063260e+00	4.364501e-01
3.768181e-01	-8.745372e-01	5.562108e-01	9.568547e-01	3.862597e-03	-1.033226e+00	2.092123e+00	4.327313e-01	8.854436e-01	1.269981e+00
7.430201e-01	5.841420e-01	1.094591e+00	6.224897e-01	5.159998e-01	1.389426e-01	4.614584e-02	1.026507e+00	3.434642e-01	-5.200799e-01
1.020386e+00	1.411971e-01	4.244968e-01	2.902070e-01	-2.967898e-01	4.559147e-01	1.175024e+00	6.282931e-01	8.886002e-01	1.133265e+00
4.684631e-01	8.067522e-02	4.996269e-01	5.530195e-01	-1.006325e-01	8.468080e-01	7.008653e-01	8.598542e-01	5.309849e-01	7.408640e-01
6.068825e-01	8.518076e-01	4.151165e-01	7.457974e-01	5.120561e-01	-2.131893e-01	1.408582e+00	7.880782e-01	7.427319e-01	3.153138e-01
9.592181e-01	3.630262e-01	5.499379e-01	5.125125e-01	4.343212e-01	3.494707e-01	4.456575e-01	7.991251e-01	6.470370e-01	3.607918e-01
1.229677e+00	2.921177e-01	5.477623e-01	1.753066e-01	1.572001e-01	7.173052e-01	5.815312e-01	5.506101e-01	6.909395e-01	2.250302e-02
2.533494e-01	1.124470e+00	2.510258e-01	2.111794e-01	3.501891e-01	6.171258e-01	1.355173e+00	1.265008e+00	4.904744e-01	7.857509e-02
4.456175e-01	7.355199e-01	5.868878e-01	7.313958e-01	4.153426e-01	-1.680088e-01	1.400854e+00	7.950546e-01	6.230480e-01	2.585872e-01
-6.609452e-01	1.325945e+00	5.919823e-02	1.326585e+00	3.073096e-01	1.105001e-01	1.729732e+00	6.388026e-01	1.126851e+00	3.965637e-01
4.395933e-01	2.744363e-01	3.529517e-01	6.003630e-01	2.057753e-01	-1.435788e-01	6.912287e-01	9.488557e-01	8.784144e-01	5.070522e-01
6.191895e-01	1.244137e+00	6.458768e-01	8.823907e-01	9.219527e-01	-5.427767e-01	1.110263e+00	4.069359e-01	5.296072e-01	3.160294e-01
6.901795e-01	4.753634e-01	2.655048e-01	1.027042e+00	3.688636e-02	-6.938476e-01	1.257056e+00	9.710369e-01	5.199981e-01	6.718051e-01
6.278284e-01	6.000105e-01	-1.671739e-01	2.316710e-01	3.618234e-01	7.443457e-03	1.430138e+00	1.254919e+00	1.068196e+00	2.156486e-01
8.456596e-01	1.373642e+00	3.897514e-02	4.159053e-01	6.278663e-01	1.840933e-01	9.233853e-01	4.423499e-01	1.318012e+00	2.697007e-01
4.598916e-01	4.451885e-01	2.950964e-01	7.922990e-01	3.410593e-01	-2.068891e-01	6.423989e-01	6.871373e-01	9.166948e-01	4.826627e-01
8.971781e-01	8.936894e-01	9.296163e-01	6.306299e-02	6.149487e-01	5.236922e-01	6.997922e-01	5.208871e-01	-1.151486e-01	1.131031e-01
5.814983e-01	1.071123e+00	6.932283e-01	9.407330e-01	7.904748e-01	-5.590221e-01	1.236838e+00	5.047707e-01	5.782738e-01	2.793641e-01
8.822332e-01	6.796663e-01	-3.565817e-02	1.843423e-01	8.303313e-01	3.813472e-01	5.244341e-01	9.948511e-01	5.708957e-01	6.731448e-01
1.121131e+00	5.818460e-01	5.119482e-01	4.667900e-01	2.682112e-01	4.641110e-01	5.619057e-01	7.593794e-01	7.759709e-01	-3.130138e-01
1.033335e+00	7.688382e-01	4.462041e-01	6.450423e-01	1.023829e+00	1.034741e-01	9.524693e-01	8.172547e-01	7.510341e-01	-4.925227e-01
7.254911e-01	4.837411e-01	6.278706e-01	8.565954e-01	4.089423e-01	-4.262865e-01	1.583173e+00	6.629082e-01	1.048775e+00	1.415874e-01
7.210024e-01	9.165916e-01	7.241829e-01	3.452285e-01	8.586811e-01	4.681386e-01	2.984862e-01	7.594946e-01	4.207040e-01	-6.260495e-02
6.537036e-01	1.333563e+00	1.544024e-01	5.863985e-01	5.923363e-01	2.589468e-01	9.447235e-01	5.667681e-01	1.290786e+00	1.719928e-01
8.619450e-01	2.716801e-01	6.379167e-01	2.429123e-01	3.636302e-01	3.647683e-01	5.811875e-01	1.576307e-01	6.647303e-01	8.224337e-01
3.265908e-01	1.329623e-01	4.859609e-01	6.244823e-01	7.415958e-02	7.072791e-01	7.323451e-01	9.402954e-01	7.099360e-01	6.624081e-01
9.012122e-01	2.502071e-01	4.980794e-01	1.401760e-01	-6.117916e-01	8.157230e-01	1.616818e+00	4.960921e-01	7.065059e-01	1.360308e+00
6.833208e-01	3.667795e-01	2.479446e-02	6.852252e-01	4.807377e-01	-3.657322e-01	1.387275e+00	7.242738e-01	7.632986e-01	4.125568e-01
8.401019e-01	3.285659e-01	6.390751e-01	5.353644e-01	3.731989e-01	5.027076e-01	3.968696e-01	7.138291e-01	7.661264e-01	-2.250435e-01
2.821669e-01	2.540645e-01	5.400603e-01	5.968595e-01	-6.627333e-02	7.280585e-01	7.281058e-01	9.618592e-01	9.016480e-01	6.566360e-01
6.849212e-01	3.844875e-01	-1.329988e-01	1.130667e-01	8.537972e-01	5.782301e-02	9.391654e-01	7.299583e-01	1.680417e-01	1.556021e+00
8.202951e-01	8.761601e-01	9.028987e-01	-6.597943e-02	6.239012e-01	4.271968e-01	7.944175e-01	6.103570e-01	-1.423132e-01	1.017915e-01
3.388289e-01	5.155127e-01	9.771892e-01	9.778938e-01	2.157406e-02	-5.676940e-01	1.884613e+00	4.094790e-01	1.269913e+00	-6.342838e-02
5.952848e-01	5.134209e-01	1.846787e-01	9.554822e-01	3.376397e-02	-7.141504e-01	1.255527e+00	9.561257e-01	6.150638e-01	6.409715e-01
1.134398e+00	4.386816e-01	1.881537e-01	2.488928e-01	4.576555e-01	5.147298e-01	4.725960e-01	6.602612e-01	9.476970e-01	2.600954e-01
1.076839e+00	2.491628e-01	5.805469e-01	1.603094e-01	-5.585483e-01	6.385468e-01	1.364837e+00	6.321215e-01	6.956266e-01	1.300946e+00
1.784395e-01	7.323960e-02	3.373264e-01	5.205698e-01	3.367670e-01	6.128777e-01	7.169736e-01	8.783648e-01	7.901355e-01	6.902535e-01
6.852312e-01	8.012421e-01	3.597348e-01	6.326469e-01	5.018411e-01	-1.314198e-01	1.164530e+00	6.130140e-01	8.843660e-01	3.305702e-01
7.139405e-01	4.353805e-01	2.654963e-01	9.816626e-01	8.651621e-02	-5.904217e-01	1.202678e+00	9.604514e-01	5.089555e-01	6.742463e-01
6.853745e-01	1.025148e-01	5.080415e-01	-2.403769e-01	-7.024889e-01	5.014866e-01	1.320386e+00	6.063414e-01	5.647589e-01	1.693926e+00
1.056087e+00	8.743043e-01	9.176810e-01	7.198362e-02	5.958098e-01	4.273291e-01	6.667104e-01	6.659747e-01	-1.803878e-01	9.721425e-02
1.321053e+00	9.669059e-02	3.261105e-02	9.732873e-01	7.436424e-02	1.252397e-01	1.959695e+00	2.326210e+00	7.549471e-01	2.813701e-01
8.674451e-01	4.413987e-01	1.609288e-01	-6.895070e-02	7.733224e-01	4.231816e-01	3.490340e-01	9.069710e-01	6.576214e-01	7.344735e-01
8.044448e-01	8.318872e-01	8.803220e-01	-8.289813e-02	6.178521e-01	4.716350e-01	8.400633e-01	4.284543e-01	-1.198713e-01	5.864702e-02
1.061469e+00	6.144077e-01	9.719392e-01	5.342778e-01	5.730869e-01	-2.518741e-03	4.498759e-01	8.241230e-01	1.022960e+00	-3.131426e-01
1.001519e+00	1.510615e+00	1.865369e-01	4.473760e-01	3.871785e-01	1.811224e-01	8.134359e-01	5.733720e-01	1.334025e+00	5.958801e-02
1.176897e+00	-2.459973e-01	8.281284e-01	1.599727e-01	3.492305e-01	2.736004e-01	1.046771e+00	3.598770e-01	9.017274e-02	8.550325e-01
1.695785e-01	9.197995e-01	2.052141e-01	2.319050e-01	3.657889e-01	4.875063e-01	1.511854e+00	1.286006e+00	4.824051e-01	2.584039e-01
8.109909e-01	2.946390e-01	6.579883e-01	4.356848e-01	5.692920e-01	1.940684e-01	6.816989e-01	6.772877e-01	6.947093e-01	5.726028e-01
1.025983e+00	5.795008e-01	8.938225e-01	6.389296e-01	2.733002e-01	-1.231322e-01	2.064024e+00	6.629737e-01	1.111310e+00	-1.143157e-02
1.006720e+00	2.881992e-01	4.825434e-01	4.844294e-02	-6.388464e-01	4.979160e-01	1.541733e+00	6.345319e-01	7.900679e-01	1.325790e+00
7.607392e-01	4.519666e-01	-1.115412e-01	2.260505e-01	1.059449e+00	1.988440e-01	1.015608e+00	8.349835e-01	3.386910e-01	1.168130e+00
7.243916e-01	8.210839e-01	3.302075e-01	7.242071e-01	8.720090e-01	-3.132006e-01	1.417725e+00	5.861236e-01	5.742394e-01	2.111571e-01
9.573394e-01	4.594099e-01	1.980197e-01	3.767916e-01	7.006627e-01	1.763686e-01	7.127187e-01	6.401685e-01	1.162425e+00	2.767190e-01
1.401250e-01	1.086312e+00	2.441135e-01	-1.044168e-01	5.353863e-01	6.906247e-01	1.304458e+00	1.191676e+00	4.624641e-01	3.191281e-01
6.749594e-01	2.445616e-01	3.404540e-01	7.434118e-01	1.108951e-01	3.478759e-02	8.969060e-01	8.855248e-01	8.004824e-01	6.146827e-01
7.187404e-01	6.569703e-01	1.858750e-01	5.814141e-01	5.299694e-01	-2.996709e-01	1.450548e+00	8.017246e-01	8.634775e-01	4.115916e-01
3.707359e-01	9.755512e-01	9.886998e-02	1.257336e+00	4.813812e-01	-5.610609e-01	9.899635e-01	7.060595e-01	6.027572e-01	2.306439e-01
1.109219e+00	-2.548241e-02	4.411948e-01	3.530887e-01	1.876276e-01	4.897931e-01	7.394486e-01	1.339398e-01	1.045503e+00	3.694843e-01
9.860271e-01	2.865623e-01	7.470170e-01	2.405443e-01	6.393092e-01	7.219512e-01	6.515750e-01	3.540595e-01	5.742759e-01	1.951437e-01
1.340414e-02	9.292357e-01	8.004655e-01	2.941333e-01	6.756134e-01	6.728634e-01	1.127743e+00	7.446183e-01	6.541364e-01	4.468652e-01
2.690917e-01	-1.610542e-01	3.183627e-01	8.539917e-01	8.791604e-01	-7.106004e-01	7.984812e-01	5.264073e-01	1.247034e+00	1.856216e-01
-5.390120e-01	1.371360e+00	1.616204e-02	1.487650e+00	6.086638e-01	-3.703845e-02	1.099012e+00	7.132866e-01	1.070900e+00	5.399941e-02
8.573381e-01	4.063917e-01	7.517833e-01	5.358543e-01	8.109249e-02	3.636438e-01	2.409883e-01	8.402244e-01	8.099903e-01	-4.523130e-01
2.321840e-01	7.607655e-01	1.061047e+00	8.005423e-01	8.838904e-01	1.413347e-01	6.951390e-01	4.086997e-01	3.433313e-01	-1.483144e-01
6.510566e-01	5.490065e-01	2.831864e-01	6.010423e-01	3.585344e-01	-2.030339e-01	1.325209e+00	7.232924e-01	9.405896e-01	3.145266e-01
5.126887e-01	1.114202e+00	-1.388082e-01	2.669584e-01	6.075507e-01	4.963998e-01	8.531586e-01	7.950157e-01	1.491447e+00	3.344674e-01
3.992847e-01	-8.063537e-02	3.680117e-01	5.655771e-01	2.049822e-01	6.926120e-01	6.947179e-01	7.871154e-01	7.475699e-01	8.151409e-01
7.248229e-01	1.142444e-01	6.470923e-01	1.649443e-01	-7.103994e-01	5.530218e-01	1.342838e+00	4.059244e-01	1.963056e-01	1.769512e+00
9.740282e-01	4.118491e-01	-1.223055e-01	1.255593e-01	2.991898e-01	2.275572e-01	1.753354e+00	1.712304e+00	1.458947e+00	2.230438e-01
7.084041e-01	-4.032020e-01	5.242098e-01	-4.239419e-01	1.985858e-01	6.631138e-01	7.721839e-01	-4.214948e-01	3.511369e-01	1.825804e+00
6.645119e-01	7.201561e-01	3.143274e-01	6.298751e-01	6.167102e-01	-2.504349e-01	1.333779e+00	7.913639e-01	9.623088e-01	2.823856e-01
5.828880e-01	6.863834e-01	1.050158e-01	6.730773e-01	3.262504e-01	-1.859087e-01	9.181927e-01	5.709722e-01	1.047373e+00	4.029396e-01
7.097808e-01	6.314975e-01	4.477922e-01	8.367925e-01	6.418318e-01	-4.713764e-01	1.510590e+00	7.538718e-01	2.752870e-01	3.244532e-01
1.278317e+00	-1.445599e-01	1.738185e-01	8.442328e-01	3.152242e-01	5.466715e-02	1.731297e+00	1.785062e+00	9.180188e-01	4.344467e-01
7.950221e-03	1.861389e+00	3.013407e-01	8.995370e-01	1.725657e-01	1.551727e-01	2.119788e+00	8.268060e-01	9.139835e-01	-3.832487e-01
1.780801e-01	7.223549e-01	1.133567e-01	2.035553e-01	1.260885e+00	9.485057e-02	5.335932e-01	9.448407e-01	3.512663e-01	1.698486e+00
7.043083e-01	4.061156e-01	2.268535e-01	7.469529e-01	1.923043e-01	-2.044657e-01	7.356559e-01	1.204441e+00	8.730580e-01	3.407720e-01
5.710112e-01	1.211859e+00	6.288636e-01	8.133645e-01	7.200865e-01	-3.817186e-01	1.152943e+00	3.731648e-01	5.865827e-01	2.037448e-01
8.860273e-01	8.437958e-01	9.401649e-01	1.929970e-01	6.553300e-01	2.929991e-01	8.036883e-01	7.140643e-01	-2.245233e-01	3.632740e-01
1.273134e+00	5.025976e-04	3.661199e-01	3.152055e-01	-6.394333e-01	4.646855e-01	1.668597e+00	7.317799e-01	7.603640e-01	1.348181e+00
9.525973e-01	6.260796e-01	7.498136e-01	5.732126e-01	-4.255632e-01	-7.229299e-01	1.537842e+00	1.052758e+00	6.051351e-01	6.688426e-01
8.194495e-01	3.264879e-01	6.128572e-01	5.095317e-01	3.405955e-01	2.439779e-01	6.447233e-01	6.585079e-01	4.980432e-01	7.204174e-01
7.497439e-01	4.659413e-01	3.544061e-01	9.932297e-01	3.790873e-02	-6.727169e-01	1.254595e+00	9.538998e-01	4.882349e-01	7.015649e-01
6.811098e-01	3.519920e-01	-2.074931e-01	9.602742e-02	8.182576e-01	1.518025e-01	9.701706e-01	7.251124e-01	1.794153e-01	1.504658e+00
4.828182e-01	-1.656459e-01	6.651368e-01	-3.946738e-02	2.830431e-02	8.013593e-02	4.313695e-01	5.537025e-01	9.326708e-02	1.616010e+00
6.394262e-01	6.081715e-01	2.023991e-01	4.293699e-01	1.068433e-01	5.154713e-01	1.704835e+00	1.404075e+00	5.168182e-01	2.260208e-01
1.153092e+00	6.464384e-01	4.604792e-01	9.829596e-01	2.715162e-01	-2.382260e-02	8.647652e-01	6.688477e-01	9.916426e-01	3.707173e-01
8.183987e-01	9.542199e-01	3.971959e-01	7.212028e-01	1.003817e+00	-5.170593e-01	1.422917e+00	4.361298e-01	6.712976e-01	3.712644e-01
6.509409e-01	9.881489e-01	5.103118e-01	6.252344e-01	6.846007e-01	-2.739439e-01	1.235824e+00	3.726452e-01	6.756639e-01	1.763417e-01
6.010752e-01	1.160637e+00	6.185784e-01	8.071156e-01	6.881001e-01	-4.420334e-01	1.184423e+00	4.250820e-01	6.073500e-01	1.293345e-01
1.166973e+00	-1.149595e-01	3.427062e-01	-1.773100e-01	-2.037106e-01	4.386287e-01	2.289169e-01	-3.177454e-01	7.591252e-01	9.463763e-01
5.380304e-01	-6.455787e-02	4.002407e-01	4.004922e-01	-1.598218e-01	7.463403e-01	9.216771e-01	2.290770e-01	5.748024e-01	1.175608e+00
4.164141e-01	-6.995665e-03	4.418927e-01	5.822322e-01	-4.515367e-03	7.128088e-01	7.450891e-01	9.932801e-01	7.360391e-01	5.868569e-01
-3.072031e-01	1.172541e+00	3.379335e-01	-7.567357e-01	2.188495e-01	1.288039e+00	1.555461e+00	1.030536e+00	4.502621e-01	1.023094e-01
6.260485e-01	3.377391e-01	3.675025e-01	8.766913e-01	1.410727e-01	-3.425313e-01	6.157600e-01	9.535978e-01	8.422364e-01	5.004533e-01
5.123818e-01	5.382243e-01	-4.094449e-01	-2.949194e-02	1.015488e+00	2.783909e-02	9.073338e-01	5.584688e-01	1.842612e-01	1.822809e+00
8.557247e-01	6.482041e-01	2.200967e-01	7.185158e-01	5.172696e-01	-3.468376e-01	1.488451e+00	8.542258e-01	8.628608e-01	2.669115e-01
5.007333e-01	-6.059110e-02	4.999140e-01	6.410508e-01	1.315709e-01	8.430701e-01	7.497797e-01	8.254759e-01	5.723699e-01	7.146770e-01
6.404396e-01	8.040433e-01	2.307695e-01	6.051660e-01	5.939848e-01	-2.771510e-01	1.364109e+00	7.528646e-01	9.629769e-01	2.649205e-01
6.236617e-01	1.096434e+00	5.510117e-01	8.022765e-01	8.603352e-01	-3.636972e-01	1.266650e+00	4.918280e-01	5.114536e-01	3.097720e-01
5.866749e-01	3.490742e-01	-3.344979e-01	4.634004e-01	1.293419e+00	-1.078498e-01	1.063408e+00	1.026794e+00	4.897860e-02	1.321995e+00
1.147869e+00	1.417263e-01	-1.504040e-01	5.563698e-01	8.613100e-01	-8.352959e-01	1.057794e+00	5.814361e-01	9.071526e-01	3.777468e-01
4.381512e-01	1.060831e+00	5.309923e-01	8.673017e-01	5.454979e-01	-5.335814e-01	1.314833e+00	7.115820e-01	3.129575e-01	1.439278e-01
7.037266e-01	3.899150e-01	-1.949346e-01	4.053167e-01	1.313216e+00	-2.823550e-02	1.049645e+00	1.164034e+00	2.641400e-01	1.253663e+00
6.164738e-01	9.656572e-01	4.694526e-01	7.735573e-01	6.735403e-01	-3.657164e-01	1.213740e+00	3.639261e-01	7.147473e-01	3.793382e-01
6.302891e-01	7.875387e-01	4.065167e-01	7.227075e-01	5.952074e-01	-2.642840e-01	1.398140e+00	8.522910e-01	9.393302e-01	3.674227e-01
5.495113e-01	8.002549e-01	2.494879e-01	6.127302e-01	5.788717e-01	-2.869916e-01	1.401725e+00	7.376182e-01	8.364374e-01	1.815736e-01
1.073172e+00	3.180013e-01	5.559168e-02	4.658189e-02	9.663265e-01	6.000428e-01	8.137747e-01	7.713822e-03	1.300712e+00	7.904310e-01
6.165476e-01	1.158184e+00	5.947699e-01	7.665707e-01	7.659796e-01	-4.014789e-01	1.077887e+00	3.071064e-01	6.676358e-01	2.101636e-01
4.165840e-01	7.684922e-01	2.049225e-01	9.670777e-01	4.618869e-01	-3.738294e-01	1.269712e+00	6.938373e-01	1.058228e+00	2.152530e-01
5.465143e-01	3.316886e-01	3.711237e-01	7.541982e-01	3.397897e-02	-5.035659e-01	6.595106e-01	9.043557e-01	8.718577e-01	6.226285e-01
2.124153e-01	2.682422e-01	5.562775e-01	4.720067e-01	2.387510e-01	6.831298e-01	7.719984e-01	8.616299e-01	7.652655e-01	6.541469e-01
4.950577e-01	8.817309e-01	5.635276e-01	8.138201e-01	9.978904e-01	-2.484637e-01	1.340281e+00	6.339272e-01	4.471437e-01	1.935118e-01
1.527574e-01	1.058287e+00	4.108975e-01	-2.735598e-01	4.063764e-01	8.505701e-01	1.496198e+00	1.038328e+00	7.292335e-01	8.819143e-02
6.829361e-01	5.306249e-01	2.567631e-01	8.880663e-01	2.180172e-02	-6.256269e-01	1.327627e+00	8.591530e-01	5.609488e-01	7.572670e-01
-3.624383e-01	1.257326e+00	6.611714e-01	-3.137307e-01	6.590283e-01	7.863919e-01	1.556701e+00	2.005817e+00	4.801873e-01	-1.031829e+00
3.924357e-01	-4.616519e-01	-2.328084e-01	1.050671e+00	2.289290e-01	-9.657508e-01	9.935789e-01	2.170334e-01	1.636660e+00	5.923404e-01
1.954341e-01	6.803466e-01	8.077291e-01	2.380961e-01	8.454536e-01	-2.508254e-02	3.854286e-01	1.017181e+00	8.722540e-01	-2.081554e-01
7.900044e-01	6.028188e-01	1.125502e+00	5.609230e-01	-6.383346e-01	-1.025910e-01	5.198492e-01	6.155970e-01	4.180099e-01	1.164247e+00
9.287402e-01	9.173477e-01	9.642839e-01	-4.263930e-02	6.020983e-01	5.125866e-01	6.384704e-01	5.502286e-01	-2.376034e-01	1.727793e-01
8.677886e-01	3.250753e-01	8.875013e-03	6.870065e-01	1.288230e-01	2.497403e-01	1.557500e+00	1.767199e+00	9.608071e-01	3.259780e-01
5.138577e-02	1.584383e+00	7.101378e-01	5.153957e-01	-3.344522e-01	1.042427e+00	1.340852e+00	1.529103e+00	1.863180e-01	-5.503722e-01
1.468495e+00	1.093468e+00	7.485821e-01	6.305445e-01	1.095218e+00	-4.331682e-01	8.929347e-01	5.421523e-02	-3.198854e-01	4.495839e-01
1.650104e-02	1.101466e+00	2.582205e-01	1.036272e-01	5.037892e-01	4.000743e-01	1.654605e+00	1.380517e+00	5.448720e-01	5.354226e-02
2.289405e-01	4.165406e-02	4.880314e-01	5.963779e-01	1.671308e-01	5.775487e-01	8.163794e-01	8.747827e-01	7.625875e-01	5.959066e-01
