1.750198e-01	6.772247e-01	-6.723049e-01	6.782015e-01	8.177693e-01	1.195923e-02	6.390525e-01	-2.097547e+00	1.168455e+00	-4.289647e-01
-6.857749e-01	-1.121345e-01	1.327120e+00	2.413878e-01	-8.337844e-03	3.578296e+00	-5.515724e-01	7.777450e-01	-2.227201e-01	2.360212e-01
1.782744e+00	7.540951e-01	-5.712361e-01	8.093172e-01	-2.230374e-01	6.128877e-01	1.587397e+00	-1.274351e+00	5.224772e-01	-1.036725e+00
-4.182103e-01	3.107932e-01	-1.163683e+00	-5.613706e-01	1.171719e+00	1.375519e+00	1.382380e+00	2.142537e-01	1.339887e+00	1.995431e+00
1.987433e+00	8.259146e-01	4.025304e-01	6.121025e-01	-1.149576e+00	-8.485692e-02	3.253508e-01	-6.187512e-01	4.298657e-01	-8.943524e-01
8.747324e-02	6.146977e-01	2.514636e-01	-1.067166e+00	1.352771e+00	-5.073165e-01	-1.385206e+00	-3.188901e+00	2.773815e+00	1.918766e+00
2.642346e-01	1.329123e+00	1.155552e+00	7.716909e-01	1.357351e+00	-4.547466e-01	-6.339315e-01	-6.129746e-01	2.396714e-01	2.456937e-01
-1.556362e+00	-7.568212e-01	-8.396882e-01	-1.177185e+00	5.132017e-01	1.150629e+00	1.202009e+00	5.699374e-01	-4.205803e-01	2.680489e+00
1.547598e+00	-1.165231e+00	-1.580037e+00	8.290030e-01	1.014805e+00	2.629349e-01	4.771360e-01	-9.601842e-01	2.228257e+00	-4.991002e-01
-6.409622e-01	1.560163e+00	5.026090e-01	3.641569e-01	-4.361324e-01	-1.410497e+00	1.465220e+00	-6.338991e-01	5.730888e-01	6.881596e-01
2.794161e+00	3.403455e-01	-1.738571e-01	1.960683e+00	-1.135471e-01	2.271010e+00	-1.324764e+00	-1.295805e+00	3.450477e-01	8.482533e-02
2.051165e-01	-9.137344e-01	-9.507670e-01	1.251459e-01	1.189964e+00	2.349935e+00	2.690822e-01	-2.562036e+00	-1.224743e-01	2.421593e+00
7.395493e-01	1.259469e+00	2.011729e+00	1.201758e+00	-2.611989e-01	-2.383208e+00	-1.724330e-01	4.501506e-01	6.846623e-01	-1.513890e+00
7.257387e-01	2.482672e+00	5.930724e-01	2.830339e-01	1.672836e-01	6.286004e-01	-5.613738e-01	5.911773e-01	8.951506e-01	-1.836559e+00
2.114464e-01	9.494919e-02	3.960385e-01	1.129981e+00	1.910338e-01	2.680099e-01	-1.316348e-01	-6.150714e-01	4.922543e-01	4.103415e-01
-1.869807e-01	1.010795e+00	8.308606e-01	1.212523e+00	6.468596e-01	4.047404e-01	1.117121e-01	-4.600627e-02	-6.185311e-01	-1.032004e+00
1.033283e+00	-2.949233e-01	5.349688e-01	-1.253910e+00	2.183867e+00	4.035326e-01	-3.988744e-01	-3.268568e+00	2.018525e+00	1.761424e+00
-3.974269e-01	-1.217545e+00	-1.315830e+00	3.936638e-01	2.025396e+00	1.380597e+00	1.234056e-01	-6.160670e-01	8.072334e-01	-3.637826e-02
-3.317791e-01	2.376817e+00	-1.249424e+00	1.584885e-02	1.109563e+00	-5.254152e-01	8.718036e-01	-7.632255e-01	3.283365e-01	7.624317e-01
-1.361349e+00	2.508835e+00	-9.212316e-01	4.581728e-01	1.095689e+00	-7.355724e-01	1.933719e+00	6.366127e-01	-1.395641e+00	1.110002e-01
3.932509e-01	1.297834e+00	3.269969e-01	4.745926e-01	1.045310e+00	-5.284297e-01	-1.442582e-02	-1.005028e+00	7.561801e-01	8.336958e-01
-1.371809e-01	-1.391686e-01	1.104643e+00	1.532186e+00	4.853524e-01	-9.159839e-02	5.360820e-01	5.250448e-01	2.524235e-01	6.187212e-02
3.931918e-01	-1.812800e+00	-1.393453e+00	7.045419e-01	2.360334e+00	1.981332e+00	-5.806392e-01	-2.176276e-01	1.216466e+00	-6.023872e-01
1.976721e+00	7.042706e-01	-1.385368e+00	2.399830e-01	9.824801e-01	-1.929718e+00	1.372065e+00	-3.957960e+00	6.609012e-01	-2.005811e-01
-8.091042e-01	2.639818e-01	7.203030e-01	8.890318e-01	-1.952839e-01	2.851023e+00	2.487154e-01	7.984451e-01	-2.057359e-01	-1.003404e-01
3.476227e-01	1.354367e-02	7.386209e-01	1.477801e+00	-1.416639e-01	-3.648072e-01	-5.792800e-01	6.506506e-01	-3.428930e-01	1.689386e+00
1.258104e+00	3.263159e-01	-3.866329e-01	4.152448e-01	1.265656e+00	6.440642e-01	1.058778e+00	1.240022e-01	8.569658e-01	1.486273e+00
-3.045657e-01	-8.965765e-01	-7.428969e-01	1.543886e+00	6.276871e-01	1.834438e+00	-9.170443e-02	7.367393e-01	1.209531e-01	-5.338061e-01
4.398189e-01	-1.449313e+00	-3.739010e-01	-4.941431e-01	1.441799e+00	2.758096e+00	-9.562690e-01	1.534783e-01	1.563116e+00	-5.518681e-01
8.213318e-01	-2.219553e-01	1.141698e+00	1.794293e-01	4.596603e-01	8.392767e-01	-4.521875e-02	2.087566e-01	5.102403e-01	1.022277e+00
2.468251e-01	1.514286e-01	-1.366945e+00	7.834331e-01	3.171017e+00	1.207393e+00	2.360296e+00	-1.938126e+00	6.658216e-02	-1.187213e+00
1.715070e+00	9.226585e-01	2.305517e+00	1.947211e-01	1.143517e+00	-2.075442e+00	-3.821191e-01	-6.338801e-01	7.192499e-01	-1.450519e-03
-6.062443e-01	3.296286e-01	5.739894e-01	1.196974e+00	7.076428e-01	1.519601e+00	1.533612e+00	-4.352916e-01	3.672883e-01	-9.560623e-01
-3.270951e-01	-2.177820e-01	1.387143e+00	-3.209462e-01	1.613431e+00	1.641452e+00	-3.303751e-01	-9.691871e-01	1.398269e+00	-8.894697e-01
1.238157e+00	6.033970e-01	3.714934e-01	9.873017e-01	-7.463510e-02	6.811600e-01	5.694725e-01	-6.369709e-01	4.367077e-01	5.373406e-01
-4.988980e-01	9.515150e-01	-1.418572e+00	5.196092e-01	-5.826312e-01	-2.265478e-01	8.039309e-01	3.337510e-02	1.600430e+00	5.209230e-01
1.913165e+00	5.447926e-01	1.643841e+00	1.522248e+00	-2.391926e-01	-1.525582e+00	3.694482e-01	1.079861e+00	8.741841e-01	-1.083120e+00
4.959203e-01	1.459995e+00	9.596478e-02	1.099461e+00	1.318969e-01	-1.690834e-01	4.847806e-01	2.141230e-01	1.650822e+00	1.546091e-01
-3.619128e-01	-2.491380e-01	2.422005e-01	1.392405e+00	1.237110e+00	2.172032e+00	-4.672341e-01	1.244958e-01	1.139339e+00	2.483311e+00
-4.849861e-01	-5.869761e-01	1.075972e+00	1.389541e+00	1.011625e+00	-2.336619e+00	-2.338721e-01	2.274171e+00	8.722578e-01	2.090806e+00
2.344385e+00	3.077433e-02	-5.249678e-01	8.872370e-01	5.442174e-01	-3.129850e-01	-2.815509e-01	-1.478678e+00	-4.840458e-02	5.934505e-01
1.002278e+00	8.273049e-01	2.632872e-01	4.845412e-01	-4.788562e-01	3.164818e-01	5.720414e-01	5.698742e-01	4.470014e-01	2.064987e+00
-4.347716e-01	2.426846e-01	3.743215e-01	2.434883e-01	7.739088e-01	-3.367970e-01	6.891887e-01	-1.578721e+00	1.480059e+00	1.292936e+00
8.188727e-01	4.653214e-01	6.335733e-01	1.342924e+00	4.976538e-02	1.123675e+00	6.282474e-02	2.180081e+00	4.291361e-01	-6.090007e-01
1.179215e+00	-2.398378e-01	5.474376e-01	-1.745730e-01	-9.052102e-01	1.374899e+00	1.430565e+00	-1.520935e-01	1.660089e+00	-9.264181e-01
2.689399e-01	1.276626e+00	5.122304e-01	1.101977e+00	2.653111e-01	-2.579579e-01	4.710194e-01	7.158876e-01	1.147573e+00	6.690462e-01
-1.452189e-02	6.397092e-01	1.565569e+00	2.858220e-01	5.690579e-01	-2.040666e-04	5.743543e-01	-4.160384e-01	7.462885e-01	-2.502481e-02
-1.058307e+00	2.493858e-01	1.202948e+00	1.829224e+00	2.144354e-01	2.712420e+00	-6.472048e-01	8.526076e-01	-4.166606e-02	1.034582e+00
2.153046e+00	-9.818607e-02	1.269887e-01	5.030179e-01	-2.296213e-01	-1.298389e-01	-2.578609e+00	1.977961e+00	9.220574e-01	3.253584e-01
9.921586e-01	-8.171758e-02	9.493060e-01	-5.211504e-02	7.344185e-01	4.301646e-03	-8.201570e-01	-1.275658e+00	1.278408e+00	1.339139e+00
-8.302310e-01	3.149509e-01	1.725180e+00	6.716487e-01	3.446851e+00	1.918158e+00	1.536206e+00	1.411764e+00	-1.269757e+00	4.833358e-01
-1.548552e-02	-1.862430e-01	-1.884991e-02	1.717010e+00	6.934649e-01	-1.195589e-02	1.555652e-01	-1.042696e-01	-1.881940e-01	9.595310e-01
-2.361344e+00	2.072807e+00	5.218463e-01	1.249078e-01	2.361503e+00	1.543039e+00	6.024425e-01	-1.420821e+00	-2.383774e+00	2.204712e+00
1.387339e+00	-1.497731e-01	7.744812e-01	1.337173e+00	-5.172822e-01	1.362048e-01	-1.348093e-01	-3.066234e-01	3.753160e-01	-1.884247e-01
1.214861e+00	3.364217e-01	-1.297984e-01	5.583242e-01	1.214416e+00	-7.390364e-01	-5.746075e-02	-2.155358e+00	1.925353e-01	4.776123e-01
1.125982e+00	1.088902e+00	-1.654970e+00	2.116857e+00	-1.179004e+00	6.423533e-01	4.436068e-01	-2.657633e-01	1.342480e+00	1.223916e-01
2.372323e+00	1.755637e+00	5.444560e-01	-1.051975e+00	-5.377528e-01	1.876916e+00	-1.134534e+00	-1.111902e-01	-5.440038e-01	2.524436e-01
-3.556411e-01	7.796829e-01	-9.617527e-02	3.595473e-01	-2.775293e-01	-1.143690e+00	1.217969e+00	2.340398e-01	8.042661e-01	1.340745e+00
1.129594e+00	-1.168124e+00	-1.596558e-01	2.368055e-01	-3.702187e-01	1.197635e+00	-8.843348e-01	1.790645e+00	3.264428e+00	7.406544e-02
8.358076e-01	-3.960491e-02	7.001468e-01	1.856272e-01	-8.763175e-01	1.134506e+00	7.972868e-01	-6.169458e-01	1.151457e+00	1.784900e-01
1.848383e+00	8.863352e-01	5.006589e-01	-1.004599e+00	6.934635e-02	5.472715e-01	-1.949698e+00	-1.025493e-01	1.712782e+00	-5.460885e-01
4.118463e-01	-1.465484e+00	-6.408339e-01	1.749067e+00	-1.361471e-01	1.870690e+00	-3.286981e-01	2.689392e+00	2.893363e-01	-8.575137e-01
1.328419e+00	-6.918454e-01	-7.250801e-01	-8.321921e-01	9.113093e-01	1.199883e+00	4.475912e-01	1.770029e+00	2.455085e-01	1.074209e+00
-9.886173e-01	1.236174e+00	1.621043e+00	1.763252e+00	8.381078e-01	1.950590e+00	1.332426e+00	8.723659e-01	-8.145806e-01	-8.784454e-01
1.673428e+00	-6.570993e-01	1.881051e-01	-4.383858e-01	-1.248055e+00	3.116494e+00	-8.070250e-01	9.171035e-01	2.732811e+00	-2.129643e-01
-9.557408e-01	2.879230e+00	-8.751772e-01	4.907308e-01	1.578554e-01	2.584187e+00	1.155002e+00	6.748208e-01	-9.223226e-01	3.833394e-01
1.800901e+00	8.779467e-02	1.289783e+00	1.280500e+00	1.330597e+00	1.511735e+00	2.430221e-01	2.875318e+00	-1.317425e+00	-1.422921e+00
-1.242208e+00	1.015242e+00	-2.100255e-01	4.456450e-01	1.132411e+00	1.770426e-02	2.671149e+00	-1.084589e+00	2.642852e-01	-2.504409e-01
1.422946e+00	-1.780038e-01	-2.724403e-01	1.666180e+00	2.319148e+00	-1.238343e+00	1.540377e+00	-1.242096e+00	5.909235e-01	-2.005468e-01
-2.550402e-01	4.148255e-01	6.465092e-01	-1.877468e-01	1.473891e+00	-7.055648e-01	-5.251670e-01	1.663173e+00	-1.110142e-01	2.178044e+00
-1.162295e+00	1.341612e+00	-7.771189e-01	-2.683204e-01	3.810810e-01	7.946873e-01	2.409090e+00	1.591182e+00	-1.392318e+00	1.040276e-01
3.394037e-01	3.035309e-02	7.170809e-01	2.345504e+00	-1.673444e+00	8.664544e-01	5.102127e-01	1.081022e+00	-9.318721e-02	-7.903965e-01
1.092883e+00	1.528147e-01	-5.936581e-01	3.285682e-01	1.564173e+00	-9.367990e-01	7.084786e-01	-2.011911e+00	7.053508e-01	-1.832165e-01
1.244248e+00	9.880852e-01	-1.416041e+00	2.046672e+00	4.276622e-01	1.645642e-01	2.201965e-01	-4.807142e-01	4.185603e-01	9.022725e-01
9.988989e-01	4.925731e-01	5.666785e-01	3.712449e-01	-9.520529e-02	-2.192397e-01	5.469809e-01	-5.003550e-01	1.219145e+00	-2.562165e-01
1.936038e+00	1.389747e+00	-6.878408e-01	8.283784e-01	1.104552e-01	-1.627289e+00	1.244412e+00	4.225051e-01	1.107175e+00	1.512464e-01
1.362157e+00	1.077948e+00	-2.097723e-01	9.351120e-01	3.013050e-01	-7.245155e-01	9.166995e-01	-5.913343e-02	7.338310e-01	7.758308e-01
6.360301e-01	7.954725e-02	-7.528677e-02	1.334651e+00	3.177701e-01	1.540491e-01	-4.138588e-01	-3.026128e-01	2.732219e-01	4.352495e-01
1.907923e+00	-4.931537e-01	1.489991e-02	1.423854e+00	-1.767715e-01	2.957528e-01	-2.014764e-01	-6.653368e-01	-7.194043e-02	5.001386e-01
-2.597083e-01	8.521410e-01	1.917855e-03	1.157343e+00	-7.265673e-01	1.487058e+00	2.179169e-01	1.848984e+00	1.228208e+00	-4.621622e-01
1.928724e+00	6.756739e-02	1.212129e-01	7.123749e-01	-1.278881e-01	-3.935012e-01	1.226144e+00	2.193040e+00	3.249891e-01	5.777877e-01
4.851123e-01	6.468415e-01	6.913588e-01	1.277206e+00	-5.939067e-01	6.429968e-01	6.833508e-02	1.678273e+00	1.042739e+00	6.988066e-02
1.011531e+00	1.940960e+00	2.485532e-01	1.453311e+00	9.934172e-01	-6.433381e-01	5.469087e-01	-3.781913e-01	1.013182e+00	-6.043199e-01
1.357423e+00	-2.085365e-01	7.434119e-01	2.145983e-01	-5.483418e-01	-1.504107e-01	2.457573e-01	-2.340428e+00	1.395856e+00	8.232323e-01
8.239633e-01	-1.897301e+00	-9.640067e-01	1.504609e-01	1.541987e-01	4.131065e+00	-5.442166e-01	3.485274e-01	7.655356e-01	-1.473948e+00
8.057322e-01	1.715251e-01	-1.540835e-01	1.244766e+00	5.256631e-01	1.062945e+00	-7.457059e-01	-2.131776e+00	-9.145184e-01	9.747806e-02
2.263608e+00	-5.541177e-01	-1.993698e-01	1.224556e+00	1.076427e-02	7.053469e-01	-3.897825e-01	-1.037417e+00	-4.032663e-01	1.030558e+00
3.816601e-01	-2.217306e-01	7.529399e-01	5.861086e-01	2.028015e+00	-9.868908e-01	2.748532e+00	1.672477e+00	1.827846e+00	-1.122532e+00
1.494073e+00	3.971393e-01	1.235069e+00	3.767551e-01	2.043678e+00	8.477372e-01	1.995522e+00	1.409247e+00	-9.291135e-01	-1.718664e+00
-1.226215e+00	1.331698e+00	-1.360550e-01	9.345291e-02	2.445267e-01	-9.377708e-01	1.774311e+00	4.724308e-01	-2.169806e-01	6.863384e-01
-1.466338e+00	1.247155e+00	2.994759e+00	8.564274e-01	2.394463e-01	2.462904e-02	-4.099196e-01	3.108077e-01	2.061489e+00	-1.968059e-01
3.191662e-01	-5.516597e-02	7.894398e-01	1.334889e+00	4.954724e-01	-7.331650e-01	-4.978702e-01	-1.450494e-02	-5.807316e-02	1.486567e+00
5.185371e-01	1.662358e-01	1.099731e+00	-1.294293e-01	-6.040011e-01	2.832675e+00	-2.524166e-01	5.849547e-01	1.579407e-02	7.670332e-01
1.674952e+00	1.289160e+00	5.950146e-01	-1.041084e+00	-1.969838e+00	3.473395e+00	1.218064e+00	-7.994189e-01	1.208073e+00	-1.097669e+00
-7.820741e-01	1.521643e+00	-7.664743e-01	4.953727e-01	-6.681049e-02	-3.925379e-01	2.267935e+00	1.413515e+00	7.878283e-02	-3.483566e-01
2.054363e+00	-1.245822e-01	-9.937121e-01	1.837553e-01	1.384469e+00	1.659574e+00	-4.369406e-01	-1.692073e+00	-7.079023e-01	2.185758e+00
-5.340560e-01	1.370214e+00	-9.133867e-01	1.080345e+00	1.106460e+00	-6.860713e-01	1.755902e+00	-2.490913e+00	-4.369057e-01	8.167062e-01
1.813311e+00	2.343570e+00	-1.676585e-02	4.183597e-01	6.117350e-01	-1.747506e+00	-5.444232e-01	1.605550e-01	4.471259e-01	-1.524786e+00
1.097619e+00	2.569179e+00	3.562379e+00	-2.031449e+00	-3.710477e+00	2.896580e+00	6.933127e-02	3.622966e-01	-7.831154e-01	-2.116825e-01
1.931692e+00	4.334539e-01	-8.109926e-02	1.032032e+00	6.809395e-01	-9.840609e-01	-4.260540e-01	-5.188793e-02	-4.147901e-01	2.624493e+00
-2.241976e-01	1.083726e+00	2.824438e+00	7.578496e-01	2.993260e+00	-2.085856e+00	1.440492e+00	1.405316e+00	-1.962550e+00	1.353617e+00
-2.903569e-01	1.220388e+00	-4.211771e-01	1.313347e+00	1.424013e+00	2.155381e+00	-3.460656e-01	-1.937548e+00	-4.539379e-01	1.938023e+00
-6.504253e-01	-1.038127e-01	2.328423e-01	5.943483e-01	4.475497e-01	-3.268821e-01	1.515386e+00	1.420052e+00	-9.912353e-02	8.893758e-01
6.617827e-01	-1.004957e-01	4.430654e-01	1.033559e+00	-2.363112e-01	2.237969e-01	-1.346548e-02	7.979817e-01	9.810894e-01	2.883141e-01
1.627950e+00	6.061308e-01	6.862347e-01	8.729738e-01	4.111446e-01	-4.901715e-01	-4.437096e-01	-3.514218e-01	-2.990664e-01	1.256605e-02
3.739860e-01	2.729211e-01	-1.678600e+00	7.155843e-01	7.397778e-03	-1.659080e+00	1.245114e+00	7.129789e-01	1.301904e+00	5.682301e-01
-1.773409e+00	-1.380373e+00	-5.333239e-02	9.144113e-02	2.898428e+00	1.761915e+00	-1.077495e+00	1.022761e-01	1.209379e+00	9.843366e-01
1.350492e+00	4.652092e-01	1.102140e+00	1.582101e+00	-2.225843e-01	-1.344081e+00	1.193426e+00	2.183402e-01	-5.178786e-01	3.015748e-02
3.826745e-01	-3.758050e-02	8.064081e-01	1.425076e+00	1.822498e+00	1.553718e+00	-1.567127e-02	-2.055758e-01	-4.085145e-01	3.445014e+00
-2.245022e+00	1.460873e+00	2.871132e+00	-8.621428e-01	2.044186e+00	-1.898629e-01	1.907251e+00	-1.330571e+00	-6.666907e-01	5.916833e-01
2.549764e-01	-1.008432e-01	8.761184e-01	1.251278e+00	4.679083e-01	-9.209652e-01	-9.495236e-01	2.317373e-01	-3.426965e-01	1.991910e+00
-4.762477e-01	-1.230005e+00	-6.479387e-02	6.091415e-01	6.826822e-01	3.032957e+00	-6.635143e-01	1.274140e+00	2.955294e-01	-1.088341e+00
1.031669e+00	1.531668e-01	-1.100256e+00	1.800529e+00	-3.324531e-01	1.099022e+00	-8.770614e-01	-7.771044e-01	-7.151518e-01	3.030940e+00
1.124803e-02	1.603243e+00	1.818970e+00	-3.202333e-01	-1.078610e+00	2.141630e+00	-2.699593e-01	2.193682e-01	-1.120553e+00	3.340197e-01
-1.426752e+00	2.227306e+00	9.711394e-01	3.870336e-01	1.930005e+00	2.306424e-01	2.012752e-01	6.261979e-01	-4.395603e-01	-5.497989e-01
1.203015e+00	1.441925e+00	-2.323894e-01	9.389977e-02	8.628583e-01	-9.826519e-01	1.957937e-02	-1.978438e+00	1.387905e+00	-1.259298e+00
1.961956e+00	-2.517271e-01	-1.267265e+00	1.156125e+00	1.569212e+00	-1.887625e-01	2.024190e-01	-4.786153e-01	-1.563898e-01	4.231692e+00
-1.019046e+00	1.796586e+00	1.767371e-01	-8.877228e-01	1.063964e+00	-1.432688e-01	1.296248e+00	-4.831959e-01	4.703086e-01	9.335478e-01
1.621470e+00	-2.009825e-01	5.821022e-01	9.105179e-02	6.037718e-01	2.393503e+00	-1.154284e-01	5.501923e-01	1.461567e+00	6.985910e-01
8.061783e-02	-1.883064e+00	1.280186e+00	-8.432196e-01	9.910540e-01	2.002391e+00	1.377532e+00	2.203937e+00	-1.374394e+00	1.954666e+00
-5.632825e-01	1.915696e+00	2.780283e+00	-4.236481e-01	4.074708e+00	1.734996e+00	-1.474079e+00	-7.043236e-01	-1.899621e+00	-5.129074e-01
-4.673198e-01	1.985275e+00	5.526768e-01	-1.553808e-01	1.689648e+00	9.673693e-01	-1.962430e-01	-1.330699e+00	-1.222237e+00	2.065639e+00
4.339570e-01	-2.406839e-01	9.101442e-01	1.096719e+00	-3.476020e-01	9.540618e-01	-6.655684e-01	6.984535e-01	5.898290e-02	6.913484e-01
1.113899e+00	1.065001e+00	1.950651e-01	7.589397e-01	-6.426500e-01	1.012566e+00	7.970117e-01	1.412200e+00	7.257671e-01	-7.278478e-01
-5.115409e-01	-1.149421e+00	-2.756418e-01	8.980651e-01	1.099058e+00	1.665223e+00	4.053403e-01	2.131096e+00	1.032833e+00	-6.036004e-01
1.136742e+00	7.527234e-01	6.362699e-01	1.398349e+00	9.156623e-02	3.356539e-01	-8.829122e-01	9.791501e-01	-1.587953e-02	-4.351551e-01
-1.036769e+00	8.649102e-01	-6.180110e-01	-5.676816e-02	1.633229e-02	-1.076353e-01	2.305966e+00	1.684564e+00	3.878598e-01	4.120227e-01
-6.924772e-01	1.977558e+00	-8.472815e-01	7.206513e-01	-4.321576e-01	2.342478e+00	1.694288e+00	-9.750916e-01	3.536996e-01	-8.993895e-01
3.067170e+00	3.063511e-02	1.419444e+00	2.294161e-01	8.587327e-01	-1.063765e+00	1.520214e-01	1.062185e-01	-2.359663e-02	2.379955e-01
1.592734e+00	3.457173e-01	-2.736013e-01	5.143600e-01	4.184848e-01	1.145798e+00	-1.082703e+00	-1.549044e+00	1.084385e+00	-2.326603e-01
2.756658e+00	5.026745e-01	1.907216e-01	1.368345e+00	1.511975e+00	7.601198e-01	-5.215671e-01	4.458434e-01	-6.444342e-01	2.944224e+00
1.418647e+00	1.203497e+00	5.351158e-01	7.838835e-02	-1.918295e+00	2.083308e+00	6.563318e-01	5.290277e-02	-7.826011e-01	-5.394674e-01
5.512008e-01	7.917535e-02	1.028981e+00	1.007052e+00	-1.294943e-01	9.117301e-01	-5.290800e-01	-2.172263e-01	1.693471e-01	3.353082e-01
2.646702e+00	1.462629e+00	1.478330e+00	-6.308328e-02	-2.361160e-01	9.687328e-02	-8.725057e-01	2.837146e+00	-1.299800e+00	-7.674035e-01
7.013264e-01	-2.172236e+00	-8.724526e-01	1.940239e+00	1.972871e+00	1.001049e+00	-4.833918e-01	-9.375572e-01	-5.511391e-02	3.233120e+00
6.668559e-01	6.402810e-01	-3.041039e-01	1.653249e+00	-6.405152e-01	2.665418e-01	5.554630e-01	-2.717607e-01	1.711621e+00	1.171855e-01
-5.033926e-01	2.098390e+00	-1.055219e+00	5.790463e-01	9.247687e-01	-6.861192e-01	1.812906e+00	1.227025e+00	-9.479546e-01	-6.283795e-02
-5.629787e-01	2.134733e+00	-7.180558e-01	9.635055e-01	-1.632662e-01	1.924412e+00	-2.088698e-02	-2.125703e-01	7.419860e-02	7.370559e-01
6.366382e-01	1.831903e+00	7.716909e-01	1.443733e+00	3.667943e-01	9.440699e-01	7.368657e-02	-1.126196e-01	3.502192e-01	-8.770525e-01
-3.196013e-01	1.076655e+00	9.768261e-01	1.684833e+00	2.034362e-01	5.386078e-01	1.033142e+00	7.544697e-01	7.057421e-01	-1.087652e+00
-1.017764e+00	1.274422e+00	-1.481741e+00	-2.584910e-01	-3.175308e-01	2.714797e-02	1.556443e+00	7.522472e-01	5.984957e-01	7.212921e-01
9.632439e-01	-3.447625e-02	9.229207e-01	1.421938e+00	8.796297e-01	-3.106648e-02	8.218623e-01	2.999915e-01	3.011956e-01	5.285882e-01
2.266079e-01	2.025475e-01	-7.310815e-01	2.534318e+00	2.024701e+00	-8.988202e-01	4.133072e-01	-1.023767e+00	-1.317144e+00	4.184432e-01
1.377925e+00	9.433518e-01	-1.602762e+00	9.392909e-01	-4.027132e-01	-1.215257e+00	1.361583e+00	2.268567e-01	2.670196e-01	-7.902245e-01
-2.288678e-01	-1.430884e+00	1.631109e+00	-1.565104e+00	-4.880307e-01	2.179542e+00	1.800032e+00	2.075441e+00	2.175683e+00	1.722371e+00
2.085904e+00	-4.054439e-01	-2.012065e-01	3.984676e-01	-9.055847e-01	1.519744e+00	1.448257e+00	-4.118329e-01	6.239929e-01	2.097880e+00
2.447244e+00	-5.875756e-01	-1.024905e+00	1.309520e+00	1.785536e+00	6.802598e-01	-6.363038e-01	-1.880543e+00	-1.396366e+00	7.920286e-01
-1.353201e-02	-1.117216e+00	2.927214e-01	-4.675193e-02	-5.056379e-02	3.380653e+00	9.023560e-01	3.097388e+00	-1.445385e+00	7.310093e-01
-1.830939e-01	5.730253e-01	2.140253e+00	-1.803089e-01	-2.804731e-01	2.464472e+00	-1.016733e+00	2.515712e-01	6.119497e-01	3.834188e-02
1.543930e+00	1.075741e+00	5.445147e-01	1.241228e+00	-1.251730e+00	-2.041838e+00	1.114148e+00	-1.256188e-01	-2.176075e-01	-1.338112e+00
1.466237e+00	3.467852e-01	8.194659e-01	-5.494821e-02	6.477357e-01	7.763236e-01	-7.547097e-01	6.111842e-01	8.518442e-01	1.181381e+00
8.047301e-01	1.472630e-01	8.855868e-01	1.069787e+00	3.011072e-01	1.974861e-01	-1.704157e-01	-8.341933e-01	3.707929e-01	1.755728e-01
-1.177423e-01	9.261078e-01	-1.025179e+00	5.725289e-01	-3.875277e-01	1.761169e-01	1.189594e+00	-1.377755e-01	5.399003e-01	-6.134255e-02
-9.900640e-02	4.104580e-01	1.837166e+00	6.689947e-01	4.440614e-01	-1.399819e+00	-5.467932e-02	6.935780e-01	2.000646e-01	2.578776e+00
-1.403719e+00	1.249301e+00	2.601332e-01	4.738962e-01	1.306936e-01	-1.061409e+00	2.292437e+00	1.215139e+00	-3.647744e-01	-1.581311e-02
1.051547e+00	9.109732e-01	-1.008387e+00	1.077173e+00	-3.200944e-01	-3.447501e-01	1.302008e+00	1.439339e-01	1.325627e+00	2.700640e-02
3.866064e-01	1.435159e+00	4.212883e-01	1.404588e+00	-3.102851e-01	9.742487e-01	-6.383572e-01	6.565256e-01	1.501206e+00	-2.597563e-01
1.876063e+00	1.287878e+00	1.846548e+00	-7.388512e-02	6.186550e-02	-1.747190e+00	2.465785e+00	3.749031e-01	-7.349937e-01	1.014689e-01
1.738837e+00	4.011143e-01	-1.141451e+00	1.227468e+00	2.304315e-01	5.995243e-01	2.421679e-01	-1.154882e-01	2.368736e-02	1.189192e+00
6.282649e-01	2.697933e-01	8.337298e-02	5.470401e-01	-2.370075e-01	-3.788856e-01	5.203771e-01	-8.333600e-01	3.920144e-01	1.702862e-01
-1.991836e+00	2.157241e+00	1.546564e+00	-1.083570e+00	1.900859e+00	-1.359275e-01	1.499431e+00	-4.483871e-01	-8.197136e-01	9.933380e-01
-2.700609e+00	9.673643e-01	5.273898e-01	-5.941920e-01	3.802325e-01	1.719755e+00	3.009119e+00	6.403141e-01	8.382684e-01	6.057573e-01
8.195001e-01	1.290070e+00	3.421168e+00	9.424019e-01	2.401563e+00	-5.615900e-01	1.290727e+00	1.676102e+00	-8.645234e-01	9.059561e-01
-7.628436e-01	1.525738e-01	4.233168e-01	5.895115e-01	-2.502565e-01	-7.545038e-01	1.622610e+00	-3.849122e-01	1.411528e+00	1.727501e+00
-3.388599e-01	-1.106794e+00	-4.388977e-01	1.154973e+00	8.580473e-01	3.316031e+00	-6.193811e-01	1.382532e+00	-3.586630e-01	-1.322509e+00
2.153391e+00	-1.255395e+00	7.258686e-02	1.389538e+00	-3.652999e-01	3.204923e-01	5.056563e-01	-6.850483e-01	-1.652915e-01	1.547814e+00
2.306599e-01	2.231680e-01	-3.350367e-02	3.844675e-01	1.491651e+00	-2.718384e+00	2.540519e+00	-3.927168e-01	1.712973e+00	5.191756e-01
8.958835e-01	6.407919e-01	2.362106e-01	1.897923e+00	-1.517282e+00	1.021969e+00	1.616488e-01	7.418915e-02	4.267895e-01	-1.050453e-01
2.060546e+00	1.322830e+00	8.729606e-01	1.099824e+00	1.712223e+00	-6.738611e-01	-3.778602e-01	6.080319e-01	-6.111254e-01	4.954958e-01
4.472436e-02	-1.033585e+00	3.815131e-01	1.319546e+00	3.140618e+00	-7.138642e-01	3.677360e-01	1.471656e+00	1.300357e+00	-6.081495e-01
2.098675e+00	1.657433e+00	1.155309e-01	9.646216e-01	-1.093306e+00	2.429451e-02	-6.383084e-02	8.456253e-01	-2.555230e-01	-4.697695e-02
-6.682963e-01	-9.121015e-01	-6.154472e-01	2.715308e+00	2.165414e+00	-2.595100e+00	1.226719e-01	-1.021926e-01	-5.393347e-01	2.181535e+00
5.945453e-01	5.056739e-01	3.621230e-02	1.132991e+00	-2.514921e-01	5.429708e-01	-2.792513e-03	-8.237624e-02	4.345224e-01	-1.146446e-01
-1.164232e+00	1.189849e+00	-6.433904e-01	1.449909e+00	1.085616e+00	-4.724571e-02	1.543787e+00	1.928677e-02	-9.554754e-02	1.317939e-01
-2.116979e+00	-4.396781e-01	3.202110e-01	2.783711e-01	2.334384e+00	2.284656e+00	-3.920579e-01	5.491149e-01	5.330583e-01	3.827850e-03
-1.785720e-01	-5.725872e-01	-2.377951e-01	6.812820e-01	1.173265e+00	2.529423e+00	-4.437748e-01	1.258799e-01	5.491863e-01	-1.436520e+00
1.079604e+00	1.186294e+00	3.161473e-01	1.451751e+00	9.926696e-01	1.153161e+00	8.311289e-02	8.242328e-01	-2.234343e-01	5.751144e-01
3.046698e-01	2.195246e+00	8.443800e-01	6.999618e-02	-7.912671e-01	-1.209100e+00	3.445849e-01	1.680308e-01	2.472375e+00	-6.359278e-01
1.107826e+00	3.371785e-01	3.618188e-02	4.757614e-01	-2.183029e-01	-3.606025e-01	8.029639e-01	-8.674259e-01	9.553702e-01	8.668901e-02
-9.106863e-01	4.213753e-01	1.143463e+00	1.210084e-01	2.378302e+00	1.208328e+00	-2.112051e-01	-1.457397e+00	8.793264e-01	-9.081744e-01
