-5.312000e-03	4.769797e-01	-1.994442e-01	-2.001089e-01	7.191482e-01	1.371929e+00	6.138180e-01	-1.611694e-01	1.277721e-01	-1.670704e-01	2.648357e-01	3.363595e-02	-1.377988e-01	-3.996325e-01	2.411123e-02	-2.790881e-01	2.023761e-01	-2.072203e-01	-5.505621e-01	7.802967e-01	2.844788e-01	3.571390e-02	1.062726e+00	-9.421753e-01	4.443490e-01	9.577456e-02	-3.323020e-01	4.715082e-01	7.398228e-01	-6.830055e-02	7.205490e-01	-6.869776e-02	-3.346236e-01	2.894765e-01	9.231594e-01	1.334726e+00	3.390253e-02	4.885817e-01	9.295455e-02	2.058911e-01
3.779668e-01	-8.147043e-01	1.006849e+00	-6.993132e-01	2.165824e-01	2.708860e-01	-1.421984e+00	-1.988081e+00	-6.762891e-01	-6.530452e-01	2.057551e-01	4.113910e-01	-1.089636e+00	-3.850336e-01	-7.679196e-01	-1.777312e+00	-3.385646e-01	-5.640622e-01	-9.743165e-01	-5.112613e-01	-2.821446e-01	-5.570583e-01	5.179184e-01	-1.369206e+00	-8.319766e-01	-2.564198e-01	-1.419768e+00	6.436383e-01	-5.833464e-01	6.715639e-01	3.770854e-01	-7.372246e-01	-5.814283e-01	1.238973e-01	-1.171840e-01	1.063883e-01	-5.426572e-01	2.991740e-01	1.817065e-01	-4.841403e-01
-7.616656e-01	3.036653e-01	-1.201173e+00	4.727544e-01	7.122087e-01	6.056004e-01	1.108586e+00	2.909468e+00	6.532839e-01	5.121907e-01	-3.805481e-01	3.555336e-01	1.016198e+00	8.506191e-02	6.663691e-01	1.909248e+00	8.964610e-01	7.626992e-02	7.894987e-01	1.189588e+00	1.650373e-01	-1.185996e-01	2.464801e-01	1.621817e+00	1.668909e-01	1.310687e+00	1.362756e+00	9.716673e-02	1.593447e-01	-6.170023e-01	-2.879968e-01	1.308019e+00	6.092209e-01	-3.559849e-02	3.567029e-01	3.027102e-02	4.658949e-01	-2.317450e-01	2.448191e-01	6.606606e-01
4.036105e-01	8.631900e-01	6.479361e-01	-3.769082e-01	-1.229066e-01	-1.424936e-01	1.049776e+00	3.901085e-01	4.288713e-01	2.333221e-01	1.324279e+00	4.899061e-01	6.585279e-01	1.594004e+00	-3.287049e-01	2.149986e-01	9.214437e-01	-5.851238e-01	5.626027e-01	-1.016545e+00	2.850487e-01	-1.309211e-01	4.502027e-01	3.923379e-01	-2.908837e-01	1.698782e+00	-4.273472e-01	1.205639e+00	7.413612e-02	7.132461e-01	-9.796813e-01	5.876186e-01	3.545119e-02	9.694466e-01	2.379164e-01	-9.470473e-01	-5.331131e-01	-1.671323e-01	-1.154310e+00	1.560188e+00
8.196779e-01	9.866223e-01	3.620031e-01	4.893912e-02	2.329143e-01	-2.807986e-01	1.019989e+00	7.285820e-01	1.649604e-01	1.099320e+00	2.648682e-01	2.171851e-01	2.755497e-01	4.542374e-01	1.652948e-01	-5.703886e-01	9.332679e-01	-2.911821e-02	-3.957857e-01	4.782171e-01	6.838545e-02	-2.200267e-01	-2.591472e-01	5.692180e-02	2.889416e-01	3.470433e-02	2.998988e-01	5.016610e-01	4.094977e-01	1.082280e+00	4.803744e-01	8.641266e-02	-2.025998e-02	3.763778e-01	-3.705127e-01	4.883441e-01	-2.575651e-01	-2.323388e-01	4.012427e-02	4.460487e-01
-1.823958e-01	-7.971594e-01	-1.441668e-01	1.359171e+00	3.919049e-01	7.618268e-01	-1.005110e+00	-1.519803e-01	4.288091e-01	7.945142e-03	-1.612112e+00	6.414240e-01	-6.899679e-01	-1.055315e+00	1.262305e-01	-1.787923e-01	-6.323382e-02	7.162912e-01	5.764347e-01	1.324014e+00	9.736482e-02	-1.876319e-01	-2.760107e-01	-6.726678e-01	7.677604e-01	-1.703274e+00	9.740499e-01	-8.493815e-01	8.760122e-01	-2.090578e-01	1.612167e+00	-1.910710e-01	5.113774e-01	-2.041243e-01	-4.543926e-01	1.604994e+00	7.737251e-01	7.974726e-01	1.140652e+00	-1.106682e+00
1.662705e+00	-1.228140e+00	1.145805e+00	3.091113e-01	9.653625e-01	1.037504e-01	-8.833193e-01	-8.671011e-02	3.046907e-01	-5.467287e-01	1.225353e+00	4.948150e-01	-4.514131e-01	5.194281e-01	-1.659089e-01	-9.313193e-01	4.986336e-01	-1.888734e-01	4.156124e-01	1.539839e-01	-1.335092e-01	-2.391259e-01	8.336360e-01	-5.150788e-01	2.313291e-01	3.048771e-01	-1.438486e-01	1.510879e-01	-8.661653e-01	3.429389e-01	5.687681e-01	5.786813e-01	4.833044e-01	2.803265e-01	6.890202e-01	8.274482e-01	-6.140213e-02	5.198425e-01	1.918671e-01	-2.182003e-01
-2.264449e+00	1.751328e+00	-1.946479e+00	-5.169191e-02	9.110657e-02	9.735235e-01	1.357874e+00	4.178758e-01	-1.082056e+00	9.851863e-01	-1.473752e+00	-1.013097e-01	3.777842e-01	-8.870912e-01	1.126323e+00	6.154387e-01	7.352880e-02	3.955139e-01	-1.941097e+00	9.090326e-01	8.190555e-01	-4.634203e-01	-2.570136e-01	3.963902e-01	3.553625e-01	1.561722e-02	-5.476740e-01	2.298509e-01	1.990118e+00	-9.306681e-01	-6.042540e-02	-5.590131e-01	-1.044295e+00	2.348610e-01	1.731434e-01	-3.113742e-01	4.869623e-01	-3.733948e-01	-3.097426e-01	-2.162215e-01
1.423419e+00	-1.113575e+00	1.133882e+00	3.180093e-01	3.851228e-01	-1.558222e-02	-1.188970e+00	2.086435e-01	1.145585e-01	-2.806261e-01	1.197863e+00	4.336478e-01	-3.836319e-01	7.017238e-01	1.843412e-01	-1.070175e+00	3.917632e-01	-5.696614e-01	4.374678e-01	3.026146e-01	1.639874e-01	-4.179850e-01	8.002466e-01	2.003834e-01	5.073037e-01	1.478372e-01	4.752693e-02	-1.041649e-03	-1.055536e+00	4.807606e-01	7.264277e-01	5.044059e-01	6.691652e-01	1.386767e-01	8.664858e-01	3.019858e-01	-2.507029e-01	2.920903e-01	2.096493e-01	-1.043929e-01
1.515002e+00	-1.155212e+00	1.171367e+00	3.066716e-01	4.637637e-01	-2.154589e-02	-1.169645e+00	1.031380e-01	1.488871e-01	-3.636517e-01	1.204437e+00	5.003305e-01	-4.461828e-01	6.801729e-01	1.050573e-01	-1.109778e+00	3.752879e-01	-5.399104e-01	4.327759e-01	2.388811e-01	1.158794e-01	-4.493507e-01	8.067664e-01	1.138913e-01	4.262210e-01	1.945933e-01	-3.481252e-03	-3.370143e-02	-1.135885e+00	4.744056e-01	7.236534e-01	4.793460e-01	6.391172e-01	1.063506e-01	8.259689e-01	3.609691e-01	-2.610178e-01	3.482525e-01	1.866395e-01	-1.162952e-01
-3.062625e-01	-2.635052e-01	5.133743e-02	8.046563e-01	8.690489e-01	4.704293e-01	-5.522228e-01	1.460801e+00	-5.428002e-01	4.847307e-01	-6.692438e-02	9.029879e-01	-4.610937e-01	6.264397e-01	4.973871e-01	1.008550e+00	9.120810e-01	-5.332490e-01	3.950305e-03	-4.362570e-01	5.937106e-01	-6.537088e-01	-2.452235e-01	-4.897945e-01	1.297375e+00	1.052736e-01	1.066196e+00	1.110634e+00	2.252456e-01	1.193459e-01	1.207939e+00	-1.494753e-01	2.834273e-01	5.654778e-01	7.015384e-01	7.361744e-01	1.000461e+00	-1.479135e-01	4.698714e-01	-3.899666e-01
-5.003205e-02	4.634373e-01	-8.157775e-02	2.553674e-01	1.342733e-01	1.250003e+00	6.653845e-01	5.850306e-01	5.068331e-01	9.377767e-02	-1.151630e-01	1.248558e+00	7.292499e-02	-1.546474e-01	3.017758e-01	9.089231e-01	6.036197e-01	5.223325e-01	-6.353568e-02	-1.576776e-01	-1.395764e-01	-2.772156e-01	-2.028029e-01	1.016545e-01	-8.285167e-02	5.539080e-01	7.414933e-01	4.979706e-01	3.120741e-01	-1.422343e-01	1.385660e-01	2.332735e-01	-2.202764e-02	-1.909001e-01	1.979379e-01	2.652443e-01	5.030426e-01	3.460832e-01	1.169755e-01	1.856886e-01
-6.182988e-01	1.668799e+00	1.437988e+00	-3.541709e-01	-2.804346e+00	1.936194e+00	-2.170542e+00	4.496307e-03	1.189575e+00	2.192957e+00	1.151659e+00	5.539715e-01	-5.331914e-01	3.088914e-02	1.446275e-01	-6.036067e-01	-1.793258e+00	-5.367675e-01	2.863864e+00	1.847823e-01	1.237538e+00	9.966796e-01	6.144619e-01	1.418396e+00	1.670043e+00	-1.424770e-01	2.348904e+00	5.080886e-01	-1.153969e-01	3.409079e+00	2.192850e+00	-6.714195e-01	1.472123e+00	9.714727e-01	1.861125e-01	2.294936e-01	-1.280758e+00	8.118889e-01	2.077564e+00	1.793780e+00
3.501947e-01	-5.917328e-01	8.781765e-01	-2.663061e-01	-4.288223e-01	-2.273044e-01	-7.607009e-01	-1.100503e-01	2.675588e-01	9.782696e-01	5.322380e-01	1.659681e-01	-7.873138e-01	-5.928446e-01	3.858106e-01	-8.133300e-01	-3.992272e-02	3.471905e-02	7.277454e-01	-3.531764e-01	2.215686e-01	2.127650e-01	4.174577e-01	-6.244821e-01	3.317550e-01	3.797821e-01	1.934332e-01	6.541582e-01	-1.320365e-01	9.277731e-01	1.826783e-01	-3.381105e-01	-2.997145e-01	2.625881e-01	-5.735178e-02	5.949017e-01	-3.180806e-01	8.051411e-01	2.896394e-01	-1.394299e-01
4.417567e-02	3.646740e-01	-1.218495e+00	2.009004e+00	1.708998e+00	-1.342678e-01	2.248397e+00	6.891720e-01	9.337265e-01	5.009386e-01	-3.335914e-02	-1.303438e+00	2.028851e+00	1.027793e+00	1.247233e+00	2.553256e+00	1.766270e+00	2.180707e+00	1.142937e+00	1.443711e+00	1.358320e+00	8.678969e-01	-2.370796e-01	1.768239e+00	1.658184e+00	1.203171e-01	5.941945e-01	-7.258959e-01	2.265477e+00	-1.300135e+00	8.051074e-01	1.244584e+00	2.247270e+00	1.706005e+00	5.011318e-01	9.116406e-01	2.179949e+00	-5.085179e-01	8.340431e-01	1.914889e-01
3.290423e-01	-3.767236e-02	-5.972808e-01	1.165418e+00	8.060288e-01	6.233382e-02	1.422835e+00	2.654955e-01	1.053892e+00	1.528614e-01	4.113854e-01	-9.609751e-01	1.773252e+00	1.074787e+00	1.445988e+00	1.944781e+00	1.458436e+00	1.693700e+00	1.301892e+00	9.799314e-01	8.230782e-01	5.126555e-01	-1.650532e-01	1.463530e+00	1.167299e+00	-1.542378e-03	3.676425e-01	-3.621883e-01	1.618740e+00	-6.162330e-01	1.116530e-01	1.125586e+00	1.693287e+00	1.327926e+00	4.888377e-01	6.361907e-01	1.798179e+00	-1.644416e-01	7.181256e-01	1.830661e-01
6.646903e-01	2.179439e+00	6.467924e-01	8.657489e-01	1.257604e+00	6.622207e-01	-1.386892e-01	-5.632997e-02	-2.850335e-01	1.105081e+00	1.381828e-01	5.904320e-01	4.859340e-01	-1.695477e+00	-5.535442e-02	-1.588573e-01	-7.906614e-01	1.508605e+00	1.426393e-01	2.662494e-01	3.029113e-01	-2.679655e-01	6.771806e-01	2.173608e-01	1.800254e-01	-1.811496e+00	-8.290546e-01	-3.433791e-01	-1.136419e+00	7.123081e-01	-4.437399e-01	6.999679e-02	-1.478269e+00	1.948828e-01	9.199110e-01	3.416449e-01	5.667366e-01	7.780200e-01	1.132277e+00	-1.248173e+00
8.634834e-02	-1.416474e-01	1.028274e+00	-1.745895e+00	-9.879694e-01	2.711281e-01	-2.180157e+00	-2.285783e-01	-4.939021e-01	2.269709e-01	-2.052448e-02	1.386279e+00	-1.991602e+00	-8.600559e-01	-7.707126e-01	-2.061146e+00	-9.134035e-01	-1.592468e+00	-1.126840e+00	-6.868915e-01	-1.268294e+00	-8.846810e-01	4.547970e-01	-1.265712e+00	-1.016158e+00	4.433289e-01	-2.296118e-01	1.069351e+00	-1.734294e+00	1.543303e+00	-5.319005e-01	-1.042170e+00	-1.817312e+00	-8.350499e-01	-7.478830e-02	-4.489484e-01	-1.601819e+00	7.581875e-01	-4.763941e-01	-1.940068e-01
5.151796e-02	2.579470e-01	-1.022651e+00	2.018169e+00	1.279686e+00	1.299499e-01	2.122317e+00	7.146894e-01	5.855773e-01	1.162151e-01	1.117027e-01	-1.233925e+00	2.435670e+00	1.143139e+00	1.515958e+00	2.710243e+00	1.949997e+00	2.187941e+00	1.331715e+00	1.485192e+00	1.093104e+00	6.062092e-01	-4.365676e-02	2.120386e+00	1.348507e+00	2.158642e-01	2.349502e-01	-5.093276e-01	2.548014e+00	-1.052079e+00	6.366296e-01	1.046048e+00	2.495710e+00	1.731206e+00	5.278442e-01	4.481260e-01	2.243678e+00	-6.901753e-01	7.523607e-01	2.540849e-01
