7.728105e-01	2.293269e+00	1.212447e+00	3.294194e+00	1.861397e+00	1.932468e+00	4.771229e-01	4.121746e+00	2.794018e+00	-4.627424e-01	-3.172911e+00	-1.509191e+00	5.715939e+00	2.114201e+00	-1.847384e+00	2.860241e+00	1.131543e+00	-2.709312e+00	5.318527e+00	4.075521e-01	5.368073e+00	-2.966908e+00	3.877697e+00	-6.360368e-01	2.533159e+00	-1.395006e+00	2.527536e+00	3.796898e+00	-1.611081e+00	2.125381e+00	-3.262256e+00	3.367246e+00	3.262157e+00	-5.605825e-01	-1.533331e+00	-9.130384e-01	-1.906375e+00	-8.687553e-01	9.290919e-01	2.265069e-01
3.210600e-01	-1.777392e+00	2.755135e+00	1.703796e+00	-2.713898e+00	3.775681e-01	1.776316e+00	4.907402e+00	-3.736782e-01	9.726711e-01	1.210728e+00	-8.608184e-02	2.523909e-01	4.159227e+00	2.990343e+00	4.527957e+00	1.652625e+00	-3.387148e+00	-1.271799e+00	2.905120e+00	8.612175e-01	-3.289340e-01	1.544831e+00	7.551613e-01	1.826249e+00	-9.852105e-01	7.663422e-01	3.736189e-01	-9.030917e-01	2.834088e+00	-5.574273e-01	8.846982e-02	4.066812e+00	1.100427e+00	-1.843322e+00	6.642829e+00	2.405801e+00	3.060877e+00	-2.123877e-01	1.259304e+00
2.381450e+00	5.254954e+00	-7.921180e-01	1.126448e+00	1.183665e-01	1.064064e+00	-3.971393e-01	2.714789e+00	1.964144e+00	1.716691e+00	-2.115649e+00	-3.582675e+00	3.232107e+00	4.393435e+00	2.324241e+00	4.269236e+00	2.960255e+00	-3.212417e+00	1.791490e+00	-1.635669e+00	4.551355e-01	-1.726276e+00	5.253314e+00	-1.209424e-01	1.224150e+00	1.607855e+00	8.126594e-01	7.342334e-01	8.692073e-01	2.209259e+00	1.537091e+00	5.396780e+00	2.833598e+00	4.127922e-01	-8.008242e-01	1.634341e+00	2.619763e+00	-8.466960e-01	3.493756e-01	-1.552046e+00
2.895601e+00	9.903977e+00	-2.708190e+00	4.640471e-02	5.495400e+00	-5.928219e-01	-4.449851e+00	9.222527e-01	6.977683e+00	2.468787e+00	-5.876365e-01	-3.704823e+00	3.600109e+00	-2.207991e-01	5.149288e-01	-4.388389e+00	9.986177e-01	1.532151e-01	6.042174e+00	6.014654e+00	1.699611e+00	1.786429e+00	8.468699e-01	-2.926016e+00	-5.008179e+00	-2.711591e+00	8.810399e-01	-3.090549e+00	1.982674e+00	5.227034e+00	-4.599074e+00	5.587029e+00	2.342900e+00	2.226806e+00	-3.714607e+00	-3.598175e+00	-2.237354e+00	1.441483e+00	1.771332e-01	4.669737e+00
-7.728456e-02	5.526602e-01	2.598409e+00	2.631896e+00	-1.917287e-01	3.086379e+00	4.521769e-01	2.046270e+00	-1.192786e+00	1.697986e+00	-3.375587e+00	-1.866653e+00	5.128634e+00	2.881734e+00	1.798488e+00	-1.843569e-01	1.924874e+00	-1.507361e+00	3.353034e+00	-1.061393e+00	2.848831e+00	-2.280593e+00	5.978504e+00	-4.335743e-01	1.519261e+00	6.104084e-01	2.894751e+00	4.579226e+00	-4.527560e+00	-1.654310e+00	7.108752e-01	3.860175e+00	2.051049e+00	8.926933e-01	2.088084e-01	2.910756e+00	-1.951091e-01	-8.655219e-01	1.964410e+00	-3.139993e+00
2.208924e+00	2.871699e+00	9.515096e-01	-9.125652e-01	-8.206879e-01	-1.169664e+00	-2.588997e-01	2.117692e+00	2.043121e-01	-5.154947e-01	-6.175133e-01	-2.522610e+00	-8.584940e-01	1.354930e+00	5.078144e+00	-2.264672e+00	1.173281e+00	2.094344e+00	1.968302e+00	-1.910641e+00	3.867428e+00	2.829785e-01	7.473580e+00	1.115332e+00	1.019465e+00	3.026278e+00	2.235339e+00	-7.261936e-02	1.584930e+00	6.734042e-01	3.126377e+00	1.614414e+00	3.782810e+00	-5.516157e-01	-3.345974e-01	1.901294e+00	-1.293013e+00	-1.344370e+00	3.666445e+00	-1.701562e-02
4.338116e+00	5.204078e+00	3.215121e+00	-4.005860e-01	2.003122e+00	1.042203e-01	-1.755434e-01	3.876572e+00	3.778771e+00	3.137182e+00	-2.463049e+00	-2.505274e+00	1.708674e+00	5.592827e+00	4.399342e+00	2.385274e+00	3.913000e+00	-4.706743e+00	3.077678e+00	-1.272335e-01	1.354446e+00	-1.950172e+00	3.767786e+00	-4.288371e-01	9.246420e-01	-5.778966e-01	-2.023383e+00	9.393486e-01	-1.572524e+00	5.702745e+00	6.890108e-01	4.479274e+00	6.228970e+00	8.733833e-01	-2.373873e+00	2.129937e+00	5.119720e-01	7.345773e-01	-2.512821e+00	-1.310424e+00
1.862064e+00	4.075384e+00	4.351434e+00	-2.998187e+00	6.813861e+00	-2.218817e+00	-8.328264e-01	4.386399e+00	8.462904e+00	2.749737e-03	-2.585696e+00	-2.397886e+00	5.020603e-01	5.004398e+00	2.403998e-01	2.889886e-01	2.084411e+00	-1.937049e+00	1.158997e+01	2.705406e+00	6.727394e+00	-4.571846e+00	5.148320e+00	-1.809350e+00	1.629570e+00	-2.814739e+00	-1.220327e+00	5.353427e+00	-1.861300e+00	9.671504e+00	-5.491135e+00	4.874832e+00	7.989851e+00	2.262072e+00	-2.157493e+00	-1.305311e+00	-5.195752e+00	-1.609942e-02	-2.533777e+00	3.353029e+00
-2.629349e+00	-3.756801e+00	3.981040e+00	-2.757043e-01	-3.414082e+00	-2.302372e+00	1.175755e+00	1.273976e+00	-1.287411e+00	-1.515430e+00	2.989065e+00	2.738730e+00	-4.681476e+00	9.744987e-01	-2.890429e+00	6.106663e+00	4.017523e-01	2.429632e+00	-2.451951e+00	-1.890579e+00	6.097834e+00	-6.266923e-01	1.098161e+00	-2.669664e+00	4.227366e+00	6.860388e-02	3.753351e+00	4.094794e+00	3.728673e+00	-5.117533e-01	1.127704e+00	-3.904230e+00	8.061379e-02	-1.075098e+00	4.061154e-01	7.287376e+00	-2.665967e+00	-3.609623e+00	2.100074e+00	1.104175e+00
5.215276e+00	7.161581e+00	-4.327668e-01	1.871498e-01	1.366014e-01	-2.329797e+00	-2.075066e+00	5.315992e+00	3.684090e+00	8.344228e-01	-4.082951e+00	-3.330278e+00	2.651957e+00	9.498691e+00	6.443965e+00	5.359759e+00	5.277022e+00	-3.591894e+00	5.869250e+00	-7.782361e+00	4.323375e+00	-7.190447e+00	9.960934e+00	2.995535e+00	3.730131e+00	1.436201e+00	-2.502502e+00	2.473472e+00	-4.726574e-01	5.342463e+00	5.432751e-01	6.828069e+00	7.439787e+00	1.673679e+00	-2.187558e+00	2.879747e+00	-3.992516e-01	-6.210422e-01	7.399150e-01	-1.175606e+00
9.040203e-01	2.229797e+00	1.127180e+00	2.006857e+00	-6.242541e-01	3.812468e-01	8.854112e-01	3.777823e+00	-1.793404e+00	1.776576e+00	3.231533e+00	2.352514e+00	1.651188e+00	1.939515e+00	7.450286e-01	1.404822e+00	1.395131e+00	1.656672e+00	2.459576e+00	-7.884782e-01	2.627482e+00	-2.150495e+00	-1.807824e+00	2.363445e+00	-4.657473e-01	-1.648403e+00	-7.245432e-01	-2.011650e+00	-1.988344e-01	-7.461294e-01	-6.402667e-01	2.513158e+00	1.219758e+00	2.424512e+00	-1.097230e+00	2.915476e+00	-1.934158e+00	1.632619e+00	1.064009e+00	2.984745e+00
3.260867e+00	3.021599e+00	3.117955e-01	2.151495e+00	-1.497815e+00	7.868356e-01	8.131655e-01	4.246537e+00	-1.071053e+00	3.053313e+00	-1.493388e-02	-2.363045e-01	1.822425e+00	9.612442e-01	-3.993581e-01	1.167707e+00	2.563265e+00	1.073495e+00	2.783539e+00	9.693111e-01	1.291192e+00	9.297955e-01	6.261051e-01	-8.278519e-01	-1.920569e+00	-3.210312e+00	4.242143e-01	-1.954430e+00	2.851854e-01	2.531765e-01	-2.209413e-01	1.885864e+00	3.522674e+00	1.370205e+00	7.413144e-01	-9.128802e-02	-1.699439e-02	2.524266e+00	4.318201e-01	1.126020e+00
5.000318e+00	3.929820e+00	2.364006e+00	4.089451e-01	-4.039442e-01	1.960569e-01	1.509460e-01	3.937695e+00	2.697609e+00	4.940931e+00	-1.965349e+00	-1.180862e+00	1.443548e+00	5.127284e+00	3.629940e+00	2.278772e+00	3.528511e+00	-3.537344e+00	2.896868e+00	-1.030563e+00	1.822567e+00	-1.494426e+00	4.207961e+00	-1.476104e-01	5.675296e-01	1.186728e-02	-2.003210e+00	1.107295e+00	-2.165245e+00	3.672002e+00	6.885922e-01	4.065639e+00	6.039713e+00	1.590292e+00	-1.708547e+00	1.641863e+00	9.943497e-01	6.773383e-01	-2.464122e+00	-5.721945e-01
4.237501e-02	4.696643e-01	4.855715e+00	-4.620346e-01	6.609283e+00	4.237937e+00	3.249783e-01	1.211726e+00	4.637121e+00	3.008350e+00	7.288495e+00	2.431646e+00	3.284148e+00	-8.868548e-01	-7.722393e+00	-3.684608e+00	2.049251e+00	1.141971e+00	2.007132e+00	1.294028e+01	-5.072191e+00	-2.964529e+00	-1.593231e+01	4.515559e-01	-4.469829e+00	-8.205179e+00	9.609669e-02	3.522697e+00	-2.064091e+00	1.522842e+00	-7.111008e+00	8.026379e+00	1.887960e+00	2.853714e+00	2.468352e+00	-8.665137e-01	-5.873762e-01	4.206396e+00	-3.484907e-01	7.196715e+00
3.096767e+00	2.099601e+00	3.538939e+00	-2.272947e+00	-3.259008e-01	-1.782317e+00	1.649196e-01	6.416437e-01	1.882187e-01	3.914681e+00	-2.431466e+00	-6.597600e-01	5.743688e-01	3.947205e+00	4.047325e+00	2.148518e+00	4.076684e+00	1.146055e+00	5.520815e+00	-7.953884e-01	1.910238e+00	-3.033972e-01	4.778535e+00	4.540240e-01	1.568624e+00	8.929636e-01	-1.401535e+00	1.511154e+00	-7.373121e-01	3.563015e+00	-2.783581e-01	2.010823e+00	6.678960e+00	1.814887e+00	7.114154e-01	-4.031706e-01	-2.733743e+00	2.461462e-01	-1.500750e+00	1.345665e-01
-5.459305e-01	-2.990616e+00	-6.801203e-01	1.475361e+00	-3.037825e+00	-1.037904e-01	1.730549e+00	4.112151e+00	-2.127904e+00	-1.232383e+00	-5.000876e-01	7.872333e-01	3.093813e-01	4.283783e+00	-3.297598e-01	4.510056e+00	2.095142e+00	1.380945e+00	2.266821e+00	-2.971420e+00	5.256167e+00	-2.706152e+00	3.798310e+00	2.767290e+00	2.444285e+00	4.826135e+00	3.480736e+00	4.208577e+00	-7.900140e-01	4.195755e-01	2.524794e+00	5.361451e-01	4.464466e+00	1.141688e+00	9.839370e-01	2.334868e+00	2.980739e-01	6.894451e-01	3.911055e+00	6.834408e-01
3.300886e-02	-9.446562e-01	1.652791e+00	7.190816e-01	-1.385186e+00	1.865399e+00	3.726151e-02	3.159065e+00	-2.326179e+00	3.070220e-01	1.757131e+00	-4.162251e-01	5.666787e-01	1.476937e+00	-9.629870e-01	1.094210e+00	1.736860e+00	1.987784e+00	1.273611e+00	8.956381e-01	2.262631e+00	-1.273366e+00	4.286093e-01	-5.677062e-02	6.435124e-01	2.397028e-01	2.542814e+00	2.249711e+00	1.353798e+00	-2.188218e+00	2.806187e+00	2.469983e+00	2.993103e+00	-6.500514e-01	1.223689e+00	2.008275e+00	-7.466155e-01	-9.174193e-01	4.267234e+00	4.136357e-01
-2.480154e+00	1.049343e+00	2.610884e+00	-3.518002e+00	1.745770e+00	-5.779590e-01	-9.794420e-01	1.560681e+00	4.436839e+00	-3.243966e+00	7.683519e-01	-3.559199e-01	1.522461e+00	3.224182e+00	-3.456573e+00	6.055537e+00	2.163449e+00	4.478312e-01	8.330650e-01	1.650633e+00	4.418137e+00	-2.497375e+00	-1.075809e+00	-4.653825e+00	2.066699e+00	-9.742994e-01	3.834343e+00	5.896706e+00	3.877910e+00	2.703597e+00	-2.660852e+00	1.008651e+00	3.244647e+00	1.556964e+00	-1.122438e+00	3.631065e+00	-1.737778e+00	-3.455271e+00	-1.007030e+00	1.046359e+00
3.034289e+00	8.166758e+00	2.106615e+00	-4.025611e+00	1.116078e+01	3.856544e-01	-4.451977e+00	4.797679e+00	1.138650e+01	1.520372e+00	-1.157355e+00	-4.810599e+00	1.274785e+00	3.987918e+00	2.831640e+00	-4.263619e+00	7.678180e-01	-1.284510e+00	1.299303e+01	3.904821e+00	6.041651e+00	-1.892867e+00	5.107954e+00	-5.046426e+00	8.021748e-01	-2.473267e+00	-2.291730e+00	5.924788e+00	-1.199699e+00	1.215549e+01	-4.514918e+00	6.966574e+00	7.064151e+00	-1.849609e+00	-2.140647e+00	-3.389363e+00	-2.266422e+00	-1.068201e+00	-3.158408e+00	-3.178196e-02
1.411738e+00	5.382185e+00	1.620035e+00	-1.251297e+00	5.803434e+00	9.290936e-01	-3.264359e+00	3.831224e+00	7.966987e+00	6.464973e-01	-3.907071e-01	-2.497587e+00	1.841762e+00	3.092845e+00	-5.592352e-01	-3.983706e+00	2.135541e-01	8.788342e-01	8.677509e+00	4.089073e+00	5.246404e+00	-2.482286e+00	3.494948e+00	-4.468435e+00	1.060926e+00	-3.829227e+00	-1.945138e-01	6.146397e+00	2.024551e-01	7.860440e+00	-4.995872e+00	4.539449e+00	6.611008e+00	-1.371951e+00	-1.477662e+00	-9.961722e-01	-3.201261e+00	-8.156954e-01	9.523979e-01	2.172432e+00
4.227031e-01	5.350734e-01	4.941815e+00	9.479983e-01	2.225205e+00	3.499882e+00	1.280558e+00	4.234762e+00	1.194337e+00	1.912494e+00	-1.953585e+00	-1.466613e+00	3.992025e+00	3.568460e+00	1.794783e+00	-4.399471e-01	2.442874e+00	-3.137902e+00	6.996142e+00	2.853888e+00	4.208320e+00	-2.207428e+00	5.457356e+00	-1.644311e+00	4.067703e-01	-4.355919e+00	2.852905e+00	2.770935e+00	-5.502702e+00	1.896095e+00	-1.307236e+00	4.161643e+00	4.643949e+00	2.275680e+00	-1.291166e+00	5.230245e+00	-1.681603e+00	8.958988e-01	1.443037e-01	-3.062395e+00
3.619319e-01	-3.306497e-01	1.113012e+00	3.360923e-01	-3.611828e+00	-3.913897e-01	2.247570e+00	4.212392e+00	-2.687064e+00	1.283454e-01	1.772191e+00	-9.285856e-02	1.240365e-01	5.054016e+00	2.377872e+00	5.036848e+00	1.868062e+00	9.340822e-01	3.293469e-02	-2.835968e+00	2.414985e+00	-1.041115e+00	3.245797e+00	-1.311997e-01	1.522374e+00	-1.140841e-01	1.908843e+00	7.091712e-01	6.014344e-01	-1.517254e-01	2.639010e+00	5.853059e-01	3.516810e+00	1.379076e+00	-1.860679e-01	5.413144e+00	5.646861e-01	-3.442842e-01	1.185358e+00	-6.267740e-01
4.351156e-01	1.980551e+00	-5.241233e-01	-2.016649e+00	-6.936842e-01	-1.625028e+00	-5.246639e-01	1.559959e+00	-6.318331e-03	5.870310e-01	6.663780e-01	-8.214681e-01	1.741695e+00	4.108354e+00	1.337988e+00	5.810040e+00	2.148657e+00	3.089399e+00	3.703592e+00	3.018095e-01	1.625215e+00	1.847259e+00	3.313395e+00	3.458361e-01	-1.149329e+00	-3.120088e+00	2.430605e+00	-3.882701e+00	2.704290e+00	1.766922e+00	-1.573360e+00	2.427278e-01	1.732166e+00	4.054440e+00	-1.906505e+00	6.245170e+00	-5.427753e-01	-2.082294e-01	-1.768372e-01	1.214558e-01
3.015286e+00	-2.161069e-01	1.110487e+00	-5.240132e-02	-2.578139e+00	4.100105e-01	-5.592720e-01	2.267926e+00	-2.542895e-01	3.873456e+00	-7.880507e-01	-1.107267e+00	-1.133496e+00	9.654336e-01	2.896189e+00	3.939098e+00	3.316619e+00	-1.287702e+00	2.976673e+00	1.642345e+00	-5.353730e-01	2.911533e-01	9.245214e-01	2.140923e+00	1.308552e+00	1.757290e+00	3.724024e-01	7.151130e-01	-8.470893e-02	1.955001e+00	2.541442e+00	9.368228e-01	2.031719e+00	1.173365e+00	1.184588e+00	8.294687e-01	1.046898e+00	7.038669e-01	2.590327e-01	1.102257e+00
2.150645e+00	2.158425e+00	2.821529e+00	3.798333e-01	-2.768311e+00	-1.758504e+00	2.465322e-01	6.405498e+00	2.247287e-01	8.124195e-01	-6.009554e-01	-6.743470e-01	3.466974e-02	4.722133e+00	3.930067e+00	-8.180826e-01	1.843779e+00	2.458791e+00	3.707162e+00	-4.168381e+00	6.886435e+00	-1.742018e+00	8.075510e+00	-1.666200e+00	2.617196e+00	-3.103819e-01	5.413984e-02	3.941575e+00	2.866103e-02	2.204424e+00	6.652639e-01	9.543671e-01	5.899109e+00	-9.226365e-01	6.836037e-01	4.153880e+00	-1.830512e+00	-4.853384e-01	1.161561e+00	1.723177e-01
-3.386802e+00	-6.680589e-01	4.485823e+00	3.755398e+00	1.305687e+00	3.968662e+00	4.869340e+00	1.113618e+00	-4.426070e+00	4.878735e-02	2.425379e+00	9.668028e-01	2.610655e+00	2.217135e+00	-5.030092e-01	-7.065072e-01	3.464362e-01	-2.721898e-01	-1.910748e+00	-4.366913e-01	2.814481e+00	4.461436e-01	1.294376e+00	-2.873372e-01	2.640351e-01	5.609769e-01	4.278540e+00	3.201555e+00	-3.929054e+00	-2.306730e+00	1.845035e+00	1.893172e+00	8.400376e-01	-7.106951e-01	1.164340e+00	3.601252e+00	3.115127e-01	1.639507e+00	2.051207e-01	-2.819217e+00
2.978429e+00	2.776572e+00	-4.128326e-01	-1.440632e+00	4.926799e-01	-4.482888e-01	4.204950e-01	2.339319e+00	-5.860677e-01	1.173345e-01	-1.886890e+00	-2.102271e+00	6.651774e-01	4.240275e+00	6.572525e+00	-5.792678e-01	1.464445e+00	3.424678e+00	5.959140e+00	-4.144419e+00	5.138500e+00	-4.253393e-01	8.035212e+00	-2.557761e-01	1.886840e+00	3.479447e+00	1.028792e+00	1.837212e+00	-1.520810e-01	3.323117e+00	3.168874e+00	1.582848e+00	4.961264e+00	-9.271995e-01	3.874719e-01	6.419352e-01	-8.891975e-01	-1.381912e+00	2.380829e+00	-2.121431e+00
-3.842838e-01	2.122336e+00	2.205846e+00	-3.644734e-01	-7.132275e-01	-2.190016e+00	1.880359e+00	2.845946e+00	1.554165e+00	-2.103830e+00	9.680766e-01	5.287261e-01	5.726753e-01	5.781018e+00	4.738976e-01	6.316861e+00	2.469331e+00	-7.153920e-02	4.869107e-01	-2.190647e+00	5.167493e+00	-9.411602e-01	4.573732e+00	-2.644413e+00	2.977390e+00	-3.488601e+00	1.064110e+00	-2.841804e-01	3.289593e+00	3.410187e+00	-2.420777e+00	-2.234769e-01	4.845247e+00	4.508723e-01	-2.799706e+00	5.835574e+00	-1.871324e+00	-1.532162e+00	-4.026483e-01	4.632768e-01
-3.551697e+00	-7.867674e+00	8.209883e+00	-2.615873e+00	7.804067e-01	-2.615351e+00	9.121850e-01	1.455226e+00	-2.035823e-01	-6.216393e-01	5.291907e+00	4.465431e+00	-4.211174e+00	5.418025e+00	-1.897211e+00	5.040781e+00	4.580961e+00	4.290823e-01	2.095011e+00	2.137254e+00	1.889997e+00	-2.275888e+00	-3.512302e+00	2.510552e+00	4.558654e+00	-6.509774e+00	-1.477213e+00	8.325078e-01	-5.568096e-01	7.239443e-01	-2.988534e+00	1.038254e+00	3.409090e+00	4.373959e+00	-2.568641e-01	8.010102e+00	-3.789172e+00	8.826563e-01	1.073517e-01	3.578272e+00
-8.893201e-01	-2.288751e+00	2.218133e+00	4.017539e-01	-3.174613e-01	2.671550e+00	1.001988e+00	4.233087e+00	-1.163443e+00	6.747097e-01	8.806922e-01	-1.472635e-01	-3.521860e-01	1.145198e+00	-1.507456e+00	1.504251e+00	2.257472e-01	3.222071e-01	4.050624e+00	1.171040e+00	4.734109e+00	5.510014e-01	2.061193e+00	-1.009392e+00	2.604194e+00	1.475080e+00	7.726350e-01	5.755189e+00	-2.173151e-02	1.703278e+00	8.504639e-01	7.383900e-01	2.972956e+00	-1.921746e+00	1.583775e+00	6.820401e-01	1.420295e-01	4.336514e-01	7.237498e-01	-7.009418e-02
7.118491e+00	1.239626e+00	2.037741e+00	-2.686220e+00	8.707474e-01	4.745008e+00	-7.690764e-01	3.695815e+00	-7.661253e+00	-6.624722e+00	-4.649740e+00	3.942024e+00	-2.061888e+00	1.057517e+01	-2.481215e+00	-1.450476e+00	4.546707e+00	-5.552476e+00	7.365011e+00	-3.345584e+00	3.409357e+00	2.870023e+00	1.254571e+01	7.734646e+00	5.329056e+00	-1.231136e+01	-7.665028e+00	-7.068997e+00	-2.954492e+00	8.986656e+00	-5.867370e+00	-3.405992e+00	8.741127e+00	5.480079e+00	-1.295124e+01	3.022961e-01	4.099769e+00	2.538205e+00	-6.007413e-01	-5.353624e+00
2.034114e+00	3.148094e-01	3.631505e+00	-2.024819e+00	1.834882e+00	-2.197666e+00	-1.021593e+00	2.094383e+00	1.508975e+00	1.091382e+00	-2.283001e+00	-6.819198e-01	-1.287594e+00	3.263418e+00	4.419970e+00	-4.092332e+00	4.142541e+00	2.168609e+00	5.948031e+00	1.637599e+00	3.584866e+00	7.067695e-01	4.661395e+00	1.174720e+00	2.534779e+00	-1.180553e+00	-1.382462e+00	-1.447706e+00	-1.248622e+00	2.904678e+00	-5.909822e-01	1.948949e+00	5.658579e+00	2.058891e+00	-9.776581e-01	-8.218923e-01	-3.137970e+00	2.580535e+00	2.163024e+00	1.877249e+00
5.536430e+00	1.511956e+00	4.478620e+00	-2.050875e-01	-2.131089e+00	-2.244939e+00	3.182903e+00	2.495109e+00	1.603761e+00	4.875460e+00	-1.382408e+00	1.727731e+00	-6.415502e-01	2.817401e+00	4.314708e+00	2.950355e+00	4.487453e+00	-1.471022e+00	2.127551e+00	-2.233894e-01	2.895279e+00	-1.496435e+00	3.691123e+00	1.940874e+00	2.262215e+00	-2.295847e+00	-2.014292e+00	-9.470970e-01	-6.021477e-01	4.431558e+00	1.584522e-01	-4.235056e-01	5.821709e+00	1.535875e+00	-2.399651e+00	3.394485e+00	-2.637409e+00	1.146813e+00	-2.864382e+00	1.796548e+00
4.298009e-01	-9.129064e-01	2.620021e+00	1.643400e+00	-2.142264e+00	5.049643e-01	1.813514e+00	3.760936e+00	-2.555722e-01	2.569116e+00	7.038086e-01	2.081171e-01	1.164809e+00	4.974528e+00	-6.113608e-03	5.847111e+00	3.819049e+00	-2.567048e+00	3.779419e-01	2.357015e+00	-1.342048e+00	-1.261039e+00	1.504436e-01	-4.673237e-01	2.300995e+00	-2.803556e+00	-9.360257e-01	7.381300e-02	-1.412071e-01	1.893542e+00	3.356081e-01	1.664779e+00	2.817278e+00	6.965429e-01	-1.134411e+00	4.801156e+00	2.205966e+00	9.323097e-01	-1.332551e-01	7.275567e-01
2.659621e+00	1.180095e+00	2.820870e+00	3.607873e+00	-3.678711e+00	-3.160482e-02	2.371353e+00	2.865703e+00	2.574857e+00	3.037139e+00	3.432417e-01	2.117366e+00	1.287151e+00	2.845065e+00	3.164433e+00	2.555136e+00	3.538474e+00	-3.300670e+00	-7.688983e-01	-1.639670e+00	3.331806e+00	-3.489530e+00	3.168224e+00	1.909582e+00	4.185553e+00	2.221351e-01	-5.962605e-01	3.080657e+00	-2.859067e-01	1.647792e+00	-7.317290e-01	2.082144e+00	4.685349e+00	-1.151383e+00	-1.508300e+00	3.409946e+00	-1.073690e+00	7.020415e-01	1.194962e-01	2.613188e+00
2.923421e+00	7.245102e+00	-2.525724e-01	4.795556e-01	1.598253e+00	-1.357932e+00	-3.366291e+00	5.346296e+00	3.800154e+00	2.462591e-01	-2.095006e+00	-4.474850e+00	2.205093e+00	5.103029e+00	3.623481e+00	-5.054319e-01	1.461585e+00	5.100179e-01	7.767409e+00	-3.793481e+00	4.696709e+00	-3.185625e+00	7.543741e+00	-1.022592e+00	4.825311e-01	1.837929e-01	1.044958e+00	4.069599e+00	8.436727e-02	5.081461e+00	2.492180e-02	6.706149e+00	5.447958e+00	1.274584e+00	5.538271e-01	-8.422198e-01	-4.333141e-01	-1.457966e+00	8.520263e-01	2.735365e-01
3.764058e+00	5.521402e+00	-1.986230e-01	3.169437e+00	-2.027644e+00	-2.593479e+00	-1.842656e-01	4.233525e+00	2.909202e+00	1.029154e+00	-2.189453e+00	-8.949839e-01	1.930683e+00	2.246052e+00	2.649782e+00	-1.280917e+00	1.263249e+00	8.021000e-01	5.236609e+00	-2.277346e+00	8.128197e+00	-1.248509e+00	7.445568e+00	-1.644710e+00	3.054057e-02	1.246139e-01	1.437992e+00	7.885714e-01	3.054459e-02	2.960568e+00	-3.139408e+00	1.972055e+00	6.845877e+00	1.257186e+00	-1.026297e+00	-7.748261e-01	-4.433348e+00	1.712588e+00	9.087916e-01	4.184952e+00
4.224133e+00	3.140640e+00	3.426429e+00	6.823915e-01	-2.947624e+00	-1.631240e+00	1.850477e+00	-2.708054e+00	2.864083e-01	5.159012e+00	4.017729e-01	2.822285e+00	7.295422e-01	-1.546077e+00	4.503840e+00	-3.496249e+00	2.613313e+00	2.912470e+00	-2.023100e+00	1.252451e+00	-1.250798e+00	7.653918e-01	-2.922508e-01	2.840242e-01	-1.546906e+00	-5.707932e-01	-1.147830e+00	-5.131981e-01	3.151242e-01	6.834240e-01	-7.448252e-01	-7.005273e-01	2.416021e-01	-5.428267e-01	-5.578196e-02	9.414566e-01	-1.639472e+00	4.038907e-01	-7.468366e-01	2.936655e+00
2.442424e-01	2.121764e+00	2.754944e+00	4.794707e-01	-3.616738e+00	-4.296610e+00	1.523908e+00	1.536918e+00	-5.856096e-01	9.708873e-01	-1.197508e+00	3.202401e-02	-1.167886e+00	2.190705e+00	1.782943e+00	-1.371240e+00	2.755472e+00	4.984918e+00	1.493898e+00	-2.272947e+00	3.828147e+00	-1.294769e+00	4.997631e+00	1.496633e+00	-4.521774e-01	2.965353e+00	3.409132e+00	1.564067e+00	1.045389e+00	-6.793071e-01	8.699203e-01	1.268473e+00	3.179500e+00	3.589055e+00	2.807035e+00	2.529326e+00	-3.805466e+00	4.352985e-01	1.731463e+00	3.791623e+00
-3.285916e+00	-2.368284e+00	5.735016e+00	4.321285e+00	1.197423e+00	4.580501e+00	4.735473e+00	9.455711e-01	-1.813812e+00	-1.214593e+00	1.144531e+00	1.867113e+00	2.411356e-01	1.146472e+00	-8.813739e-01	-4.262241e-01	-8.645907e-01	-2.330407e+00	-4.497520e-01	5.419729e-01	5.378952e+00	6.748141e-01	1.681432e+00	-2.132378e+00	2.171147e+00	-1.241087e+00	4.469100e+00	2.547590e+00	-3.568230e+00	-3.691140e-01	4.831489e-01	-4.310967e-01	6.912481e-01	-1.688203e+00	3.266137e-02	4.621747e+00	-1.069438e+00	5.516356e-01	9.532490e-01	-3.854409e+00
2.551226e+00	-1.751755e-01	7.105490e-01	1.797966e+00	-2.580596e+00	-3.993534e-01	-3.910818e-01	3.486402e+00	-2.196927e-01	1.656876e+00	9.079857e-01	9.198151e-01	-1.048274e+00	2.852274e+00	1.288537e+00	1.962361e+00	2.987736e+00	1.166512e+00	2.908082e+00	-9.366220e-01	1.708759e+00	-1.096466e+00	9.769616e-01	1.475570e+00	3.628298e-01	-3.076771e-01	-5.558048e-03	4.236902e-01	3.526016e-01	1.665698e+00	1.139012e+00	2.308188e+00	3.615820e+00	5.491065e-01	1.198648e+00	2.194329e+00	4.872717e-01	1.961154e+00	2.266878e+00	1.918653e+00
-2.146583e+00	3.843447e+00	2.890766e-01	1.044081e+00	2.329582e+00	-8.646147e-01	-3.848430e+00	1.915973e+00	6.480776e+00	-2.323508e+00	1.874563e+00	1.203502e+00	1.212907e-01	2.308524e+00	-3.569546e+00	-1.293114e+00	2.224261e+00	8.863057e-01	4.319001e+00	-2.420180e-01	9.070153e+00	-4.725966e+00	1.313385e+00	-3.802739e+00	2.438265e+00	6.929442e-01	1.928452e+00	7.619303e+00	1.790849e+00	2.148497e+00	-3.483720e+00	5.681477e+00	2.373415e+00	-5.500671e-01	-1.724589e+00	1.295349e+00	-3.618269e+00	-2.357866e+00	4.228941e+00	3.994915e+00
2.167693e+00	3.011882e+00	1.688899e+00	1.035727e-01	6.355089e-01	2.080914e+00	6.665819e-01	2.750214e+00	1.284341e+00	8.935338e-01	-7.539515e-01	-1.050953e+00	1.649029e+00	5.219660e+00	1.474731e+00	3.977056e+00	3.656721e+00	-3.940794e+00	6.765739e-01	-8.369960e-01	4.023800e-01	-3.133438e+00	1.562878e+00	-9.481732e-02	1.705811e+00	-5.386151e-01	2.710086e-01	1.112787e+00	-4.184066e-01	1.910927e+00	2.302074e+00	5.072726e+00	3.660852e+00	4.762511e-01	-1.331266e+00	2.512819e+00	2.062950e+00	-8.429774e-01	1.087792e+00	-1.860467e+00
4.472509e+00	2.714937e+00	3.575105e+00	-7.761457e-01	2.793395e+00	-1.591657e+00	-1.473505e-02	2.602538e+00	3.612384e+00	4.992725e+00	-3.482545e+00	1.921287e-01	9.470508e-01	6.353896e+00	4.377624e+00	1.055720e+00	5.516368e+00	-2.350102e+00	4.427133e+00	1.581518e+00	1.306236e+00	-9.993154e-01	1.780429e+00	1.805463e-01	2.539152e-01	-3.738903e+00	-3.798375e+00	-2.629716e+00	-3.413455e+00	6.221946e+00	-2.737567e+00	2.643737e+00	6.554103e+00	4.502438e+00	-3.194699e+00	1.856705e+00	-8.407046e-01	4.404952e+00	-3.235309e+00	1.060537e+00
6.761283e-01	-2.938635e-01	1.568599e+00	-1.563825e+00	-4.520678e+00	-1.221741e+00	1.829085e-01	-2.284894e+00	-2.660445e+00	1.356482e+00	8.580228e-01	1.936170e+00	2.083603e+00	2.264941e+00	1.738307e+00	1.294987e+00	4.575192e+00	5.469142e+00	-4.409566e-01	-1.146588e+00	-4.992576e-01	-1.063781e+00	1.291070e+00	5.878686e-01	1.072912e+00	-1.651665e+00	4.402202e+00	6.020605e-01	8.063054e-01	-2.088076e+00	8.970886e-01	7.244847e-01	1.577872e+00	3.021201e+00	1.571191e+00	5.767616e+00	-2.160982e+00	8.873547e-01	4.143144e+00	1.212429e+00
3.855903e+00	4.560318e+00	2.131075e+00	1.796291e+00	6.901115e-01	-1.118858e+00	-9.958714e-01	3.365101e+00	3.632484e+00	5.049657e+00	1.141889e+00	1.828371e+00	5.318886e-01	9.780357e-01	8.908034e-01	-3.856737e+00	2.715962e+00	1.574852e+00	3.014073e+00	3.648686e+00	2.317980e+00	5.928732e-01	-4.669562e-01	-2.794881e+00	-1.698930e+00	-5.883688e+00	-2.154098e+00	-1.033249e+00	-1.124140e+00	3.926077e+00	-4.261045e+00	2.354878e+00	4.016094e+00	8.529071e-01	-1.667087e+00	-2.042588e-02	-1.615358e+00	3.578359e+00	-5.217751e-01	4.990931e+00
3.387140e-01	-6.680387e-01	1.903537e+00	-4.040565e-01	-1.259622e+00	4.723776e-01	2.089005e-02	5.628488e+00	-4.546129e-01	-1.135065e+00	-1.358245e-01	-1.326490e+00	5.753517e-01	4.553607e+00	1.486494e+00	8.884323e-01	1.296564e+00	1.003064e+00	3.733150e+00	-8.849614e-01	3.518016e+00	2.097296e-01	4.782722e+00	5.091384e-01	2.090279e+00	5.855732e-01	4.362609e-01	1.903006e+00	-4.072095e-01	2.759315e+00	9.025814e-01	2.093150e+00	4.212493e+00	5.557867e-01	-1.341306e-02	2.991452e+00	5.171151e-01	1.309007e+00	1.704023e+00	-4.956981e-01
3.466051e+00	2.998506e+00	2.196179e+00	-7.271472e-01	-1.635507e+00	-3.731358e+00	1.641414e+00	3.488671e+00	1.576267e+00	7.403848e-01	-2.962776e+00	-1.561662e+00	2.086286e+00	4.666164e+00	5.801888e+00	-2.539765e+00	2.312223e+00	2.929742e+00	5.554662e+00	-1.874148e+00	5.401887e+00	4.361261e-01	9.516599e+00	-3.920768e-01	8.576305e-01	5.653793e-01	5.144411e-01	-2.532372e-01	-3.466176e-03	4.520564e+00	-8.953018e-01	3.732398e-01	6.650225e+00	3.132652e-01	-6.973390e-01	1.235121e+00	-3.437778e+00	3.458741e-01	-6.584665e-02	4.732016e-01
9.587695e-02	1.126231e-01	4.089038e+00	1.298305e+00	-2.903349e+00	-9.745404e-01	2.846086e+00	4.248269e+00	-3.568227e+00	-1.326124e+00	3.219085e+00	1.558897e+00	-1.791630e-03	4.911559e+00	6.461251e+00	8.121255e-01	-9.230821e-01	-2.454894e-01	-1.109833e+00	-4.070416e+00	6.695379e+00	-8.672112e-01	5.206418e+00	-2.731019e-01	1.958725e+00	-7.772863e-01	9.887812e-01	-1.483658e+00	-2.839139e+00	3.245575e-01	-2.601775e-01	-1.119635e+00	2.717069e+00	1.238047e+00	-1.331320e+00	1.004494e+01	-3.042248e+00	2.154882e+00	1.237574e+00	-1.488552e+00
1.497055e+00	4.514286e+00	-2.918827e+00	8.621082e-01	2.250662e+00	5.041197e-01	5.300332e-01	2.326682e+00	3.940518e+00	7.699711e-01	3.329931e+00	-2.047973e+00	1.822495e+00	2.368507e+00	1.136983e+00	1.364098e+00	-1.992922e+00	-1.115139e+00	-2.310007e-01	1.487399e+00	3.868653e+00	-2.933539e-01	-1.144778e+00	-2.090665e+00	-3.362550e+00	3.570267e+00	2.456107e+00	8.023513e-01	-9.660177e-01	1.255888e+00	-8.892761e-01	3.056034e+00	6.941883e-01	2.465740e-01	-1.156129e+00	7.218734e-01	-6.776682e-01	-1.084542e+00	3.096437e-01	1.499399e+00
2.075420e+00	-1.708019e-02	4.508519e+00	-1.854681e+00	3.741559e-01	-3.897058e+00	5.697436e-01	-1.302081e+00	3.635105e+00	1.331252e+00	3.622026e-01	2.156590e+00	-2.814427e+00	4.312423e+00	3.429028e+00	1.524151e+00	4.999834e+00	7.521397e-01	3.008987e+00	-1.757180e+00	3.596506e+00	-3.607650e+00	4.183609e+00	1.784000e+00	3.515815e+00	-7.564021e-01	-1.371656e+00	1.876809e+00	6.466267e-01	2.362821e+00	-1.432114e+00	2.080153e+00	6.143085e+00	1.146045e+00	-7.388142e-01	3.506733e+00	-5.288275e+00	-6.513536e-01	1.245560e+00	3.906417e+00
1.382995e+01	1.354985e+01	3.862775e+00	-4.656517e+00	-5.149189e+00	-1.831102e+01	9.966396e+00	-5.571023e+00	-2.583628e+00	4.123729e-01	-1.800779e+01	-7.438160e+00	-1.262874e+01	6.009366e+00	3.866720e+01	4.435373e-01	-4.755109e+00	2.049064e+00	4.892295e+00	-3.538520e+01	3.488489e+01	5.336864e+00	5.587339e+01	-5.243150e+00	1.107096e+01	2.121862e+01	1.071850e+00	-4.033546e+00	-1.007944e+00	8.316546e+00	1.505698e+01	-2.154446e+01	8.224355e+00	-1.064904e+01	-1.003343e+01	7.179081e+00	-1.884575e+01	-1.743396e+01	-5.115317e+00	-1.839264e+01
9.115816e-01	4.942463e+00	2.826272e+00	-1.317587e+00	8.304938e+00	1.634851e-01	-3.660354e+00	2.489886e+00	9.192517e+00	-3.097462e-01	1.177362e-01	-3.097440e+00	1.088918e+00	2.092840e+00	1.640987e+00	-4.980357e+00	-8.335615e-01	-9.949498e-01	9.324248e+00	3.969543e+00	4.677370e+00	-2.483035e+00	2.231537e+00	-4.129365e+00	1.232971e+00	-2.957752e+00	-7.247452e-01	6.536849e+00	-1.633115e-01	9.529502e+00	-5.368363e+00	5.588213e+00	5.192388e+00	-1.982309e+00	-3.050800e-01	-2.314110e+00	-2.875363e+00	-1.068554e+00	-3.716415e-01	2.915694e+00
8.575502e-01	1.972013e+00	4.571981e-01	1.439818e+00	-9.462806e-01	9.284515e-01	8.469971e-01	4.776665e+00	-1.047644e+00	1.499100e-01	3.509413e+00	5.872798e-01	1.289736e+00	2.637203e+00	-3.473744e-01	7.742562e-01	-2.780026e-02	2.485253e-01	2.238722e+00	-1.584794e+00	3.698746e+00	-1.287969e+00	1.325321e+00	-1.366313e+00	7.988762e-02	-1.370334e+00	5.496729e-01	1.643058e+00	-1.604188e+00	-1.872561e-01	-2.892576e-01	3.657049e+00	2.154023e+00	2.258042e-02	8.640064e-01	1.208976e+00	2.239425e-01	3.661680e-01	2.175176e+00	1.132902e+00
1.265892e+00	4.461929e+00	-6.413623e-01	1.243008e+00	7.216897e-01	1.793354e+00	-5.164109e-01	3.557517e+00	9.912402e-01	-2.247996e-01	1.067081e+00	-1.533289e+00	1.765146e+00	1.550769e+00	6.250522e-01	8.078170e-01	7.591186e-01	-5.394390e-01	2.200764e+00	-8.880948e-01	3.331482e+00	-1.187548e+00	2.562349e+00	-1.717253e+00	1.233013e+00	1.749068e-01	1.247514e+00	1.755326e+00	1.759822e+00	9.499060e-01	8.713601e-01	4.102063e+00	2.408363e+00	-1.489887e+00	9.254994e-02	6.265937e-01	2.058186e-01	-1.399462e+00	2.405595e+00	6.016254e-02
5.113831e+00	7.576778e+00	-5.726824e-01	1.400083e-02	4.018891e-01	-1.098413e+00	-1.978967e+00	5.591955e+00	2.349229e+00	2.751556e+00	-1.200317e+00	-2.006013e+00	2.581514e+00	5.166499e+00	3.744665e+00	4.276144e-01	2.550707e+00	1.388676e+00	7.309519e+00	-3.525329e+00	4.463741e+00	-2.747151e+00	6.406379e+00	-2.002032e+00	-1.094827e-01	-2.095665e+00	-1.743286e+00	1.753543e+00	-3.525115e-01	4.207711e+00	-3.844769e-01	5.417000e+00	6.524295e+00	8.719935e-01	-5.498146e-01	2.881874e-01	-8.778797e-01	-4.768669e-01	5.262377e-01	8.302602e-01
1.994854e+00	2.421267e+00	1.220251e+00	-3.555840e+00	1.098266e+00	-2.262269e+00	-2.253376e+00	6.591335e+00	2.644167e+00	1.906846e+00	-1.181112e+00	-2.134979e+00	-2.270053e+00	7.247051e+00	4.709683e+00	3.735144e+00	2.878838e+00	1.521478e+00	8.993278e+00	-1.518712e+00	6.146942e+00	-2.707395e+00	8.382138e+00	-1.414718e+00	2.999750e+00	-1.333338e+00	-1.152050e+00	4.986458e+00	-2.157299e-02	7.485525e+00	-6.080009e-02	1.409895e+00	7.012572e+00	1.559863e+00	-1.437566e+00	4.780442e+00	-2.814729e-01	-1.717402e+00	2.472428e-01	-1.470166e-01
1.135689e+00	4.823291e+00	-1.991556e+00	8.144181e-02	7.497652e-01	7.363848e-01	-2.814215e+00	4.083602e+00	9.990032e-01	-2.052216e-01	-4.998132e-01	-2.177823e+00	2.525534e+00	4.839202e+00	2.861648e+00	1.903940e-01	2.233185e+00	1.125431e+00	4.572932e+00	-4.096662e+00	3.865083e+00	-3.244221e+00	4.777420e+00	-6.502032e-01	1.774523e+00	2.997622e+00	7.323635e-01	5.650742e+00	-7.650006e-01	1.782360e+00	1.413924e+00	6.392486e+00	3.951355e+00	2.793057e-01	1.128242e+00	-7.993718e-01	1.232455e+00	-7.531058e-01	3.203281e+00	-2.498721e-02
-2.268594e+00	-1.444971e+00	4.649124e+00	-3.971795e+00	-1.714754e-01	-2.574445e+00	-1.348178e-02	1.666497e+00	2.315213e+00	-1.934709e+00	3.207027e+00	1.959684e+00	-2.371174e+00	6.826915e+00	1.303226e+00	6.152561e+00	4.190307e+00	1.205422e+00	1.598223e+00	-2.571867e+00	4.111884e+00	-2.353758e+00	3.680854e+00	-1.328461e+00	5.706300e+00	-4.089255e+00	-7.349067e-01	2.987576e+00	3.352409e+00	2.512976e+00	2.079766e-01	9.957439e-01	3.997104e+00	3.789049e-01	-3.172864e+00	8.035347e+00	-1.770557e+00	-4.093489e+00	8.189196e-02	-2.292814e-01
7.604179e-01	-3.110939e-01	4.106780e+00	4.599109e+00	-2.447685e+00	2.381235e+00	1.014422e+00	2.061278e+00	-1.408143e+00	1.336365e+00	-1.495237e+00	7.781852e-02	2.888842e+00	2.294285e+00	1.638432e+00	-1.410325e+00	2.174253e+00	-1.690510e+00	2.994580e+00	-1.942387e+00	5.089491e+00	-1.955671e+00	6.371573e+00	-6.017045e-01	2.067681e+00	-1.521395e+00	2.787908e+00	2.027459e+00	-3.399734e+00	-2.297524e+00	2.996597e-01	2.900056e+00	2.453909e+00	-4.938632e-01	2.420123e-01	3.962650e+00	-2.392443e+00	-7.565786e-01	3.480499e+00	-2.261146e+00
8.953485e-02	3.267083e-01	2.409661e-01	5.117096e-01	-1.327321e+00	7.710335e-01	1.805007e+00	4.377737e+00	-2.252502e+00	7.303099e-01	1.237881e+00	-1.687622e+00	-8.930031e-01	4.998794e+00	1.921896e+00	5.344893e+00	2.945848e-01	-6.638500e-01	2.091265e+00	-1.182699e+00	3.882950e+00	-1.935690e+00	3.862667e+00	-5.298551e-02	3.848199e-01	2.284745e+00	2.336265e+00	3.055256e+00	-1.477897e+00	9.811885e-01	1.583894e+00	1.592104e+00	3.186736e+00	1.060648e+00	1.146241e+00	5.168557e+00	8.111674e-01	2.049911e-01	1.835803e+00	-4.771709e-01
-8.232126e-01	7.041715e-01	2.064900e+00	4.861005e-01	-1.918773e+00	-4.089944e+00	1.671545e+00	1.304598e+00	2.851815e+00	-2.038205e+00	1.149513e+00	3.407565e+00	-1.241897e+00	4.545087e+00	-1.021268e-01	3.330365e+00	2.382550e+00	2.857994e+00	1.557916e+00	-2.644299e+00	8.655040e+00	-1.945159e+00	6.423424e+00	-2.125635e+00	4.332987e+00	-2.189953e+00	2.165782e+00	2.225982e+00	3.720916e+00	3.223807e+00	-2.445377e+00	-1.785476e+00	5.441605e+00	-7.064317e-01	-4.355742e+00	4.577403e+00	-4.061775e+00	-3.626862e+00	2.222493e+00	3.421749e+00
1.913114e+00	3.812683e+00	4.151223e-01	1.277484e+00	2.627203e+00	4.013212e-01	-4.364716e-01	3.741491e+00	3.324332e+00	9.707171e-01	1.899529e+00	-1.453577e+00	-1.361126e+00	9.782806e-01	2.049834e+00	2.166044e-01	-4.243341e-01	-1.257576e+00	3.079793e+00	5.444126e-01	4.430617e+00	-2.065858e+00	9.776681e-01	-2.310502e+00	-3.047736e-01	1.588742e+00	2.702101e+00	3.656834e+00	-1.599414e+00	2.185002e+00	-5.898501e-01	3.780768e+00	2.460221e+00	-1.591543e-01	1.919325e+00	-4.354908e-01	8.178111e-02	-4.586383e-01	1.239165e-01	1.158211e+00
5.102688e+00	4.999217e+00	1.708181e+00	1.173745e+00	9.809579e-01	1.039794e-01	5.091218e-01	3.854430e+00	2.695542e+00	4.871549e+00	-9.539115e-01	-5.223486e-01	2.819547e+00	3.193022e+00	-3.621581e-01	2.788302e-01	3.681832e+00	-7.477244e-01	7.053500e+00	4.813465e+00	2.820954e+00	-7.232872e-01	6.987305e-01	-2.466845e+00	-4.496335e+00	-7.606574e+00	-7.314567e-01	-3.310704e+00	-3.060281e+00	3.255794e+00	-5.388266e+00	3.445729e+00	5.655119e+00	5.528925e+00	-1.764065e+00	1.844253e+00	-3.198243e+00	3.457608e+00	-1.338966e+00	2.710018e+00
1.593700e-01	1.604219e+00	8.433005e-02	-3.346488e+00	4.709460e-01	-3.073370e+00	-2.046195e+00	1.479251e+00	4.475329e-01	-1.225216e+00	-1.227153e-01	-7.889852e-01	6.950718e-01	8.266420e+00	4.776435e+00	4.671713e+00	3.212526e+00	1.085838e+00	2.902953e+00	-3.713106e+00	2.540574e+00	-3.227353e+00	5.555797e+00	1.854237e+00	8.534540e-01	-5.203880e-01	5.665267e-01	-7.577281e-01	-9.460210e-01	1.523573e+00	-9.907214e-01	3.285947e+00	3.500881e+00	6.318964e+00	-2.066059e+00	8.605543e+00	-1.745406e+00	-3.797408e-01	2.395604e+00	8.206533e-01
5.134590e+00	8.551986e+00	2.018941e+00	-4.534529e+00	9.689082e+00	-1.335675e+00	-4.221354e+00	4.796223e+00	1.109745e+01	3.109726e+00	-1.570625e+00	-4.026032e+00	1.323728e+00	3.998558e+00	3.471274e+00	-4.279922e+00	1.824400e+00	-7.985013e-01	1.421136e+01	4.547337e+00	6.459007e+00	-7.327833e-01	4.977374e+00	-4.693284e+00	-7.374687e-01	-4.508495e+00	-2.867517e+00	2.247148e+00	-1.264812e+00	1.283625e+01	-6.028909e+00	5.557396e+00	8.297275e+00	5.609177e-01	-2.970308e+00	-3.464098e+00	-3.779312e+00	3.443667e-01	-3.869158e+00	9.272486e-01
2.837319e+00	3.714177e+00	5.552632e+00	-1.826523e+00	9.654425e-01	-1.365739e+00	1.425754e-02	3.433929e+00	1.863865e+00	4.007731e+00	4.818013e-01	2.776887e-01	-7.907188e-01	2.554801e+00	3.845151e+00	-4.022095e+00	4.296046e+00	3.151594e+00	4.931863e+00	1.397467e+00	3.088139e+00	-5.455870e-01	2.253702e+00	6.980359e-01	-1.942988e-01	-4.725203e+00	-7.533325e-01	-2.005352e-01	-1.642993e+00	9.171882e-01	-1.267469e+00	3.067069e+00	4.847117e+00	4.117477e+00	2.609280e-01	2.007323e+00	-4.128999e+00	1.031404e+00	-5.644685e-01	2.801961e+00
-1.840434e+01	-1.543608e+01	4.957330e+00	7.967338e+00	9.736896e+00	2.170440e+01	-1.015218e+01	1.182366e+01	2.059083e+00	-2.064978e+00	1.383595e+01	5.345615e+00	1.812471e+01	7.249974e-01	-4.283392e+01	7.481788e-01	1.271625e+01	-5.790171e+00	3.079010e+00	4.062441e+01	-3.130171e+01	-1.161220e+01	-5.307685e+01	8.529939e+00	-5.546330e+00	-2.642882e+01	1.758233e+00	9.952181e+00	-3.394509e+00	-7.568399e+00	-1.918369e+01	3.080067e+01	1.695698e-01	1.717988e+01	1.035634e+01	-2.974076e+00	1.483255e+01	2.248121e+01	1.033487e+01	2.172253e+01
1.095310e+00	1.199028e+00	1.078366e+00	-7.329378e-02	-4.452182e-01	3.313623e-01	-5.432781e-01	5.318394e+00	-2.063771e-02	1.929170e-01	-6.882488e-01	-5.366278e-01	1.317979e+00	5.513109e+00	2.258840e+00	7.481720e-01	4.618038e+00	2.992284e-01	6.965679e+00	-1.788338e+00	4.476964e+00	-1.479139e+00	5.247370e+00	-8.206297e-01	1.798851e+00	-4.133573e-01	-5.344796e-01	1.370514e+00	-1.449183e+00	1.662071e+00	1.340987e+00	4.194227e+00	5.114832e+00	2.150568e+00	-3.604431e-01	1.748962e+00	4.167583e-01	9.738467e-01	1.213424e+00	-1.336356e+00
1.061678e+00	4.512090e+00	5.565640e+00	1.017456e+00	3.112424e+00	2.193649e+00	3.420903e-01	4.943093e+00	3.307732e+00	6.124669e-01	-3.032621e+00	-1.636622e+00	3.412051e+00	4.631269e+00	3.144201e+00	-8.005806e-01	2.914096e+00	-3.987478e+00	6.716174e+00	-1.026700e+00	7.011578e+00	-2.776997e+00	8.467870e+00	-3.722281e+00	2.049392e+00	-4.590302e+00	8.765825e-01	3.563869e+00	-4.430738e+00	4.258322e+00	-3.251098e+00	3.924338e+00	6.249725e+00	1.948774e+00	-1.551371e+00	5.813938e+00	-2.831854e+00	1.340068e+00	-1.794830e+00	-4.118200e+00
7.694235e-01	4.104147e+00	1.040457e+00	-1.742329e+00	7.775886e+00	1.873443e+00	-2.817114e+00	5.545940e+00	7.298965e+00	8.830341e-01	-6.516602e-02	-3.344088e+00	2.653886e+00	4.794000e+00	-6.161774e-01	-2.749887e+00	1.662666e-01	2.084290e-01	1.090493e+01	6.269227e+00	3.384312e+00	-1.524533e+00	1.414174e+00	-2.764577e+00	-6.084953e-01	-3.167470e+00	6.496215e-02	3.917138e+00	-2.435968e+00	8.734257e+00	-5.265272e+00	6.339524e+00	6.610508e+00	1.169413e+00	-1.334988e+00	-1.768599e+00	-1.035753e+00	1.610459e+00	-2.196935e-02	2.098469e+00
-1.325703e+00	-1.512345e+00	-2.988317e-01	-7.570531e-01	-9.621719e-01	1.503219e+00	1.655228e+00	4.292981e+00	-6.995777e-01	-4.178302e-01	1.591949e+00	-3.177738e-01	-6.715145e-01	1.365674e+00	6.679920e-01	2.903979e+00	-6.227261e-03	2.547201e+00	4.012516e+00	-8.549711e-01	6.839959e+00	-1.994492e+00	4.238783e+00	1.641798e+00	1.600430e+00	5.892286e+00	5.551015e+00	5.283756e+00	-1.305835e-01	1.634322e-01	3.689620e+00	1.435843e+00	2.912352e+00	9.828875e-02	1.291856e+00	2.455797e+00	-2.315310e-01	-1.817036e+00	3.188637e+00	-4.875873e-02
1.529489e+00	-7.682228e-01	-5.115739e-01	-2.984886e+00	-3.201953e-01	-3.479092e-01	-7.476519e-01	1.505327e+00	-2.523778e-01	2.990890e+00	-8.877822e-02	-9.061703e-01	-1.815379e+00	2.789035e+00	-9.432209e-02	3.986533e+00	3.060073e+00	-3.321371e-01	4.279335e+00	3.076491e+00	6.206590e-01	4.403290e-01	1.969181e-01	1.832870e+00	-9.493747e-01	2.291629e-01	1.370684e-01	-1.087185e+00	-1.042564e+00	8.839959e-01	8.949518e-01	1.227071e+00	6.024582e-01	5.539051e+00	-8.527507e-01	1.551844e+00	1.592412e-01	1.882420e-01	1.179739e+00	1.911881e+00
4.945890e+00	5.331867e+00	1.753344e+00	-6.484806e-01	1.095520e-01	-8.038079e-01	-6.562068e-01	7.495618e+00	3.987530e+00	1.555755e+00	7.816184e-01	-9.972142e-01	1.299438e+00	4.373166e+00	2.993494e+00	-1.185229e+00	9.358867e-01	7.711918e-02	7.955716e+00	-6.473322e-01	6.360223e+00	-2.267816e+00	6.567485e+00	-2.215505e+00	-5.149985e-02	-3.240993e+00	-1.115753e+00	1.581899e+00	-2.200891e+00	5.696538e+00	-2.205399e+00	4.595799e+00	7.170727e+00	1.004653e+00	-1.538501e+00	2.210734e+00	-9.738550e-01	-6.361861e-02	5.220693e-03	1.206843e+00
2.194772e+00	2.649490e+00	4.830698e-01	1.402734e+00	-1.201070e+00	2.359435e+00	1.688637e-01	3.954610e+00	-1.237182e-01	2.555767e+00	9.573108e-01	-1.885162e+00	2.125410e+00	3.795978e+00	2.335529e+00	5.473839e+00	2.406656e+00	-4.241294e+00	-1.534628e+00	-9.364061e-01	-1.292364e+00	-2.207679e+00	7.933713e-01	1.300693e+00	1.818229e-01	5.025862e-01	1.204384e+00	3.341690e-01	-1.254250e+00	-2.411802e-02	2.570330e+00	3.947726e+00	1.004648e+00	9.819799e-01	-4.298844e-01	4.332194e+00	3.242886e+00	-2.871120e-01	3.473415e-02	-2.321294e+00
2.019791e+00	1.501931e-01	2.686045e+00	6.551895e-01	-6.974256e-01	-1.100724e+00	4.959488e-01	-1.683937e+00	-1.684911e-01	4.674382e+00	1.686497e+00	4.273058e+00	7.239614e-01	-3.296694e+00	-4.985076e-01	-3.987273e+00	8.160351e-01	4.711719e+00	2.376329e-01	4.641445e+00	-1.312068e+00	2.970980e-01	-3.843520e+00	-5.154445e-01	-1.940116e+00	-2.722827e+00	-1.069626e+00	2.257123e+00	-8.177864e-01	8.799525e-01	-3.182039e+00	3.057632e-01	1.168859e+00	5.330430e-01	1.056725e+00	-1.431688e+00	-2.398436e+00	2.663663e+00	1.288379e+00	7.599623e+00
3.109427e+00	1.292619e+00	1.078246e+00	2.080738e+00	-1.018411e+00	-9.932902e-01	-1.278003e+00	3.863861e+00	1.123571e+00	4.293299e+00	1.526101e+00	2.700973e+00	1.595325e+00	2.563831e+00	-1.717378e-02	-1.278488e+00	2.984229e+00	1.100376e+00	3.740010e+00	2.239211e+00	1.247285e+00	-9.872137e-02	-1.058177e+00	-1.762499e+00	-1.573797e+00	-4.794139e+00	-3.324487e+00	4.268415e-01	-1.253379e+00	2.719254e+00	-3.483661e+00	2.256751e+00	4.422396e+00	4.892883e-01	-9.634764e-01	-2.451447e-01	-4.623911e-02	3.505230e+00	-2.348675e-01	4.413678e+00
2.003684e+00	6.054065e+00	-9.967461e-02	-4.492954e-01	2.277925e+00	-7.193243e-01	8.081102e-02	2.829497e+00	2.507559e-01	-1.086450e+00	9.980224e-01	-6.165975e-01	1.013863e+00	5.585032e+00	3.708100e+00	9.893323e-01	1.384286e+00	2.168482e-01	3.529502e+00	-3.905726e+00	4.796899e+00	-9.166329e-01	4.678199e+00	-1.354654e+00	6.558995e-01	-8.147600e-01	-7.333964e-01	-3.076224e+00	-8.503931e-02	3.220782e+00	-1.702579e-01	3.587769e+00	3.199534e+00	1.679942e+00	-1.776350e+00	3.137952e+00	-1.232310e+00	1.313596e-01	1.385289e+00	-9.358640e-01
6.652145e-01	1.458115e+00	-1.057270e+00	7.060516e-01	-2.848752e-01	3.633164e+00	3.601748e-02	4.867925e+00	-1.489900e+00	2.609481e+00	3.420030e+00	-3.235222e-01	1.283645e+00	4.579131e-01	-2.241773e+00	3.092277e+00	4.648785e-01	1.684017e+00	4.276144e+00	1.437893e-01	1.593409e+00	-1.590399e-01	-6.581180e-01	-3.681659e-02	-1.454433e+00	-2.902907e-01	1.815248e+00	1.957204e+00	8.970856e-01	-1.432264e+00	2.059673e+00	3.935256e+00	6.605596e-01	-1.614370e-02	2.402217e+00	3.578757e-01	2.789078e+00	-7.652693e-01	1.032275e+00	-7.747930e-01
3.228208e+00	3.946010e+00	9.498494e-01	1.991026e+00	1.438717e-01	-2.590494e+00	-2.401690e-01	1.477024e+00	1.731649e+00	4.169382e+00	4.357969e-01	1.863821e+00	1.459029e+00	2.180551e-01	2.277455e+00	-5.252372e+00	1.475710e+00	4.926141e+00	3.921220e+00	2.573200e+00	3.276594e+00	1.413075e+00	1.557370e+00	-1.930283e+00	-9.750516e-01	-2.725307e+00	-1.705578e+00	-6.334626e-01	4.366147e-01	3.211907e+00	-4.021035e+00	4.297161e-01	4.151989e+00	-9.377239e-01	-6.515324e-01	-2.357354e+00	-3.311279e+00	2.100722e+00	8.029234e-01	5.745932e+00
1.889314e+00	4.684783e+00	3.586627e-01	1.087062e+00	8.678092e-01	-1.663530e+00	-2.712405e+00	4.928110e+00	2.182000e+00	-1.896918e-03	-1.094198e+00	-2.463243e+00	-2.290822e-01	4.378414e+00	2.887274e+00	-1.317986e-02	2.307426e+00	1.869826e-02	6.623956e+00	-2.859075e+00	5.667061e+00	-2.600297e+00	5.041181e+00	-6.501404e-01	1.160488e+00	3.383639e-01	-5.394682e-01	2.388152e+00	-5.568908e-01	3.393170e+00	-1.519489e+00	5.211350e+00	5.370335e+00	2.521487e+00	1.224109e+00	-1.042207e-02	-1.701766e+00	1.406343e+00	1.212214e+00	2.369714e+00
3.767114e+00	3.897582e+00	2.138763e+00	2.112678e+00	6.399931e-01	-8.429405e-01	1.680304e-01	1.906110e+00	4.270997e+00	4.944743e+00	-1.001233e+00	8.539566e-01	3.423006e+00	4.461215e+00	1.877113e+00	-1.460587e-01	5.261733e+00	-2.063269e+00	2.606775e+00	2.473301e+00	-2.480517e-01	-3.338934e-01	3.766867e-01	-1.584842e+00	-7.393313e-02	-4.273873e+00	-3.213015e+00	-1.555199e+00	-8.967508e-01	4.450272e+00	-3.631804e+00	4.284554e+00	4.936765e+00	9.185536e-01	-2.437488e+00	-4.391592e-01	7.781416e-01	3.315868e+00	-2.664117e+00	2.687619e+00
5.138509e+00	2.890795e+00	4.324806e+00	3.067806e-01	1.319372e-01	-1.359977e+00	1.179134e+00	2.387474e-01	1.362439e+00	7.272754e+00	8.025959e-01	3.119026e+00	2.758869e-04	-2.233964e-01	2.015502e+00	-2.061036e+00	4.538226e+00	7.230277e-01	1.436056e+00	4.235727e+00	-1.113448e+00	1.743870e+00	-3.467523e+00	-7.819773e-02	-2.992761e+00	-4.406960e+00	-3.004409e+00	-3.592600e+00	-2.114737e+00	1.991351e+00	-3.308992e+00	9.601334e-01	3.042964e+00	3.091470e+00	-2.045744e-01	-7.579601e-01	-2.532706e+00	4.659710e+00	-3.548828e+00	3.677456e+00
2.919840e+00	1.994317e+00	2.274604e+00	-1.781386e+00	9.278851e-01	-2.394419e+00	-1.523195e+00	3.817494e+00	1.956151e+00	1.903708e+00	-1.863932e+00	-1.482236e+00	-3.472265e+00	5.222793e+00	4.803787e+00	1.699972e+00	2.850683e+00	-4.508774e-01	8.214187e+00	-3.432209e+00	7.038848e+00	-1.195656e+00	6.525666e+00	1.179076e-01	1.263175e+00	1.854000e+00	-1.493407e+00	1.457320e-01	-7.355022e-01	4.355542e+00	1.151518e+00	2.719267e+00	5.948708e+00	2.308215e+00	-9.857351e-02	9.381610e-01	-2.661157e+00	2.454976e-01	8.462181e-02	1.405061e-01
-1.128306e+00	-4.185078e+00	4.332003e+00	-9.873436e-01	-3.618409e+00	-3.933925e+00	6.564615e-01	1.026597e+00	2.503709e+00	-7.989652e-01	-5.061391e-01	3.594016e+00	-3.209581e+00	1.953663e+00	-1.139961e+00	3.630782e+00	4.430294e+00	2.121253e+00	2.317924e+00	-1.144410e+00	9.449549e+00	-1.773801e+00	6.299529e+00	-1.970937e+00	6.635428e+00	-9.725469e-01	2.175599e+00	3.801150e+00	2.528425e+00	9.008714e-01	-1.411328e+00	-2.917879e+00	4.026034e+00	2.189569e-01	-2.984358e+00	5.739547e+00	-5.735276e+00	-2.418006e+00	2.532690e+00	3.766549e+00
-2.412415e+00	-3.304057e+00	1.295702e+00	-6.230268e-01	2.732645e+00	2.057280e+00	1.542871e+00	3.342081e+00	-2.745099e+00	-1.510345e+00	1.650694e+00	-1.022121e+00	1.879586e+00	3.514474e+00	-1.831764e+00	2.854264e+00	5.292444e-01	3.776499e-01	4.262594e+00	2.873556e-01	2.146353e+00	-1.225079e+00	1.205750e+00	1.603135e+00	2.564290e+00	7.336087e-01	1.982122e+00	3.848727e+00	-7.901966e-01	-5.021080e-02	2.446215e+00	3.781105e+00	2.080253e+00	-2.819435e-01	1.120086e+00	2.411965e-01	1.466677e+00	-1.027231e+00	2.466690e+00	-1.715844e+00
1.246738e+00	-1.306966e-01	-4.264130e-01	-1.938503e+00	-7.022448e-01	3.485891e-01	2.892550e-01	1.585294e-01	-1.376440e+00	4.686502e-01	1.515440e+00	1.557333e+00	9.512432e-01	2.312423e+00	-1.051240e+00	3.244481e+00	2.036232e+00	3.041044e+00	1.760751e+00	-4.964092e-01	3.668542e+00	7.082508e-01	-6.391450e-01	-4.322353e-01	-2.615053e+00	5.307297e-01	4.357395e+00	-1.950511e+00	-1.037099e+00	-1.734498e+00	7.970451e-01	1.575611e+00	8.601906e-01	3.778809e+00	-2.134116e-01	2.956969e+00	4.175138e-01	7.942808e-01	1.802717e+00	-1.024382e+00
-6.355669e-01	-1.242832e+00	4.614853e+00	-3.321988e+00	-2.949290e+00	-5.008552e+00	1.794316e+00	1.044265e+00	1.968546e+00	-3.278581e+00	1.605920e+00	1.770904e+00	-8.729096e-01	7.785535e+00	1.839133e+00	7.281862e+00	4.014964e+00	1.436877e+00	8.785685e-01	-3.180778e+00	4.390669e+00	-2.125269e+00	6.303056e+00	-2.020874e+00	4.767021e+00	-2.993784e+00	-1.680685e-02	1.240677e+00	3.599711e+00	3.071082e+00	-1.896817e+00	-4.493392e-01	7.225926e+00	7.974779e-01	-2.729018e+00	8.314973e+00	-3.472417e+00	-2.487870e+00	-1.331833e-01	1.174990e+00
-5.590609e-01	5.109218e-01	7.195263e+00	-2.735323e+00	1.682064e+00	-1.990152e+00	4.082721e-01	3.245592e+00	-9.526350e-01	2.372239e+00	3.108153e-01	-1.187486e-01	-1.316787e+00	3.925739e+00	3.007379e+00	-1.581303e+00	5.020876e+00	3.236570e+00	4.163376e+00	8.631640e-01	2.255940e+00	-1.264255e+00	1.622359e+00	1.866695e+00	1.464181e+00	-1.950895e+00	-2.878396e-01	1.461716e+00	-1.884702e+00	6.005486e-01	-2.178422e-02	2.451890e+00	4.599849e+00	4.711540e+00	1.781784e+00	3.706846e+00	-3.781424e+00	1.748943e+00	-1.131506e+00	1.059737e+00
4.640535e+00	8.925692e+00	9.693664e-01	-1.305840e+00	4.908729e+00	-2.229834e-01	-2.667287e+00	4.990245e+00	6.610403e+00	2.048261e+00	-1.240353e+00	-3.496683e+00	2.600584e+00	3.775288e+00	1.112452e+00	-3.118154e+00	1.654688e+00	7.322068e-01	1.021017e+01	2.884728e+00	4.719280e+00	-1.032091e+00	4.386329e+00	-3.466292e+00	-1.942133e+00	-4.466339e+00	-7.831306e-01	6.836147e-01	-3.615822e-01	6.731596e+00	-4.051587e+00	6.786390e+00	8.181561e+00	1.850100e+00	-1.457741e+00	-2.486861e+00	-3.293374e+00	1.104208e+00	-1.113901e+00	2.680636e+00
7.426273e+00	7.221556e+00	-3.112433e-01	7.318732e-01	-8.221965e-01	-3.996887e+00	-1.100515e+00	-7.081871e-02	5.137340e+00	7.560878e+00	-1.666286e+00	1.136853e+00	2.799644e+00	-1.637824e+00	4.227943e+00	-6.847771e+00	2.523953e+00	4.042309e+00	5.463194e+00	4.342011e+00	1.349448e+00	3.986720e+00	3.094117e+00	-2.895403e+00	-4.438617e+00	-3.969095e+00	-1.467936e+00	-3.326644e+00	9.703245e-01	6.247060e+00	-5.104282e+00	-4.207746e-01	4.168587e+00	-6.582231e-01	-1.807000e+00	-5.082748e+00	-3.186357e+00	2.310582e+00	-2.505238e+00	5.482845e+00
-4.418229e-01	2.097561e+00	2.286541e+00	-1.033598e+00	-1.182416e+00	6.111679e-01	3.049933e+00	-1.327048e+00	1.342234e-01	-1.336607e+00	7.057426e+00	4.329905e+00	-9.414355e-01	2.727169e+00	2.624682e+00	1.716144e+00	9.908177e-01	1.509909e+00	-1.997419e+00	-5.652091e+00	4.589495e+00	1.472244e-01	1.819835e-01	-1.292455e+00	1.015287e+00	1.298026e+00	3.229274e-01	4.396177e-02	1.641835e+00	-2.444840e+00	2.285945e+00	2.500799e+00	1.309836e+00	-1.979029e+00	-5.482882e-01	2.942746e+00	-1.258966e+00	-2.894198e+00	-1.794504e-01	-1.215198e+00
3.721567e+00	6.628833e+00	2.964486e-01	1.732393e+00	-1.944171e+00	-3.637722e-01	-6.990976e-01	3.832960e+00	4.238781e+00	1.988002e+00	-1.279970e+00	-2.424360e+00	2.286224e+00	3.969124e+00	6.352877e+00	1.513439e+00	2.375189e+00	-3.463294e+00	-1.664286e-01	-2.027950e+00	1.848869e+00	-2.349840e+00	6.496278e+00	-5.042609e-01	1.895147e+00	-9.336124e-01	-2.966139e-01	1.669521e+00	-3.938647e-01	3.874051e+00	-1.238117e+00	4.272651e+00	3.802459e+00	1.049903e+00	-2.012045e+00	5.489026e+00	8.444570e-01	7.678900e-01	8.742530e-02	1.086944e+00
1.172262e+00	4.485421e+00	-3.708304e+00	2.423019e+00	-2.564436e+00	-2.003500e-01	-3.445122e+00	3.093375e+00	3.857051e-01	1.969224e+00	-1.627227e+00	-2.114499e+00	3.528037e+00	2.920998e+00	-3.885997e-01	9.620071e-01	2.661600e+00	2.900278e+00	2.336236e+00	-1.850543e+00	2.918278e+00	-2.423291e+00	6.022312e+00	-2.800142e+00	5.065862e-01	4.342976e-01	3.946792e+00	4.132872e+00	7.512638e-02	-7.163762e-01	-1.354367e-01	3.782281e+00	8.379185e-01	1.199177e+00	1.543149e-01	2.508599e+00	1.103611e+00	-1.800491e+00	5.465703e+00	2.151804e+00
3.519076e+00	6.705050e+00	9.338545e-01	1.407828e+00	2.728202e+00	-9.703182e-01	-8.851385e-01	4.136742e+00	3.017477e+00	2.888882e+00	-1.800909e+00	-2.511976e+00	6.408265e+00	4.811052e+00	1.163264e+00	-2.213719e-01	2.106957e+00	2.653894e-01	8.694106e+00	2.802940e+00	8.783354e-01	-7.590557e-01	3.570864e+00	-2.083697e+00	-3.282325e+00	-7.822599e+00	-1.745484e+00	-4.403849e+00	-2.609735e+00	4.428788e+00	-6.643899e+00	5.878040e+00	4.402954e+00	5.175386e+00	-2.605843e+00	1.962676e+00	-3.963178e+00	4.298819e+00	-1.858151e+00	3.267452e+00
6.224477e-01	-9.164296e-01	7.261100e+00	-2.306606e+00	2.721588e+00	-2.465765e+00	2.080192e-01	3.623558e+00	5.971665e-01	6.220470e-02	1.604497e-01	8.390425e-01	-3.730561e+00	2.654813e+00	3.392434e+00	-1.456438e+00	2.555189e+00	8.514295e-01	5.898781e+00	-2.128903e+00	8.598243e+00	-3.442228e+00	6.122053e+00	-1.999810e+00	5.363568e+00	-6.181754e-01	-2.906899e+00	5.686309e+00	-2.704114e+00	7.855956e-01	-9.810341e-01	1.601213e+00	6.108334e+00	6.766703e-02	7.938310e-01	3.303149e+00	-6.024911e+00	-8.007094e-01	1.184431e+00	2.084026e+00
1.202887e+00	3.324855e+00	3.942001e-01	1.364519e+00	6.610081e-01	2.930763e+00	-1.787033e+00	6.247351e+00	9.278647e-01	3.140789e-02	3.202348e-01	-2.024009e+00	3.973668e+00	2.475885e+00	-2.347018e+00	1.136201e+00	8.392194e-01	1.244529e+00	5.173466e+00	-1.266349e+00	3.502762e+00	-3.239944e+00	2.073652e+00	-2.084559e+00	9.802014e-01	6.280194e-01	1.191059e+00	7.509504e+00	9.162764e-01	1.689035e+00	-2.058742e-01	5.828368e+00	4.694455e+00	-2.406688e+00	2.929290e+00	-6.675103e-01	1.517736e+00	-5.269524e-01	1.528999e+00	-6.995843e-01
5.684057e-01	1.069632e+00	2.182172e+00	-1.401236e+00	1.687378e+00	9.930273e-01	7.078584e-01	4.314348e+00	1.339482e-01	-2.499758e-01	5.066073e-01	-1.032800e+00	-2.923287e-01	2.955480e+00	2.717946e+00	-1.821778e-01	1.146845e+00	1.057112e+00	5.517985e+00	-1.736255e-01	5.377845e+00	-5.099800e-01	3.014539e+00	-9.989014e-01	1.581489e+00	1.653335e+00	1.172468e+00	3.438442e+00	-8.415861e-01	3.090332e+00	2.261931e+00	2.202899e+00	5.123490e+00	-7.464683e-01	5.559709e-01	2.037680e-01	-7.019232e-01	-5.421309e-02	8.141169e-01	-1.299871e+00
1.167685e+00	3.592158e+00	-1.807212e+00	1.798923e+00	-2.810115e-01	-8.600425e-02	-2.950226e+00	5.888699e-01	1.612010e+00	2.732875e+00	-3.909265e+00	-2.443492e+00	1.799072e+00	3.510016e+00	4.809303e+00	4.858027e-01	4.269461e+00	-1.105091e+00	5.035863e+00	-3.130149e+00	4.108752e+00	-3.362163e+00	7.851895e+00	2.447772e+00	2.110549e+00	3.738034e+00	5.887639e-01	3.433445e+00	-2.351026e+00	7.128461e-01	-2.138748e-01	3.638957e+00	-3.716891e-01	3.520884e+00	-4.707162e-01	3.344711e+00	-2.236754e+00	4.837119e-01	2.888284e+00	6.373058e-01
4.763707e+00	5.474797e+00	2.647548e+00	-1.063193e+00	7.678110e-01	-2.559033e-01	-7.013450e-01	1.471972e-01	3.061714e+00	5.089992e+00	-2.734299e-01	1.817898e+00	1.584392e+00	3.150158e+00	3.937624e+00	7.589067e-01	4.490165e+00	-9.875799e-01	1.998564e+00	-2.264172e+00	3.936584e-01	-4.172633e+00	6.031425e-01	-5.560322e-01	-6.521988e-01	-2.911261e-01	-2.490286e+00	3.432130e+00	-2.350373e+00	2.825572e+00	-3.702457e-01	5.431691e+00	4.359343e+00	1.764236e+00	3.174207e-01	1.685864e+00	-7.729015e-01	1.055448e+00	-1.148796e+00	9.182052e-01
3.299478e+00	3.268934e+00	7.898833e+00	-4.506901e+00	5.145851e+00	-4.715630e-01	7.711874e-02	1.489406e+00	5.310941e+00	4.529254e+00	4.033703e-01	2.740320e-01	-1.170456e+00	4.530318e+00	7.549059e+00	-1.290510e+00	4.909150e+00	-3.839131e+00	4.827794e+00	3.389804e+00	1.323849e+00	-4.199137e+00	2.577686e-01	2.279686e-01	1.346728e+00	-1.982215e+00	-2.449600e+00	2.940012e+00	-4.449237e+00	7.407794e+00	-9.563574e-01	4.250465e+00	6.780768e+00	2.543033e+00	-1.778989e+00	3.947396e+00	-2.731708e+00	3.874742e-01	-3.162278e+00	-2.081812e-01
1.428594e+00	4.093997e+00	2.650309e+00	-1.359106e+00	1.532310e+00	5.636185e-01	-1.402764e+00	4.464163e+00	2.722652e+00	7.870553e-01	-2.649094e-01	-2.205786e+00	-2.470067e+00	4.775058e+00	4.099488e+00	3.277167e+00	2.270576e+00	-2.203357e+00	4.149688e+00	-2.473322e+00	4.472823e+00	-2.663758e+00	3.359956e+00	6.290075e-01	1.627155e+00	1.031938e+00	1.044925e+00	3.555155e+00	4.146545e-01	5.827806e+00	1.926131e+00	3.068086e+00	4.577380e+00	1.280094e+00	4.264499e-02	4.012349e+00	4.220216e-01	-8.583391e-01	-5.906803e-01	-2.038080e+00
-8.907061e-01	1.688355e+00	2.837527e+00	1.630474e+00	2.439679e+00	2.480928e+00	2.852185e-02	3.312656e+00	1.517134e+00	7.105751e-02	-3.138751e+00	-2.849453e+00	4.870209e+00	3.305347e+00	-5.252194e-01	7.863472e-02	4.081871e+00	-3.668523e+00	3.596434e+00	2.988071e+00	1.025917e+00	-2.529517e+00	2.663777e+00	-9.585980e-01	3.137956e-01	-1.899734e+00	3.109484e+00	1.687002e+00	-3.594458e+00	6.250616e-01	-1.568180e+00	6.444650e+00	4.345121e+00	4.863128e+00	-3.996736e-01	1.281611e+00	2.518129e-01	3.209052e+00	5.029181e-01	-3.331705e-01
1.506154e+00	2.334160e-01	7.712114e-01	-7.938438e-01	6.611326e-03	1.626610e+00	-9.985048e-01	4.858413e+00	9.454778e-02	2.361564e+00	6.487974e-02	-1.001551e+00	-7.165974e-01	3.148609e+00	2.625987e+00	1.398166e-01	2.667345e+00	1.996110e+00	7.330031e+00	-4.486353e-01	4.066603e+00	-8.290923e-01	5.129296e+00	-2.345257e-01	2.786099e+00	1.086107e+00	3.412084e-01	3.733213e+00	-1.065984e+00	1.717999e+00	2.576945e+00	3.166836e+00	4.343641e+00	-2.768777e-01	1.373593e+00	9.672232e-01	1.241222e+00	-3.264304e-01	2.216368e+00	-9.038752e-01
4.088511e+00	5.355863e+00	2.855773e+00	-3.313604e+00	6.193651e+00	-4.768307e-01	-1.526308e+00	3.519496e+00	6.992857e+00	1.401895e+00	-3.400562e+00	-2.103257e+00	3.919821e-01	6.319583e+00	4.164813e+00	1.979584e+00	5.566437e+00	-5.189576e+00	8.608124e+00	-8.308325e-01	5.906364e+00	-5.780198e+00	4.837517e+00	1.016795e+00	2.680124e+00	-3.051192e-02	-1.920778e+00	2.192279e+00	-3.097661e+00	7.503071e+00	-2.006047e+00	6.745244e+00	7.811546e+00	3.120006e+00	-3.148751e+00	1.134226e-01	-2.156995e+00	1.994324e-01	-1.137790e+00	-2.770185e-01
5.177331e+00	1.019178e+01	9.092634e-01	-1.651806e+00	5.601350e+00	-1.086683e+00	-2.761136e+00	4.027865e+00	8.461033e+00	3.004766e+00	-3.318260e+00	-4.588534e+00	4.060853e+00	6.786822e+00	5.323543e+00	1.897187e+00	3.937166e+00	-5.268226e+00	7.268176e+00	-2.843151e-01	3.547123e+00	-4.497665e+00	5.490987e+00	-4.256208e+00	-4.020354e-01	7.770947e-01	-1.281812e+00	3.420050e+00	-2.903913e+00	7.205082e+00	-2.122704e+00	8.657714e+00	7.716596e+00	2.450430e+00	-2.358215e+00	-1.502325e+00	-2.523846e-01	-1.458894e+00	-3.947092e+00	-2.693835e-01
-2.522999e+00	-3.633992e+00	5.647417e+00	-2.366465e+00	-1.282821e+00	-4.891435e+00	1.105689e+00	2.341571e+00	2.028575e+00	-4.839795e+00	1.308764e+00	2.424998e+00	-3.195656e+00	8.328897e+00	2.629457e+00	6.771956e+00	4.726902e+00	3.583840e-01	1.676884e+00	-4.019180e+00	7.367002e+00	-4.461763e+00	5.929679e+00	5.037468e-01	8.302063e+00	-2.777331e+00	1.736881e-01	2.647569e+00	2.458545e+00	3.023753e+00	-1.767747e+00	-1.045050e+00	6.720500e+00	8.961991e-01	-3.390621e+00	8.167719e+00	-4.677386e+00	-2.636923e+00	2.029494e+00	2.102583e+00
1.775022e+00	1.321470e-01	2.142378e+00	-2.249424e-01	-4.614251e+00	-6.670199e-01	1.626327e+00	3.536938e+00	-4.730522e+00	1.246196e+00	1.605168e+00	-9.391104e-01	-1.515413e-01	3.029316e+00	4.668103e+00	2.690045e-01	1.653862e+00	3.409131e+00	1.501134e+00	-4.392177e+00	2.794085e+00	1.098299e+00	5.328397e+00	2.098187e+00	1.128380e+00	3.410448e+00	1.316329e+00	-9.837018e-02	-1.429813e-01	-2.282414e+00	4.487623e+00	9.418995e-01	2.723202e+00	2.416706e-01	2.806796e+00	2.981698e+00	-7.877016e-01	3.048906e-01	1.019355e+00	-1.119804e+00
7.812449e-01	3.576427e+00	6.570977e-01	-1.840847e+00	2.117860e+00	-1.243155e+00	-1.652143e+00	7.502784e-01	2.752132e-01	1.426957e+00	2.112775e-01	-2.934725e-01	2.281083e+00	5.871843e+00	2.582783e+00	7.652071e-01	2.661086e+00	3.892643e+00	4.058181e+00	-7.881293e-01	2.297133e+00	-2.338817e+00	2.497029e+00	-2.401557e-01	-8.752735e-01	-1.183470e+00	2.156446e+00	2.473698e-02	-2.160852e+00	1.786795e+00	-5.344495e-01	3.708946e+00	2.584453e+00	4.401838e+00	-1.608601e+00	5.296771e+00	-1.195716e+00	-5.519831e-01	2.416503e+00	3.498781e-01
1.516192e+00	3.465969e+00	8.775116e-01	3.220748e+00	2.163216e+00	1.466589e+00	-1.518288e+00	4.468444e+00	4.307896e+00	5.846655e-01	1.075623e+00	-2.174159e+00	5.584172e+00	1.013246e+00	-3.266819e-01	-3.172533e+00	-8.468491e-01	-2.246603e+00	4.340505e+00	6.266159e+00	1.649664e+00	-7.927118e-01	3.085337e-01	-3.595346e+00	-1.127650e+00	-2.593333e+00	-7.102141e-02	4.301118e+00	-1.245689e+00	4.736870e+00	-6.208957e+00	4.170535e+00	5.302435e+00	-1.194530e+00	-5.613833e-01	-1.448664e+00	-9.071513e-01	2.349585e+00	-1.907122e-01	4.421562e+00
-9.897928e-02	1.748689e+00	3.163690e+00	-2.661659e+00	-5.058092e-01	1.022339e-01	2.607191e+00	-8.778765e-01	-2.244636e-01	-1.596824e+00	6.164649e+00	3.858267e+00	-2.378745e+00	3.651270e+00	2.851576e+00	2.083718e+00	2.143637e+00	1.135344e+00	-9.686757e-01	-5.623712e+00	4.819581e+00	-8.589617e-01	7.102337e-01	-5.184807e-01	6.566407e-01	1.576402e+00	5.605113e-01	5.976605e-01	5.056066e-01	-1.844446e+00	3.414222e+00	2.737991e+00	2.245947e+00	-3.295263e-01	-5.115846e-01	4.068047e+00	-1.131709e+00	-2.592736e+00	-7.155926e-02	-2.195732e+00
-3.028565e+00	-3.174627e+00	3.635644e+00	-7.005342e-01	-3.417545e+00	-1.748102e+00	2.829062e+00	6.472830e-01	-2.450817e+00	-1.628714e+00	5.040764e+00	3.025062e+00	-2.450472e-01	4.421959e+00	6.288888e-01	5.728526e+00	3.380567e+00	2.968663e+00	-3.031912e+00	-6.623347e-01	1.583028e+00	9.656392e-01	-7.750404e-01	3.248528e-01	3.083065e+00	-3.537593e+00	1.852044e+00	-7.290396e-01	3.165636e+00	-7.630969e-01	-5.424479e-01	-1.397235e+00	1.729167e+00	1.086211e+00	-1.208515e+00	7.835964e+00	-1.203739e+00	-1.932403e-03	2.662464e-01	1.769353e+00
-6.467831e-02	2.892536e+00	-7.120426e-02	5.769968e-02	9.209716e-01	2.835861e+00	-2.497917e-01	3.171261e+00	2.763160e-01	-1.948095e-01	1.803355e+00	-7.535455e-01	8.303294e-01	2.050990e+00	2.711726e+00	-1.258561e+00	9.159754e-01	2.084074e+00	3.501772e+00	-2.862202e+00	4.609683e+00	-1.587845e+00	3.709995e+00	-1.607001e+00	2.047750e+00	4.464123e+00	2.399226e+00	6.411049e+00	6.645344e-02	1.033525e+00	3.826164e+00	4.288012e+00	2.882121e+00	-2.984857e+00	2.489361e+00	-6.494423e-03	1.629076e+00	-1.713679e+00	1.968625e+00	-2.160700e+00
9.984483e-01	-8.110677e-01	2.677206e+00	1.105367e+00	2.676178e-01	1.058478e+00	-1.028144e+00	3.246461e+00	2.905373e+00	2.830848e+00	-4.081606e+00	-2.202381e+00	2.847739e+00	3.647167e+00	1.049550e+00	1.190626e+00	5.095381e+00	-1.913122e+00	7.513716e+00	4.268086e+00	3.930857e+00	-1.976223e-01	7.914685e+00	-2.759974e+00	2.823906e+00	-5.264978e+00	1.578829e+00	3.032118e+00	-2.599978e+00	3.713195e+00	-3.516423e+00	1.044743e+00	4.092477e+00	1.216351e+00	-1.749380e+00	5.143747e+00	-1.351584e+00	8.731910e-01	9.101371e-01	-9.621903e-01
1.819369e+00	4.117810e+00	3.391569e+00	-2.738291e+00	6.400658e+00	-2.866542e+00	-2.354380e+00	3.135268e+00	6.842951e+00	2.247749e-01	-2.978983e+00	-4.958917e-01	-6.708079e-01	3.632675e+00	-2.072968e+00	-1.308493e-01	2.966120e+00	8.343135e-02	1.004690e+01	1.296828e+00	1.031884e+01	-4.104669e+00	4.081581e+00	-2.604004e+00	2.443762e+00	-2.914814e+00	-4.756495e-01	4.021018e+00	-8.275867e-01	7.209818e+00	-4.963594e+00	3.293430e+00	6.679848e+00	2.223546e+00	-3.698712e+00	-8.410519e-01	-6.293797e+00	-1.052744e+00	1.916616e-01	3.537565e+00
3.969971e+00	6.467973e+00	-1.944463e+00	-3.574047e+00	2.604288e+00	-1.829379e+00	-1.516416e+00	-5.720407e-01	1.599169e+00	2.561899e+00	-1.106134e+00	-2.265933e+00	3.423751e+00	3.473242e+00	4.092472e+00	2.202293e+00	3.695010e+00	2.912188e+00	6.786311e+00	3.829535e-01	-7.957983e-02	1.470384e+00	1.748973e+00	9.836200e-01	-4.059775e+00	-1.712339e+00	1.363275e+00	-7.116676e+00	1.054048e+00	1.356805e+00	3.548015e-01	4.600041e+00	2.707355e+00	5.716078e+00	-1.543348e+00	-1.066672e+00	-1.893488e+00	-4.228703e-02	-7.284312e-01	4.097957e-01
2.272436e+00	5.217015e+00	-1.740341e+00	-2.765111e+00	1.977220e+00	7.520026e-02	-1.840083e+00	7.444523e-01	2.644326e+00	-2.304964e-01	-9.303758e-01	-2.280092e+00	4.059390e+00	4.237758e+00	3.127510e+00	-1.551143e-01	1.681941e+00	2.635982e+00	4.857362e+00	1.366453e+00	6.341824e-01	-1.077731e+00	2.922083e+00	8.931956e-01	-1.704320e+00	2.858075e-01	4.152944e+00	-1.578232e+00	-1.230284e-01	3.445676e+00	-5.613831e-01	4.611418e+00	2.068996e+00	3.801763e+00	-1.067557e+00	2.698077e+00	9.528906e-02	2.248045e-01	2.947252e+00	-6.349788e-01
2.253097e+00	5.297163e+00	8.733350e-01	-8.031476e-01	5.505571e+00	1.723291e+00	-1.793848e+00	5.832864e+00	8.832949e+00	-4.115348e-01	6.142253e-01	-3.987968e+00	4.087941e+00	2.074981e+00	-2.413301e-01	-4.325853e+00	-2.336479e+00	-4.403614e-01	8.619069e+00	6.201589e+00	4.944278e+00	-1.049210e+00	4.006062e+00	-4.815886e+00	-5.721512e-03	-1.866342e+00	2.712309e+00	6.492421e+00	-9.849065e-01	9.206236e+00	-4.803139e+00	5.236048e+00	7.018106e+00	-3.125153e+00	-1.458916e+00	-3.430286e+00	-1.120135e+00	-1.515056e+00	1.132789e-01	1.771491e+00
4.222396e+00	1.872263e+00	2.900325e+00	-1.008572e+00	-9.200719e-02	-3.568037e+00	-2.464367e-01	2.185382e-01	7.831138e-01	3.210886e+00	-1.307639e+00	2.121738e+00	-3.059975e-01	9.722724e-01	3.735650e+00	-4.339707e+00	3.225222e+00	3.414062e+00	3.350568e+00	-9.282776e-01	3.009535e+00	1.050846e-01	3.294523e+00	3.921847e-02	-5.967251e-01	-2.437745e+00	-3.077003e+00	-1.913498e+00	-2.464656e-01	1.536086e+00	-1.844344e+00	4.985014e-01	3.578341e+00	1.649943e+00	-3.397401e-01	-3.289399e-01	-4.013954e+00	2.295897e+00	6.026366e-01	3.815954e+00
7.672944e-02	-3.631194e-01	3.170231e+00	-1.384101e+00	2.697142e+00	-2.894058e-01	8.663960e-01	6.260271e+00	2.894792e+00	-1.529228e+00	9.300147e-01	-1.430907e+00	5.145485e-01	5.856081e+00	1.165073e+00	2.709312e+00	6.910746e-01	-1.515457e+00	5.618317e+00	1.021898e-01	6.157526e+00	-3.072120e+00	4.081539e+00	-2.050889e+00	4.143721e+00	-8.984307e-01	4.291650e-02	5.593646e+00	-2.516376e+00	4.288871e+00	-2.909314e+00	3.259276e+00	6.346025e+00	4.250174e-02	3.915620e-01	2.249565e+00	-2.048204e+00	-6.053108e-02	-1.603482e-01	5.497353e-01
3.206997e+00	4.744240e+00	1.142136e+00	-9.201734e-01	2.197820e+00	-2.510047e+00	-9.809695e-01	2.004434e+00	3.775803e+00	-6.144200e-01	-5.900555e-01	-2.303897e+00	1.274971e+00	6.420079e+00	4.038507e+00	1.309553e+00	2.348632e+00	-1.845965e+00	1.707194e+00	4.693173e-01	1.309728e+00	-3.181515e+00	4.642998e+00	1.941504e+00	-1.530905e-01	-2.782122e+00	-8.406846e-02	-2.345242e+00	-5.232617e-01	4.301100e+00	-2.396844e+00	4.516547e+00	6.041920e+00	2.613143e+00	-4.420041e+00	4.225244e+00	-3.165344e-01	8.612939e-01	2.483441e+00	1.726664e+00
2.028724e+00	6.056083e+00	1.675084e+00	-4.096261e+00	9.905349e+00	1.511524e+00	-2.846389e+00	2.718854e+00	7.974575e+00	2.355215e+00	6.363438e-01	-2.708515e+00	1.368180e-01	1.430134e+00	-2.875390e-01	-4.008689e+00	7.394093e-01	7.667353e-01	9.658749e+00	6.387614e+00	3.210383e+00	-1.824288e+00	-1.656336e+00	-2.687415e+00	-2.348187e+00	-3.061059e+00	-1.461350e-01	3.703565e+00	-1.411511e+00	7.862450e+00	-3.398374e+00	5.907129e+00	3.979041e+00	9.762216e-01	-6.858176e-01	-3.090720e+00	-2.263353e+00	-1.303909e-01	-9.383541e-01	1.845521e+00
9.645226e-01	4.504264e+00	-1.496082e+00	-1.280688e-01	7.412153e-01	2.897592e-01	2.412616e-01	1.435870e+00	1.958875e-01	-6.090142e-02	3.419749e+00	1.244717e+00	1.773350e+00	3.473232e+00	2.663605e+00	2.181421e+00	3.865203e-01	1.023179e+00	2.263024e+00	-3.173796e+00	3.778248e+00	5.702919e-01	1.683882e+00	-5.149956e-01	-1.733847e+00	-6.410601e-01	8.655885e-01	-2.565411e+00	-7.354066e-01	7.210005e-01	-1.776754e+00	2.409405e+00	5.635625e-01	1.996560e+00	-1.070203e+00	3.076223e+00	-1.708280e-01	2.070242e-01	1.430894e-01	-6.499221e-01
6.281627e+00	3.413645e+00	2.623470e+00	1.040857e+00	-5.539353e-01	-2.798943e+00	2.658742e-01	1.966679e+00	4.705763e+00	6.742656e+00	-2.825824e+00	1.422876e+00	2.816736e+00	4.870644e+00	3.386243e+00	-8.834853e-01	7.279561e+00	-1.194672e+00	4.368081e+00	2.766693e+00	-6.929667e-02	9.658252e-01	1.904871e+00	-1.308286e+00	-7.971682e-01	-5.565329e+00	-4.101215e+00	-3.978937e+00	-7.848436e-01	6.173812e+00	-4.144414e+00	2.146543e+00	7.073264e+00	2.122223e+00	-2.636815e+00	-2.887278e-01	-5.909966e-01	4.994127e+00	-4.132630e+00	2.732176e+00
-1.678126e+00	2.345815e+00	4.130308e+00	-1.770976e+00	1.398363e+00	-2.311744e+00	1.655724e+00	3.229324e+00	2.914991e+00	-2.164346e+00	2.394770e+00	1.993954e-01	-9.049159e-02	6.361821e+00	2.475856e+00	4.359549e+00	1.856088e+00	4.668662e-01	2.101913e+00	-1.348161e+00	5.226110e+00	-3.276634e-01	4.904087e+00	-2.069886e+00	3.627805e+00	-4.358476e+00	-2.219512e-02	-7.200491e-02	3.096491e+00	5.135773e+00	-2.538100e+00	5.987437e-01	5.439093e+00	5.585249e-01	-3.690404e+00	6.343141e+00	-2.516958e+00	-2.357579e+00	-1.834630e+00	2.896012e-01
2.214665e+00	5.591847e-01	3.088409e+00	-3.042853e+00	-1.317441e+00	3.025242e-01	1.232110e-01	6.658755e-01	-8.441014e-01	4.330395e+00	1.698700e+00	1.309902e+00	-3.173906e+00	7.327203e-02	3.343119e+00	1.677949e+00	2.270580e+00	1.548762e+00	2.496316e+00	-1.910794e+00	2.781019e+00	3.819136e-01	1.547032e+00	-7.074462e-02	7.875036e-01	3.258743e+00	-7.610860e-02	3.086577e+00	-2.390927e-01	1.343451e-01	3.552914e+00	7.893453e-01	2.678362e+00	3.651107e-01	2.329116e+00	1.163191e+00	-1.367631e+00	-6.801988e-01	-8.428254e-01	-7.185296e-02
1.204929e+00	5.946216e+00	1.170385e+00	2.298872e+00	2.899090e+00	-5.280475e-01	-1.596355e+00	5.117347e+00	6.547483e+00	-6.147265e-01	-2.992664e+00	-3.867388e+00	4.219531e+00	4.669973e+00	-1.236235e+00	-2.698711e-01	2.192583e+00	-1.134680e+00	7.905716e+00	1.840995e+00	4.449071e+00	-3.588092e+00	5.159007e+00	-2.655490e+00	9.947713e-01	-1.255832e+00	1.818680e+00	4.863012e+00	6.797499e-02	6.176061e+00	-4.864904e+00	7.007525e+00	8.356324e+00	1.787294e+00	-1.475965e-01	-2.037377e+00	-2.022910e+00	1.128541e+00	-4.178998e-01	3.506555e+00
3.966014e+00	8.447491e+00	-1.255675e+00	-1.908753e+00	3.213044e+00	-4.415198e+00	-3.719263e+00	2.374703e+00	5.581668e+00	9.520670e-01	-4.667752e+00	-2.503496e+00	2.570094e+00	6.670455e+00	3.609385e+00	2.009242e+00	5.029034e+00	1.214303e+00	8.959600e+00	-2.990970e+00	6.622904e+00	-4.338595e+00	8.647473e+00	-2.156829e-01	1.387283e+00	-2.903446e+00	9.480763e-03	-2.437235e-01	4.673713e-02	6.092170e+00	-4.387493e+00	4.773994e+00	6.175041e+00	4.819304e+00	-4.143848e+00	1.029137e+00	-4.655638e+00	-4.919248e-01	1.421879e+00	2.997222e+00
1.443964e+00	-1.763736e-01	3.417925e+00	5.925327e-01	9.130964e-02	-2.479895e-01	-3.441969e-01	3.043481e+00	-3.968466e-01	2.712451e+00	2.251056e+00	2.396675e+00	-3.848787e-01	2.513253e+00	2.138532e+00	-2.099782e+00	4.382786e+00	2.745880e+00	2.872744e+00	1.402954e+00	1.607262e+00	1.235212e+00	-1.708147e+00	-3.630558e-02	1.606548e+00	-4.760068e+00	-2.740143e+00	-2.148779e+00	-1.122833e-02	3.521096e-01	-9.157897e-01	1.285461e+00	3.116497e+00	6.566856e-01	-2.131118e-02	1.106724e+00	-1.011205e+00	3.356131e+00	-5.350226e-02	1.722585e+00
2.382396e+00	5.173773e+00	-6.548766e-01	-1.755593e+00	8.922708e-01	-1.077970e+00	-1.979694e+00	1.815357e+00	4.625406e+00	7.020237e-02	-1.700197e+00	-5.342408e-01	1.525734e+00	5.670168e-01	1.537067e-02	-3.527168e-01	3.430203e+00	1.883644e+00	6.026870e+00	1.897378e-01	6.971737e+00	-1.064991e+00	2.909654e+00	3.322164e-01	2.168945e-01	5.447292e-01	3.334797e+00	4.421083e-01	1.951413e+00	2.749027e+00	-1.393637e+00	2.484401e+00	2.351864e+00	2.037820e+00	-3.096123e+00	-2.230044e+00	-2.932320e+00	-2.015079e+00	2.135066e+00	2.926353e+00
4.755658e+00	5.594974e+00	1.743715e+00	3.155259e-01	3.960077e+00	-5.699906e-01	-1.300416e+00	1.471793e+00	4.275949e+00	6.019045e+00	8.008623e-01	8.002902e-01	1.929649e+00	8.626684e-01	1.660435e+00	-1.863350e+00	3.851926e+00	-2.227341e+00	4.038757e+00	6.333834e+00	-1.046203e+00	-1.038644e+00	-3.555111e+00	-7.246094e-01	-3.677880e+00	-6.162834e+00	-2.899040e+00	-2.509547e+00	-1.921672e+00	5.512867e+00	-4.668555e+00	4.752461e+00	4.114050e+00	3.271093e+00	-2.587472e+00	-8.205617e-01	-1.162026e+00	4.332361e+00	-1.720853e+00	5.126782e+00
4.110344e+00	6.877477e+00	-3.082905e+00	1.189896e+00	-8.366245e-01	-3.916603e+00	-3.454957e+00	-3.861861e-01	6.357413e-01	2.215283e+00	-2.435880e+00	-1.225181e+00	2.009662e+00	5.076606e+00	6.184501e+00	1.782161e+00	4.757227e+00	1.952977e+00	3.562272e+00	-4.850084e+00	3.268649e-01	-3.064687e-01	5.259346e+00	1.793136e+00	-1.174057e+00	-2.040691e+00	-6.924078e-01	-5.904408e+00	8.420936e-01	1.724829e+00	-6.279665e-01	3.535303e+00	1.451143e+00	4.850048e+00	-1.831691e+00	1.471143e+00	-1.633871e+00	1.803503e+00	1.862481e+00	1.957836e+00
-2.389881e+00	-8.240270e-01	-1.105064e+00	1.040800e+00	-1.960748e+00	2.700884e+00	1.946145e+00	3.732468e+00	-2.633435e+00	1.777553e-02	4.241041e+00	7.570938e-01	-1.248404e+00	1.337970e+00	2.741430e-01	1.588007e+00	-6.807620e-02	1.499440e+00	3.992943e-01	-5.728626e-01	3.343747e+00	8.619382e-01	5.795244e-01	9.758930e-01	-4.993058e-01	2.977367e+00	3.623926e+00	2.037155e+00	-1.122030e+00	-1.587092e+00	2.011305e+00	1.282206e+00	-1.216851e+00	1.054626e+00	2.007347e+00	4.235304e+00	2.212979e+00	1.162041e+00	2.380097e+00	-3.289559e-01
2.441462e+00	3.169769e+00	3.522392e+00	-3.495015e+00	3.571487e-02	-5.074754e+00	-3.576996e-01	1.444788e+00	-3.297537e-01	3.415108e+00	1.876565e+00	2.167894e+00	-2.423449e+00	5.422199e+00	6.847890e+00	1.822872e+00	3.219454e+00	4.496429e+00	4.075039e+00	-2.933932e+00	4.064082e+00	-4.065723e+00	2.961998e+00	3.174714e+00	1.256575e+00	-1.378469e+00	-6.992550e-01	-3.437211e-01	-1.221250e+00	4.209267e+00	-6.355915e-01	1.376607e+00	5.120862e+00	5.177656e+00	-1.101770e+00	5.667809e+00	-5.527426e+00	4.532256e-01	7.755490e-01	3.992790e+00
-1.291224e+00	1.262958e+00	1.302757e+00	-7.338284e-01	1.376178e+00	-6.602002e-01	-7.150833e-02	1.085737e+00	-9.150019e-01	-2.867437e-01	1.367178e+00	6.555352e-01	1.627665e+00	1.997621e+00	3.181780e-02	2.334009e+00	1.429900e+00	1.773537e+00	1.973849e+00	9.549519e-01	2.630038e+00	2.330676e+00	-1.628795e-01	-7.971689e-02	-1.717398e+00	-2.279790e+00	1.297755e+00	-4.406919e+00	9.530409e-01	4.304998e-02	-1.705219e+00	5.307043e-01	6.819012e-02	4.614409e+00	-2.435773e+00	4.419732e+00	-1.213981e+00	1.439404e+00	-8.204004e-01	5.744019e-01
3.332237e+00	4.302338e+00	1.311934e+00	-1.310471e+00	1.971695e+00	-8.429004e-01	-1.862524e+00	5.219934e+00	3.060126e+00	1.315974e+00	-9.971720e-01	-1.794866e+00	1.907438e+00	5.759883e+00	2.623897e+00	-1.755138e+00	3.020216e+00	2.327178e+00	9.043761e+00	6.717570e-02	4.626314e+00	-2.008992e+00	5.454164e+00	-1.492795e+00	7.178413e-01	-3.326128e+00	-5.992439e-01	2.048580e+00	-1.540444e+00	5.112646e+00	-1.748536e+00	5.053576e+00	7.717135e+00	1.492220e+00	-6.343229e-01	4.807113e-01	-2.297204e+00	1.049896e+00	1.777967e+00	1.383340e+00
9.561725e-01	4.072359e+00	8.150361e-01	1.221372e+00	3.138195e+00	-1.905215e-01	-1.105442e+00	3.090487e+00	3.610309e+00	1.573827e+00	1.830691e-01	-2.554687e+00	1.102808e+00	2.939231e+00	1.197317e+00	-3.102092e+00	-5.388553e-01	1.771309e+00	5.396128e+00	4.299281e+00	1.556523e+00	-1.280986e+00	1.091201e+00	-5.711088e-01	-2.290818e+00	-5.262302e-02	2.059303e+00	3.185604e+00	-6.027132e-01	5.689729e+00	-1.831788e+00	3.830865e+00	4.413781e+00	1.203856e+00	-1.078613e-01	-1.070182e+00	-7.243311e-01	-1.639419e-01	1.220501e+00	3.239203e+00
4.100482e+00	7.528100e+00	-1.539077e+00	-2.464736e+00	1.687635e+00	-1.718905e+00	-4.869177e+00	2.471679e+00	4.938033e+00	1.194082e+00	-3.395570e+00	-2.590807e+00	3.165568e+00	5.737855e+00	3.473205e+00	-8.893165e-02	4.446589e+00	1.364413e+00	7.308229e+00	-5.183198e-01	2.862209e+00	-1.997213e+00	7.548136e+00	-1.404465e+00	-9.439405e-01	-4.127641e+00	1.724864e+00	-1.409405e+00	-5.479719e-01	5.475728e+00	-2.619058e+00	5.387064e+00	4.813070e+00	5.323052e+00	-3.349074e+00	3.788992e+00	-6.888143e-01	6.102391e-01	2.705815e+00	1.647535e-01
6.307619e+00	3.535775e+00	2.933506e+00	1.838357e+00	7.299622e-01	-1.701025e+00	-1.731998e-01	2.481394e+00	5.232638e+00	6.799619e+00	-2.220278e+00	1.853195e+00	3.040669e+00	3.665538e+00	3.628526e+00	-2.104089e+00	6.351828e+00	-1.885392e+00	4.533081e+00	4.184365e+00	-4.827288e-02	-2.273794e-01	2.962608e-01	-1.954292e+00	-9.183902e-01	-6.765744e+00	-4.592346e+00	-3.053310e+00	-1.188718e+00	6.722476e+00	-4.767080e+00	2.226989e+00	7.231739e+00	9.724378e-01	-2.954818e+00	1.498211e-01	-6.761482e-01	5.300586e+00	-3.376897e+00	3.460169e+00
3.544077e+00	1.322908e+00	2.772380e+00	3.398710e+00	-1.049046e+00	-9.634585e-01	4.824674e-01	3.669610e+00	1.826601e+00	3.673467e+00	-1.967025e+00	8.250041e-01	3.234509e+00	5.050829e+00	1.867185e+00	-1.523143e-01	5.301956e+00	-2.164907e+00	2.116324e+00	1.592088e+00	8.705307e-01	-1.774043e-01	1.494140e+00	-1.805117e+00	1.279166e+00	-4.692493e+00	-3.539227e+00	-1.168617e+00	-2.027420e+00	4.157838e+00	-3.279156e+00	2.003894e+00	5.257690e+00	4.711791e-01	-2.766574e+00	1.324742e+00	-1.527238e-01	4.631266e+00	-1.566227e+00	2.441414e+00
3.464592e+00	8.055441e+00	2.878969e+00	-1.825806e+00	5.545084e+00	7.402574e-02	-7.387816e-01	4.506557e+00	8.175994e+00	-6.601627e-02	-3.218053e+00	-5.757510e+00	4.066246e+00	5.725997e+00	3.283738e+00	-6.897855e-01	2.014866e+00	-4.368625e+00	7.146797e+00	4.716880e+00	2.014498e+00	-2.477266e+00	4.785917e+00	-2.479355e+00	-2.085311e-01	-2.453053e+00	4.566216e-01	1.620519e+00	-1.370403e+00	9.769067e+00	-4.204036e+00	6.884526e+00	8.102701e+00	2.403181e+00	-2.923262e+00	8.393144e-03	-1.137605e+00	1.105469e+00	-2.414362e+00	6.226174e-01
2.777520e+00	1.850755e+00	2.967024e+00	1.330457e+00	1.802868e+00	1.210552e+00	4.198328e-01	4.534101e-01	2.432770e+00	5.703997e+00	-6.777950e-01	1.199361e+00	5.466420e-01	6.187731e-01	3.159555e+00	-6.879982e-01	3.533009e+00	-3.214040e+00	1.081779e+00	4.553468e+00	-1.705926e+00	7.389776e-01	-1.380289e+00	-8.110862e-01	-2.216133e-01	-1.782903e+00	-2.453154e+00	-8.466253e-01	-2.102839e+00	3.197048e+00	-3.742124e-01	1.950234e+00	2.242060e+00	8.839214e-01	-1.976480e+00	1.997558e-01	1.808831e+00	2.602074e+00	-2.494811e+00	1.401141e+00
4.854088e-01	3.506553e+00	9.305157e-01	-2.822663e-01	2.609328e+00	3.757015e-01	-7.271347e-02	3.476898e+00	-4.373065e-01	3.744864e-01	-6.569475e-01	-1.468241e+00	1.603017e+00	4.132601e+00	8.132677e-01	1.102834e+00	1.949544e+00	1.939120e+00	6.259087e+00	-1.669767e+00	4.336978e+00	-1.248775e+00	3.031720e+00	-2.238511e+00	1.548973e-01	-9.585010e-01	1.498836e-01	2.758817e-01	-3.526813e-01	1.663796e+00	-1.474844e-01	3.167890e+00	4.493711e+00	1.814414e+00	5.199847e-01	-3.936232e-01	-1.971210e+00	4.968154e-01	2.574411e-01	-8.899280e-01
2.649077e+00	4.606327e+00	1.878622e+00	3.161157e+00	2.601519e-01	7.491028e-01	-6.593114e-01	1.649420e+00	2.435758e+00	6.340283e-01	-4.537962e+00	-2.519451e+00	5.134453e+00	2.523363e+00	2.194857e+00	-9.512446e-01	3.572991e+00	-1.436586e+00	5.139608e+00	1.349959e-01	1.878733e+00	-2.031341e+00	6.264077e+00	-1.134858e+00	9.913986e-01	-3.033431e+00	3.367373e+00	1.159599e+00	-1.485263e+00	2.382553e+00	-1.152672e+00	4.671790e+00	4.436754e+00	1.426591e+00	-4.393761e-01	-7.706944e-02	-1.196737e+00	3.068165e-01	1.790734e+00	-1.205195e-01
4.058044e+00	5.675395e+00	2.194294e-01	3.571300e-01	-1.243022e-01	-7.588041e-01	1.736048e-01	7.609721e+00	4.407975e+00	1.452251e+00	-9.360871e-01	-2.462569e+00	2.318452e+00	6.020436e+00	1.462150e+00	4.790646e+00	2.921835e+00	-2.113004e+00	5.455529e+00	-1.756484e+00	5.556793e+00	-4.406326e+00	5.392854e+00	-1.734021e+00	5.394945e-01	-8.222265e-01	1.374832e+00	3.276300e+00	-1.854960e+00	4.300009e+00	-2.281281e+00	5.276651e+00	7.298145e+00	2.851733e+00	-4.123946e-02	2.418836e+00	-3.345889e-01	8.701988e-01	-1.004335e+00	1.083304e+00
1.409469e+00	-2.039842e-01	-1.634234e-01	2.735456e-01	-3.272637e+00	8.726943e-01	-1.391366e+00	2.074103e+00	-1.966562e+00	3.196554e+00	2.666277e+00	3.119829e+00	-1.106748e+00	1.602459e+00	1.148875e+00	-2.172949e-01	3.675200e+00	3.175590e+00	4.423989e-01	-1.469170e+00	6.264491e-01	-3.766780e+00	-1.238292e+00	-2.184889e-01	5.915774e-01	1.301590e+00	3.565154e-01	4.680773e+00	-1.166048e+00	-2.744694e+00	3.823416e+00	3.256801e+00	1.815353e+00	9.638607e-01	2.612957e+00	2.548468e+00	1.259116e+00	-8.011224e-01	4.773372e+00	2.280818e+00
1.287883e+00	4.986486e+00	-1.406386e+00	4.623769e-01	-5.843726e-01	1.203216e+00	-5.578287e-03	2.991865e+00	-7.141195e-03	1.062894e+00	1.648156e+00	-9.220606e-01	1.587330e+00	1.179657e+00	-6.698286e-01	1.764928e+00	8.678098e-01	5.527141e-01	1.535730e+00	-5.577987e-01	3.295099e+00	2.625394e-01	7.830404e-01	-1.519744e+00	-2.007270e+00	1.535127e+00	3.258401e+00	-4.628216e-01	4.536505e-01	-6.672148e-01	1.782221e+00	3.476225e+00	4.984118e-01	1.833156e+00	1.963067e-01	9.683681e-01	5.068152e-01	-8.854874e-01	1.710482e+00	-7.219222e-01
-4.105961e-01	-1.211728e+00	6.129156e+00	-1.376888e+00	1.453993e+00	-2.345578e+00	1.216684e+00	2.616012e+00	2.072156e+00	-7.029587e-01	1.096963e+00	5.405639e-01	-2.820669e+00	1.911591e+00	1.075359e+00	4.725935e-01	5.306576e-01	-1.002270e+00	3.128497e+00	-1.839156e+00	6.424571e+00	-4.054109e+00	4.559974e+00	-1.520766e+00	4.468012e+00	2.118698e+00	-2.178986e-02	7.706015e+00	-2.999572e+00	9.821759e-01	-4.142932e-01	2.783205e+00	4.093214e+00	-5.328023e-01	1.946742e+00	1.265518e+00	-4.502443e+00	-1.978103e+00	2.339062e-01	2.280659e+00
1.206032e-01	7.043625e-01	8.418449e-01	-6.478463e-01	-1.557383e+00	-9.868901e-01	3.186141e-02	3.537087e+00	3.306107e+00	-9.880873e-01	4.200588e+00	2.315360e+00	7.709861e-02	3.510052e+00	-4.082360e-01	3.284674e+00	6.438740e-01	1.387974e+00	1.115136e+00	-4.031403e-01	4.908494e+00	4.694042e-02	3.073080e+00	-2.532868e+00	2.207966e+00	-3.256126e+00	1.137626e+00	1.491256e+00	1.868032e+00	2.683106e+00	-2.094157e+00	9.525207e-01	3.078808e+00	-6.776721e-02	-3.561689e+00	5.285611e+00	3.359704e-01	-2.767001e+00	7.548146e-01	2.361272e+00
3.288130e+00	8.021387e-01	2.201517e+00	-1.379745e+00	-2.583359e+00	-2.751973e-01	2.837345e-01	4.731230e+00	-1.060237e+00	1.607245e+00	1.536798e+00	-6.969820e-01	-1.723347e+00	5.054143e+00	5.175692e+00	2.972885e+00	2.049031e+00	-5.921568e-01	2.444782e+00	-3.409284e+00	3.584644e+00	-8.096726e-01	4.797688e+00	1.234382e+00	2.515004e+00	2.078676e+00	-1.212369e+00	2.749086e-01	-3.885682e-01	1.474169e+00	3.435758e+00	2.073109e+00	4.497545e+00	-1.604203e-01	7.110493e-03	3.898763e+00	3.285464e-01	-8.150204e-01	7.369957e-01	-1.314282e+00
-3.888725e-01	-8.071122e-01	1.713491e+00	4.250041e+00	-3.017933e+00	3.237618e+00	1.151085e-01	4.521096e+00	-2.923415e+00	1.406550e+00	4.035157e+00	8.951921e-01	4.280703e-01	-3.925627e+00	-2.053508e-01	-2.328042e+00	-1.604235e+00	3.052418e-01	-3.977970e-01	2.901857e+00	2.990479e+00	1.341883e+00	-9.501668e-01	-1.570783e+00	1.005890e+00	1.170275e+00	1.215257e+00	5.144327e+00	6.752646e-01	-1.512117e+00	8.138059e-01	-1.901802e-02	1.969493e+00	-3.797382e+00	2.228036e+00	4.775408e-01	-1.747561e-01	1.500789e+00	2.224179e+00	3.080049e+00
2.539620e+00	2.221817e+00	1.425837e+00	4.010480e+00	-7.580921e-01	6.367614e-01	7.352166e-01	1.293150e+00	1.883103e+00	1.654663e+00	-4.330864e+00	-1.153893e+00	4.096645e+00	1.750557e+00	-7.302956e-02	-1.444701e-01	2.444933e+00	-9.091689e-01	4.103577e+00	-4.359173e-01	5.415093e+00	-2.095376e+00	5.614417e+00	-2.286456e-01	6.118393e-01	3.755053e-01	3.374428e+00	2.421820e+00	-1.390434e+00	4.945337e-01	-1.608625e+00	2.892494e+00	4.803974e+00	-3.293675e-01	-4.798891e-01	-6.218080e-01	-2.709316e+00	-2.498311e-01	2.611836e+00	5.604852e-01
2.478410e+00	5.490094e+00	3.649563e-01	-1.789966e+00	2.700110e+00	-2.938331e+00	-1.552983e+00	4.388608e-01	4.181134e+00	1.680787e+00	-1.145967e+00	3.493633e-01	1.306706e+00	4.916494e+00	1.836762e+00	1.805655e+00	3.661443e+00	2.865356e+00	6.638190e+00	8.889264e-01	1.428646e+00	-2.358503e+00	7.547501e-01	7.541222e-01	-1.620541e+00	-3.889327e+00	3.475665e-02	-2.195683e+00	5.853204e-01	5.565094e+00	-3.588903e+00	3.840782e+00	4.916946e+00	5.255289e+00	-2.136079e+00	7.805833e-01	-3.105971e+00	1.399660e+00	4.370830e-01	4.072989e+00
1.142407e+00	3.797904e+00	2.159488e+00	1.219351e+00	4.189386e-01	3.486719e+00	1.134228e+00	4.065220e+00	1.401467e+00	1.730001e+00	1.588410e+00	-7.049874e-01	1.375562e+00	5.749904e+00	5.310229e+00	1.971901e+00	3.384500e+00	-4.825176e+00	1.021512e+00	-2.564468e+00	2.275589e+00	-3.138975e+00	2.980732e+00	8.005897e-01	1.960714e+00	2.688915e+00	7.751085e-02	3.857682e+00	-3.623876e+00	2.441310e+00	2.195061e+00	5.781807e+00	3.244323e+00	5.142236e-02	-1.128200e-01	4.525448e+00	3.280871e+00	8.295351e-01	-7.237198e-01	-3.578065e+00
2.676712e+00	5.413112e+00	1.646097e+00	-1.166493e+00	1.587469e+00	4.361884e-01	-1.191839e+00	7.410081e+00	2.998531e+00	1.232255e+00	6.227099e-01	-3.010055e+00	2.553470e+00	4.477135e+00	1.736067e+00	6.458466e-01	2.648441e+00	-1.409920e-01	8.748060e+00	1.178943e+00	3.954058e+00	-2.652174e+00	3.823052e+00	-1.996238e+00	-8.008183e-01	-3.133859e+00	6.829465e-01	2.288604e+00	-1.469384e+00	3.891790e+00	-1.088534e+00	6.953790e+00	7.039333e+00	2.898206e+00	5.182961e-01	9.909720e-01	-1.281956e+00	9.749752e-01	-5.079063e-01	1.076766e+00
3.132346e+00	5.584382e-01	1.753462e+00	1.419391e+00	-7.242567e-01	-2.514438e+00	4.952556e-01	2.490814e+00	3.137727e-01	3.503887e+00	-7.486270e-02	2.191520e+00	-6.667467e-02	3.906100e+00	1.545345e+00	-4.083981e-01	2.698248e+00	1.740335e+00	3.173680e+00	-3.257427e-01	3.006594e+00	1.008365e+00	1.785849e+00	-1.324783e+00	6.940084e-01	-4.319570e+00	-4.188818e+00	-1.335699e+00	-1.198973e+00	2.598885e+00	-2.833468e+00	1.963967e-02	3.748184e+00	1.917592e-01	-1.427488e+00	1.134316e+00	-1.470325e+00	2.815506e+00	-5.534409e-01	3.086465e+00
5.078944e+00	3.560395e+00	1.844730e+00	2.181822e-01	-1.768489e+00	-1.924279e+00	-4.031345e-02	8.674984e-01	1.525454e+00	5.117672e+00	-5.661873e-01	1.672824e+00	1.411218e+00	-1.619701e+00	1.035983e+00	-5.158477e+00	1.732729e+00	4.850141e+00	2.429632e+00	3.497623e+00	-6.647362e-01	2.540879e+00	5.982331e-01	-6.898789e-01	-3.189162e+00	-3.264502e+00	-3.084518e-01	-7.470505e-01	4.786253e-01	3.780599e+00	-2.224039e+00	-1.812473e-01	3.728388e+00	5.527086e-01	3.382185e-01	-2.479318e+00	-1.362432e+00	3.252634e+00	-9.203169e-01	4.654438e+00
1.493183e+00	1.790530e+00	1.619523e+00	1.371140e+00	1.130861e+00	-2.125511e+00	-1.282353e+00	6.383673e-01	-4.151980e-01	2.729191e+00	-6.151282e-01	1.418357e+00	8.887419e-01	2.200930e+00	1.866653e+00	-2.112506e+00	4.321486e+00	3.345249e+00	4.346982e+00	6.356726e-01	2.945304e+00	1.486875e+00	4.663619e-01	-8.027584e-01	1.377645e+00	-3.712205e+00	-3.732213e+00	-2.606250e+00	4.924841e-01	9.603058e-01	-3.250979e+00	1.629619e+00	3.598289e+00	1.320815e+00	-1.005171e+00	-1.342831e+00	-3.812892e+00	3.582178e+00	1.106960e+00	4.348917e+00
4.189622e+00	4.089577e+00	1.877031e+00	1.563694e+00	-7.265004e-01	-1.740734e+00	-1.321900e-01	1.051604e+00	1.601053e+00	4.171378e+00	7.552371e-01	1.753703e+00	1.651746e+00	-6.938085e-01	2.743677e-01	-5.347403e+00	1.850546e+00	3.982227e+00	1.767090e+00	3.833305e+00	-2.713135e-01	1.964699e+00	-1.073773e+00	-3.391217e-01	-2.246755e+00	-4.485056e+00	-1.904953e+00	-1.832067e+00	8.262095e-01	2.477264e+00	-3.630107e+00	1.505966e+00	3.478237e+00	5.389525e-01	-3.427664e-01	-2.448495e+00	-1.874776e+00	2.825648e+00	1.177118e-01	5.901950e+00
4.446607e+00	3.361606e+00	1.769590e+00	-8.138536e-01	4.758570e-01	3.614697e-01	-8.164438e-02	3.728504e+00	2.164485e+00	2.689893e+00	-2.412818e+00	-2.929561e+00	8.009259e-01	5.109785e+00	5.638797e+00	4.098967e+00	3.777563e+00	-3.740527e+00	2.998605e+00	-1.603770e+00	2.588810e+00	-1.688931e+00	4.963322e+00	8.153778e-01	1.982987e+00	1.237619e+00	-8.635074e-01	3.600415e-01	-3.919034e-01	4.227584e+00	2.265861e+00	3.107020e+00	5.298081e+00	-8.767182e-02	-1.675483e+00	3.065002e+00	9.727003e-01	-1.316042e-01	-9.894283e-01	-2.655051e+00
3.145800e+00	4.959524e+00	9.640286e-01	-1.642684e+00	4.884671e+00	-7.430658e-01	-1.379883e+00	5.674204e+00	7.209040e+00	2.283362e+00	5.392788e-01	-2.733170e+00	2.661376e+00	1.413294e+00	1.327263e-01	-4.536092e+00	5.676195e-01	2.780862e+00	1.039520e+01	5.367326e+00	4.725791e+00	2.716868e-01	4.141884e+00	-2.139730e+00	-9.430006e-01	-2.921444e+00	2.296045e+00	1.535931e+00	-8.096277e-01	6.314172e+00	-4.605261e+00	4.489851e+00	6.005863e+00	1.054747e+00	3.289322e-01	-3.147230e+00	-3.719207e+00	1.315904e+00	-1.422298e+00	2.625050e+00
9.492178e-01	3.484128e+00	2.067984e+00	-4.089870e+00	3.390899e+00	-2.898908e+00	-5.141969e-01	6.878340e-01	3.912170e+00	8.428424e-01	3.630836e-02	1.050674e-01	-9.799073e-03	6.736027e+00	4.228926e+00	2.508554e+00	4.494097e+00	-1.193661e-01	6.488319e+00	-2.292009e-01	1.769877e+00	-4.973502e+00	4.111495e+00	3.524170e+00	1.046483e+00	-2.908878e-01	3.739620e-01	1.410897e+00	-3.344550e-01	5.763144e+00	-8.681694e-01	4.728479e+00	7.053990e+00	4.690771e+00	-2.949096e+00	1.364944e+00	-2.763975e+00	-9.140778e-01	-1.852584e-01	2.767671e+00
4.510527e+00	2.422410e+00	3.684504e+00	7.656620e-01	2.244732e+00	-2.323265e+00	2.676622e-01	1.153522e+00	3.347703e+00	5.635663e+00	-1.451418e+00	1.848987e+00	5.651236e-01	3.587945e+00	1.815220e+00	-1.706005e+00	5.248437e+00	-4.346785e-01	3.125729e+00	3.527324e+00	7.456963e-01	-1.165873e+00	-2.408478e-01	-7.965381e-01	-7.463484e-01	-4.950300e+00	-3.267756e+00	-1.898398e+00	-2.595507e+00	3.473456e+00	-3.595175e+00	2.903736e+00	6.470946e+00	2.411393e+00	-2.164862e+00	-1.154352e-01	-1.901191e+00	3.951828e+00	-1.448088e+00	4.128275e+00
4.690322e+00	5.443984e+00	2.947456e+00	-3.112383e+00	2.930466e+00	-1.888917e+00	-3.331084e-01	3.382320e+00	8.125599e+00	1.491809e+00	-3.344254e+00	-1.405576e+00	3.509547e+00	7.959667e+00	2.214965e+00	2.342158e+00	5.429042e+00	-4.388502e+00	8.185083e+00	1.183538e+00	2.001131e+00	-7.155252e+00	3.709151e+00	2.740852e+00	9.278329e-01	-2.864615e+00	-1.853648e+00	2.707607e+00	-3.145197e+00	8.588439e+00	-4.902369e+00	7.780059e+00	8.083284e+00	5.890540e+00	-3.292898e+00	1.343688e+00	-1.889657e+00	1.408138e+00	-1.356257e+00	2.891568e+00
-1.122034e+00	1.077613e+00	1.684504e+00	-3.540759e-01	6.961807e-02	-1.085601e+00	-9.310496e-01	4.256155e+00	3.767965e+00	-3.444441e-01	6.142094e-01	9.592487e-01	1.174886e+00	4.405659e+00	-1.788428e+00	3.657927e+00	2.856590e+00	8.368504e-01	3.213145e+00	2.515765e+00	6.325429e+00	-9.297799e-01	1.767072e+00	-4.556052e+00	1.754616e+00	-4.170153e+00	2.118951e+00	1.583251e+00	2.179407e+00	3.926129e+00	-3.432095e+00	6.086242e-01	4.473464e+00	2.178132e+00	-4.046142e+00	5.680788e+00	-1.753565e+00	-8.051499e-01	4.176620e-01	2.349392e+00
1.516526e+00	1.581648e+00	1.243906e+00	3.416163e+00	-2.872138e+00	1.629611e+00	6.416077e-01	3.519644e+00	3.047047e-02	1.518099e+00	2.438854e+00	-3.282149e-01	-7.364274e-01	2.264817e+00	3.204362e+00	3.308010e+00	1.947040e+00	-3.082289e+00	-1.180428e+00	-1.147525e+00	1.022963e+00	-1.046903e+00	3.861710e-01	1.712940e+00	1.161383e+00	2.287781e+00	1.324653e+00	4.660541e-01	-1.690886e-01	5.736299e-01	3.075338e+00	2.866777e+00	1.494131e+00	-4.274652e-01	7.121151e-01	3.674481e+00	2.969606e+00	6.347215e-01	6.613935e-01	-1.165278e+00
4.528285e+00	6.290546e+00	-1.310892e+00	-7.207524e-01	-3.329930e-01	6.127139e-01	-7.365232e-01	6.535628e-02	1.478997e+00	2.720879e+00	-1.084538e+00	-2.489523e+00	1.082119e+00	-1.263372e+00	4.417616e+00	-2.147101e+00	3.626297e-01	1.714924e+00	2.009876e+00	1.424716e+00	2.821428e+00	2.063895e+00	3.448079e+00	-1.694120e+00	-2.568262e+00	1.970991e+00	3.365810e+00	-1.978924e+00	1.784037e+00	1.898976e+00	2.198192e+00	-4.086241e-01	5.755380e-01	2.904274e-01	-1.477204e+00	-7.617911e-01	-1.953579e+00	-2.127758e+00	1.296291e+00	-6.768969e-01
3.740622e-01	-1.347496e+00	2.263561e-03	1.606033e+00	-3.227154e+00	-1.445815e-01	1.820698e+00	3.793797e+00	-2.326016e+00	9.482334e-01	1.025801e+00	-1.616945e-01	8.646300e-01	2.816907e+00	1.490869e+00	1.848863e+00	2.131538e-01	1.878656e+00	3.114935e+00	2.711130e-01	1.520714e+00	-4.506123e-01	1.427712e+00	1.398226e+00	-1.525533e-01	6.780312e-01	2.510745e+00	1.836728e+00	-1.185491e+00	1.611304e+00	1.402157e+00	6.687887e-01	1.793386e+00	1.826467e+00	1.619355e+00	1.943868e+00	2.405032e-01	5.096736e-01	2.062646e+00	1.954441e+00
9.524097e-01	1.445565e-01	3.753864e+00	-2.724107e+00	2.028824e+00	1.513068e+00	1.115362e+00	5.661872e+00	6.759184e-01	-1.163408e+00	6.589842e-01	-9.038896e-01	-7.980155e-01	6.411173e+00	3.224055e+00	2.059500e+00	1.851015e+00	-1.493592e+00	5.921550e+00	-2.066695e+00	5.681615e+00	-3.341596e+00	4.635139e+00	3.703331e-01	2.165859e+00	1.157265e+00	3.692062e-01	3.865123e+00	-2.621677e+00	4.322488e+00	1.965068e+00	3.556391e+00	6.538947e+00	6.940940e-01	1.061570e-01	4.750503e+00	-9.788406e-02	-2.135390e-01	6.993604e-01	-3.223396e+00
-5.153911e-01	1.747151e+00	3.578171e+00	-2.011718e+00	5.120224e-01	-2.895636e+00	1.113593e+00	3.584540e+00	9.637964e-01	-1.027041e+00	2.566294e-01	3.037519e-01	-2.205486e+00	4.399649e+00	-4.321772e-01	4.757726e+00	1.728619e+00	1.033285e+00	1.329964e+00	-8.422873e-01	7.201902e+00	9.657451e-02	4.094309e+00	-4.043972e+00	2.862838e+00	-3.432427e+00	1.640783e+00	3.683859e-01	1.896715e+00	4.006081e+00	-1.457522e+00	-2.152409e+00	4.402144e+00	1.757088e+00	-2.841768e+00	5.256699e+00	-3.609711e+00	-1.166521e+00	-6.304615e-01	5.604906e-01
4.682139e+00	5.692269e+00	2.819992e-01	-1.140217e-01	9.662572e-02	-1.460299e+00	-1.788426e+00	5.850142e+00	1.443466e+00	1.984169e+00	-1.701279e+00	-2.330327e+00	1.755547e+00	6.131740e+00	3.555649e+00	2.271796e-02	3.405806e+00	4.245306e-01	8.099488e+00	-3.785883e+00	5.853986e+00	-2.646320e+00	7.375508e+00	-1.419903e+00	3.159823e-01	-4.829299e-01	-1.991264e+00	1.361075e+00	-1.308363e+00	2.589604e+00	-6.837350e-02	5.996781e+00	7.738839e+00	1.652906e+00	2.938117e-01	-2.122031e-01	-1.440160e+00	7.044050e-01	8.962998e-01	5.312846e-01
1.959110e+00	2.942488e+00	3.042074e+00	7.025150e-01	2.530657e+00	3.092040e+00	2.876647e+00	6.783838e+00	2.990206e+00	-3.949155e-01	1.993708e+00	-5.275878e-01	3.076159e+00	4.783769e+00	-7.483354e-01	6.721589e+00	-1.618184e+00	-6.218232e+00	2.267691e+00	-1.148541e-01	4.236450e+00	-1.482479e+00	-3.176510e-01	-1.850589e+00	-1.229097e-01	-1.101233e+00	-1.142291e+00	3.982288e-01	-1.211117e+00	5.204071e+00	-2.723931e+00	3.642798e+00	4.499081e+00	-2.641624e-01	-2.176382e+00	2.788440e+00	2.201979e+00	7.416044e-01	-5.054606e+00	-2.292033e+00
3.412018e+00	4.781638e+00	3.557033e+00	-1.147135e+00	-9.058681e-01	-1.241776e+00	3.936551e-01	1.021750e+00	4.179623e+00	2.490571e+00	-2.526557e+00	-6.936923e-01	6.465571e-01	3.631751e+00	2.915299e+00	4.315783e+00	3.265360e+00	-2.220665e+00	5.830400e-01	-2.257678e+00	3.240232e+00	-2.643966e+00	5.447050e+00	-2.556712e+00	2.824265e+00	-4.816390e-01	-5.643413e-01	3.240053e+00	2.251876e+00	4.209313e+00	-2.166111e-01	1.936087e+00	5.063255e+00	-1.025269e+00	-1.778981e+00	3.479852e+00	-1.306799e+00	-2.544914e+00	-1.266229e+00	-3.730704e-01
3.337707e+00	5.393524e+00	4.410369e-01	-8.201615e-01	1.375614e-01	-4.356293e+00	-5.107883e-01	2.249244e+00	1.446226e+00	1.101337e-01	-2.609173e-01	2.970872e-01	1.210482e+00	5.950476e+00	4.173720e+00	3.097192e+00	4.177386e+00	1.587151e+00	4.826468e+00	-3.308040e+00	3.674603e+00	-2.929293e+00	5.059563e+00	2.908240e+00	-9.783896e-01	-2.209984e+00	-5.697242e-01	-4.486736e+00	-3.321558e-01	2.328854e+00	-2.068117e+00	3.845469e+00	5.974901e+00	6.159054e+00	-2.771258e+00	3.952018e+00	-4.399938e+00	2.044105e+00	8.130586e-01	3.557152e+00
-2.923972e+00	-3.069992e+00	4.593696e+00	-3.618977e+00	-2.024297e+00	-3.722843e+00	1.660113e+00	2.115230e+00	1.075927e+00	-5.171944e+00	2.746326e+00	1.596284e+00	-1.059490e+00	1.039044e+01	3.007493e+00	8.878284e+00	3.657517e+00	-2.683095e-01	-9.254138e-01	-3.708770e+00	2.915294e+00	-2.378429e+00	5.357311e+00	-9.895568e-01	6.437759e+00	-3.394410e+00	8.389893e-02	4.220829e-01	2.912503e+00	2.673946e+00	2.542931e-01	-1.152069e-01	6.246803e+00	1.978545e+00	-4.514416e+00	1.003953e+01	-8.795310e-01	-3.091480e+00	2.672862e-02	-2.075814e-01
-1.768509e-02	1.183859e+00	1.956353e+00	-1.094429e+00	-1.331891e+00	-1.333530e+00	-4.233288e-01	3.598926e+00	2.326982e+00	-9.719425e-02	2.477866e-01	1.059304e+00	8.425440e-01	2.728289e+00	-1.781935e+00	4.323759e+00	2.172701e+00	1.515646e+00	2.265942e+00	2.612853e+00	5.332278e+00	1.252166e+00	1.350439e+00	-3.480905e+00	1.640880e+00	-4.961304e+00	2.016076e+00	-4.246135e-01	3.859198e+00	4.717728e+00	-3.415417e+00	-2.253778e+00	3.371302e+00	1.633216e+00	-3.885986e+00	5.007012e+00	-2.039177e+00	-7.160658e-01	-1.957889e-01	2.064100e+00
-3.533293e-02	3.601494e+00	-2.077699e+00	-1.720742e+00	2.330547e+00	8.547087e-01	-3.851273e+00	2.420482e+00	3.543510e+00	-6.213538e-01	5.039704e-02	-4.165448e-01	1.593894e+00	2.779570e+00	-3.228418e+00	1.390359e+00	3.545262e+00	1.956813e+00	6.030486e+00	1.391034e+00	5.429552e+00	-1.424582e+00	4.291138e-01	-3.187533e+00	-4.887991e-01	-7.172411e-01	2.801801e+00	2.748476e+00	1.689355e+00	1.927237e+00	-1.079478e+00	4.866588e+00	2.014723e+00	2.220467e+00	-2.032663e+00	7.011565e-01	4.894653e-01	-1.347997e+00	3.675014e+00	1.464052e+00
3.783990e+00	3.275674e+00	2.155250e+00	7.309418e-01	-3.448261e-01	-2.698296e+00	1.804232e-01	-6.112087e-02	2.206367e+00	3.512373e+00	-1.096755e+00	1.019366e+00	1.508539e+00	-1.062940e+00	2.405827e+00	-5.687543e+00	1.776925e-01	2.967918e+00	2.160801e+00	3.702443e+00	1.589674e+00	2.178191e+00	2.304088e+00	-1.228467e+00	-1.611692e+00	-1.317525e+00	-9.229819e-01	2.973250e-01	-3.888989e-01	3.734166e+00	-3.648751e+00	-2.418536e-01	3.502988e+00	-1.390471e-01	-1.392289e+00	-3.611055e+00	-2.596115e+00	1.220696e+00	1.262689e-01	5.884337e+00
2.492763e+00	3.907892e-01	1.026857e+00	2.140875e+00	-1.669122e+00	-6.062476e-01	6.869319e-01	2.055570e+00	6.799904e-01	1.504161e+00	-1.593702e+00	3.791700e-01	9.665711e-01	1.234963e+00	2.492327e+00	2.169231e+00	3.190919e+00	-1.319708e+00	1.877402e+00	2.565698e-02	3.199045e+00	-1.819452e+00	3.170520e+00	2.822935e+00	2.204908e+00	1.495566e+00	9.655365e-01	1.433472e+00	5.032411e-01	2.280366e+00	3.678907e-01	1.206684e+00	5.641852e+00	-1.501556e-01	-1.347262e+00	2.699705e-01	-1.624960e+00	1.485152e+00	1.696471e+00	3.102167e+00
-2.084914e-01	-1.344392e+00	2.956532e+00	-2.778288e+00	-1.881535e+00	-2.624218e+00	1.328978e+00	2.569355e+00	1.713564e+00	-8.777997e-01	3.777786e+00	2.652457e+00	-1.567332e+00	6.211505e+00	3.435454e-01	6.883951e+00	2.730696e+00	1.368693e+00	1.384251e+00	-1.291905e+00	3.711368e+00	1.998160e-01	3.213547e+00	-1.683986e+00	3.658885e+00	-4.473459e+00	-2.662735e-01	-3.491259e-01	3.526567e+00	2.700958e+00	-1.726719e-01	-6.139381e-01	4.475674e+00	5.724882e-02	-3.720489e+00	6.319925e+00	-7.708714e-01	-3.804745e+00	-4.134723e-01	1.012381e+00
