-6.730736e-03	9.313681e-03	-7.458304e-03	-7.004518e-03	-2.199229e-02	1.663225e-02	-1.602621e-02	2.964048e-03	2.923391e-03	1.559992e-02	-8.092108e-03	-1.940490e-02	-3.393394e-03	4.514545e-03	-4.681689e-04	-2.826770e-03	3.724524e-03	-6.078521e-03	-7.336835e-04	9.988245e-03	-1.375945e-03	-1.367616e-02	-7.559265e-04	-1.863274e-02	1.208408e-03	-1.221294e-03	8.328499e-03	-9.089113e-03	-6.473806e-03	-1.363922e-02	8.357374e-03	-8.327892e-03	1.533762e-02	8.858300e-03	1.784167e-02	5.157253e-03	4.512364e-04	1.931861e-02	1.457876e-02	9.447579e-03
-7.408284e-03	9.644313e-03	-5.463127e-03	3.141656e-04	-2.222923e-02	1.498221e-02	-1.040942e-02	-3.105246e-03	1.277457e-03	1.609189e-02	-1.269629e-02	-2.464858e-02	-7.693151e-05	6.924383e-03	5.346127e-03	8.819473e-04	-3.377019e-03	-5.124583e-03	-1.620147e-03	1.081068e-02	-9.469019e-04	-1.264980e-02	-2.351857e-03	-1.726984e-02	-4.807693e-03	-5.152902e-03	1.915954e-03	-9.001103e-03	-3.738540e-03	-9.750742e-03	7.057408e-03	-1.364114e-02	2.068994e-02	5.215607e-03	2.216248e-02	6.516270e-03	1.599258e-03	1.613610e-02	2.286103e-02	5.562595e-03
-8.129787e-03	6.809063e-03	-7.211094e-03	-1.272177e-04	-2.141125e-02	1.500454e-02	-1.011392e-02	-1.130913e-03	1.633834e-03	1.551013e-02	-1.530063e-02	-2.324664e-02	3.050406e-03	8.359344e-03	3.021085e-03	2.947317e-04	-5.428397e-03	-8.108793e-03	2.270564e-03	1.188166e-02	1.579928e-03	-1.319954e-02	-1.798393e-03	-1.416766e-02	-3.461014e-03	-1.508111e-03	1.737316e-03	-1.123823e-02	-4.431432e-03	-9.129079e-03	6.074408e-03	-1.576112e-02	1.915150e-02	6.081237e-03	2.312451e-02	5.301941e-03	-8.853476e-04	1.637385e-02	2.292404e-02	6.054622e-03
-6.720109e-03	6.353203e-03	-6.631711e-03	1.929628e-03	-2.250611e-02	1.472291e-02	-1.046429e-02	-8.342235e-05	1.069840e-03	1.524547e-02	-1.529584e-02	-2.405808e-02	4.218755e-03	8.998459e-03	4.503432e-03	-1.246815e-03	-5.253865e-03	-9.350035e-03	2.850831e-03	1.261002e-02	6.274794e-04	-1.371939e-02	-2.094654e-03	-1.396984e-02	-2.121481e-03	-2.372601e-03	9.466156e-04	-9.956214e-03	-4.810155e-03	-9.789202e-03	5.399499e-03	-1.501448e-02	1.890300e-02	5.570011e-03	2.309886e-02	5.631353e-03	1.129868e-04	1.635849e-02	1.970889e-02	6.908706e-03
-6.650864e-03	6.277816e-03	-6.316645e-03	-2.499318e-04	-2.081972e-02	1.392278e-02	-1.141411e-02	9.944043e-04	2.496480e-03	1.443139e-02	-1.508490e-02	-2.537512e-02	4.569695e-03	1.088804e-02	3.183708e-03	-2.687053e-03	-6.848433e-03	-9.994469e-03	6.554129e-03	1.385853e-02	2.339167e-04	-1.382193e-02	-1.359485e-03	-1.487654e-02	-2.561397e-03	-1.261530e-03	2.219091e-05	-7.503268e-03	-5.740910e-03	-1.101957e-02	5.944962e-03	-1.405185e-02	1.878013e-02	4.459473e-03	2.171082e-02	3.714515e-03	2.751357e-04	1.775057e-02	1.917984e-02	8.908302e-03
-8.572744e-03	8.242829e-03	-5.649283e-03	3.931249e-03	-2.115470e-02	1.307947e-02	-1.136383e-02	-4.876572e-03	2.554173e-03	1.514424e-02	-1.425410e-02	-2.252100e-02	2.424881e-03	7.726471e-03	4.186176e-03	2.582955e-04	-5.616071e-03	-4.695991e-03	7.122435e-04	1.323304e-02	-4.537384e-04	-1.343500e-02	-3.160333e-03	-1.630200e-02	-1.117600e-03	-6.787869e-03	1.544402e-03	-1.017464e-02	-3.385835e-03	-9.332516e-03	5.993193e-03	-1.539107e-02	1.807868e-02	5.233224e-03	2.503207e-02	6.692809e-03	1.351612e-03	1.488942e-02	2.210216e-02	6.096842e-03
-7.236442e-03	8.039292e-03	-5.892418e-03	1.704913e-03	-2.095392e-02	1.507257e-02	-9.696954e-03	-2.192580e-03	1.953881e-03	1.316376e-02	-1.614626e-02	-2.221966e-02	4.101909e-03	9.800471e-03	3.025935e-03	-2.158696e-05	-9.454788e-03	-9.558175e-03	3.037134e-03	1.405364e-02	1.706016e-03	-1.378758e-02	-3.038269e-03	-1.151876e-02	-5.644515e-04	-2.001660e-03	4.778171e-04	-1.142132e-02	-4.610229e-03	-9.832480e-03	4.984240e-03	-1.787992e-02	1.804755e-02	7.100089e-03	2.544904e-02	3.921318e-03	-7.703660e-04	1.584702e-02	2.230268e-02	5.500712e-03
-7.204052e-03	8.270776e-03	-6.958297e-03	4.057152e-03	-2.294822e-02	1.664746e-02	-1.001547e-02	-1.786490e-03	9.503874e-04	1.260990e-02	-1.736850e-02	-2.559767e-02	5.350414e-03	1.096484e-02	5.580649e-03	-1.551800e-03	-1.079855e-02	-1.094383e-02	4.880283e-03	1.570593e-02	1.436916e-03	-1.354820e-02	-4.215022e-03	-1.173444e-02	-2.814440e-04	-2.833860e-03	-2.075895e-04	-9.948016e-03	-3.836879e-03	-1.108557e-02	5.531586e-03	-1.829487e-02	1.985054e-02	6.352847e-03	2.595977e-02	3.843529e-03	2.884525e-04	1.532802e-02	2.120406e-02	6.672942e-03
-6.091347e-03	8.070113e-03	-6.009192e-03	1.464034e-03	-2.091317e-02	1.441381e-02	-1.080560e-02	-1.481358e-04	2.036008e-03	1.109367e-02	-1.624288e-02	-2.531894e-02	5.599857e-03	1.224565e-02	4.325628e-03	-2.877935e-03	-1.208426e-02	-1.134888e-02	7.459668e-03	1.599652e-02	7.972395e-04	-1.371001e-02	-2.601310e-03	-1.174988e-02	5.347727e-04	-2.176204e-03	-6.803607e-04	-7.089379e-03	-5.344219e-03	-1.195118e-02	6.249924e-03	-1.662658e-02	1.823885e-02	5.894223e-03	2.333620e-02	1.930683e-03	7.646116e-04	1.673288e-02	1.946612e-02	7.702604e-03
-6.245905e-03	1.128446e-02	-4.786899e-03	4.247403e-03	-2.060145e-02	1.486661e-02	-9.443138e-03	-5.701138e-03	7.361746e-04	1.092276e-02	-1.505027e-02	-2.386592e-02	4.589941e-03	1.132977e-02	7.535696e-03	-7.083288e-04	-1.219825e-02	-8.089058e-03	1.288987e-03	1.442580e-02	-6.608733e-04	-1.170319e-02	-4.270422e-03	-1.102458e-02	9.482938e-04	-6.374945e-03	-2.140261e-04	-9.607450e-03	-3.549166e-03	-1.002273e-02	6.159481e-03	-1.896343e-02	1.911235e-02	5.096124e-03	2.560003e-02	2.456364e-03	1.574647e-03	1.344806e-02	2.305723e-02	4.942076e-03
-7.360471e-03	9.773774e-03	-5.303636e-03	2.433638e-03	-2.128225e-02	1.598582e-02	-9.759215e-03	-4.097304e-03	1.279132e-03	1.055770e-02	-1.710157e-02	-2.187210e-02	5.234061e-03	1.079660e-02	4.533774e-03	3.029107e-04	-1.250462e-02	-1.027907e-02	4.399434e-03	1.596987e-02	1.783263e-03	-1.373412e-02	-4.188804e-03	-8.820472e-03	2.499710e-03	-2.653811e-03	-5.924904e-05	-1.261376e-02	-4.344573e-03	-1.043338e-02	5.434432e-03	-2.056341e-02	1.802337e-02	7.946769e-03	2.585069e-02	2.290052e-03	-8.717468e-04	1.520450e-02	2.374994e-02	4.489220e-03
-6.643451e-03	1.100742e-02	-6.252082e-03	4.382553e-03	-2.404347e-02	1.883066e-02	-9.625706e-03	-2.401988e-03	2.290123e-04	9.961324e-03	-1.798088e-02	-2.672797e-02	6.230814e-03	1.162199e-02	7.057087e-03	-1.668598e-03	-1.452149e-02	-1.158196e-02	6.416983e-03	1.841048e-02	1.739177e-03	-1.270778e-02	-6.433392e-03	-9.245751e-03	3.023177e-03	-3.390940e-03	-1.869579e-03	-1.156116e-02	-3.177541e-03	-1.222073e-02	5.294236e-03	-2.033966e-02	2.026073e-02	8.458534e-03	2.571873e-02	1.442604e-03	-1.890606e-05	1.474637e-02	2.237486e-02	5.814209e-03
-5.568802e-03	1.034716e-02	-6.901791e-03	1.600988e-03	-2.177958e-02	1.697796e-02	-1.080085e-02	-5.869123e-04	1.718957e-03	8.873712e-03	-1.614578e-02	-2.734598e-02	6.994995e-03	1.308528e-02	6.254944e-03	-3.640183e-03	-1.680428e-02	-1.258968e-02	9.928661e-03	1.845308e-02	1.017159e-03	-1.143513e-02	-5.541814e-03	-8.607733e-03	2.991273e-03	-2.466244e-03	-2.926114e-03	-8.100163e-03	-3.226108e-03	-1.343655e-02	7.051196e-03	-1.864141e-02	1.937996e-02	7.954429e-03	2.237974e-02	-9.522330e-04	2.218378e-04	1.498207e-02	2.089580e-02	7.294710e-03
-5.769178e-03	1.313250e-02	-4.477703e-03	4.542563e-03	-2.053998e-02	1.634928e-02	-9.298342e-03	-6.681496e-03	6.334280e-04	8.215397e-03	-1.401059e-02	-2.363167e-02	4.913407e-03	1.145319e-02	8.455203e-03	-6.238700e-05	-1.498843e-02	-9.181481e-03	2.117742e-03	1.590706e-02	9.307724e-05	-1.041116e-02	-6.425501e-03	-8.352728e-03	3.040511e-03	-6.880592e-03	-2.134459e-03	-1.067753e-02	-1.875509e-03	-1.084203e-02	6.548917e-03	-2.055509e-02	1.877374e-02	6.274467e-03	2.544492e-02	5.386056e-04	1.300719e-03	1.163570e-02	2.442011e-02	3.756000e-03
-6.356923e-03	1.131850e-02	-6.494887e-03	2.601306e-03	-2.036670e-02	1.791118e-02	-8.422347e-03	-4.725172e-03	1.275433e-03	7.626646e-03	-1.647923e-02	-2.322632e-02	6.559016e-03	1.234422e-02	6.140938e-03	-4.932311e-04	-1.755239e-02	-1.189273e-02	5.715495e-03	1.762758e-02	2.878050e-03	-1.004204e-02	-6.643094e-03	-5.019326e-03	3.156889e-03	-2.675665e-03	-2.405401e-03	-1.271098e-02	-1.123317e-03	-1.167121e-02	6.230796e-03	-2.253959e-02	1.863723e-02	8.846928e-03	2.552605e-02	-8.829071e-04	-1.599667e-03	1.164884e-02	2.457404e-02	3.569402e-03
-5.298289e-03	1.162243e-02	-7.160890e-03	4.528397e-03	-2.317067e-02	1.973904e-02	-8.977148e-03	-3.374644e-03	6.754205e-04	7.695050e-03	-1.729190e-02	-2.658264e-02	7.985904e-03	1.371576e-02	8.281759e-03	-2.234134e-03	-1.852026e-02	-1.296770e-02	7.451208e-03	1.880622e-02	2.080397e-03	-9.664857e-03	-7.784871e-03	-5.046520e-03	4.501551e-03	-4.521643e-03	-4.122577e-03	-1.166955e-02	-8.689228e-04	-1.253991e-02	6.219155e-03	-2.144911e-02	1.958700e-02	8.514831e-03	2.525429e-02	-1.092794e-03	-5.311120e-04	1.217385e-02	2.233416e-02	4.433697e-03
-4.589788e-03	1.131191e-02	-7.004503e-03	1.403710e-03	-2.127198e-02	1.773659e-02	-9.965945e-03	-1.833398e-03	2.169582e-03	6.101220e-03	-1.547917e-02	-2.768063e-02	8.379613e-03	1.535966e-02	6.921575e-03	-3.357832e-03	-2.079779e-02	-1.353858e-02	1.148497e-02	1.968485e-02	1.142686e-03	-8.206381e-03	-6.761446e-03	-4.256023e-03	4.376252e-03	-4.107322e-03	-5.835552e-03	-8.399867e-03	-1.290386e-03	-1.436116e-02	7.969653e-03	-1.966743e-02	1.938397e-02	7.941783e-03	2.201499e-02	-3.494992e-03	-6.147675e-04	1.207213e-02	2.208992e-02	6.076601e-03
-4.140498e-03	1.383521e-02	-4.986381e-03	4.248690e-03	-1.866510e-02	1.644703e-02	-7.841280e-03	-7.896492e-03	4.449889e-04	5.657058e-03	-1.236680e-02	-2.296275e-02	5.967586e-03	1.356796e-02	9.810092e-03	-4.431228e-04	-1.845460e-02	-9.664769e-03	2.680880e-03	1.643249e-02	-3.763356e-05	-5.840114e-03	-7.688502e-03	-3.942557e-03	4.139582e-03	-8.182893e-03	-4.431595e-03	-1.059556e-02	4.408624e-04	-1.171087e-02	7.724175e-03	-2.079697e-02	1.795293e-02	6.347491e-03	2.429256e-02	-2.435559e-03	5.278983e-04	7.222039e-03	2.374911e-02	2.574324e-03
-4.896371e-03	1.164876e-02	-6.779509e-03	2.419274e-03	-1.858248e-02	1.701043e-02	-6.669995e-03	-5.511832e-03	1.272556e-03	5.198491e-03	-1.539229e-02	-2.166138e-02	7.398571e-03	1.503715e-02	6.619771e-03	7.917308e-05	-2.105869e-02	-1.243865e-02	6.347709e-03	1.826030e-02	3.038827e-03	-6.128060e-03	-7.016898e-03	1.386004e-05	4.361950e-03	-3.992454e-03	-4.670997e-03	-1.335131e-02	3.919851e-04	-1.209147e-02	6.997603e-03	-2.252133e-02	1.646559e-02	9.088006e-03	2.513532e-02	-3.512130e-03	-3.038524e-03	7.509660e-03	2.420266e-02	1.909674e-03
-3.701331e-03	1.191094e-02	-7.465800e-03	5.052150e-03	-2.210671e-02	1.846615e-02	-7.388126e-03	-4.237745e-03	5.456968e-04	4.962210e-03	-1.612645e-02	-2.462734e-02	8.822557e-03	1.649118e-02	9.266199e-03	-9.557551e-04	-2.092687e-02	-1.443327e-02	7.919466e-03	1.905240e-02	2.430151e-03	-5.910714e-03	-8.020045e-03	2.722750e-04	5.214731e-03	-5.756196e-03	-6.233257e-03	-1.257525e-02	9.129178e-04	-1.327060e-02	7.062406e-03	-2.175446e-02	1.784338e-02	7.983788e-03	2.539897e-02	-3.065291e-03	-2.202925e-03	7.526686e-03	2.188813e-02	2.678412e-03
-3.509063e-03	1.135457e-02	-7.387933e-03	1.143333e-03	-1.936493e-02	1.661174e-02	-8.803303e-03	-2.217877e-03	2.284526e-03	3.717203e-03	-1.372557e-02	-2.519592e-02	8.982215e-03	1.833147e-02	6.722567e-03	-1.998179e-03	-2.182427e-02	-1.403894e-02	1.177477e-02	2.049598e-02	4.695965e-04	-4.177460e-03	-6.036555e-03	-3.777516e-05	5.168204e-03	-5.850163e-03	-8.098739e-03	-8.649077e-03	4.930704e-06	-1.553393e-02	9.231967e-03	-1.838200e-02	1.674124e-02	7.037635e-03	2.156462e-02	-5.890655e-03	-2.293237e-03	8.001852e-03	2.057498e-02	4.177155e-03
-2.657837e-03	1.465154e-02	-5.289127e-03	4.388238e-03	-1.820139e-02	1.576994e-02	-7.253994e-03	-8.242885e-03	3.541154e-04	3.650567e-03	-1.186349e-02	-2.324377e-02	7.315844e-03	1.710014e-02	1.004115e-02	5.532913e-04	-2.177460e-02	-1.040397e-02	3.443665e-03	1.781842e-02	-3.977958e-04	-2.030002e-03	-7.691844e-03	4.347800e-04	5.057775e-03	-1.022333e-02	-6.919944e-03	-1.031410e-02	1.933900e-03	-1.328201e-02	8.211922e-03	-2.069240e-02	1.672704e-02	6.314180e-03	2.472980e-02	-4.899348e-03	-6.145467e-04	4.394676e-03	2.347761e-02	9.015440e-04
-4.121067e-03	1.259345e-02	-7.986230e-03	2.230443e-03	-1.814898e-02	1.663007e-02	-6.151055e-03	-5.927389e-03	8.984130e-04	2.656928e-03	-1.384361e-02	-2.117373e-02	8.336911e-03	1.782108e-02	6.315733e-03	2.042415e-03	-2.263459e-02	-1.282205e-02	7.166594e-03	1.916828e-02	2.713502e-03	-2.267017e-03	-7.481224e-03	4.132508e-03	5.309488e-03	-5.683110e-03	-7.090258e-03	-1.290954e-02	1.599413e-03	-1.333296e-02	8.348164e-03	-2.207729e-02	1.520935e-02	8.272056e-03	2.494758e-02	-5.543836e-03	-4.188412e-03	4.281840e-03	2.409095e-02	6.708031e-06
-2.564291e-03	1.294834e-02	-7.531991e-03	4.352644e-03	-2.073181e-02	1.836090e-02	-6.741793e-03	-4.277773e-03	2.406902e-04	2.162956e-03	-1.377302e-02	-2.300772e-02	9.078884e-03	1.837424e-02	7.765101e-03	1.437166e-03	-2.156440e-02	-1.414472e-02	9.067005e-03	2.013657e-02	1.700189e-03	-1.374319e-03	-8.312031e-03	4.138691e-03	6.325581e-03	-8.602581e-03	-9.688129e-03	-1.267109e-02	1.786287e-03	-1.473691e-02	8.178834e-03	-1.925973e-02	1.586373e-02	8.064595e-03	2.487287e-02	-6.192577e-03	-3.701105e-03	3.950219e-03	2.096926e-02	5.173847e-04
-2.424464e-03	1.316883e-02	-9.074879e-03	3.869728e-04	-1.844602e-02	1.646574e-02	-8.390544e-03	-2.205205e-03	2.468021e-03	8.515003e-04	-1.138529e-02	-2.435019e-02	9.445264e-03	1.994131e-02	5.505837e-03	2.840151e-04	-2.326099e-02	-1.479689e-02	1.355865e-02	2.062484e-02	1.899630e-04	8.700969e-04	-7.553659e-03	4.718956e-03	5.606609e-03	-7.783820e-03	-1.140899e-02	-9.050737e-03	1.569462e-03	-1.619386e-02	1.030495e-02	-1.654752e-02	1.581004e-02	7.300327e-03	2.114757e-02	-8.819329e-03	-4.014077e-03	4.351875e-03	2.101090e-02	2.062139e-03
-1.881018e-03	1.682748e-02	-7.609812e-03	3.728179e-03	-1.713627e-02	1.607311e-02	-6.023874e-03	-9.053307e-03	9.603811e-04	2.985657e-04	-8.889475e-03	-2.194318e-02	7.082777e-03	1.874234e-02	8.288558e-03	3.583621e-03	-2.338830e-02	-1.046034e-02	4.403240e-03	1.786882e-02	-5.471111e-04	3.276997e-03	-9.211829e-03	5.272002e-03	4.981733e-03	-1.217992e-02	-1.022335e-02	-1.145811e-02	3.951937e-03	-1.342685e-02	1.043540e-02	-1.845532e-02	1.579363e-02	5.817088e-03	2.396826e-02	-7.744464e-03	-2.590647e-03	6.563373e-05	2.420814e-02	-1.687256e-03
-3.634938e-03	1.450198e-02	-9.612462e-03	1.380845e-03	-1.734043e-02	1.724810e-02	-6.370397e-03	-6.256405e-03	1.436088e-03	1.938715e-04	-1.171158e-02	-1.950469e-02	7.910611e-03	1.847279e-02	4.560361e-03	5.230286e-03	-2.190851e-02	-1.240295e-02	8.618362e-03	1.855667e-02	2.175750e-03	1.845210e-03	-8.484385e-03	7.727999e-03	5.287605e-03	-8.004215e-03	-9.862291e-03	-1.486202e-02	2.859849e-03	-1.360496e-02	9.797850e-03	-1.909954e-02	1.434114e-02	7.858556e-03	2.392023e-02	-7.537725e-03	-6.425092e-03	1.723554e-03	2.543120e-02	-2.534970e-03
-2.227888e-03	1.479239e-02	-1.052464e-02	4.053629e-03	-2.000265e-02	1.918353e-02	-5.972701e-03	-4.489105e-03	5.282608e-05	-1.816909e-03	-1.159465e-02	-2.213560e-02	8.853179e-03	1.929780e-02	5.860479e-03	4.193117e-03	-2.215955e-02	-1.346909e-02	1.121624e-02	2.024002e-02	7.625367e-04	3.556593e-03	-1.018861e-02	8.674923e-03	6.309742e-03	-9.968677e-03	-1.265957e-02	-1.311893e-02	3.632336e-03	-1.520949e-02	1.064049e-02	-1.567839e-02	1.591905e-02	7.517748e-03	2.266666e-02	-8.151667e-03	-6.608592e-03	7.850702e-05	2.247422e-02	-2.097192e-03
-1.599651e-03	1.454897e-02	-1.041778e-02	2.678127e-04	-1.778807e-02	1.719866e-02	-8.209233e-03	-1.787410e-03	2.426876e-03	-2.325068e-03	-1.025001e-02	-2.422485e-02	8.527837e-03	2.150311e-02	3.140229e-03	3.406208e-03	-2.327276e-02	-1.335567e-02	1.639001e-02	2.117303e-02	-5.478834e-04	4.049151e-03	-8.951921e-03	8.591205e-03	6.060396e-03	-9.342808e-03	-1.414071e-02	-9.193401e-03	2.152443e-03	-1.771211e-02	1.202210e-02	-1.298306e-02	1.566996e-02	5.769950e-03	1.835266e-02	-1.050448e-02	-6.412606e-03	2.374413e-03	2.153826e-02	2.641380e-04
-1.566392e-03	1.805626e-02	-8.524079e-03	3.190721e-03	-1.630652e-02	1.688093e-02	-6.595127e-03	-9.183269e-03	-2.916638e-04	-2.588364e-03	-7.718729e-03	-2.192079e-02	6.129022e-03	1.890562e-02	6.821781e-03	6.467584e-03	-2.205772e-02	-9.040438e-03	6.228133e-03	1.820213e-02	-1.606869e-03	6.099975e-03	-1.031941e-02	8.165400e-03	5.324143e-03	-1.305278e-02	-1.185466e-02	-1.150239e-02	4.266909e-03	-1.494485e-02	1.184454e-02	-1.566029e-02	1.633396e-02	5.396525e-03	2.201539e-02	-9.248700e-03	-4.448199e-03	-2.135391e-03	2.535089e-02	-2.851802e-03
-2.435638e-03	1.483966e-02	-1.069567e-02	1.624587e-03	-1.499037e-02	1.708823e-02	-5.418745e-03	-6.344540e-03	-4.868931e-04	-3.941228e-03	-1.011569e-02	-1.971717e-02	7.897998e-03	2.002738e-02	3.360079e-03	6.839099e-03	-2.333422e-02	-1.199574e-02	1.068989e-02	1.988983e-02	1.409659e-03	5.990085e-03	-9.747458e-03	1.245328e-02	5.518293e-03	-8.181741e-03	-1.202360e-02	-1.323306e-02	3.900604e-03	-1.523236e-02	1.150377e-02	-1.652484e-02	1.482691e-02	7.272776e-03	2.208043e-02	-1.032202e-02	-8.625075e-03	-2.788129e-03	2.465809e-02	-3.315687e-03
-1.854963e-03	1.488164e-02	-1.102942e-02	4.383627e-03	-1.829413e-02	1.897460e-02	-5.919950e-03	-5.070996e-03	-1.562037e-03	-3.437018e-03	-1.054761e-02	-2.289204e-02	9.799689e-03	2.079107e-02	5.352938e-03	6.074389e-03	-2.265020e-02	-1.388806e-02	1.209439e-02	2.019364e-02	6.021002e-04	6.314531e-03	-1.056677e-02	1.067490e-02	6.048131e-03	-1.027838e-02	-1.355778e-02	-1.259651e-02	4.601422e-03	-1.602943e-02	1.151413e-02	-1.530402e-02	1.581455e-02	6.616095e-03	2.252870e-02	-9.836788e-03	-7.602756e-03	-2.903283e-03	2.184627e-02	-1.107556e-03
