3.572927e-01	1.546262e+00	2.028754e-01	-1.058988e+00	9.506576e-01	-4.980961e-01	-5.288224e-02	3.363882e-01	3.909998e-01	1.212002e+00	-3.206049e-01	1.229367e+00	2.275164e+00	-8.249127e-03	5.513959e-02	1.088558e+00	1.199764e+00	-4.124074e-01	-2.803162e-01	1.073664e+00
1.509199e+00	6.682889e-01	8.123056e-01	-1.179230e+00	1.402120e+00	3.894662e-01	-4.525408e-01	-3.958740e-01	1.263366e+00	-3.611930e-01	9.104306e-02	7.280091e-01	-5.001012e-01	-2.378639e-01	1.331701e+00	3.820595e-01	3.247829e-01	-4.624578e-01	9.992409e-01	3.844631e-01
2.946015e-01	-1.347160e-01	-4.273513e-01	8.798299e-01	-1.126876e-02	2.943176e-01	-4.227202e-02	6.574797e-01	1.285463e-01	8.668043e-01	6.566218e-01	6.358870e-01	5.440298e-01	-6.966150e-02	5.178771e-01	4.401338e-01	1.033461e+00	3.529115e-01	-2.555966e-01	-8.085776e-02
3.631490e-01	9.025928e-01	1.026445e+00	-5.187083e-01	1.016283e-01	-1.448964e+00	-1.966260e-01	-3.571597e-01	1.285064e+00	1.115986e+00	6.668840e-01	1.571163e-01	-7.506057e-01	-1.751740e+00	-1.520423e-01	2.111792e-01	-1.981340e-01	-1.468775e+00	-3.937707e-02	-3.697808e-01
-7.734610e-01	8.280587e-01	9.909587e-02	-1.339462e-01	3.149240e-01	-8.034581e-01	-1.163111e-01	7.374689e-01	1.273861e+00	4.039997e-01	7.450467e-01	-4.583620e-01	-6.922907e-01	9.220283e-02	-1.913061e-01	-8.618573e-01	7.470046e-01	-8.370316e-01	-4.721594e-01	-1.993048e-02
-1.100903e+00	-5.868425e-01	-1.146549e-01	1.735814e+00	-3.429752e-02	1.644111e+00	-1.032206e-01	1.190520e+00	-6.824599e-01	-3.882674e-01	4.783072e-01	5.631883e-01	6.650123e-01	2.390084e+00	1.504733e+00	1.904651e-01	4.200738e-01	1.489636e+00	8.897576e-01	4.212076e-01
9.117629e-01	1.359601e+00	7.996485e-01	-1.351115e+00	1.157952e+00	1.643305e+00	7.727005e-01	4.263780e-01	1.089831e+00	6.437180e-01	-4.410604e-01	4.986988e-01	1.310656e+00	7.793381e-01	4.423443e-01	1.117140e+00	1.678113e-01	-1.506453e-01	1.094528e+00	2.757941e-01
-2.012373e+00	1.990557e-02	-2.498027e-01	2.378032e+00	1.658432e-01	-2.736381e+00	-1.824799e+00	2.188157e-01	-1.367520e+00	4.419088e-01	8.464535e-01	7.838861e-01	1.507187e-01	3.679243e-01	1.227124e+00	-3.149692e-01	1.450697e+00	2.204518e-01	-5.602842e-01	4.744802e-01
6.784668e-01	1.675640e+00	7.006630e-01	-1.390961e+00	1.006831e+00	1.635487e+00	6.592202e-01	5.275360e-01	8.813773e-01	5.933400e-01	-4.661000e-01	1.658039e-01	1.461344e+00	6.999728e-01	5.886840e-01	9.546505e-01	-4.383908e-02	-4.275111e-01	9.964538e-01	2.205990e-03
7.274664e-01	1.640824e+00	6.961922e-01	-1.443128e+00	1.020033e+00	1.812804e+00	6.707910e-01	4.936927e-01	8.471848e-01	5.235132e-01	-4.727200e-01	1.714261e-01	1.401609e+00	7.680247e-01	6.445079e-01	9.404835e-01	-8.972064e-02	-4.159562e-01	1.004712e+00	4.075876e-02
2.056409e+00	8.964861e-01	3.467789e-01	4.889341e-02	4.701817e-01	2.510050e+00	7.155479e-01	-8.251461e-01	5.826125e-01	1.015755e-01	3.504451e-01	4.959167e-01	-7.595910e-01	7.203237e-01	8.813810e-01	-1.630278e-02	-1.206685e-01	1.824797e-01	1.244886e+00	1.088579e+00
2.447132e-01	9.265014e-02	-1.699476e-01	1.451335e+00	5.377830e-02	-5.951353e-01	-2.204956e-01	1.094505e-01	2.093202e-01	5.238098e-01	6.662134e-01	3.958937e-01	-8.555710e-02	4.905915e-01	3.291761e-01	-2.969806e-01	7.104742e-01	7.117902e-01	8.961543e-02	2.336847e-01
1.192687e+00	5.729320e-01	-1.198076e-01	8.352296e-01	-2.071904e-01	-2.027958e-01	6.918578e-01	1.676431e+00	2.575228e+00	1.531302e+00	6.720485e-01	1.281075e+00	1.907239e+00	-1.286531e+00	5.869940e-01	9.399735e-01	1.244329e+00	1.280169e-01	-6.714610e-03	-5.556292e-01
1.401101e-01	-5.943711e-01	1.130457e+00	4.489297e-01	2.368025e-01	-1.029012e+00	4.977892e-01	9.925170e-02	9.594052e-01	1.810469e-01	4.276617e-02	3.973777e-01	-5.754755e-02	-5.447333e-01	9.762296e-02	8.101362e-01	8.935287e-02	-3.313504e-01	3.577917e-01	4.249274e-01
-2.790206e+00	-1.046904e+00	-1.481248e-01	2.142427e+00	-9.081025e-01	4.724836e-01	2.540565e-01	1.434078e+00	-1.037203e+00	8.375652e-01	7.786528e-01	7.004262e-01	1.409930e+00	3.001147e+00	-6.570266e-02	1.137725e-01	6.522437e-01	2.240521e+00	6.111779e-02	-2.090617e-01
-2.092348e+00	-1.595889e+00	-2.507201e-02	1.351959e+00	-5.453700e-01	-8.777100e-02	6.190919e-01	1.156699e+00	-1.357475e+00	6.394150e-01	8.354699e-01	4.768396e-01	7.537082e-01	2.694875e+00	9.659751e-02	1.534133e-01	4.904694e-01	1.936253e+00	4.570719e-01	-3.089870e-01
-3.570956e-01	7.742925e-01	-1.521921e+00	1.606238e+00	-2.751919e-02	-1.063733e+00	3.856899e-01	8.677939e-01	-2.138796e-02	1.533238e-01	-5.474016e-01	3.669291e-01	-5.236544e-02	1.090505e+00	-5.752320e-01	8.895723e-01	3.500392e-01	-3.364419e-01	4.313293e-01	-2.854158e-01
2.473397e+00	1.058727e+00	3.087257e-01	-1.072014e+00	1.720057e+00	-1.709165e+00	-2.418116e-01	-4.629536e-01	1.102714e+00	3.812270e-01	-4.697047e-01	-1.583084e-01	-3.655104e-01	-2.351578e+00	1.096867e+00	-6.027844e-02	3.895202e-01	-1.821873e+00	6.869376e-01	8.140162e-01
-2.919908e+00	-9.380553e-01	-2.567941e-01	1.942823e+00	-7.798594e-01	1.032523e-01	2.278259e-01	1.672953e+00	-1.657167e+00	8.132465e-01	1.268786e+00	3.892407e-01	1.055365e+00	3.313621e+00	3.720534e-01	2.642635e-02	7.459749e-01	2.156372e+00	4.873249e-01	-7.769482e-01
