1.174571e-02	-2.712419e-02	8.734395e-03	7.813353e-03	-1.911311e-02	-2.031127e-04	4.895876e-02	9.266946e-03	5.710895e-02	-1.541574e-02	-6.231940e-03	-1.784030e-02	-2.501531e-03	-2.871913e-02	1.434989e-02	-1.729804e-02	-1.140707e-02	-2.104019e-02	-8.177863e-03	2.226254e-02
1.785186e-02	-1.130069e-02	1.420572e-03	2.408289e-03	-1.980788e-02	9.320420e-04	3.281164e-02	2.877384e-03	6.464045e-02	-1.644438e-02	2.767405e-03	-1.544402e-02	-3.463402e-03	-3.490489e-02	7.449670e-03	-1.947907e-02	3.731324e-03	-2.296561e-02	-8.151960e-03	2.111697e-02
2.201578e-02	-1.284436e-02	1.274547e-02	-2.576871e-05	-2.081912e-02	-1.696239e-03	3.102576e-02	8.703919e-03	6.545007e-02	-1.334186e-02	1.024114e-02	-1.425407e-02	-1.912213e-02	-4.945583e-02	1.495043e-02	-2.031510e-02	8.527161e-03	-3.090034e-02	-6.746996e-03	2.184146e-02
2.683346e-02	-1.416439e-02	1.065334e-02	7.428420e-04	-2.249964e-02	-2.772133e-03	3.152763e-02	7.941555e-03	6.207290e-02	-1.342824e-02	1.107941e-02	-1.491223e-02	-1.987628e-02	-5.086337e-02	1.700663e-02	-1.892779e-02	9.064966e-03	-3.291346e-02	-3.422635e-03	2.233832e-02
3.188635e-02	-1.363410e-02	1.282316e-02	-8.597303e-04	-2.288184e-02	-5.765697e-03	3.654690e-02	7.799770e-03	6.405902e-02	-1.544661e-02	9.972933e-03	-1.551947e-02	-2.224363e-02	-5.392520e-02	2.138296e-02	-2.206061e-02	8.039062e-03	-3.592546e-02	-4.679287e-03	2.584970e-02
3.117126e-02	-1.991584e-02	2.439760e-03	1.073166e-03	-2.101710e-02	-6.839033e-04	3.057298e-02	5.928729e-03	7.036219e-02	-1.825306e-02	9.754089e-03	-1.376965e-02	-7.556762e-03	-5.255683e-02	1.687234e-02	-2.662939e-02	1.319495e-02	-3.448314e-02	-5.164630e-03	2.542112e-02
2.952043e-02	-1.616151e-02	1.851869e-02	-3.373639e-03	-2.466328e-02	-2.517986e-03	2.746904e-02	9.874925e-03	6.645851e-02	-1.385145e-02	1.461416e-02	-1.030410e-02	-2.423186e-02	-5.972946e-02	1.969821e-02	-2.195618e-02	1.367332e-02	-3.476797e-02	-5.804308e-03	2.358437e-02
3.650950e-02	-1.428787e-02	1.658548e-02	-4.606012e-03	-2.706959e-02	-5.671152e-03	2.971152e-02	7.712336e-03	6.567747e-02	-1.747383e-02	1.693870e-02	-9.634692e-03	-2.670174e-02	-6.360958e-02	2.205281e-02	-2.052575e-02	1.569890e-02	-3.627531e-02	-4.725402e-03	2.538642e-02
3.971604e-02	-1.623090e-02	1.766317e-02	-3.506723e-03	-2.632578e-02	-6.990468e-03	3.181143e-02	9.528843e-03	6.370016e-02	-1.826677e-02	1.532403e-02	-1.249103e-02	-2.956866e-02	-6.294721e-02	2.624886e-02	-1.966195e-02	1.251219e-02	-3.837468e-02	-4.277833e-03	2.735230e-02
4.055135e-02	-1.804811e-02	1.212837e-02	-7.420242e-03	-2.645493e-02	-9.890725e-04	1.828982e-02	3.448397e-03	6.163189e-02	-1.599939e-02	1.980738e-02	-6.718760e-03	-1.882166e-02	-6.229950e-02	2.022714e-02	-1.943351e-02	1.916437e-02	-3.213202e-02	-3.406430e-03	2.312962e-02
3.707250e-02	-1.815758e-02	2.457588e-02	-6.381089e-03	-2.846202e-02	-4.354056e-03	2.406981e-02	1.061770e-02	6.430286e-02	-1.442213e-02	1.794102e-02	-6.365867e-03	-3.051711e-02	-6.729498e-02	2.356518e-02	-2.090995e-02	1.446809e-02	-3.392409e-02	-5.955275e-03	2.621750e-02
3.927135e-02	-1.583265e-02	2.588493e-02	-8.679561e-03	-3.204658e-02	-5.591529e-03	2.523524e-02	8.102652e-03	6.180587e-02	-1.692609e-02	1.948937e-02	-5.796445e-03	-3.068109e-02	-6.613433e-02	2.274937e-02	-1.673606e-02	1.237086e-02	-3.198869e-02	-4.637181e-03	2.575497e-02
4.206753e-02	-1.572934e-02	2.607259e-02	-9.535114e-03	-3.082720e-02	-7.792256e-03	3.025630e-02	7.476678e-03	5.919692e-02	-1.871624e-02	1.919110e-02	-7.233151e-03	-3.277060e-02	-6.722920e-02	2.734333e-02	-1.571177e-02	1.124862e-02	-3.453162e-02	-4.080632e-03	2.677390e-02
4.276085e-02	-1.628081e-02	1.962549e-02	-1.376153e-02	-3.031812e-02	-1.292452e-03	1.602768e-02	9.808494e-04	5.960632e-02	-1.641980e-02	2.494949e-02	-1.619820e-03	-2.015039e-02	-6.915663e-02	2.072890e-02	-1.766196e-02	2.021467e-02	-3.038448e-02	-3.411097e-03	2.290610e-02
3.844051e-02	-1.290389e-02	3.215572e-02	-1.441774e-02	-3.185203e-02	-4.117307e-03	1.873490e-02	6.139780e-03	5.977332e-02	-1.479071e-02	2.540136e-02	-2.956624e-04	-3.515948e-02	-7.243289e-02	2.346456e-02	-1.632331e-02	1.837164e-02	-3.290355e-02	-4.332457e-03	2.352535e-02
4.329625e-02	-1.435353e-02	3.035293e-02	-1.514111e-02	-3.383870e-02	-6.490765e-03	2.210100e-02	4.433510e-03	5.747417e-02	-1.691712e-02	2.832053e-02	-1.017275e-03	-3.630863e-02	-7.408962e-02	2.685106e-02	-1.437877e-02	1.738184e-02	-3.340407e-02	-2.488990e-03	2.412416e-02
4.503425e-02	-1.253211e-02	3.151635e-02	-1.551089e-02	-3.255223e-02	-8.557061e-03	2.585195e-02	5.717903e-03	5.369411e-02	-1.894137e-02	2.629620e-02	-2.754860e-03	-3.733131e-02	-7.137457e-02	2.842874e-02	-1.199339e-02	1.334811e-02	-3.580286e-02	-1.087360e-03	2.429721e-02
4.567512e-02	-1.236660e-02	2.239900e-02	-1.871563e-02	-3.115279e-02	-9.436326e-04	9.794692e-03	-2.014182e-03	5.346927e-02	-1.704055e-02	3.162721e-02	1.593891e-03	-2.479375e-02	-7.130641e-02	2.186040e-02	-1.266768e-02	2.246090e-02	-3.029740e-02	-3.072316e-04	2.016460e-02
4.166197e-02	-1.212309e-02	3.549830e-02	-1.868499e-02	-3.228498e-02	-4.114159e-03	1.365777e-02	4.548275e-03	5.577374e-02	-1.384085e-02	3.394208e-02	2.905987e-03	-4.136209e-02	-7.904202e-02	2.727946e-02	-1.322433e-02	2.235812e-02	-3.559793e-02	-1.549914e-03	2.102736e-02
4.703455e-02	-1.085369e-02	3.381938e-02	-2.048558e-02	-3.476142e-02	-6.538196e-03	1.715779e-02	2.381624e-03	5.360128e-02	-1.645596e-02	3.931001e-02	1.398665e-03	-4.427042e-02	-8.243152e-02	3.002403e-02	-1.039417e-02	2.357196e-02	-3.872963e-02	2.992598e-03	2.008480e-02
4.926846e-02	-1.199485e-02	3.416235e-02	-2.035509e-02	-3.395700e-02	-7.853668e-03	2.222005e-02	4.144340e-03	5.022200e-02	-1.865379e-02	3.530529e-02	1.996591e-04	-4.465240e-02	-7.689836e-02	3.217958e-02	-9.383590e-03	1.699075e-02	-3.922420e-02	1.869334e-03	2.239764e-02
4.517748e-02	-1.084552e-02	2.780942e-02	-2.107134e-02	-3.352351e-02	-1.963703e-04	9.273840e-03	-1.862265e-03	4.854346e-02	-1.879282e-02	3.632911e-02	4.882596e-03	-3.276690e-02	-7.211021e-02	2.335009e-02	-7.550252e-03	2.362854e-02	-3.424572e-02	3.392494e-03	1.786994e-02
4.458246e-02	-9.426079e-03	3.727794e-02	-2.383622e-02	-3.365370e-02	-3.356318e-03	1.110035e-02	4.034824e-03	4.941323e-02	-1.375265e-02	4.003242e-02	5.092782e-03	-4.685293e-02	-8.170730e-02	2.875578e-02	-8.152424e-03	2.501656e-02	-3.701793e-02	1.812704e-03	1.754130e-02
4.409270e-02	-8.973154e-03	3.747124e-02	-2.505482e-02	-3.605865e-02	-3.110478e-03	1.277731e-02	1.845280e-03	4.462571e-02	-1.508598e-02	4.259106e-02	6.274632e-03	-4.535534e-02	-7.754339e-02	2.728638e-02	-3.921739e-03	2.110501e-02	-3.625483e-02	4.517351e-03	1.549867e-02
4.515530e-02	-7.396835e-03	3.759439e-02	-2.787141e-02	-3.451091e-02	-4.860555e-03	2.000937e-02	9.612124e-04	4.129355e-02	-1.695341e-02	4.131909e-02	4.151911e-03	-4.560748e-02	-7.449956e-02	2.981024e-02	-2.156648e-03	1.613408e-02	-3.793405e-02	4.309693e-03	1.782889e-02
4.381388e-02	-7.105786e-03	2.892825e-02	-3.067491e-02	-3.421215e-02	2.928812e-03	4.875070e-03	-7.588250e-03	4.279929e-02	-1.524861e-02	4.561788e-02	8.922378e-03	-3.061467e-02	-7.452986e-02	2.330757e-02	-2.736958e-03	2.527230e-02	-3.206103e-02	4.092428e-03	1.273552e-02
3.773996e-02	-5.706539e-03	4.081239e-02	-3.046635e-02	-3.516562e-02	1.346968e-04	1.012125e-02	4.431351e-04	4.305395e-02	-1.042561e-02	4.503186e-02	1.029449e-02	-4.531900e-02	-7.851857e-02	2.468517e-02	-2.140651e-03	2.137397e-02	-3.341177e-02	2.051722e-03	1.325613e-02
3.912100e-02	-2.596410e-03	3.943420e-02	-3.163388e-02	-3.670127e-02	-8.589396e-04	1.253531e-02	-2.624633e-03	3.756782e-02	-1.314921e-02	4.580026e-02	9.801130e-03	-4.268496e-02	-7.339938e-02	2.375526e-02	3.335643e-03	1.734583e-02	-3.246472e-02	5.557775e-03	9.092497e-03
3.936162e-02	-2.593843e-03	3.926653e-02	-3.318199e-02	-3.596100e-02	-6.985205e-04	1.983898e-02	-1.274000e-03	3.707039e-02	-1.623068e-02	4.043700e-02	7.367553e-03	-4.181154e-02	-6.951340e-02	2.405422e-02	5.526403e-03	1.320643e-02	-3.360533e-02	4.203664e-03	1.167216e-02
3.740022e-02	-3.829764e-03	3.023052e-02	-3.390312e-02	-3.452735e-02	7.144206e-03	2.862141e-03	-8.943099e-03	3.864734e-02	-1.367611e-02	4.267036e-02	1.354177e-02	-2.519944e-02	-6.805736e-02	1.533216e-02	3.917241e-03	2.219234e-02	-2.694817e-02	3.371239e-03	6.886314e-03
3.404704e-02	3.967853e-04	4.105131e-02	-3.337061e-02	-3.341632e-02	1.487492e-03	6.967011e-03	-1.524681e-03	3.936779e-02	-1.107022e-02	4.514989e-02	1.376210e-02	-4.163409e-02	-7.544846e-02	1.982372e-02	3.610393e-03	2.146670e-02	-3.251549e-02	2.881127e-03	7.650564e-03
3.933002e-02	1.132328e-03	3.839130e-02	-3.335815e-02	-3.582654e-02	6.209687e-04	1.034586e-02	-3.411070e-03	3.702644e-02	-1.512769e-02	4.738031e-02	1.206874e-02	-4.319516e-02	-7.581326e-02	2.107220e-02	7.113450e-03	2.363143e-02	-3.660610e-02	6.201557e-03	7.037292e-03
