1.874322e+00	-2.810918e+00	1.123604e+00	5.611711e-01	2.283250e-01	2.163329e+00	-3.027752e+00	3.402993e+00	8.652475e-01	-1.192137e+00	-2.271546e-01	9.248363e-01	-2.592648e+00	1.904419e+00	-3.411031e+00	-8.522827e-01	8.688771e-01	-8.320526e-01	2.874079e+00	1.808814e+00
2.404193e+00	-1.459543e+00	3.739230e-01	4.975551e+00	2.057563e+00	-9.891484e-01	-3.120639e-01	2.841380e+00	3.676433e+00	7.908013e-01	-1.258530e-01	-3.734002e-01	6.798860e-01	-2.256447e+00	2.196866e-01	3.724045e-01	1.329564e+00	-7.237871e-01	-2.932977e+00	3.462981e+00
3.376385e+00	-1.203066e+00	3.020492e-01	2.497316e+00	5.574218e-01	5.545134e-01	-2.067830e+00	8.244626e-01	1.607973e+00	-1.045193e-01	2.961546e-01	1.927668e-01	6.261765e-01	2.710457e+00	-1.681690e+00	-1.048208e+00	2.965299e-01	-2.520539e-01	-5.211820e-01	1.859141e+00
1.308391e+00	-5.464648e-01	2.244903e-01	5.659019e-01	4.970229e-01	3.346536e-01	1.167950e+00	1.443492e+00	-5.304251e-01	1.062494e+00	2.325292e-01	1.774164e+00	1.100201e-01	6.144760e-01	-6.087014e-01	1.410997e+00	-6.065547e-02	1.032552e+00	2.801113e-01	1.369899e+00
3.112753e+00	-1.170064e+00	4.964986e-01	4.622236e+00	1.133281e-01	-8.344728e-01	-2.656765e+00	8.156587e-01	1.640936e+00	-2.026447e-01	7.538220e-02	-7.988460e-02	2.823289e+00	3.555045e+00	-2.259454e+00	-1.809884e+00	1.994251e+00	1.680038e-01	-6.831034e-01	1.647935e+00
2.654479e+00	-7.459666e-01	4.345153e-01	2.614012e+00	3.395409e+00	-2.268291e+00	4.045554e+00	-1.461923e+00	1.440442e+00	8.897624e-01	-9.324352e-01	6.216066e-01	2.851678e+00	-6.862946e-01	7.334991e-01	9.909171e-01	3.319564e+00	2.985300e+00	-5.585156e-01	3.484898e-01
6.407044e+00	-2.547155e+00	-6.665213e-01	4.867355e+00	5.852222e-01	-9.054173e-01	-3.472448e+00	1.400974e+00	2.305718e+00	-3.401814e-01	-5.725183e-01	-7.362593e-01	2.121666e+00	3.828360e+00	-3.251597e+00	-9.499563e-01	8.800971e-01	-2.571197e-01	-1.403614e+00	3.074269e+00
3.168502e+00	-3.538145e+00	-2.043335e-01	-1.276599e+00	1.150442e+00	-1.167847e+00	4.987985e+00	2.348420e+00	1.648295e+00	9.488555e-01	-3.769483e-01	1.755605e+00	1.332202e+00	3.833366e-01	-2.975059e+00	2.866262e+00	6.012508e-02	2.570616e+00	6.144924e+00	-1.078008e+00
-2.029471e+00	1.810969e+00	1.902594e-01	-1.532108e+00	-9.359363e-01	2.202800e+00	2.496902e+00	4.136507e-01	4.741972e+00	-9.686190e-01	1.541053e+00	-1.406798e+00	-2.727918e+00	-1.756505e+00	2.424169e+00	9.163578e-01	-1.489693e+00	-1.763301e+00	2.281181e+00	-1.415891e-01
7.698394e+00	-5.321592e+00	-2.007060e-01	2.550835e+00	1.185484e+00	-1.125325e+00	-5.480038e-01	1.585772e+00	2.275486e+00	-1.008093e+00	-1.434483e+00	9.889735e-01	2.655235e+00	4.978620e+00	-6.887676e+00	-1.064849e+00	2.816932e+00	1.370279e+00	2.825671e+00	2.600955e-01
2.371794e+00	-2.242385e+00	9.261997e-01	2.729358e+00	1.290907e-02	-2.754730e-01	2.300861e+00	-6.035218e-02	1.595964e+00	5.375771e-01	-1.027084e+00	2.188483e+00	2.571554e+00	6.359212e-01	-2.486900e+00	2.273338e-01	3.563293e+00	1.773663e+00	1.908580e+00	-4.324456e-01
1.601777e+00	-4.927208e-01	8.476663e-01	2.006382e+00	2.912518e+00	-8.618763e-01	2.479914e+00	-6.047831e-01	8.021979e-01	1.252628e+00	-3.388828e-01	1.019058e+00	1.566698e+00	-5.491108e-01	3.197658e-03	1.504690e+00	2.896499e+00	2.106207e+00	2.373736e-01	1.243432e-01
7.546145e+00	-2.448653e+00	-7.813408e-01	6.799755e+00	5.790062e-01	-2.979023e+00	-2.133111e+00	1.020922e+00	1.943529e+00	1.599775e-01	-1.194338e+00	-1.143014e-01	4.973189e+00	4.273332e+00	-3.839656e+00	-7.648707e-01	2.266610e+00	1.086361e+00	-1.420758e+00	2.399214e+00
1.483445e+00	-1.760533e-01	-3.056032e-01	-3.558951e-01	-1.592350e+00	-2.551738e-01	5.961656e-01	3.449245e-02	1.918823e+00	1.519291e+00	1.245323e+00	-3.944860e-01	2.228047e+00	3.158789e+00	-7.290342e-01	1.223089e+00	-1.583631e+00	6.904741e-01	2.959778e+00	-4.977878e-02
5.385807e+00	1.641827e-01	9.470889e-02	3.336682e+00	9.870667e-01	-1.661419e+00	1.878716e+00	-1.823774e+00	2.504209e+00	6.022858e-01	-2.947798e-01	-3.462467e+00	2.296463e+00	3.152501e+00	-1.695400e+00	1.935950e+00	7.844830e-01	2.273474e+00	-5.544192e-01	1.206142e+00
1.533781e+00	-9.471171e-01	8.876293e-01	1.648788e+00	2.911798e+00	-6.854292e-01	4.489840e+00	-8.435499e-01	1.181755e+00	1.251365e+00	-5.272413e-01	1.596920e+00	6.282455e-01	-1.116390e+00	-1.074782e+00	2.524930e+00	5.106005e+00	2.842739e+00	1.915158e+00	-9.294756e-01
2.696150e+00	-5.052711e-01	5.598469e-01	1.172929e+00	2.942729e+00	-1.278350e+00	3.869210e+00	-1.934780e+00	9.511824e-01	1.292300e+00	-3.222140e-01	3.506437e-01	2.224666e+00	7.876255e-01	-1.870035e-01	1.139309e+00	3.190636e+00	3.007475e+00	9.089224e-01	-4.234696e-01
-1.392816e+00	-1.939489e+00	1.748971e-01	-2.271192e+00	-4.850426e-02	3.100279e+00	1.011534e+00	3.934507e+00	4.132027e+00	4.969580e-01	1.059139e+00	-1.529422e+00	-1.888364e+00	-7.485235e-01	-4.039123e-01	2.063369e+00	-2.654984e+00	-2.786034e+00	2.913820e+00	1.502004e+00
9.169582e-01	-2.581776e+00	-2.838237e-01	-2.462372e+00	3.737557e+00	-1.052556e+00	8.789154e+00	-2.693821e-01	9.522748e-01	2.639002e+00	-1.032629e+00	6.610278e-01	2.992142e+00	2.849054e+00	-2.758797e+00	9.278908e+00	1.663641e+00	4.048275e+00	4.426407e+00	-2.750830e+00
3.962277e-01	-1.735976e+00	-1.365462e-01	-2.862374e+00	1.379204e+00	2.141373e-01	6.851778e+00	1.560069e-01	8.996378e-01	1.979138e+00	-6.012435e-01	5.532577e-01	1.658271e+00	2.834216e+00	-2.447622e+00	5.466636e+00	8.553300e-01	3.319401e+00	4.062113e+00	-1.743371e+00
2.450343e+00	-1.505322e+00	7.434068e-01	3.689862e+00	8.719181e-01	-4.297111e-01	-1.966199e+00	2.436946e+00	1.380931e+00	-9.590208e-02	6.807518e-01	1.060232e+00	1.748124e+00	1.034075e+00	-1.821513e+00	-2.496149e+00	1.267150e+00	-3.726729e-01	-3.280206e-01	2.297896e+00
8.735460e-01	-1.210028e+00	1.674715e+00	2.467652e+00	1.558140e+00	1.589677e-01	8.685580e-02	2.466531e-01	2.491007e+00	-5.606908e-01	-2.636124e-01	1.063609e+00	1.135617e+00	-1.139431e+00	-3.667249e-01	-1.194960e+00	2.995193e+00	2.690414e-01	-4.513876e-01	1.422774e+00
-5.034491e-01	-1.392058e-01	6.358140e-01	1.787753e+00	5.194882e-02	1.729525e+00	8.731578e-01	1.642118e+00	3.250537e+00	6.048863e-01	1.490412e+00	-1.022038e+00	-1.241255e-01	-1.416129e+00	4.525920e-01	-6.440900e-01	7.760664e-01	-1.504040e+00	-2.306264e-01	1.531080e+00
6.238127e+00	-6.026422e-01	-1.228735e+00	4.640719e+00	9.310604e-01	-2.081981e+00	-8.326632e-01	-4.244851e-01	3.287938e+00	1.887805e-01	4.584096e-01	-2.367490e+00	9.561733e-01	1.648837e+00	-8.228904e-01	-8.731527e-01	9.446676e-01	2.404931e-01	-3.554704e-01	2.007833e+00
2.624195e+00	-3.413889e+00	4.953214e-01	2.193745e+00	3.428138e+00	-1.957921e+00	5.742528e+00	2.600518e-01	1.930863e+00	9.859414e-01	-1.814241e+00	1.435441e+00	4.679277e+00	5.353039e-01	-2.536029e+00	3.633373e+00	3.931278e+00	3.621624e+00	1.447100e+00	-1.165310e+00
-2.773895e+00	2.512449e+00	1.074379e+00	9.136934e-01	4.871025e-01	2.072553e+00	6.034632e-01	-1.199458e+00	-1.113969e+00	5.663416e-01	2.067079e+00	1.244536e+00	6.331868e-01	2.197950e+00	8.324135e-01	5.801896e-01	2.242494e+00	-5.268509e-01	3.557665e-01	-9.537367e-01
2.220621e+00	-2.198234e+00	1.152521e+00	2.230434e+00	3.265104e+00	-1.941143e+00	4.101886e+00	-8.752268e-01	1.638748e+00	9.358878e-01	-1.320507e+00	1.165063e+00	3.316397e+00	1.689446e+00	-2.165998e+00	3.376463e+00	4.424784e+00	3.818085e+00	4.160101e-01	-2.659344e-01
-2.408675e+00	-4.860066e-01	1.475267e+00	-1.454655e+00	3.018595e-01	3.798689e+00	7.077175e-01	2.981288e+00	1.940822e+00	-9.356890e-02	9.477325e-01	2.908568e-01	-2.945444e+00	-2.560180e+00	9.748058e-01	7.668816e-02	-8.171075e-01	-1.901934e+00	1.427886e+00	1.576121e+00
-1.336128e+00	2.331481e+00	2.173921e-01	7.187335e-01	-2.467397e-01	4.419176e-01	1.743287e+00	1.016884e+00	4.163586e+00	-4.536862e-01	2.185050e+00	-1.814756e+00	-1.173321e+00	-3.069394e+00	3.495686e+00	-3.458657e-01	-1.271827e+00	-1.690989e+00	2.054108e+00	1.802946e-01
1.988447e+00	-4.112669e-01	1.646919e-01	8.014736e-01	3.375677e+00	-1.560213e+00	7.665201e+00	-3.011013e+00	2.341348e+00	1.901941e+00	-3.869361e-01	-8.631009e-01	3.201420e+00	1.049271e+00	-8.498951e-01	4.773743e+00	3.947830e+00	3.975506e+00	7.344563e-01	-1.739187e+00
1.378917e+01	-1.110706e+01	-6.685567e-02	-5.182882e+00	1.649496e+01	8.885872e+00	5.654644e+00	1.945672e+00	-1.602881e+01	2.330092e+00	-6.448828e+00	-6.390484e+00	-8.572880e-01	4.323630e-01	-1.393210e+01	-4.457598e+00	4.774331e+00	-3.520874e+00	-1.434749e+01	1.412413e+01
3.870194e+00	-1.610032e+00	7.596424e-02	3.695816e+00	4.321141e+00	-3.117168e+00	4.793135e+00	-8.995073e-01	1.191168e+00	1.699649e+00	-2.100385e+00	-3.666437e-01	3.215795e+00	4.040681e-01	8.628366e-02	4.751220e+00	3.454895e+00	4.349021e+00	-8.972956e-01	5.887589e-01
5.527012e+00	-1.724795e+00	-4.886177e-01	4.859192e+00	-1.090503e+00	-5.073241e-01	-2.760611e+00	3.196218e+00	2.152815e+00	5.254289e-01	6.118176e-01	1.987481e-01	1.611664e+00	-3.655420e-01	-1.841709e+00	-3.134391e+00	-5.042698e-02	-1.552483e+00	1.019016e+00	2.547375e+00
1.448931e+00	-7.049146e-01	7.151169e-01	3.091788e+00	-1.840527e-01	1.614945e+00	-1.960457e+00	1.577382e+00	2.370329e+00	1.490894e-01	3.291604e-01	-4.444037e-03	-5.498294e-01	-7.989084e-01	2.742752e-01	-1.235502e+00	5.414645e-01	-1.438358e+00	-1.158682e+00	2.554567e+00
5.899839e+00	-2.268268e+00	-4.714338e-01	4.563744e+00	-9.543315e-01	2.960788e-02	-3.438454e+00	2.669446e+00	2.742278e+00	-6.650005e-01	-5.075698e-02	-2.539506e-01	5.621408e-01	1.569003e+00	-3.022740e+00	-2.669851e+00	4.334503e-01	-1.084262e+00	7.577857e-01	2.644039e+00
2.819479e+00	-3.122873e+00	6.849906e-01	1.057397e+00	3.398181e+00	-2.993430e+00	5.586642e+00	-5.260620e-02	1.577154e+00	-5.781957e-02	-1.475885e+00	2.627621e+00	3.359979e+00	3.421640e+00	-4.318503e+00	4.305671e+00	4.125890e+00	4.511285e+00	3.477833e+00	-2.509697e+00
4.723460e+00	-3.626425e+00	4.304315e-01	1.968507e+00	2.591844e+00	-2.802102e+00	4.154416e+00	1.975047e+00	9.999688e-01	1.216483e-01	-1.748009e+00	2.635498e+00	2.079365e+00	4.705699e-01	-4.095172e+00	1.789543e+00	3.043692e+00	3.582480e+00	2.994264e+00	-4.129154e-02
4.103746e+00	4.998749e-01	-8.393462e-01	5.862100e+00	-2.527377e+00	-1.882366e+00	-1.279522e+00	2.207409e-01	2.346197e+00	1.790727e+00	9.222615e-01	-1.627931e+00	4.344410e+00	1.643250e+00	4.233847e-01	-2.390920e-01	-2.607850e-01	2.925079e-01	-1.504283e+00	1.288806e+00
4.066225e+00	-1.733265e+00	1.951015e-01	2.115950e+00	1.431794e+00	-3.735388e+00	9.163778e+00	-1.462445e+00	1.655043e+00	5.569753e-01	-1.895819e+00	1.823472e+00	4.946300e+00	-4.114563e-01	-1.334030e+00	3.099481e+00	3.273834e+00	6.024739e+00	3.174752e+00	-2.954439e+00
-9.103991e-01	2.644653e+00	1.273732e-01	1.659097e+00	-1.219357e+00	1.659882e+00	-3.042606e+00	1.622669e-01	1.438616e+00	-1.268420e+00	2.069033e+00	-3.816285e-01	-2.726515e+00	1.913970e+00	1.693656e+00	-2.276091e+00	3.978127e-01	-1.507924e+00	-5.777571e-01	1.517945e+00
3.863319e+00	-2.907342e-01	-5.468368e-01	3.334069e+00	2.457966e+00	-3.318227e+00	4.112562e+00	-1.454390e+00	2.371229e+00	8.940059e-01	-1.646204e-01	6.066771e-01	1.949622e+00	1.838104e-01	-2.086543e-01	2.410758e+00	3.660541e+00	3.500245e+00	5.902874e-01	-9.282855e-01
1.905657e+00	-1.950246e+00	-4.799977e-02	-5.141342e-01	-5.924435e-01	6.034002e-01	2.929336e+00	2.189061e+00	3.047502e+00	7.083718e-01	2.113950e-01	6.605989e-01	-5.733242e-01	1.886041e+00	-2.897245e+00	3.290667e+00	-5.332973e-01	1.306028e+00	3.660095e+00	-7.169907e-01
4.797532e+00	-1.567783e+00	-7.890034e-04	3.504065e+00	4.815774e-01	-2.761186e-01	-3.276747e+00	7.250747e-01	1.737329e+00	-8.327078e-01	-3.526707e-01	6.945448e-02	1.440321e+00	3.436675e+00	-2.028669e+00	-2.407793e+00	7.276137e-01	-1.089715e-01	-1.054065e+00	2.492973e+00
5.024344e+00	-1.907146e+00	-6.924985e-01	6.047042e+00	6.460596e-01	-1.670702e+00	-2.054764e+00	2.428852e+00	1.411906e+00	8.095602e-01	-8.938986e-01	-4.542951e-01	2.949169e+00	1.744466e+00	-1.330831e+00	1.338987e+00	1.141703e+00	1.588810e-01	-1.739776e+00	2.814623e+00
1.056565e+00	-1.122656e-01	3.337393e-01	1.450976e+00	7.044731e-01	2.265876e-01	3.514334e+00	-9.197482e-01	3.679469e+00	4.359462e-01	3.154240e-01	-9.458113e-01	1.933600e+00	7.233248e-01	-1.066186e+00	1.959193e+00	1.604379e+00	3.288788e-01	3.199019e-01	8.946051e-02
2.321306e+00	-9.015222e-01	-1.710794e-02	3.678425e+00	1.702120e+00	-1.725078e+00	2.880343e+00	1.277690e+00	7.863355e-01	2.037187e+00	-9.991983e-01	7.049577e-01	3.130204e+00	1.681484e-01	-2.594612e-01	4.077574e+00	1.441357e+00	2.058100e+00	-2.755498e-01	5.448869e-01
2.367541e+00	-1.720805e+00	4.281012e-01	2.694976e+00	4.602152e+00	-2.303464e+00	7.548606e+00	-1.790611e+00	2.074136e+00	1.995213e+00	-1.808370e+00	3.815373e-01	3.795688e+00	-4.949812e-01	-8.518588e-01	4.756898e+00	6.281685e+00	4.306314e+00	-1.376008e-02	-1.085192e+00
2.914221e+00	-2.830863e+00	8.605247e-01	2.644123e+00	2.383473e+00	-1.413115e+00	3.642882e+00	1.141314e+00	5.397808e-01	8.820439e-01	-1.497035e+00	1.631284e+00	3.040950e+00	-6.818807e-01	-1.981614e+00	2.594042e+00	3.224170e+00	3.339186e+00	6.584829e-01	2.711180e-01
-8.116099e-01	-5.259968e-01	1.057250e+00	1.840887e+00	1.725686e+00	6.986052e-02	2.950104e+00	9.107304e-01	3.253216e+00	6.639984e-01	-1.446015e-01	9.594646e-01	1.368403e+00	-7.081693e-01	-3.740992e-01	1.948947e+00	2.687978e+00	4.408252e-01	-6.748849e-01	5.076874e-01
-6.027373e-01	-5.924470e-01	6.471005e-01	-4.999826e-01	-3.050001e-01	1.539048e+00	-1.230710e+00	2.149942e+00	2.987176e-02	1.779422e+00	6.024044e-01	2.105551e+00	-1.432424e+00	1.210713e+00	-6.283781e-01	1.741054e+00	2.184144e-02	3.487114e-01	1.788982e+00	1.569508e+00
3.608542e+00	-2.588531e-02	-9.662245e-01	8.724210e-01	-8.808762e-01	-7.616660e-01	1.819139e+00	5.075915e-01	2.462378e+00	1.142449e-01	1.031862e+00	-9.836627e-01	5.830717e-01	-3.732767e-02	3.813706e-01	-7.907848e-01	-8.581610e-01	8.251381e-01	3.413442e+00	4.114709e-01
6.317547e+00	1.581056e+00	-8.682612e-01	1.015211e+01	-1.347559e+01	8.598436e+00	-4.413577e+01	1.534665e+01	5.509856e-01	-7.774862e+00	1.029654e+01	-5.285091e+00	-1.360392e+01	3.238547e+00	1.296539e+00	-2.857154e+01	-1.579289e+01	-1.971363e+01	-5.436272e+00	1.811846e+01
-2.093398e-01	-4.297922e-01	-5.112008e-01	-3.390676e+00	1.760829e+00	-1.080212e+00	5.968922e+00	-2.374892e-01	1.864722e+00	4.148772e-01	3.709801e-01	3.540145e-01	3.086483e-01	3.184114e+00	-9.633641e-01	6.166397e+00	-8.147266e-01	2.974326e+00	4.465239e+00	-2.296816e+00
-6.332244e-02	-5.784453e-01	1.497152e+00	4.829420e-01	2.986515e+00	-1.999725e-01	2.420347e+00	-4.495287e-01	7.624642e-01	7.316377e-01	-3.386380e-01	1.999591e+00	9.505849e-01	2.885639e-01	-5.810392e-01	2.178632e+00	2.399201e+00	1.908900e+00	8.959948e-01	-3.134890e-01
2.237440e+00	-1.316861e+00	8.885554e-01	1.013929e-01	1.759102e+00	2.846133e-01	1.177518e+00	-1.078056e-02	1.120190e+00	-2.848739e-01	-3.722692e-01	7.477507e-01	7.331799e-01	2.474740e+00	-2.066107e+00	4.909804e-01	9.982384e-01	1.530821e+00	8.884576e-01	4.922224e-01
3.985723e+00	-4.070103e+00	9.244222e-01	2.654167e+00	3.135359e+00	-2.033480e+00	3.470850e+00	8.438095e-01	1.451645e+00	9.549458e-01	-1.788784e+00	1.870080e+00	4.503672e+00	2.983365e+00	-4.744059e+00	3.028822e+00	3.676685e+00	3.471942e+00	1.668592e+00	-5.823111e-01
6.755596e-01	-2.598300e+00	1.045475e+00	1.708102e+00	2.862652e+00	-1.165306e+00	7.278586e+00	6.009442e-01	3.651027e+00	1.420525e+00	-1.009125e+00	1.732601e-01	3.902546e+00	-5.725091e-01	-1.535661e+00	4.555451e+00	3.345499e+00	2.889767e+00	1.245634e+00	-9.837788e-01
2.512729e+00	-3.001762e+00	1.057201e+00	1.761540e+00	3.764541e+00	-2.117081e+00	5.058859e+00	-3.923865e-01	1.228526e+00	1.277906e+00	-1.807488e+00	1.527824e+00	4.105664e+00	3.688771e+00	-4.174794e+00	5.594499e+00	4.648112e+00	4.401220e+00	1.379913e+00	-1.287597e+00
-1.561105e+00	-1.011568e-02	4.117915e-01	8.248152e-01	1.017617e-01	2.403591e+00	2.364137e+00	2.112380e+00	3.849795e+00	1.166425e+00	1.614135e+00	-1.643828e+00	1.410591e-01	-2.705364e+00	1.695983e+00	4.931210e-01	-1.596664e-02	-1.907373e+00	1.198899e+00	6.707533e-01
3.572024e+00	-2.402114e-01	2.336069e-02	3.619682e+00	-5.921625e-02	-8.432095e-01	-2.392215e+00	3.190024e-01	1.763435e+00	-8.047029e-01	7.593000e-01	2.816123e-01	4.164410e-01	2.805253e+00	-1.489570e+00	-2.595137e+00	1.487997e+00	3.702458e-01	4.179671e-02	1.254617e+00
1.149845e+00	-1.147663e+00	1.066174e+00	8.195881e-01	1.642527e+00	-3.964516e-01	3.039534e+00	-5.488098e-01	2.658299e+00	8.776850e-02	4.373678e-02	5.861721e-01	1.137521e+00	5.189907e-01	-7.715683e-01	4.682044e-01	1.904870e+00	1.856370e+00	1.173694e-01	3.767166e-01
-1.779682e+00	-2.720900e-01	1.368476e+00	7.584099e-01	-1.153749e+00	2.814472e+00	9.101685e-01	4.038580e+00	1.912318e+00	-1.190756e-01	7.483194e-01	1.275358e+00	-2.449051e+00	-3.676269e+00	7.263908e-01	-2.994757e-01	1.438977e-01	-1.450942e+00	2.160854e+00	1.507821e+00
2.246132e+00	-1.798620e+00	1.971404e-01	-3.026747e-01	2.520604e+00	-2.404408e+00	2.017024e+00	1.334862e+00	2.217130e+00	-1.190975e+00	-8.380553e-01	9.750816e-01	2.605969e-01	1.975899e+00	-1.179162e+00	2.859457e+00	-4.153938e-01	1.963631e+00	2.607914e+00	-5.895763e-02
1.171155e+00	-6.886554e-01	7.544407e-01	1.722346e+00	-2.232656e-01	-2.646014e-01	-5.764836e-03	1.790723e+00	4.806246e-01	1.682851e+00	8.690264e-01	1.785966e+00	1.213840e+00	2.159618e-01	-6.702771e-01	-8.867264e-01	7.081895e-01	7.049325e-01	1.157398e+00	1.051047e+00
4.056732e-01	-1.272522e+00	7.086087e-01	1.960657e+00	9.696139e-02	6.140570e-01	1.377806e-02	2.815732e+00	2.416442e+00	-1.473589e-01	4.291429e-01	2.721996e-01	1.321373e+00	-1.105699e-02	-9.336996e-01	-9.302488e-01	7.831070e-01	-8.203244e-01	5.961478e-01	1.697594e+00
1.359529e+00	-1.884464e+00	-3.553631e-02	-1.535047e+00	3.137131e+00	-6.339725e-01	5.868877e+00	1.096929e-01	1.100710e+00	1.869194e+00	-5.818698e-01	3.839899e-01	1.735359e+00	1.661956e+00	-1.931070e+00	6.909710e+00	9.354078e-01	2.736126e+00	3.123922e+00	-1.161338e+00
4.110359e+00	-2.616858e+00	-1.246377e-02	4.110042e+00	2.298885e+00	-3.298482e+00	4.937966e+00	2.181512e-01	1.743143e+00	9.558864e-01	-1.757634e+00	2.412705e-01	6.543626e+00	1.712575e+00	-1.381513e+00	1.322523e+00	3.059321e+00	3.594725e+00	1.504211e+00	-5.046959e-01
6.333776e-01	-4.209284e-01	5.073730e-01	-3.636656e+00	3.099866e+00	1.342267e+00	7.050304e+00	-1.961303e+00	8.472023e-01	7.401634e-01	-6.315063e-01	-8.414563e-01	-9.535130e-01	2.266476e+00	-8.565967e-01	4.094622e+00	4.651229e-01	3.156891e+00	2.710481e+00	-1.399768e+00
2.314175e+00	-2.404881e+00	1.178824e+00	3.396752e+00	3.823368e+00	-1.677643e+00	3.174616e+00	-3.885374e-02	1.400253e+00	1.201379e+00	-1.190505e+00	1.515456e+00	2.776064e+00	-2.789193e-02	-1.674811e+00	2.752788e+00	4.824685e+00	2.919975e+00	-3.138368e-01	7.601877e-02
9.677320e-01	-1.623241e+00	3.753312e-01	6.304311e-01	9.189745e-01	6.931916e-01	4.528703e-01	1.940214e+00	2.354232e+00	-2.467684e-01	3.037020e-01	-1.430375e-01	1.286447e+00	2.733545e+00	-2.311318e+00	8.829970e-02	7.891691e-01	-3.032591e-01	1.178755e+00	7.401320e-01
1.040653e+00	-2.212494e+00	6.491042e-01	-4.313049e-01	2.388056e+00	-6.237656e-01	4.886734e+00	4.694683e-01	1.466867e-01	1.429894e+00	-1.311969e+00	1.337344e+00	1.385735e+00	1.906865e+00	-2.165675e+00	5.200487e+00	2.154559e+00	3.509888e+00	2.136386e+00	-3.840997e-02
2.089712e+00	-1.041386e+00	9.224813e-01	1.901807e+00	3.387851e+00	-1.321705e+00	5.899048e+00	-4.730026e-01	8.856863e-01	2.095213e+00	-1.731191e-01	1.527520e+00	1.779492e+00	-2.315429e+00	-1.565091e-01	1.754584e+00	3.677651e+00	3.098120e+00	2.306379e+00	-8.649866e-01
2.361438e+00	-2.033193e-01	-3.191296e-01	2.106948e+00	1.164315e-01	-8.141131e-01	1.994208e+00	-5.055673e-01	1.521569e+00	1.530699e+00	4.324509e-01	2.265385e-01	2.089948e+00	3.269432e-01	3.224960e-01	-3.730127e-01	1.658938e+00	1.250587e+00	2.157637e-01	8.083833e-01
2.707780e+00	-3.493782e+00	9.548502e-01	3.337262e+00	4.372092e+00	-3.393778e+00	6.579231e+00	1.138213e+00	1.942630e+00	2.433650e+00	-2.243430e+00	2.744989e+00	5.087008e+00	-5.741253e-01	-2.944623e+00	4.713965e+00	4.485884e+00	4.108166e+00	1.554667e+00	-8.721300e-01
2.869636e+00	-1.547990e-01	-9.278034e-05	2.686004e+00	-4.364186e-01	1.050566e+00	-5.372197e+00	9.112607e-01	1.333944e+00	-9.003416e-01	8.621057e-01	-3.727482e-01	-2.972118e-01	2.756710e+00	-7.102463e-01	-3.515467e+00	7.756483e-02	-2.427195e+00	-1.055625e+00	2.698092e+00
2.875086e+00	3.977333e-02	5.393219e-02	4.091219e+00	9.825161e-01	-3.044211e+00	4.468846e+00	5.093730e-01	1.558300e+00	2.942389e+00	-4.319584e-01	-3.276215e-01	4.508509e+00	-2.328612e-01	8.183508e-02	4.557084e+00	8.210837e-01	3.091909e+00	2.096270e-01	9.014639e-02
2.629728e+00	-1.384161e+00	3.150445e-01	3.675808e+00	2.498811e+00	-2.085823e+00	3.178738e+00	6.272637e-01	1.026288e+00	1.969079e+00	-7.553994e-01	7.849004e-01	3.170609e+00	-3.895395e-01	-1.371947e+00	4.436610e+00	3.035774e+00	2.716852e+00	-6.816056e-01	1.503528e-01
-6.164598e-01	-4.030128e-01	1.309844e+00	1.835667e-02	8.955222e-01	1.582140e+00	5.300682e-01	7.219549e-01	7.181872e-01	-1.272323e-02	-3.018581e-01	1.790096e+00	-2.601078e-01	2.436112e+00	-1.265455e+00	1.734696e+00	1.112873e+00	5.498894e-01	5.162872e-01	5.974628e-01
1.309425e+00	2.870825e-01	6.319785e-01	9.658050e-01	2.849314e+00	-1.028414e+00	5.050821e+00	-3.286129e+00	1.290123e+00	1.231960e+00	1.750371e-01	2.716769e-01	2.998131e+00	8.131654e-01	2.498791e-01	1.701898e+00	3.550083e+00	2.963853e+00	1.014387e+00	-1.792711e+00
1.765492e+00	-8.646428e-01	7.916148e-01	2.875998e+00	1.998698e+00	-1.906295e+00	5.164262e+00	1.275962e-01	2.833191e-01	2.193842e+00	-1.461200e+00	6.177307e-01	3.380929e+00	6.141351e-01	-9.012835e-01	6.128108e+00	2.210831e+00	4.036718e+00	3.187373e-01	-5.738082e-01
3.591785e+00	-2.599766e+00	4.308319e-02	5.088821e-01	3.727749e+00	-4.133100e+00	7.568406e+00	-6.964053e-01	2.130325e+00	7.290852e-01	-1.617901e+00	1.614108e+00	3.117501e+00	3.008491e+00	-3.397552e+00	5.429524e+00	3.054398e+00	5.503454e+00	3.354661e+00	-2.592860e+00
3.464129e+00	-1.455817e+00	6.580865e-03	4.811435e+00	8.196396e-01	-5.869568e-01	-5.510514e-01	1.591925e+00	8.282090e-01	1.086105e+00	-5.923144e-01	3.827391e-01	2.069620e+00	8.446400e-01	-1.142938e+00	2.886079e+00	1.214685e+00	6.458715e-01	-1.556365e+00	1.798326e+00
4.089359e+00	5.441083e-01	-6.155835e-01	4.498010e+00	-1.529150e+00	-9.582812e-01	-2.467432e+00	8.749093e-01	1.226233e+00	1.260218e+00	5.276567e-01	-1.608791e+00	2.046822e+00	1.712735e+00	2.267568e-01	6.611437e-01	-7.157294e-01	-1.231102e-01	-8.757994e-01	2.417041e+00
5.717688e+00	-9.438029e-01	-9.474314e-01	3.420412e+00	2.420962e+00	-3.944794e+00	4.011082e+00	-1.690187e+00	2.149001e+00	9.728816e-02	-6.266352e-01	-1.060292e-01	2.513430e+00	1.429389e+00	-5.482228e-01	1.978506e+00	2.499381e+00	4.146611e+00	5.734159e-01	-2.241078e-01
2.224297e+00	-1.549118e+00	-1.523257e-01	2.108649e+00	4.413465e-01	6.540149e-01	2.385782e+00	3.417591e+00	4.014645e+00	5.678745e-01	3.877306e-01	-5.159051e-01	-7.937985e-01	-5.047025e+00	9.690869e-01	-2.289498e-01	-3.793729e-01	-1.529645e+00	2.311046e+00	1.798402e+00
-2.430137e-01	-2.623496e-01	1.875818e+00	-5.547292e-03	3.608246e+00	6.665988e-02	3.249024e+00	-1.277039e+00	1.220562e+00	1.915344e-01	8.746525e-02	1.078542e+00	1.243508e+00	2.523759e-01	-3.732153e-01	2.099984e+00	3.212902e+00	2.027962e+00	8.685612e-01	-8.535543e-01
3.122084e+00	-1.814991e-01	-3.488628e-01	4.754406e+00	1.899137e+00	-1.360499e+00	-2.437419e+00	5.545513e-01	2.604677e+00	8.984354e-01	6.869031e-01	-9.299724e-01	9.518580e-01	6.797013e-01	5.494396e-01	4.438485e-01	1.002241e+00	-6.936472e-01	-2.810539e+00	2.839124e+00
-8.572260e-01	-6.956878e-01	8.352806e-01	2.586348e-01	5.729273e-01	2.452358e+00	8.735872e-01	3.242805e+00	3.797977e+00	5.953606e-01	1.281748e+00	-1.393477e+00	-2.148813e+00	-4.327746e+00	1.602690e+00	1.473422e-01	-1.264549e+00	-2.098188e+00	4.987019e-01	2.524151e+00
3.278770e+00	-1.684701e+00	7.740465e-02	2.902727e+00	2.091653e+00	-2.668803e+00	6.015964e+00	-1.242730e+00	2.298115e+00	9.593525e-01	-1.278805e+00	-1.043153e+00	5.972152e+00	1.773725e+00	-8.979381e-01	3.183038e+00	2.455315e+00	3.322058e+00	1.563401e+00	-1.493764e+00
4.431627e+00	-4.160459e+00	1.409317e-01	8.715088e-01	3.992998e+00	-2.805483e+00	6.399903e+00	8.770331e-01	6.108282e-01	1.357345e+00	-2.050961e+00	1.615858e+00	4.157995e+00	2.698647e+00	-4.399668e+00	4.054416e+00	2.876913e+00	4.493454e+00	2.597074e+00	-6.859852e-01
3.280087e+00	-7.445272e-01	7.429702e-02	3.293258e+00	7.018247e-01	-1.858821e+00	3.130790e+00	1.052268e+00	-3.600722e-01	1.933743e+00	-6.924512e-01	8.960612e-01	2.905432e+00	-9.173047e-01	-9.926610e-01	4.099522e+00	1.489547e+00	2.938391e+00	-3.325563e-01	6.374919e-01
8.917166e-01	1.688507e+00	-2.088667e-01	2.677845e+00	3.615299e-01	6.666241e-01	-1.180429e+00	-7.229617e-01	1.455005e+00	9.207004e-01	1.987073e+00	-1.530485e+00	4.731128e-01	1.287729e+00	1.528319e+00	-1.063593e+00	8.877435e-01	-6.043247e-01	-7.346434e-01	1.212771e+00
3.907993e+00	-2.925271e+00	-1.806867e-01	3.602380e+00	8.855121e-01	-1.145767e+00	1.494029e-01	3.276634e+00	3.018360e+00	7.633676e-01	-7.945858e-01	5.353271e-01	2.997334e+00	2.168330e+00	-2.990371e+00	1.629138e-01	7.599873e-01	3.797436e-01	2.337330e-01	1.847730e+00
-4.829609e-01	-2.266641e+00	1.741272e+00	5.343110e-01	7.550977e-01	1.103206e+00	2.129779e+00	1.713537e+00	9.816843e-01	-2.191375e-01	-1.118801e+00	2.515936e+00	1.249846e+00	1.345096e+00	-2.514750e+00	2.243034e+00	2.025885e+00	8.112958e-01	1.264928e+00	1.572584e-01
1.522559e+00	-3.564809e+00	1.343519e+00	8.799275e-01	7.942671e-01	9.830568e-02	1.837133e+00	2.896019e+00	1.343898e-01	6.452974e-01	-1.024805e+00	3.510574e+00	1.689395e+00	-1.247514e-01	-3.001143e+00	7.156914e-01	1.805043e+00	1.437831e+00	2.287230e+00	8.038120e-01
2.572229e+00	-3.091816e+00	6.780525e-01	1.147883e+00	4.109333e+00	-2.651814e+00	5.521267e+00	6.150358e-02	4.042286e+00	6.595407e-01	-1.645603e+00	-8.147342e-01	4.251887e+00	4.568185e-01	-8.557942e-01	4.181082e+00	9.750758e-01	3.018747e+00	2.558130e+00	-4.195772e-01
3.540201e+00	-2.985044e+00	4.181774e-01	-1.809527e-01	4.213773e+00	-1.848185e+00	6.371963e+00	-2.444886e+00	2.481847e+00	8.135536e-01	-1.653043e+00	-3.465251e-01	3.839503e+00	4.383245e+00	-4.025677e+00	5.511908e+00	3.717753e+00	4.332536e+00	2.213895e+00	-2.393675e+00
2.724737e+00	-1.768687e+00	5.582865e-01	2.263334e+00	4.321941e+00	-2.338136e+00	5.416368e+00	-1.119672e+00	2.069065e+00	1.573108e+00	-1.156183e+00	8.603672e-02	3.075049e+00	1.042189e+00	-1.557362e+00	4.555632e+00	3.667350e+00	3.773430e+00	5.464344e-02	-3.747436e-01
3.138231e+00	-8.123901e-01	-9.571753e-01	1.507994e+00	-2.951136e+00	6.376711e-01	-7.615441e-01	1.013676e+00	1.046732e+00	5.177951e-01	1.469034e+00	3.752676e-01	1.012582e+00	4.659731e+00	-2.890919e+00	-1.320677e+00	1.076642e+00	2.242242e-02	2.935000e+00	-1.941633e-01
6.911129e+00	-9.640296e-01	-9.690580e-01	4.850729e+00	-6.962518e-01	-1.863545e+00	-2.334346e+00	3.438025e-01	2.378957e+00	6.238072e-01	1.677959e-01	-1.884936e+00	3.908874e+00	5.216971e+00	-2.989061e+00	2.659167e-01	-3.489673e-01	6.521960e-01	-8.255164e-02	1.736177e+00
5.409995e+00	-4.629597e-01	-5.668730e-01	4.035009e+00	-4.848989e-01	-2.086030e+00	-9.534039e-01	6.238812e-01	3.145097e+00	3.030964e-01	6.533590e-02	-1.920016e+00	3.339049e+00	2.995160e+00	-1.346533e+00	-1.368928e-01	-1.844710e+00	1.690239e-01	-1.878190e-01	2.301969e+00
3.721179e+00	-4.157496e-01	-9.545885e-01	1.853911e+00	6.397253e-01	-1.931797e+00	2.999090e+00	-1.766953e+00	3.520377e+00	-7.104574e-01	1.024022e-01	-7.009866e-01	1.782939e+00	3.963345e+00	-1.936116e+00	1.173152e+00	2.049868e+00	2.077113e+00	1.049421e+00	-8.261689e-01
2.228535e+00	-1.839591e+00	9.732059e-01	2.241981e+00	2.499719e+00	-7.585362e-01	-3.175979e-01	1.836339e+00	6.198604e-01	1.870290e-01	-5.397349e-01	1.598148e+00	1.140389e+00	2.594628e-01	-9.086040e-01	-1.587248e-01	9.597929e-01	5.551625e-01	4.300953e-01	1.631838e+00
3.638095e+00	-2.229597e+00	1.842586e-01	3.287900e+00	4.204740e+00	-3.085147e+00	6.300268e+00	-1.289644e+00	2.104919e+00	1.682618e+00	-1.544264e+00	1.918174e-01	4.630471e+00	1.370883e+00	-1.677703e+00	4.082882e+00	4.283077e+00	4.140613e+00	2.865646e-01	-7.634588e-01
7.586084e+00	-4.031982e+00	-5.240650e-01	2.779882e+00	9.973041e-01	-1.550881e+00	-2.299858e+00	1.791542e+00	1.727714e+00	-9.978780e-01	-1.135990e+00	2.019830e-01	1.550165e+00	3.170366e+00	-3.971456e+00	-1.874694e+00	-1.517857e-01	3.988778e-01	2.160209e+00	2.228273e+00
6.662492e+00	-4.668224e+00	-3.837118e-03	4.034205e+00	7.140114e-01	-1.631421e+00	-5.162315e+00	4.829979e+00	1.991011e+00	-5.523085e-01	-1.002997e+00	2.955000e-01	2.373782e+00	5.224028e+00	-5.617725e+00	3.200525e-01	-1.827257e+00	-7.246171e-01	1.013211e+00	3.548142e+00
-1.041629e+00	-1.894044e+00	8.501245e-01	-3.460429e-01	6.229630e-01	2.507368e+00	2.461687e-01	4.353289e+00	3.849071e+00	-1.077757e+00	8.158650e-01	-4.626885e-01	-3.647674e+00	-3.872498e+00	9.594059e-01	-4.199837e-01	-9.836863e-01	-2.531986e+00	2.716230e+00	1.940572e+00
3.914093e+00	-1.781285e+00	2.304101e-01	2.640336e+00	4.227767e+00	-3.460781e+00	8.126301e+00	-4.679253e+00	2.059041e+00	1.184522e+00	-1.739141e+00	2.884653e-01	5.957137e+00	1.873037e+00	-2.194380e+00	3.798638e+00	6.530068e+00	5.134930e+00	4.924229e-01	-2.565748e+00
5.016755e-01	-1.736556e+00	1.139134e+00	3.846309e+00	1.536191e-01	-3.429741e-01	1.068161e+00	1.415709e+00	2.091121e+00	6.057478e-01	-7.400815e-01	1.283181e+00	3.082277e+00	2.317962e+00	-2.219289e+00	2.257963e+00	2.459951e+00	7.895474e-01	-3.116815e-01	7.918621e-01
3.082592e-01	-2.409507e+00	9.560880e-01	-1.032935e+00	2.446838e+00	-5.976826e-01	4.382309e+00	1.919556e+00	1.503957e+00	1.674279e+00	-8.160277e-01	1.545574e+00	7.783891e-01	7.323435e-01	-2.998985e+00	5.215910e+00	1.502750e+00	2.377061e+00	2.137761e+00	1.176740e-01
9.134029e-01	1.776119e+00	-2.646268e-01	2.472577e+00	9.618385e-01	-2.589747e-01	4.499976e-01	-1.337176e+00	1.942034e+00	1.157258e+00	1.849218e+00	-1.377704e+00	1.225333e+00	1.046624e+00	1.379420e+00	-5.564243e-01	1.340746e+00	-5.593966e-02	-7.281095e-01	6.146135e-01
-3.715601e+00	1.012645e+00	1.137107e+00	5.865595e-01	1.363151e-01	3.723726e+00	1.296418e+00	1.841032e+00	2.877835e+00	8.946368e-01	2.398592e+00	-1.039198e+00	-1.946287e+00	-3.734067e+00	2.782718e+00	5.049344e-01	5.670597e-01	-2.871236e+00	1.634875e-01	1.187574e+00
2.224417e+00	-1.406992e+00	3.386554e-01	1.151676e+00	3.780075e+00	-1.802008e+00	5.690154e+00	-1.789783e+00	9.685324e-01	1.484394e+00	-7.466322e-01	4.234631e-01	3.556301e+00	3.571544e+00	-2.529967e+00	4.944978e+00	3.592036e+00	3.801024e+00	1.054393e+00	-1.887821e+00
-1.018212e+00	-5.737952e-01	6.093976e-02	5.179977e-01	9.049441e-02	2.201879e+00	1.120500e+00	3.345340e+00	1.933757e+00	1.983630e+00	1.919742e+00	-2.421240e-01	-1.004242e+00	-1.917680e+00	6.090848e-01	1.136488e+00	-6.932223e-02	-1.449406e+00	1.122797e+00	1.589384e+00
4.372919e+00	-4.007047e+00	-3.144395e-01	4.028440e-01	6.423363e-01	-7.183373e-01	2.025228e+00	2.535490e+00	2.493521e+00	-1.754234e-02	-8.545364e-01	7.943138e-01	1.450901e+00	2.273070e+00	-3.937229e+00	2.019511e+00	-7.232693e-01	9.776524e-01	4.453733e+00	-7.915741e-02
4.073094e+00	-1.112314e+00	1.519710e-01	3.710423e+00	1.651981e+00	-1.061193e+00	-1.897821e+00	1.462048e+00	2.878199e-01	3.259592e-01	5.092966e-01	8.538719e-02	1.225207e+00	7.999283e-01	-7.163205e-01	-1.672820e+00	6.723786e-01	2.842876e-01	-4.447665e-01	2.377470e+00
2.670575e+00	-2.028665e+00	1.225794e-01	2.034081e+00	8.215695e-01	-4.016285e-01	1.810197e+00	1.257516e+00	2.138471e+00	6.868234e-01	-7.928226e-01	7.373052e-01	1.844548e+00	2.430248e+00	-2.594066e+00	2.049824e+00	1.957015e+00	1.352240e+00	-9.811290e-02	1.156502e+00
7.169159e-01	-2.903918e+00	1.080003e+00	-1.066109e+00	3.656886e+00	-8.492217e-01	5.258560e+00	2.056019e+00	3.767014e-01	1.625450e+00	-1.611748e+00	2.227321e+00	1.164220e+00	5.640148e-01	-2.910292e+00	5.625711e+00	2.200001e+00	3.065296e+00	3.194696e+00	-4.067682e-03
3.293288e+00	-4.242898e-01	-7.380727e-01	3.267148e+00	9.359118e-01	-2.328344e+00	1.541982e+00	1.092920e+00	-1.003175e-01	2.284434e+00	3.780549e-01	6.185324e-01	4.082448e+00	-1.353117e-01	7.913808e-01	1.789710e+00	4.229881e-01	2.114075e+00	8.170658e-01	2.201278e-01
1.311943e+00	-3.848474e+00	1.325023e+00	-1.345952e+00	3.579555e+00	-2.366869e-02	3.131963e+00	2.583868e+00	2.225707e+00	-2.508621e-01	-1.769400e+00	4.695070e-01	5.552951e-01	8.465180e-01	-2.826103e+00	3.724819e+00	8.375817e-01	1.555026e+00	3.083612e+00	7.423506e-01
3.259432e+00	-2.004835e+00	2.228627e-01	3.845358e+00	1.206434e+00	-7.204102e-01	-3.877309e+00	2.867673e+00	2.456155e+00	-2.089261e-01	-1.876463e-01	2.441883e-01	2.690069e-01	5.808904e-01	-5.999837e-01	-1.813812e+00	-9.800497e-02	-1.147185e+00	-1.892970e+00	3.700501e+00
3.677043e-01	-8.192914e-01	-1.905354e-01	-1.952783e+00	1.643467e+00	-1.524133e-01	4.806544e+00	-7.307690e-01	1.058105e-01	1.790908e+00	1.368690e-01	6.027949e-01	1.726671e+00	2.140475e+00	-1.771815e-01	4.330192e+00	-4.328201e-03	2.578378e+00	3.462831e+00	-1.536929e+00
-1.509784e+00	9.091157e-01	9.036626e-01	8.402167e-01	-1.761810e-01	2.034715e+00	-2.030535e+00	1.030147e+00	6.443635e-01	-7.724019e-02	1.177738e+00	-2.672540e-02	-1.568726e+00	1.521444e+00	2.321951e-01	-2.947016e-02	5.258357e-01	-1.097311e+00	-5.017643e-01	1.735985e+00
4.677319e+00	-1.158134e+00	-5.334403e-01	5.722573e+00	-2.931168e-01	-3.891129e-01	-4.029863e+00	3.019663e+00	2.842274e-01	5.432953e-01	3.319569e-01	8.091347e-02	1.259892e+00	2.363348e-06	-9.973542e-01	3.849396e-01	-4.904874e-02	-9.935441e-01	-2.343770e+00	3.413295e+00
-2.602101e+00	3.707602e-01	1.404588e+00	1.343396e-01	2.908612e-01	3.141608e+00	1.456425e+00	2.868171e+00	1.669696e+00	5.589027e-01	1.136021e+00	-1.592904e-01	-1.658014e+00	-2.859161e+00	1.848686e+00	2.425766e-01	-1.619188e-01	-1.563808e+00	1.045392e+00	1.451267e+00
5.641473e+00	2.416424e-01	-1.001182e+00	3.405876e+00	2.651642e+00	-3.419410e+00	5.675487e+00	-4.005700e+00	3.236728e+00	1.421361e+00	-4.121374e-01	-2.807959e+00	4.968291e+00	2.005569e+00	-3.802133e-01	2.877611e+00	2.306068e+00	3.385628e+00	9.683663e-02	-5.034322e-01
3.325543e+00	-4.363080e+00	1.009584e+00	-2.642171e-01	2.379624e+00	-2.047913e+00	5.238455e+00	2.016271e+00	1.374023e+00	-5.207526e-01	-2.279616e+00	2.755035e+00	1.266872e+00	2.195003e+00	-5.202244e+00	3.801921e+00	2.505595e+00	4.097167e+00	4.321911e+00	-9.020882e-01
2.602579e+00	-4.519926e+00	8.864901e-01	7.646361e-01	9.672793e-02	7.454535e-01	1.007234e+00	4.141325e+00	1.684437e+00	-3.574382e-01	-1.065146e+00	2.079520e+00	6.252263e-01	1.529730e+00	-4.808730e+00	1.024925e+00	7.459456e-01	3.710515e-01	3.793586e+00	7.863068e-01
2.094099e+00	-1.163422e+00	-2.767521e-01	3.079602e+00	3.081049e+00	-1.593165e+00	3.609005e+00	-4.341925e-01	1.636800e+00	1.473547e+00	-9.111132e-01	-6.777287e-01	2.921081e+00	1.256262e+00	-2.450107e-01	4.378701e+00	2.950500e+00	2.117588e+00	-7.593044e-01	-1.851949e-01
3.998086e+00	-2.851371e+00	-1.168553e-01	2.703466e+00	3.072431e-01	-3.539883e-01	3.277854e-01	1.371956e+00	1.662429e+00	1.406866e-01	-4.827604e-01	1.278048e+00	5.911859e-01	-6.957674e-02	-1.734473e+00	-6.541069e-01	1.542174e+00	6.959018e-01	1.699588e+00	1.393571e+00
3.537798e+00	-6.319080e-02	3.466253e-02	3.664407e+00	-3.652477e-01	-6.617992e-01	-2.999783e+00	2.441982e+00	3.957968e-01	9.581917e-01	1.038330e+00	6.928215e-01	1.107857e+00	6.604572e-01	-4.887386e-01	-4.574226e-01	-1.653562e+00	-6.961725e-01	-6.832580e-01	2.688492e+00
2.158946e+00	-3.135018e-01	8.101650e-02	2.454527e+00	-2.032705e-01	-1.187349e-01	-1.943023e+00	1.484677e+00	5.720607e-01	-1.196485e+00	5.074877e-01	1.024577e+00	-8.738281e-01	2.583348e+00	-1.583584e+00	-4.532842e-01	1.806504e+00	1.468970e-01	5.707990e-01	8.832155e-01
-1.915536e+00	1.165323e+00	1.306671e+00	5.703936e-01	1.933204e+00	2.129499e-01	5.437097e+00	-2.004867e+00	1.040826e+00	1.168415e+00	3.752160e-01	1.079476e+00	9.797682e-01	-1.585575e+00	1.750954e+00	1.783697e+00	3.675106e+00	2.412302e+00	-3.622218e-01	-8.798618e-01
3.393808e+00	-1.257694e+00	5.906891e-01	3.106094e+00	-4.400983e-01	-1.060197e+00	3.760859e+00	9.553593e-01	2.460999e+00	7.661945e-01	-3.784758e-01	3.053748e-01	3.252281e+00	7.157139e-01	-2.387208e+00	1.364437e+00	1.276570e+00	1.368299e+00	2.944411e+00	-4.780415e-01
-1.162241e+00	7.063148e-01	6.798018e-01	2.817616e+00	1.846828e-01	1.066468e+00	1.000275e-01	1.180065e+00	2.737901e+00	9.584983e-01	1.187401e+00	-2.947758e-01	4.015000e-01	-1.140437e+00	1.353385e+00	4.939091e-01	9.168401e-01	-1.418732e+00	-1.184527e+00	1.436003e+00
3.162852e+00	-3.410512e+00	7.827627e-01	1.956627e+00	3.956206e+00	-2.227861e+00	5.985887e+00	6.729684e-02	1.476984e+00	1.293333e+00	-2.084443e+00	1.272111e+00	3.865325e+00	1.843478e+00	-3.465314e+00	4.671969e+00	4.254829e+00	4.386448e+00	1.587321e+00	-6.045167e-01
1.280227e+00	-3.648197e-01	6.738259e-01	1.418366e+00	5.861139e-01	-2.920579e+00	5.821342e+00	-8.841801e-01	8.583185e-01	9.280969e-01	-8.675839e-01	2.402190e+00	3.099614e+00	2.344126e+00	-1.602009e+00	3.782324e+00	3.301874e+00	5.021243e+00	2.304596e+00	-1.920751e+00
1.782738e+00	-1.977321e+00	2.694352e-01	2.638742e+00	1.156797e+00	-2.799210e-01	1.049147e+00	2.958413e+00	1.503981e+00	8.492946e-01	-5.815596e-01	1.436905e+00	1.705040e+00	1.371460e+00	-2.360738e+00	1.766525e+00	1.633798e+00	4.002572e-01	-5.811032e-02	1.528885e+00
5.171441e+00	-2.100415e+00	-7.934467e-01	5.949208e+00	8.811280e-02	-1.175674e+00	-3.066136e+00	3.351638e+00	7.347549e-01	9.802989e-01	-9.863201e-02	3.996723e-01	2.222596e+00	-2.628723e-01	-1.397847e+00	1.076676e+00	1.230346e-01	-4.061187e-01	-1.916550e+00	3.173422e+00
3.082325e+00	-2.507397e+00	2.563310e-01	4.502128e+00	1.295940e+00	-4.633156e-01	-1.523198e+00	1.924227e+00	8.737775e-01	5.245865e-01	-9.876986e-01	1.283622e+00	1.546209e+00	5.523619e-01	-1.864789e+00	2.375213e+00	2.656938e+00	2.789365e-01	-1.738594e+00	2.248780e+00
3.809214e+00	-4.008311e+00	4.073222e-01	8.060208e-01	1.293097e+00	-6.846235e-01	1.136473e+00	2.760142e+00	2.275971e+00	3.873411e-01	-1.266382e+00	1.281131e+00	1.348553e+00	2.160413e+00	-3.738363e+00	1.449420e+00	1.371778e-01	1.324460e+00	1.494334e+00	2.007262e+00
3.799895e+00	6.213253e-01	-7.830634e-01	6.587584e+00	-1.058316e+00	-1.527012e+00	-4.480255e+00	1.944575e+00	1.249432e+00	1.178365e+00	7.816716e-01	-7.878883e-01	2.152469e+00	2.103973e+00	4.423668e-01	-1.555651e-01	-1.108857e+00	-8.213640e-01	-3.209352e+00	3.488770e+00
3.391639e-02	-7.752117e-01	1.422958e+00	-4.566158e-01	2.757744e+00	-6.392836e-03	3.465606e+00	-1.582627e+00	3.613665e-01	2.549394e-01	-7.704061e-01	7.996030e-01	1.001944e+00	1.859123e+00	-7.384578e-01	2.744768e+00	2.471312e+00	2.450257e+00	1.433741e+00	-9.830877e-01
3.874411e+00	-2.042213e+00	-1.047307e-01	2.687884e+00	1.542201e+00	-1.866208e+00	-1.305078e-01	2.006453e+00	1.604931e+00	-9.915066e-01	-3.949219e-01	1.404034e+00	6.614593e-01	2.900798e+00	-2.897457e+00	-3.430735e-01	1.696510e+00	1.190348e+00	1.753146e+00	7.175641e-01
3.462323e+00	-5.020820e+00	1.186270e+00	9.431383e-01	3.336718e+00	-1.005956e+00	2.137869e+00	3.294475e+00	2.059773e+00	-6.586673e-02	-2.051166e+00	2.428727e+00	1.192861e+00	1.394307e-01	-3.925755e+00	1.900152e+00	1.935535e+00	1.655973e+00	3.055275e+00	1.167860e+00
3.374667e+00	-1.373088e+00	2.922746e-01	3.506968e+00	2.454488e+00	-3.039534e+00	4.106571e+00	-8.707586e-01	2.167125e+00	1.556407e+00	-1.277654e+00	4.724448e-01	4.916176e+00	1.165746e+00	-1.313381e+00	2.650665e+00	3.117467e+00	3.382160e+00	4.279116e-01	-7.163158e-01
1.334726e+00	1.416415e-01	9.834271e-01	1.600684e+00	1.509017e+00	1.952800e-01	1.206074e+00	-9.777962e-01	1.518847e+00	4.424262e-01	-3.707961e-01	7.755817e-01	1.013362e+00	1.656164e+00	-6.851476e-01	7.319606e-01	2.055795e+00	1.237042e+00	3.243814e-02	3.293762e-01
2.618344e+00	-2.019724e+00	2.514410e-01	-9.595370e-01	2.088126e+00	-1.723365e+00	4.330380e+00	1.426168e+00	2.294106e+00	8.392639e-01	-5.190989e-01	3.666262e-01	1.411974e+00	2.945505e-02	-1.399015e+00	3.483425e+00	-9.244953e-01	2.264308e+00	5.559373e+00	-9.713304e-01
-2.330486e+00	-2.951779e-01	1.086794e+00	2.494541e+00	1.020718e+00	1.338657e+00	1.385853e+00	3.901743e+00	2.409238e+00	1.743296e+00	6.378789e-01	9.118747e-01	-7.499896e-02	-3.328945e+00	1.095971e+00	1.426419e+00	1.402074e+00	-1.451394e+00	2.202799e-01	1.833909e+00
5.004248e+00	-1.875285e+00	-1.026837e-01	4.142489e+00	2.871218e+00	-2.468094e+00	2.596400e+00	-1.412219e+00	2.839623e+00	5.958842e-01	-1.349703e+00	-6.377623e-01	3.639637e+00	1.894060e+00	-1.928036e+00	1.418901e+00	3.574231e+00	2.365255e+00	-9.308149e-01	7.759244e-01
1.887685e+00	-4.238485e-01	4.613448e-01	4.375209e-01	4.119198e+00	-2.816192e+00	9.063796e+00	-3.107568e+00	2.535737e+00	2.409812e+00	-9.755219e-01	-1.226715e-01	3.736972e+00	1.113338e+00	-1.757648e+00	5.716916e+00	4.034509e+00	4.936468e+00	1.024626e+00	-2.148317e+00
5.753777e+00	-1.587042e+00	-3.509912e-01	3.561663e+00	1.219517e-01	-1.513422e+00	-1.758101e+00	7.563248e-01	1.190737e+00	-6.965148e-01	-5.444330e-02	3.150009e-01	7.050446e-01	3.122555e+00	-2.799201e+00	-1.641159e+00	1.384797e+00	1.474364e+00	1.129442e+00	1.278012e+00
3.860483e+00	-1.505705e+00	-2.858335e-01	2.933525e+00	-6.439922e-01	-8.795690e-01	-2.834832e-02	2.316851e+00	1.773993e+00	-8.456741e-02	-3.731734e-02	1.483748e-01	4.958578e-01	1.658114e+00	-1.781587e+00	-1.930064e-02	2.239455e-02	8.911034e-01	1.575703e+00	1.356944e+00
4.130157e+00	-7.936908e-01	-2.445393e-01	4.295868e+00	2.890025e-01	-6.547078e-01	-2.301649e+00	-5.658581e-01	2.092154e+00	-8.920703e-02	2.652004e-01	-7.093597e-01	2.275738e+00	4.986570e+00	-2.271301e+00	-8.083430e-01	1.690014e+00	1.668370e-01	-1.656895e+00	1.654236e+00
3.685254e+00	-4.210371e+00	1.299809e+00	1.456531e+00	5.303957e+00	-2.929050e+00	6.689239e+00	6.480454e-01	1.632798e+00	1.424167e+00	-2.027493e+00	2.211280e+00	3.999911e+00	-2.266548e-02	-3.589441e+00	3.576829e+00	3.854363e+00	4.366150e+00	2.521417e+00	-8.239355e-01
8.371427e-01	-1.737344e+00	3.660454e-01	3.205455e+00	1.367253e+00	-3.934894e-01	1.871339e+00	1.558667e+00	1.281424e+00	1.319127e+00	-7.180459e-01	6.167319e-01	2.104745e+00	-1.377863e-01	-9.932639e-01	4.062529e+00	2.427490e+00	1.380077e+00	-7.695428e-01	5.536503e-01
3.225289e+00	-1.314311e-01	-4.206236e-01	3.930905e+00	1.466579e+00	-2.994052e+00	5.105486e+00	-4.309336e-01	2.770919e-01	2.675323e+00	-7.371807e-01	4.382763e-01	4.735556e+00	-3.233574e-01	-5.097279e-01	4.397796e+00	2.883165e+00	3.423471e+00	-1.077632e-01	-5.324760e-01
2.309293e+00	-1.294034e+00	4.524653e-01	2.710171e+00	2.119649e+00	-9.180863e-01	2.889111e+00	-1.153888e-01	1.242652e+00	1.347362e+00	-8.820613e-01	-7.064791e-01	1.922845e+00	1.701012e+00	-9.410486e-01	4.613740e+00	2.043317e+00	2.740035e+00	-4.167260e-01	4.284614e-01
2.837627e+00	-5.812780e-01	5.678841e-02	3.672302e+00	1.462553e+00	-2.585332e+00	4.654799e+00	-5.024828e-01	7.868667e-01	2.330668e+00	-1.193275e+00	4.333046e-01	4.635908e+00	1.060680e+00	-1.071405e+00	4.307855e+00	2.748474e+00	3.579292e+00	1.451350e-01	-8.691113e-01
7.129981e+00	-2.192575e+00	-9.748935e-01	5.015276e+00	1.209749e+00	-1.556661e+00	-3.367564e+00	6.030490e-01	2.904581e+00	-1.447092e-01	5.406645e-02	-1.545695e+00	2.266324e+00	3.178794e+00	-2.143232e+00	-2.068500e+00	6.708049e-01	-3.884809e-01	-1.683035e+00	2.898290e+00
1.119712e+00	-3.004095e+00	8.992010e-01	-2.607590e+00	3.599686e+00	-2.585263e-01	7.938359e+00	1.468789e+00	-5.407714e-01	1.334913e+00	-1.843699e+00	2.666575e+00	1.314077e+00	-9.837552e-01	-2.490630e+00	5.457822e+00	2.484260e+00	3.563447e+00	5.808045e+00	-1.828555e+00
2.973796e+00	-1.068697e+00	7.319564e-01	1.294524e+00	-3.917556e-01	-5.931333e-01	1.948811e+00	1.280238e+00	2.772937e-02	-5.551979e-01	2.215792e-01	1.354203e+00	1.318527e+00	-2.985813e-01	-1.785629e+00	-2.021347e+00	1.030119e+00	1.281166e+00	2.990554e+00	5.772788e-01
5.393044e+00	-2.085190e+00	-5.066807e-01	5.379406e+00	7.871166e-01	-2.273690e+00	-1.998906e+00	2.692754e+00	7.450151e-01	6.989591e-01	-9.923237e-01	6.802084e-03	3.090727e+00	1.209386e+00	-1.328171e+00	1.425389e+00	-3.603795e-01	7.344469e-01	-1.072220e+00	2.672913e+00
7.416727e+00	-4.856379e+00	-5.630783e-01	3.758036e+00	-1.345571e+00	-1.459046e+00	-2.163259e+00	3.770050e+00	2.558603e+00	-1.665726e-01	-8.267445e-01	1.528927e+00	2.689800e+00	2.466167e+00	-5.349223e+00	-2.200874e+00	4.748639e-02	5.253393e-01	2.633462e+00	2.252577e+00
-8.438212e-01	-1.854730e+00	1.147746e+00	1.863316e+00	5.987189e-01	1.909201e+00	2.042955e+00	4.482362e+00	2.829640e+00	1.030478e+00	-2.093159e-01	9.183976e-01	-3.722890e-01	-3.155119e+00	-3.452191e-01	2.038625e+00	6.930886e-01	-1.170073e+00	3.344573e-01	2.249175e+00
3.973762e+00	9.485300e-01	-8.559143e-01	4.529036e+00	7.953399e-01	-2.272928e+00	-1.122571e+00	-1.224771e+00	3.290285e+00	4.061696e-02	5.677489e-01	-6.571926e-01	4.161883e-01	3.138514e+00	-1.838609e-01	-1.774269e-01	1.822144e+00	6.612436e-01	-1.235050e+00	6.097161e-01
1.701983e+00	3.582815e-01	-3.910669e-01	8.129558e-01	-1.263979e+00	2.342592e-01	3.080263e-01	4.118774e-02	4.313340e-01	1.892400e+00	9.391461e-01	8.399643e-01	9.612408e-01	2.406578e+00	-4.359092e-01	-1.653565e-01	7.223111e-01	7.831448e-01	1.045919e+00	8.839607e-01
-1.060345e-01	-5.513468e-01	1.335062e+00	1.177493e+00	2.157700e+00	-2.168614e+00	7.656663e+00	-9.800574e-01	1.312449e+00	1.115270e+00	-9.243357e-01	3.502642e+00	2.216078e+00	-1.437051e+00	-8.707479e-01	3.726846e+00	5.080805e+00	4.729882e+00	2.451378e+00	-2.487312e+00
3.593049e+00	-2.010458e+00	2.824947e-01	2.170642e+00	3.310818e+00	-2.008304e+00	3.603943e+00	-1.270062e+00	2.368179e+00	6.611950e-01	-7.103977e-01	2.988635e-01	3.153208e+00	1.307301e+00	-1.914463e+00	1.394444e+00	3.563158e+00	2.855780e+00	4.140437e-01	-4.067847e-02
-2.594034e+00	-2.054420e-01	1.296639e+00	-1.280173e+00	5.515652e-01	3.454633e+00	1.465376e+00	2.477420e+00	2.519969e+00	-1.406393e-01	4.052846e-01	9.516277e-02	-2.097938e+00	-2.163817e+00	1.054605e+00	1.290996e+00	-6.523452e-01	-2.110080e+00	1.437104e+00	1.288626e+00
5.544094e+00	-3.965914e+00	5.783819e-01	3.066013e+00	4.653313e+00	-3.735981e+00	4.871343e+00	-6.094087e-01	1.137444e+00	1.092779e+00	-2.153711e+00	1.631955e+00	5.250674e+00	3.195922e+00	-4.680421e+00	3.895823e+00	4.359434e+00	5.027104e+00	9.759557e-01	-9.449637e-01
4.499612e+00	-2.568844e+00	-6.420069e-02	3.489040e+00	8.757516e-01	-1.137855e-01	-4.756168e+00	2.684845e+00	2.314010e+00	-3.620353e-01	-2.336989e-01	-6.312881e-02	-7.656427e-02	2.287280e+00	-2.352515e+00	-1.272514e+00	-3.646148e-01	-1.412084e+00	-1.026886e+00	3.675322e+00
6.002575e+00	-1.383751e+00	-9.467363e-01	3.865275e+00	-8.940079e-01	2.839207e-01	-3.468542e+00	1.703665e+00	3.911673e+00	-3.526323e-01	4.242895e-01	-2.886317e+00	1.240578e+00	2.438917e+00	-1.157902e+00	-1.960382e+00	-2.366811e+00	-1.566029e+00	-6.209221e-01	3.177481e+00
4.035837e+00	-2.472262e+00	4.517811e-01	2.794774e+00	8.208440e-01	-1.082985e+00	1.882719e-01	3.066767e+00	1.030666e+00	6.813255e-01	-4.387773e-02	1.902758e+00	6.964637e-01	-3.116950e-01	-2.543067e+00	-1.515966e+00	1.405199e+00	7.507994e-01	2.643884e+00	1.286230e+00
-3.053628e+00	-1.064394e+00	1.317194e+00	1.137329e+00	1.444714e+00	2.700938e+00	9.064563e-01	4.107316e+00	3.557656e+00	2.662948e-01	7.111913e-01	-2.890220e-01	-1.546496e+00	-4.403582e+00	1.699394e+00	9.785038e-02	1.134919e+00	-2.713185e+00	1.362094e-01	2.396190e+00
-9.109288e-01	-7.340490e-01	5.979935e-01	9.505605e-01	1.933043e-01	2.786864e+00	2.115080e+00	3.026058e+00	3.534786e+00	7.786851e-01	4.182025e-01	-6.682469e-01	-1.233870e+00	-2.848605e+00	4.370882e-01	1.285128e+00	2.786508e-01	-1.912030e+00	3.865559e-01	1.896284e+00
1.488250e+00	-2.431356e+00	4.594911e-01	1.796247e+00	1.776104e+00	1.834554e-01	2.860056e+00	1.392053e+00	2.558311e+00	9.436496e-01	-6.159955e-01	7.207879e-01	1.238910e+00	3.503840e-01	-1.447548e+00	2.876504e+00	2.013081e+00	1.164356e+00	-1.139920e-01	1.015418e+00
2.388880e+00	-6.701641e-01	2.377508e-01	3.808416e+00	1.169916e+00	-2.702796e+00	4.234972e+00	8.632138e-01	4.082121e-01	2.782384e+00	-1.067357e+00	7.640831e-01	4.081173e+00	2.675860e-01	-6.999098e-01	5.079681e+00	2.093197e+00	3.693321e+00	1.469491e-01	2.528762e-01
5.951035e+00	-1.645962e+00	-4.148059e-01	3.578322e+00	1.580241e+00	-1.920359e+00	5.998065e-01	1.330971e+00	1.137891e+00	9.730631e-01	-3.150293e-02	5.494991e-01	6.386326e-01	-1.397332e-01	-2.252080e+00	-2.958911e-01	1.747690e+00	1.498724e+00	1.257667e+00	1.552051e+00
-1.912313e+00	9.831659e-02	8.921616e-01	1.828064e+00	5.623375e-01	2.421446e+00	1.136274e+00	3.240068e+00	2.301270e+00	9.660353e-01	1.097289e+00	-2.054431e-01	-7.649057e-01	-3.908204e+00	1.797207e+00	4.994667e-02	9.074729e-01	-1.938963e+00	2.839181e-01	2.002111e+00
