4.927185e-01	5.924755e-01	1.257502e+00	7.855798e-01	1.452823e+00	1.315416e+00	6.192187e-01	-3.809622e-01	-1.947900e-01	3.936711e-01	-1.791172e-01	2.677464e-01	-2.931435e-01	9.836749e-01	5.552269e-01	2.959249e-02	-4.860617e-01	5.350003e-01	1.837028e+00	-3.733338e-01	1.182062e+00	5.167551e-01	6.835294e-01	8.862672e-01	2.650389e-01	-1.713249e+00	1.160445e+00	-4.201433e-01	-7.323844e-01	1.285252e+00	1.318170e+00	3.232573e-03	7.076953e-01	4.580201e-01	1.726260e-01	1.975702e+00	2.506056e+00	2.506731e+00	1.640281e+00	2.119550e+00
5.164853e-01	2.585398e-01	2.345577e+00	1.210766e+00	-4.797320e-01	8.760117e-02	-4.023822e-01	2.178403e+00	-8.098986e-01	8.213406e-01	-5.621796e-02	7.768380e-01	3.158529e-01	9.848992e-02	4.965194e-01	-7.758250e-02	-3.914223e-01	3.502034e-01	3.939749e-02	1.557140e+00	9.595625e-01	-4.921208e-01	7.834421e-01	1.000155e+00	7.715359e-01	6.022901e-01	2.389338e+00	2.063129e+00	2.619329e+00	-1.456518e-01	3.356509e-01	7.890525e-01	-5.726980e-01	3.915648e-02	1.472815e+00	-4.444097e-01	1.802309e+00	1.121014e+00	-4.131963e-01	4.626967e-01
5.559616e-01	-4.057186e-01	2.858545e+00	1.221881e+00	2.669956e-01	6.684833e-02	7.559615e-01	2.135688e+00	-5.808042e-01	4.866786e-01	-2.630906e-01	-1.225152e+00	5.192480e-01	1.447437e+00	4.506556e-01	-5.303427e-01	-1.627698e-01	-5.004047e-01	2.429862e+00	1.373343e+00	1.369096e+00	2.547253e-01	2.062900e+00	3.385577e-01	5.637681e-01	-7.297118e-01	1.445559e+00	1.972311e+00	1.339202e+00	1.277458e+00	1.471512e+00	-6.028831e-02	4.768347e-01	3.057347e-01	1.148047e+00	9.505234e-02	8.722733e-01	1.517290e+00	-1.007593e-01	1.464027e+00
2.975409e-01	5.675890e-01	2.345794e+00	3.728816e-02	3.896658e-01	-7.963570e-02	8.177297e-01	6.206738e-01	-6.554926e-01	1.211976e+00	-1.474221e+00	1.426324e+00	1.852936e-01	1.616472e+00	6.735782e-01	-1.910183e-01	-5.818266e-01	3.472084e-02	7.981011e-01	1.025085e+00	1.344469e+00	9.495925e-01	7.487329e-01	8.001822e-01	8.788611e-01	-1.783685e+00	6.008651e-01	1.865721e+00	1.669248e+00	1.482254e+00	1.716651e+00	6.632775e-01	4.622712e-01	-4.208948e-01	2.004796e+00	-1.060970e-01	8.893459e-01	3.446130e+00	2.148371e-01	7.505005e-01
5.873356e-01	7.267196e-01	1.814760e+00	1.866177e+00	9.365827e-01	1.496389e+00	2.436854e+00	6.000815e-01	4.840569e-01	-8.805997e-02	1.169089e+00	-5.997467e-01	8.377715e-01	5.208319e-01	-4.094362e-01	2.289277e-01	3.435987e-01	1.391041e+00	1.471386e+00	-1.589213e-01	1.279830e+00	-4.496548e-01	9.727960e-01	1.388134e+00	1.446965e+00	-6.953696e-01	1.187452e+00	-1.897517e-01	1.082072e-01	9.041413e-01	-7.168034e-01	1.871133e-01	-8.716041e-01	-6.875682e-01	-3.894315e-02	1.512786e+00	3.781114e-01	8.458617e-01	2.957025e-01	-6.214862e-01
1.425546e+00	1.016833e-01	-2.671907e-01	-2.381990e+00	2.308990e+00	-1.768386e+00	3.910268e-01	5.796321e+00	4.163360e-01	2.254762e+00	-1.900779e+00	3.738459e+00	6.817466e+00	2.013420e+00	4.230652e-02	9.891370e-01	5.038867e+00	-2.134822e+00	-8.670502e-02	-3.041306e+00	-1.246150e+00	1.517962e+00	1.202705e-01	1.699373e+00	-2.558267e+00	-4.412516e-01	3.529353e+00	-2.623875e+00	8.129306e-01	2.472097e+00	-1.688764e+00	-1.116127e+00	-6.629948e-01	4.934518e-01	-2.448678e+00	3.703617e+00	2.454188e+00	-6.136135e-01	3.913844e-01	1.531596e+00
4.754951e-02	1.992431e-02	-4.670245e-01	-1.009245e+00	-2.138060e-01	1.907917e+00	6.455775e-01	2.052501e+00	6.271141e-01	5.058675e-01	-5.847858e-01	1.202901e+00	-1.883785e-01	1.449807e+00	1.888713e+00	-2.172207e-01	2.037695e+00	8.102034e-01	1.073165e+00	2.491997e-01	3.513676e-01	4.735595e+00	8.586329e-01	-8.892835e-01	1.940120e-01	-9.816266e-01	2.214094e+00	-8.085767e-01	1.417109e+00	7.826197e-01	-4.236395e-01	-9.711448e-01	-1.373288e+00	5.608054e-01	-1.056095e+00	1.071053e+00	2.217312e-01	7.185682e-01	1.676817e+00	3.904667e+00
1.127813e+00	-1.652088e+00	1.336743e+00	-1.243523e+00	1.963802e-01	2.192309e-01	1.639402e+00	5.891245e-01	-3.149713e-01	-1.137593e-02	1.381485e+00	-3.345164e+00	-3.702661e-01	-1.886519e+00	1.356773e+00	2.667801e+00	-2.316376e-01	-4.183409e-01	1.137175e+00	1.733840e-01	2.762179e+00	2.736110e-01	7.127883e-01	2.621616e-01	2.987606e-01	-5.240976e-01	1.686196e+00	1.864508e+00	-1.612103e-01	7.492992e-01	1.484139e+00	-8.278446e-01	1.629232e+00	4.185236e-01	-1.773583e+00	1.315772e+00	3.803187e+00	-1.298039e-01	-1.039569e-01	1.590348e+00
-2.300725e-01	-2.083870e-01	1.414753e+00	1.684795e+00	9.961502e-01	2.762083e-01	-3.407554e-01	2.524549e+00	-1.253707e+00	1.848722e+00	3.947649e-01	1.166281e+00	1.014524e+00	8.325758e-01	1.073158e-01	7.354471e-01	1.607266e-01	1.259162e+00	1.127282e+00	-5.480123e-01	1.189862e+00	-2.090112e-01	1.514075e+00	-3.868082e-01	-2.661966e-01	8.608653e-01	1.354788e+00	7.921610e-01	4.712015e-01	-2.454563e-01	3.033626e-01	4.861439e-01	1.007472e+00	1.391090e-01	1.157202e+00	1.748867e+00	1.354385e+00	2.716033e-01	-1.697976e+00	6.159642e-01
2.120500e-01	2.829411e-02	1.509083e+00	-4.809921e-01	3.892374e-01	-5.203668e-01	7.913533e-01	3.025281e+00	-1.369741e+00	3.628421e-01	-1.044935e-01	7.756027e-02	9.332532e-01	2.440192e+00	-5.847873e-01	-1.029739e+00	1.201509e+00	-3.833273e-01	5.588588e-01	3.640368e-01	1.610432e+00	2.303197e+00	1.379316e+00	1.174021e+00	8.904660e-01	-1.214732e+00	1.299710e+00	1.757895e+00	2.566175e+00	9.579650e-01	6.999473e-01	-4.131710e-01	4.606374e-01	-3.175799e-01	1.902482e+00	-1.159342e+00	1.350715e+00	2.095877e+00	4.366659e-01	2.232358e+00
-3.583887e-01	8.962337e-01	2.033416e+00	1.887670e-01	1.622048e+00	-3.852150e-01	1.135133e+00	1.204677e+00	-1.695214e+00	-1.523966e+00	9.359869e-01	-1.164474e+00	7.487659e-01	3.254509e+00	7.548851e-01	-4.227177e-01	1.904271e-01	1.386407e+00	4.650562e-01	9.476444e-01	1.675725e+00	1.128301e+00	6.136278e-01	1.870593e+00	3.469952e-02	-6.368787e-01	-3.769145e-01	2.020095e+00	2.456357e+00	-3.047328e-01	1.997726e+00	-4.929918e-01	6.437457e-01	5.622595e-01	2.442005e+00	-1.529717e+00	1.322413e-01	3.211317e+00	3.256550e-01	2.166602e-01
-1.241015e-01	8.301769e-01	9.800838e-01	1.203496e+00	1.119675e+00	-1.109461e-01	7.925487e-01	1.785933e+00	-7.512959e-02	8.762749e-01	-2.162532e-01	-2.127040e-01	1.006834e+00	2.689948e+00	-2.448350e-01	8.361693e-02	7.380280e-01	2.768370e-01	1.491531e+00	1.498774e+00	3.333292e-01	8.571811e-01	1.492965e+00	5.710590e-01	-5.297418e-02	-1.185205e+00	1.032226e+00	1.172659e+00	1.877253e+00	1.187108e+00	4.050912e-01	-6.782017e-01	2.459402e+00	9.281710e-02	1.888167e+00	-3.595012e-02	-7.731808e-01	8.208924e-01	1.237706e+00	6.634712e-01
1.111916e+00	3.747237e-02	1.969069e+00	7.647567e-01	4.140630e-01	-7.364585e-01	1.764364e+00	1.154705e+00	-8.734985e-01	5.056168e-01	1.600939e+00	-2.064922e+00	-3.163297e-01	-2.295141e-01	1.437026e+00	1.000044e+00	-4.031876e-02	-7.104557e-01	1.918942e+00	1.211291e+00	7.177178e-01	-1.264600e+00	6.743327e-01	1.447999e+00	8.587877e-01	-3.882472e-02	6.931286e-01	1.228035e+00	1.071392e+00	1.185200e+00	1.807876e+00	-4.238982e-01	5.585441e-01	6.801281e-01	1.008813e+00	-4.626763e-01	1.897611e+00	1.155306e+00	4.047459e-01	-1.631932e-01
3.731817e-01	8.886526e-01	5.895657e-01	2.015477e+00	4.492185e-01	1.925317e+00	1.343392e+00	-4.338626e-01	2.372903e-01	1.151172e+00	-5.111222e-01	1.128174e+00	2.874756e-02	1.824104e+00	-2.930929e-01	2.148106e-01	-2.063559e-01	1.592247e+00	6.878876e-01	5.582508e-01	-4.127454e-01	9.085427e-01	1.234323e+00	8.783491e-01	3.708030e-01	-9.300899e-01	2.534371e+00	-3.724943e-01	1.635395e+00	2.044385e-01	-1.071755e+00	4.759360e-01	-3.331039e-01	8.221119e-02	2.641220e-01	1.327288e+00	4.256730e-01	9.153152e-01	1.213658e+00	1.486943e+00
-1.953118e-01	1.557870e+00	1.247471e+00	1.326695e-02	6.560613e-01	-4.219370e-02	-1.189172e-01	2.497506e+00	-2.060243e-01	-4.871939e-01	4.692759e-01	7.830613e-01	4.479909e-01	1.639545e+00	6.135598e-01	-1.070652e+00	7.921246e-01	6.780108e-01	2.832291e-01	-1.703606e-01	1.854542e+00	2.725541e+00	1.177906e+00	-7.207783e-02	3.997722e-01	1.405916e-01	2.053282e+00	6.480402e-01	1.859344e+00	9.357680e-02	-2.370016e-01	-5.215280e-01	-3.748552e-01	1.124145e+00	9.000385e-01	-5.883565e-01	-1.982809e-01	1.654952e+00	1.437411e+00	2.733929e+00
1.451107e-01	8.005060e-01	-8.617410e-01	7.896550e-01	1.222362e+00	3.007451e+00	1.007660e-01	1.524454e+00	1.000419e+00	-5.493966e-01	-1.756573e+00	1.023183e+00	7.340624e-01	3.501320e+00	-5.177768e-01	-1.077241e+00	3.267995e-01	-1.365150e+00	5.302932e+00	-9.884786e-01	-5.608521e-01	4.088204e+00	2.530686e+00	3.948329e-01	5.752042e-01	-2.672442e+00	1.728146e+00	-9.789383e-01	2.424498e+00	-4.187128e-02	2.349465e-01	-2.791339e-01	2.836324e+00	-1.000819e+00	-3.286647e-02	2.896310e+00	5.662791e-01	3.865234e-01	-3.003719e-01	1.249055e+00
5.206376e-01	-9.291867e-01	2.256618e+00	3.692040e-01	1.236025e+00	-2.527113e-01	-9.284289e-01	9.146830e-01	-2.122143e+00	8.368359e-01	3.043575e-01	5.495726e-01	3.928633e-01	3.660011e-01	-1.353629e-01	-1.663083e-01	6.822072e-01	1.546132e+00	-1.819553e-01	-5.830803e-01	1.854270e+00	3.836398e-01	8.497707e-01	1.389174e+00	4.685617e-01	-4.354254e-01	8.668780e-01	2.446264e+00	8.496227e-01	1.458911e+00	1.469151e+00	1.079345e-01	4.322193e-01	3.047068e-01	1.445399e+00	2.395225e-01	1.834842e+00	2.492802e+00	-6.787110e-02	9.666399e-01
5.714363e-01	8.412976e-01	1.441958e+00	1.078208e-01	1.433844e+00	1.402652e+00	-6.442818e-01	2.506459e+00	5.140869e-01	1.459226e+00	-1.374472e+00	2.113594e+00	1.486555e-01	1.189469e+00	6.710588e-01	-3.991504e-01	-6.977709e-01	-5.460911e-01	1.547331e+00	-7.518858e-01	1.038105e+00	7.455744e-01	1.120103e+00	-1.480935e+00	-4.062930e-01	2.052527e+00	1.970612e+00	-5.588903e-01	2.506599e-01	5.119473e-01	-5.607703e-01	1.202521e+00	8.463059e-01	2.815659e-01	-2.451003e-01	3.316775e+00	2.127359e+00	6.507045e-01	-1.723779e+00	8.041659e-01
-5.261291e-01	6.435859e-01	-3.989438e-01	-8.448335e-01	-4.887274e-01	4.441121e-01	-5.528201e-01	9.638281e-01	-1.258689e-01	-4.071648e-02	2.490561e-01	1.799211e+00	-4.920997e-01	1.371028e+00	5.301427e-01	9.585402e-01	1.238717e+00	1.985226e+00	3.135574e-01	6.990791e-01	6.762218e-01	2.638968e+00	3.276005e-01	9.006316e-01	9.584296e-01	-2.961686e-01	7.987790e-01	-6.468880e-01	1.754672e+00	4.993514e-01	-7.404582e-01	-1.493129e+00	6.773934e-01	-3.534475e-01	3.215352e+00	4.820032e-01	1.824484e+00	7.889259e-01	1.046969e+00	2.228829e+00
-9.534613e-01	1.534285e+00	2.224919e+00	1.824453e+00	8.859756e-01	5.672007e-01	-1.706930e-01	3.166499e-01	-3.586476e-01	1.156781e+00	1.649660e-01	-2.177674e-01	9.925491e-01	2.279500e+00	6.593414e-02	7.939183e-01	7.779180e-02	7.683910e-01	2.658681e+00	2.957084e-01	1.619362e-01	1.074038e+00	1.862763e+00	-1.080798e+00	-1.000216e+00	4.742179e-01	2.445783e+00	4.158011e-01	1.275021e+00	-2.268724e-01	2.969573e-01	-5.077591e-01	1.967809e+00	1.911011e+00	2.764325e-01	1.507574e+00	-9.756328e-01	-1.018045e+00	-1.080334e+00	1.383112e+00
-7.191509e-01	7.100500e-01	3.222956e+00	-3.658995e-01	6.311201e-01	1.171116e+00	2.575134e-01	7.122280e-02	-1.892733e+00	6.098092e-02	-1.681228e-02	4.511737e-01	6.108596e-01	3.324677e-01	-1.706768e-01	2.660005e-01	2.083560e-01	1.362467e+00	8.748061e-02	-2.077520e-01	1.988649e+00	1.399043e+00	1.097634e+00	8.761944e-01	-1.630031e-01	-7.015253e-02	2.067274e+00	2.505436e+00	2.792426e+00	1.446135e-02	1.752478e-01	1.031670e+00	-1.370514e+00	4.320454e-01	7.489448e-01	7.631128e-01	1.080287e+00	1.642959e+00	-1.156675e+00	6.315933e-01
5.527209e-01	8.634831e-01	1.196443e+00	1.124192e+00	-6.588783e-01	1.352740e+00	2.573056e-01	1.632647e+00	-9.051947e-01	2.070008e-01	-3.106666e-01	-2.653328e-01	8.907220e-02	5.932121e-01	1.417511e+00	5.441328e-01	-1.175042e+00	9.147590e-01	1.729161e-01	1.719712e+00	1.440176e+00	1.228168e+00	1.930667e+00	8.440785e-01	2.891628e-01	-7.259407e-01	3.121492e+00	7.843086e-01	1.941734e+00	-9.200072e-01	-6.150459e-01	-1.734692e-01	8.098082e-02	8.427728e-01	6.792156e-02	5.507168e-01	1.741197e+00	1.509107e+00	7.770276e-01	1.985041e+00
-1.036382e+00	9.707826e-01	1.012318e+00	5.550660e-01	4.272832e-01	2.076177e+00	-6.954084e-01	7.392203e-01	-9.967427e-01	1.996446e-01	9.442066e-02	1.470421e+00	6.115894e-01	1.395980e+00	8.401818e-01	-8.188755e-01	1.064340e+00	8.848006e-01	1.883952e+00	-1.446693e+00	1.885964e+00	4.176075e+00	4.470604e-01	-3.224839e-01	2.834092e-01	-1.112989e+00	1.724765e+00	-4.438433e-01	1.314000e+00	4.934178e-01	1.914045e-01	-6.324804e-01	-1.680432e-01	9.880382e-01	2.944106e-01	9.370671e-01	1.526876e-01	2.129908e+00	1.366437e+00	3.649608e+00
2.070370e-01	8.560513e-01	8.103089e-01	5.579269e-01	2.873754e-01	3.570224e-01	2.750700e-01	9.239950e-01	-8.171063e-01	-4.173178e-04	5.656170e-01	-5.776979e-01	4.425621e-01	1.703591e+00	1.273559e+00	-5.465268e-01	7.877824e-01	-2.740196e-01	7.406682e-01	1.096623e+00	1.675242e+00	1.583080e+00	1.014168e+00	1.159440e+00	5.264276e-01	-1.650381e+00	7.973784e-01	7.187814e-01	1.694320e+00	1.143721e+00	7.908421e-01	-8.760484e-01	-2.477684e-01	2.082243e-01	1.673438e+00	3.085441e-01	1.011535e+00	2.365238e+00	2.850280e+00	2.439555e+00
3.255418e-01	6.853207e-01	9.126453e-01	-6.727333e-01	5.183379e-01	2.575432e-01	1.620225e+00	2.107989e+00	1.363002e-01	5.101767e-01	-2.107353e-01	-1.991449e-01	1.122764e+00	4.369899e-01	7.697547e-01	1.376192e-01	8.125877e-01	-8.943859e-01	4.509731e-01	1.612397e-02	7.900347e-01	4.801493e-01	6.885987e-01	1.047066e+00	8.333182e-01	3.473402e-01	1.314896e+00	1.620592e+00	2.739904e+00	-2.008292e-01	9.733077e-01	1.586278e+00	-1.462669e+00	1.431086e-01	1.305412e+00	4.414363e-01	1.189456e+00	6.808223e-01	-7.522849e-01	8.415494e-03
1.217641e+00	1.058804e+00	9.411063e-01	1.511824e-01	8.919821e-01	-8.478698e-02	9.725501e-01	8.542843e-01	-9.495761e-01	4.853105e-01	6.848217e-01	-3.447087e-01	3.680583e-02	6.938971e-01	1.109544e+00	-1.730128e+00	1.607592e+00	-8.167677e-01	1.180344e+00	-1.179406e-01	6.013181e-01	1.785514e+00	5.827343e-01	1.259634e+00	-1.475825e-01	-1.333150e+00	5.934848e-01	2.129656e-01	-9.118182e-03	1.291522e+00	7.160630e-01	-2.426974e-01	-1.147857e+00	8.604345e-01	-1.193929e-01	2.125017e+00	2.405275e+00	1.870119e+00	2.248909e+00	2.374489e+00
-6.531552e-01	7.520272e-01	1.624115e+00	-1.069340e-01	-3.450150e-02	4.918761e-01	1.996627e-01	2.536248e+00	-5.179873e-01	-5.054295e-01	4.060576e-01	-2.887062e-01	9.227346e-01	2.881794e+00	4.830398e-01	1.652509e-01	1.498679e+00	6.206648e-01	1.297518e+00	6.547141e-01	1.184013e+00	2.835543e+00	8.671375e-01	-6.423785e-01	4.083021e-01	2.961923e-01	1.518472e+00	1.703466e+00	3.420940e+00	-5.286308e-02	9.933202e-01	-6.407306e-01	-2.237235e-02	5.020356e-01	1.176883e+00	-7.381269e-01	-1.029935e+00	1.434684e+00	4.578294e-01	1.715059e+00
-2.156357e-01	-1.656890e-01	-1.466232e+00	-1.534167e+00	-1.157238e-01	6.670815e-01	9.619460e-02	1.999305e+00	8.171604e-01	1.282631e+00	2.611317e-01	1.836058e+00	-6.232842e-01	1.904669e+00	1.323016e+00	2.107649e-01	2.594228e+00	1.525523e+00	2.472698e-01	-3.200675e-01	6.722237e-01	4.519409e+00	1.583961e-01	-5.705290e-01	3.168877e-01	-7.915502e-01	1.127569e+00	-2.146881e+00	8.939711e-01	9.381060e-01	-1.094178e+00	-2.835403e+00	4.501026e-01	2.779264e-01	7.218995e-01	1.317146e+00	1.216088e+00	1.317869e+00	2.265819e+00	4.078370e+00
7.564067e-01	3.957096e-02	2.210064e+00	5.563470e-01	-3.927698e-02	1.482114e-01	6.826437e-01	7.831630e-01	-1.007680e+00	1.245878e+00	-5.995080e-01	-2.907823e-01	-1.402734e-01	-5.562334e-01	1.195104e+00	1.520605e+00	-1.471560e+00	7.859600e-01	-1.621365e-01	2.486650e+00	5.394105e-01	-7.743125e-01	2.271742e+00	1.365605e+00	1.324870e+00	-9.967945e-02	2.116840e+00	1.604295e+00	1.061505e+00	1.294129e+00	2.959284e-01	1.643152e-01	6.874791e-02	3.706644e-01	1.361686e+00	-6.923800e-03	1.462212e+00	1.697853e+00	2.586624e-01	6.596704e-01
3.617233e-01	-3.412375e-01	3.611513e+00	1.284525e+00	4.498926e-01	3.766336e-01	1.715116e+00	-1.851819e-01	-9.507325e-01	5.840770e-01	2.415190e-01	-1.188862e+00	1.311937e+00	1.108405e-01	4.395136e-02	1.014596e+00	-5.335791e-01	4.192665e-01	1.395755e+00	4.128467e-01	1.543527e+00	-1.697171e+00	1.016429e+00	2.293902e+00	4.170539e-01	-1.052014e+00	1.379015e+00	3.567033e+00	2.497392e+00	9.006186e-02	1.804700e+00	1.708808e+00	-1.105737e+00	-1.597387e-01	2.744640e-01	9.140237e-01	1.176077e+00	2.193499e+00	-8.636539e-01	-1.753271e+00
3.671975e-01	-8.470270e-01	1.315018e+00	7.322045e-01	4.943299e-01	-1.065143e+00	5.790340e-01	2.370633e-01	1.631997e-02	5.068764e-01	-9.894232e-01	1.327701e+00	-1.565818e-01	6.648968e-01	-2.538522e+00	2.222695e+00	-1.401404e+00	1.878522e+00	-1.535039e-01	5.107251e-01	1.610487e+00	6.245669e-01	2.793078e-01	-2.464522e-01	4.541838e-01	-2.693227e-01	2.136869e+00	1.711140e+00	3.317263e+00	1.447932e+00	1.866007e+00	-1.677315e+00	-1.086925e-01	3.235471e-01	2.690741e+00	-7.905869e-01	2.389021e+00	4.422813e+00	1.999403e+00	1.604228e+00
-8.111992e-02	6.280451e-01	8.101365e-01	-1.204669e+00	2.731451e-01	7.276223e-01	-3.648188e-01	1.532220e+00	-9.236731e-01	-1.128920e-01	8.088062e-01	7.210459e-01	-8.993844e-02	4.619340e-01	1.618643e+00	-8.070639e-02	1.664549e+00	1.040585e+00	6.736892e-01	-4.256806e-01	1.415918e+00	3.592821e+00	6.077969e-01	-1.773691e-01	6.084247e-01	-6.506237e-02	1.496833e+00	6.527152e-01	1.643344e+00	1.243085e+00	7.696682e-01	-5.208552e-01	-1.449821e+00	1.624239e+00	5.808083e-01	-3.379763e-02	-3.362124e-01	1.843694e+00	1.633706e+00	2.239829e+00
4.907066e-01	6.615700e-01	1.834217e+00	5.641881e-01	4.010467e-02	-7.946818e-02	2.553627e+00	6.628308e-01	6.184268e-01	-3.297896e-01	-7.434766e-04	-1.721466e+00	-2.663592e-01	1.423906e+00	1.073962e-01	-6.847744e-01	-3.702377e-01	6.549115e-01	1.350862e+00	1.228055e+00	1.702203e+00	1.064649e+00	1.880516e+00	1.843780e+00	1.764504e+00	-5.680726e-01	1.523306e+00	-1.816146e-01	9.469869e-01	1.018726e+00	3.393078e-01	-7.278950e-01	-8.523869e-01	-4.174308e-01	1.462063e+00	-9.301196e-01	1.548089e+00	2.390761e+00	1.558427e+00	1.906117e+00
1.978336e+00	-8.887753e-01	1.688285e+00	2.030225e+00	1.334792e-01	2.959754e-01	3.818773e-01	1.018542e+00	-4.172416e-01	2.101484e+00	-2.907037e-01	1.085150e+00	3.253739e-01	-5.525566e-01	3.206050e-01	5.270327e-01	-1.125022e+00	5.017305e-01	8.628812e-01	6.214016e-01	7.263981e-01	-9.223365e-01	6.186748e-01	7.364646e-01	1.447361e+00	-1.203087e+00	1.946898e+00	1.162065e+00	-1.490128e-01	1.991100e+00	1.933993e+00	1.020758e+00	1.064961e+00	-3.949925e-01	-3.582319e-02	8.308756e-01	1.481912e+00	3.088574e+00	1.196409e+00	-2.477105e-01
-2.087261e-01	3.252893e-01	6.878230e-01	4.575850e-01	6.938696e-01	-3.746365e-01	5.475485e-01	1.652506e+00	1.064882e-01	2.066283e+00	-9.192506e-02	-1.737203e-01	-1.109625e-01	1.466275e+00	7.899052e-01	-4.612748e-01	1.019439e+00	1.762638e-01	1.300672e+00	1.923962e+00	5.353127e-01	1.472314e-01	1.358653e+00	5.603103e-01	8.333288e-02	1.561108e+00	2.016048e-01	-4.652985e-02	3.106298e-01	1.497427e+00	-1.193446e-01	1.591397e-01	-4.315485e-02	-4.506464e-01	2.050604e+00	1.207504e+00	1.528690e+00	9.917467e-01	6.955799e-02	1.013880e+00
6.005155e-01	-8.517056e-01	4.462461e-01	-5.857556e-01	-6.882566e-01	7.380934e-01	9.693495e-01	2.373931e+00	3.305284e-01	1.291358e+00	1.407214e+00	4.110453e-03	2.517146e-01	-1.247082e-01	1.092838e+00	8.896852e-02	2.128950e+00	-1.592325e-01	2.167084e+00	3.938966e-02	9.098288e-03	2.003073e+00	8.324025e-01	-3.220259e-01	1.529285e+00	9.869873e-01	1.110807e+00	-4.318559e-01	2.003667e+00	1.039150e+00	-3.003233e-01	-5.952642e-01	-2.014475e+00	7.638015e-01	8.053263e-01	7.631620e-01	1.118063e+00	7.492449e-01	1.165127e+00	1.404667e+00
5.614722e-01	-5.313779e-01	-9.347577e-02	1.009534e+00	6.302965e-01	5.696825e-03	1.233671e+00	2.762876e-01	9.816752e-01	1.032318e+00	-8.184372e-01	2.261224e+00	-8.579578e-01	7.752641e-01	-1.674722e+00	1.777239e+00	-1.737527e+00	1.641473e+00	-3.797188e-01	7.732866e-01	1.360126e+00	1.205580e+00	1.083169e+00	-1.294072e-01	-3.660305e-02	-7.574348e-01	1.865192e+00	-2.120820e-01	2.864722e+00	9.931765e-01	1.937635e-01	-1.563952e+00	-9.437961e-01	-2.120024e-02	1.915206e+00	6.625272e-01	2.839373e+00	4.318962e+00	2.694951e+00	1.712494e+00
2.733341e-01	-4.611794e-01	9.051746e-01	2.260165e-01	1.328536e+00	1.769545e+00	4.919110e-02	5.862324e-01	-8.934617e-01	2.228450e-01	-2.498058e-01	-4.306838e-01	1.252116e-01	2.856322e-01	8.000657e-02	8.770573e-01	-2.993551e-01	-2.939711e-01	4.092231e-01	-1.924561e-01	2.097277e+00	1.095023e+00	1.411868e+00	1.227799e+00	5.408246e-02	-2.638825e-01	1.562202e+00	1.504039e+00	1.211186e+00	2.433956e-01	2.631712e-02	7.057640e-01	-1.250444e-01	-3.973325e-01	-9.975352e-01	1.929618e+00	2.045623e+00	1.524564e+00	7.032072e-01	1.625983e+00
1.026605e+00	1.360440e+00	1.739259e+00	1.961470e+00	6.797327e-01	3.137709e-01	1.575057e+00	8.834679e-01	-7.552420e-01	7.806480e-01	2.482005e-01	4.623294e-01	8.755076e-01	6.050060e-01	-1.336080e-01	1.331333e-01	-6.643352e-01	6.261724e-01	1.133021e+00	5.091739e-01	9.633620e-02	-7.304863e-01	9.607770e-01	8.277736e-01	1.984504e+00	-2.592241e-01	2.850116e-01	-1.530442e-01	5.647074e-01	1.712797e+00	1.750698e+00	5.213643e-01	-1.600948e+00	3.422434e-01	2.194249e+00	-1.423874e-01	6.137264e-01	3.509897e+00	6.588753e-01	6.407333e-01
-1.991317e-01	-1.887174e-01	8.076037e-01	-1.860073e+00	3.036303e-01	4.360376e-01	5.294199e-02	2.674401e+00	-2.200995e-01	5.026012e-01	3.239571e-01	6.995607e-01	-3.039104e-01	1.076638e+00	1.439164e+00	-1.702614e-01	1.530131e+00	1.074874e-01	4.745194e-01	1.818582e-01	2.368506e+00	3.288001e+00	1.148749e+00	-8.102579e-01	2.175526e-01	3.083373e-02	7.386447e-01	1.102004e+00	1.761620e+00	1.106117e+00	4.954008e-01	-3.445286e-01	-6.395020e-01	7.125400e-01	8.625843e-01	-3.442526e-01	6.065158e-01	1.369807e+00	6.185885e-01	2.900090e+00
5.938687e-01	1.076639e+00	1.342384e-01	1.095606e-01	6.888687e-01	5.068318e-01	4.174758e-01	1.384002e+00	-5.927090e-01	9.150763e-01	-1.159445e-01	6.086102e-01	2.537720e-01	7.148290e-01	8.846213e-01	6.708101e-01	9.041625e-01	3.242850e-01	8.416878e-01	-2.708589e-01	5.973213e-01	1.812227e+00	1.420327e+00	7.784238e-01	4.099684e-01	-7.591511e-01	7.284981e-01	-6.226740e-02	3.030109e-01	1.308547e+00	1.743298e-01	-5.704447e-01	2.811777e-01	-4.813881e-01	1.310401e+00	1.755567e+00	1.148252e+00	1.669642e+00	7.867787e-01	1.459542e+00
-1.033009e+00	1.266280e+00	4.692637e-01	1.083620e+00	1.708741e+00	1.065171e+00	2.246725e-01	-3.273351e-01	-1.052499e-01	2.804286e-01	8.361539e-01	1.215144e+00	1.405979e+00	1.029417e+00	-6.293996e-01	-7.892637e-01	6.008576e-01	9.724512e-01	1.224043e+00	-5.931574e-01	1.697775e+00	1.948922e+00	9.253375e-02	1.116680e+00	1.977752e-01	3.110129e-01	1.291266e-01	-2.890593e-01	-1.291623e-01	1.137887e-01	-1.096373e+00	-1.044598e+00	3.452975e-01	7.746407e-01	7.070915e-01	1.463842e+00	2.042338e+00	1.253127e+00	8.010670e-01	2.333985e+00
-1.636768e-01	6.721860e-02	6.195798e-01	-6.797314e-01	1.621665e-01	7.275139e-01	-6.165391e-01	1.906443e+00	-5.320335e-01	7.841007e-01	-9.220624e-02	1.453905e-01	1.589951e-01	1.408664e+00	1.287928e+00	2.772083e-01	1.036190e+00	-4.350619e-01	1.239525e+00	9.560211e-02	1.669138e+00	3.378526e+00	1.425833e+00	-7.488547e-01	-4.535436e-02	-9.915310e-01	1.505212e+00	8.434638e-01	1.290392e+00	8.931430e-01	8.257069e-01	-1.031471e+00	9.399658e-01	8.551249e-01	4.230313e-01	5.879617e-01	1.164659e+00	1.203293e+00	1.744088e+00	3.881541e+00
6.656222e-01	5.642640e-01	9.107401e-01	9.674414e-03	-1.876986e-01	1.400553e-01	1.416341e+00	3.331712e+00	-7.439909e-02	7.039746e-01	-8.032708e-01	3.268237e-01	1.980226e-01	2.917752e+00	3.105818e-01	-5.279332e-01	6.695920e-01	1.516433e-01	1.126695e+00	1.076829e+00	6.403640e-01	1.366799e+00	1.405673e+00	5.791220e-01	9.152714e-01	-2.218422e+00	1.044652e+00	6.461080e-02	1.481324e+00	8.566397e-01	8.513557e-01	-9.669896e-01	5.258580e-01	-1.017710e+00	1.616910e+00	3.614327e-01	1.845949e+00	2.835206e+00	1.080027e+00	2.097605e+00
2.391070e-01	1.042953e+00	9.795273e-01	2.544316e-01	-3.404140e-01	1.210611e+00	-1.161354e-02	-5.172620e-01	-7.366106e-01	-4.524189e-01	3.922705e-01	4.556376e-01	-7.877636e-01	1.529008e+00	1.762680e+00	4.050408e-01	9.720400e-02	8.859018e-01	1.271170e+00	4.830563e-01	1.767416e+00	2.259084e+00	1.491228e+00	8.986126e-01	2.459392e-01	-2.429329e-01	6.550849e-01	4.433087e-01	9.402617e-01	6.069221e-01	3.568156e-01	-1.928080e-01	-1.768205e+00	3.397992e-01	8.898769e-01	2.496395e-01	2.348246e+00	1.328880e+00	6.601662e-01	1.906054e+00
-9.484685e-01	-7.664153e-02	1.231409e+00	8.382374e-01	1.364592e+00	1.058433e+00	-5.221121e-01	7.105743e-02	-1.476686e-01	2.109997e+00	5.630523e-01	1.819155e+00	4.345894e-01	1.199617e+00	-3.395133e-01	7.696310e-01	6.999500e-01	1.911588e+00	1.486301e+00	-7.771035e-01	8.122330e-01	9.219207e-01	-4.306149e-03	-7.407707e-01	-3.942321e-01	6.590576e-01	7.238773e-01	3.930241e-01	4.772302e-01	8.025104e-01	-4.264231e-01	-3.600513e-01	2.062611e+00	7.875977e-01	-3.804178e-02	2.200224e+00	1.420541e-01	6.090282e-01	-4.023074e-01	9.005703e-01
1.381713e+00	-1.343201e+00	2.025257e-01	1.116180e+00	-4.680465e-02	2.417827e-01	2.974717e-01	2.245110e+00	-2.969530e-01	1.832626e+00	1.339582e-01	8.401929e-01	-4.560876e-02	1.609064e+00	2.029331e-01	5.039042e-01	1.292785e+00	1.110233e+00	1.331275e-01	2.370812e-01	4.418220e-01	1.091631e-02	1.179844e+00	7.053117e-01	1.212478e+00	-3.797588e-01	9.363373e-01	1.231611e+00	1.889103e+00	1.363118e+00	1.109357e+00	1.860678e-01	5.583773e-02	-1.848368e-01	1.510677e+00	5.599878e-02	5.468100e-01	2.512011e+00	8.580852e-01	3.853748e-02
1.281846e+00	1.079492e+00	1.975599e+00	2.118998e+00	7.999359e-01	-2.032628e-01	-6.200501e-01	1.275116e+00	-1.440835e+00	2.989383e+00	1.542526e-01	1.512544e+00	4.460172e-01	-7.691240e-01	5.321812e-01	7.140889e-02	-5.349203e-01	4.489899e-01	4.591309e-01	-8.248364e-02	-4.514497e-01	-1.638898e+00	8.605025e-01	-4.865512e-01	-2.663114e-02	8.985711e-01	1.921324e+00	3.676334e-01	-1.129373e+00	9.127061e-01	1.333993e+00	1.953983e+00	1.851411e+00	1.215702e+00	-7.217255e-02	2.554169e+00	1.030276e+00	8.233544e-02	-2.655281e-01	-6.635913e-01
-7.834580e-01	1.331288e+00	1.584844e+00	7.812878e-01	8.532440e-01	6.219706e-01	7.950938e-01	1.172509e+00	-6.046825e-01	9.857879e-01	3.002404e-01	3.213336e-01	6.460968e-01	1.504222e+00	1.765423e-01	-2.323019e-01	4.198186e-01	9.921654e-01	1.521558e+00	-1.105505e+00	1.056583e+00	1.820512e+00	1.174331e+00	-1.632732e-01	1.093716e-01	4.357334e-01	1.101788e+00	-8.011569e-02	1.729479e+00	3.916778e-02	1.359608e-01	-3.260383e-01	7.368765e-01	-8.338820e-02	1.723903e+00	6.864761e-01	2.739943e-01	8.673656e-01	-1.762230e-01	1.419420e+00
7.384475e-02	-4.810302e-01	-4.128887e-01	-5.393220e-01	-8.416649e-01	3.756590e-01	7.988865e-01	3.502633e+00	9.682051e-01	1.081168e+00	1.675260e-01	1.075690e+00	-2.463150e-01	1.761813e+00	9.352560e-01	-1.599123e-01	1.880684e+00	1.224775e+00	1.386216e-01	7.292947e-01	6.199243e-01	2.968713e+00	5.475381e-01	-1.215823e-01	6.866039e-01	-1.348327e+00	2.729156e+00	-5.479872e-01	2.359428e+00	9.445937e-01	-6.820483e-01	-2.332316e+00	6.456123e-02	3.356866e-01	8.864121e-01	-8.703946e-02	3.012814e-01	1.713524e+00	2.171317e+00	3.355104e+00
-7.532638e-01	-8.779354e-01	1.739616e-01	4.594128e-01	6.849017e-01	2.498104e+00	-4.678924e-01	7.268108e-01	3.607354e-01	1.746653e-01	1.420058e-01	6.631936e-01	6.488264e-01	2.995095e+00	2.578781e-01	-1.024981e-01	1.327036e+00	-5.017583e-01	2.551020e+00	-1.073024e+00	2.705501e+00	4.105075e+00	1.072719e+00	-1.229257e-01	1.164512e-01	-2.819107e+00	1.190889e+00	9.889033e-02	2.024062e+00	-1.558743e-01	-3.796100e-01	-1.689125e+00	1.324251e+00	-3.058043e-01	1.353738e-01	1.102468e+00	1.687376e+00	1.394012e+00	2.110300e+00	4.640316e+00
4.386977e-01	2.076632e-02	9.031826e-01	7.415942e-01	-3.197925e-01	6.282204e-01	1.034020e+00	2.069963e+00	-1.287796e+00	3.640351e-01	1.099736e+00	1.042332e-01	1.174617e+00	1.055744e+00	1.632959e-01	7.802060e-01	8.353650e-01	6.680101e-01	8.233248e-02	-3.279388e-01	1.161187e+00	1.055241e+00	6.618891e-01	1.498936e+00	7.590640e-01	-1.776077e+00	1.953743e+00	1.054032e+00	2.755933e+00	4.845430e-02	4.794710e-01	-1.252976e+00	-5.055650e-01	3.065807e-01	7.530962e-01	6.254104e-01	7.355968e-01	2.304493e+00	1.639193e+00	1.045779e+00
1.390626e+00	1.013039e+00	1.270237e+00	-6.195883e-01	9.529847e-01	-1.103590e+00	2.087421e-01	9.417137e-01	2.528313e-01	2.055955e+00	2.603874e-01	1.453855e+00	-7.039095e-01	1.922004e-01	4.603519e-01	-6.665288e-02	8.179130e-01	-3.034689e-01	1.169794e+00	7.650708e-02	3.308053e-01	2.993791e-02	9.571140e-01	3.410279e-01	2.139980e-01	1.638058e+00	4.168616e-01	1.133334e+00	1.272898e+00	1.843865e+00	2.642944e-01	1.269576e+00	-4.290155e-01	7.200865e-01	1.455164e+00	1.414230e+00	6.219510e-01	7.350789e-01	-6.567040e-01	-1.785525e+00
5.274826e-01	-6.869626e-01	8.887478e-01	1.242054e+00	-3.520501e-01	1.750350e-01	6.379264e-01	1.952585e+00	8.508255e-01	2.085300e+00	-1.339887e+00	1.010458e+00	2.847464e-01	5.459306e-01	3.961506e-01	6.038401e-01	-4.754612e-01	7.964585e-01	1.833375e+00	1.919082e+00	-1.830607e-01	1.433577e-01	1.651519e+00	6.874263e-01	1.368060e+00	-8.132010e-01	2.271150e+00	1.163660e-01	6.538090e-01	1.828592e+00	8.771773e-01	-7.132363e-01	1.827724e+00	-3.337549e-01	1.486072e+00	-1.961049e-01	7.397072e-01	2.413013e+00	6.521387e-01	5.062772e-01
-2.316051e-01	1.354129e+00	4.310447e-01	2.155286e-01	1.343394e+00	2.133284e+00	2.999336e+00	8.205266e-01	-8.749724e-01	9.392844e-02	-1.031276e+00	-2.216604e+00	1.161357e+00	4.537584e+00	2.107481e+00	-7.243210e-01	1.217227e+00	-2.666530e-01	1.561823e+00	5.260232e-01	1.431242e+00	1.955820e+00	2.463955e+00	3.010147e+00	-3.851639e-01	-4.417638e+00	1.175056e+00	5.209415e-01	1.006772e+00	-8.928434e-02	2.234368e-01	-4.598352e-01	6.612344e-01	-3.143041e-01	3.551595e-01	1.238645e+00	6.166701e-02	1.163835e+00	1.326710e+00	2.464517e+00
-5.039129e-01	2.200241e+00	4.099622e+00	5.745250e-01	7.758993e-01	2.086141e+00	2.905045e-01	3.062508e+00	-3.059978e+00	1.104041e+00	4.096949e-01	-7.270678e-01	2.807357e+00	4.245716e+00	2.561512e+00	-4.884955e+00	3.648330e+00	-6.960276e-01	2.179150e+00	1.218100e-01	-2.254243e-01	9.090929e-01	1.121857e+00	2.567733e+00	1.526073e+00	-6.189099e-01	-5.392647e-01	9.519099e-01	-1.250942e+00	-6.803808e-02	6.301557e-02	2.435416e+00	1.280135e+00	-9.529304e-01	3.091383e-01	8.861839e-01	-1.194657e+00	-3.326002e-01	-2.502792e+00	1.862296e+00
1.132331e+00	4.125835e-01	-7.836553e-02	9.090450e-01	7.736134e-01	-4.197513e-01	2.913921e-02	7.244760e-01	-1.639389e+00	1.739649e+00	1.748859e+00	1.004127e+00	4.688882e-01	-8.344026e-02	-3.144833e-01	2.518156e+00	-3.446733e-01	2.022284e+00	-1.369039e+00	8.882354e-01	9.429525e-01	-1.443832e+00	4.850117e-01	3.545446e+00	-7.419464e-02	-1.452840e+00	1.267365e+00	2.058632e+00	1.735867e+00	-3.485598e-01	-2.144700e-01	6.258287e-01	1.411325e+00	7.056379e-01	1.412402e+00	-3.423440e-01	1.388748e+00	1.142423e+00	1.676205e+00	-1.198294e+00
2.574434e-01	1.348436e-01	2.213412e+00	7.424223e-01	-1.754697e-01	-1.577903e-01	7.071552e-01	1.004004e+00	-4.405287e-01	1.334992e+00	-3.108914e-01	2.070946e-01	-1.017563e-01	-2.995763e-02	3.264625e-01	1.384391e+00	-4.566427e-02	1.026489e+00	1.104253e+00	8.726984e-01	5.917487e-02	-1.154138e+00	1.791105e+00	1.482693e+00	1.407600e+00	-1.713829e+00	2.157340e+00	1.482769e+00	1.221675e+00	1.696700e+00	1.161909e+00	-2.660837e-02	1.150204e+00	-3.198238e-01	2.130300e+00	5.734567e-01	1.924799e-01	1.219501e+00	3.635778e-01	2.254693e-01
-6.798866e-01	-3.012366e-01	6.957395e-01	3.227598e-01	6.410887e-01	1.559835e+00	3.936979e-01	5.496234e-01	-2.576969e-02	8.164284e-01	6.912391e-01	6.279089e-01	1.813795e-01	1.938442e-01	-4.877801e-01	4.980444e-01	7.268893e-01	1.690581e+00	-4.803962e-01	-8.826515e-01	2.246567e+00	5.626747e-01	9.109622e-01	1.181017e+00	1.270864e+00	-6.727639e-01	2.596996e+00	-2.372615e-02	1.633388e+00	8.699553e-01	-6.831120e-01	-4.136031e-01	-3.029687e-01	6.334776e-01	1.847039e+00	-3.033001e-01	7.424455e-01	1.339725e+00	1.079781e+00	1.979615e+00
-2.790417e-01	6.230311e-01	2.795754e+00	1.599960e+00	1.682958e-02	1.324180e-01	-1.038341e-01	1.162046e+00	-1.434266e+00	2.094359e+00	-8.459488e-01	9.329352e-01	1.025631e+00	-2.180389e-01	6.516021e-01	4.707083e-01	-7.551816e-01	4.273509e-01	1.868002e-01	2.012009e+00	-1.189614e-01	-1.290666e+00	1.564826e+00	9.645682e-01	8.923524e-01	5.615915e-01	2.352507e+00	2.472585e+00	2.092836e+00	3.920282e-01	8.737276e-01	1.447728e+00	1.201141e-01	2.212552e-01	1.838917e+00	-7.400902e-01	9.090380e-03	3.730581e-01	-1.978339e+00	1.601403e-01
2.229793e+00	1.479153e-01	2.097926e+00	2.669135e-01	1.274581e-01	-7.108703e-03	8.444845e-01	3.814408e+00	-1.356987e+00	2.843057e+00	7.074894e-02	4.657899e-01	1.477987e+00	1.833251e+00	8.620262e-01	-1.460654e+00	2.171537e+00	-7.828143e-01	1.151164e+00	8.784025e-02	-5.243927e-01	-1.961510e+00	4.241638e-01	3.237008e+00	2.187496e+00	-2.610113e+00	9.226401e-01	1.392547e+00	1.401453e-01	2.516548e+00	8.618990e-01	1.443368e+00	4.610281e-01	-1.004999e+00	7.849446e-01	9.460734e-01	5.929936e-01	2.045670e+00	9.302902e-02	-5.755063e-01
-4.571184e-01	3.823913e-01	2.555251e+00	9.679525e-01	4.081340e-01	-6.835223e-01	2.596091e-01	2.246435e+00	-9.099055e-01	1.023787e+00	-2.616046e-01	-8.837432e-01	1.426918e+00	1.723246e+00	-7.289899e-02	8.844631e-01	3.455069e-01	-8.632796e-01	1.307708e+00	1.819401e+00	2.034245e+00	-2.909194e-02	1.097143e+00	3.702794e-01	8.298067e-01	1.225747e+00	7.967738e-01	2.558952e+00	1.967394e+00	4.673150e-01	7.555080e-01	4.433222e-01	7.444056e-01	-1.008536e+00	2.184076e+00	-1.181081e+00	1.248738e+00	1.159223e+00	-3.723498e-01	6.998790e-01
2.875871e-02	2.679587e-01	3.062385e+00	1.646248e+00	-1.149438e-01	6.570083e-01	-1.334496e+00	1.280887e+00	-1.635454e+00	1.412727e+00	-1.055516e-01	2.476114e+00	2.917232e-02	9.081146e-01	4.734956e-01	-5.160969e-02	-3.605751e-01	9.173745e-01	8.072992e-01	9.507523e-01	1.157623e+00	-9.819374e-02	1.357974e+00	3.201997e-02	-4.250272e-02	1.189898e+00	1.664834e+00	2.685524e+00	2.416283e+00	-4.848824e-02	-1.546981e-01	1.670148e+00	-7.884664e-01	3.040419e-01	8.853067e-01	5.344234e-01	1.106777e+00	9.731544e-01	-1.367535e+00	-1.041073e-01
1.006329e+00	-1.248331e-01	1.068816e+00	1.630935e+00	1.819057e-01	5.568790e-01	1.400630e-01	2.104546e+00	-1.190882e+00	7.638825e-01	3.950266e-01	5.319337e-01	-1.254476e-01	1.787423e+00	4.997317e-01	-9.110275e-01	6.989057e-01	8.368181e-01	1.074610e+00	6.540574e-01	5.888502e-01	8.260833e-01	1.138302e+00	3.516264e-01	5.030212e-03	-5.413556e-01	7.113273e-01	6.300084e-01	1.157255e+00	1.235261e+00	5.790226e-01	-3.349036e-01	3.670615e-01	3.636371e-01	1.368195e+00	9.757591e-01	2.044339e+00	1.348926e+00	3.553319e-01	1.464111e+00
3.982928e-01	-1.260343e-02	1.095388e-01	-3.541040e-01	1.586815e+00	-2.807506e-02	2.234028e-01	2.720967e+00	-4.485326e-01	1.454910e+00	4.799881e-01	8.624672e-01	2.730067e-01	1.037447e+00	1.009337e+00	-3.726651e-01	9.113626e-01	-6.533120e-01	1.447173e+00	-1.457494e-01	1.026539e-02	1.249557e+00	1.717207e+00	1.270747e+00	2.225817e-01	-1.471066e+00	4.696013e-01	1.135540e-01	1.195175e+00	5.887575e-01	8.947922e-01	-7.587015e-01	2.098730e-01	5.500500e-01	1.668593e+00	7.895437e-01	1.316152e+00	1.521910e+00	1.631650e-01	2.100678e+00
-2.951183e-01	8.393918e-01	2.950941e+00	1.085534e+00	-4.837113e-01	1.979842e+00	1.648516e-01	8.564280e-01	-2.146910e+00	3.129163e-01	-1.614246e-01	1.402203e+00	3.771042e-01	2.456862e-02	8.546144e-01	1.741482e-01	-9.492589e-01	2.451154e+00	-2.115440e-01	1.251676e+00	6.438988e-01	2.334316e-02	9.754434e-01	4.587370e-01	4.261363e-01	-1.041666e+00	2.348260e+00	8.069606e-01	1.561623e+00	2.268053e-01	7.247069e-02	6.863650e-01	-6.239673e-01	6.397389e-01	1.222969e+00	1.060709e+00	1.403191e+00	1.334001e+00	-5.483260e-01	1.354160e+00
-2.299008e+00	1.511300e+00	-2.592893e+00	-2.546987e+00	1.258007e+00	-2.680865e+00	-5.759579e-01	9.512998e+00	-1.106591e+00	7.553353e+00	-6.356102e-01	1.394344e+00	1.014070e+01	-1.919202e+00	-1.532005e+00	6.888262e+00	4.337319e+00	-2.338902e+00	-1.049303e+00	4.986897e-01	-4.366841e+00	-6.642513e+00	4.785420e+00	-8.966182e-01	2.623272e+00	8.738621e+00	2.293757e+00	1.933075e+00	3.707868e+00	7.626127e-02	7.476727e-01	3.592781e+00	-1.638905e+00	-8.159413e-01	3.938717e+00	6.049451e-01	-1.983401e+00	-5.039941e+00	-4.659605e+00	-4.843818e+00
-7.213602e-01	1.653129e+00	3.810786e-01	-1.417817e+00	1.584410e+00	1.035338e+00	1.149089e-01	1.862000e+00	2.009738e-01	1.495052e+00	-1.644411e+00	1.317694e+00	2.463523e-01	1.427866e+00	1.500518e+00	-2.215163e-01	6.312455e-01	6.267629e-01	9.446705e-01	-1.151799e+00	7.350590e-01	1.489769e+00	1.685914e+00	1.039335e-01	-2.910416e-02	-1.015072e+00	1.217830e+00	-1.903591e+00	-3.191054e-01	1.216830e+00	4.782834e-01	-7.209749e-01	1.016407e+00	-2.433592e-01	2.004588e+00	3.587204e+00	1.750811e+00	1.410733e+00	-1.083868e+00	2.104578e+00
3.598822e-01	3.289274e-01	3.866115e+00	2.068160e+00	9.579967e-01	-8.813072e-01	-4.155449e-01	1.914274e+00	-1.567254e+00	1.666847e+00	-4.264194e-01	1.078591e+00	4.194961e-01	1.100499e+00	3.404922e-01	-6.903238e-01	-5.594029e-01	1.686527e-02	9.097823e-01	1.675468e+00	1.171082e+00	-1.334299e+00	2.009834e+00	4.033715e-01	5.312962e-01	4.960176e-01	5.675346e-01	2.689991e+00	1.243756e+00	1.005610e+00	1.488938e+00	1.342878e+00	3.372381e-01	1.640456e-01	2.526704e+00	-3.318201e-01	6.351711e-01	1.804683e+00	-9.797464e-01	-1.496566e-01
7.882546e-01	5.542314e-01	-1.204754e+00	1.583896e+00	4.584263e-02	-9.313985e-02	1.142791e+00	-5.953577e-01	4.668297e-01	9.698362e-01	1.584445e-01	1.256296e+00	-7.914803e-01	7.366894e-01	-9.345569e-02	2.412047e+00	-1.665910e+00	1.641234e+00	-1.143315e+00	2.188786e+00	1.273863e+00	1.002918e+00	9.289528e-02	7.139132e-01	-1.341551e+00	2.798705e-01	1.941323e+00	5.564113e-01	3.151740e+00	-8.896005e-01	2.198922e-01	-9.848373e-01	1.147726e-01	9.754942e-01	7.659256e-01	2.649706e-01	2.650490e+00	2.809957e+00	3.422732e+00	-4.732489e-02
-3.218253e-01	-3.115012e-01	1.396178e+00	-1.393088e-01	6.402054e-01	1.903349e-01	7.336341e-01	1.594515e+00	-6.204901e-01	1.823670e+00	-6.063390e-01	1.332082e-01	2.158909e-01	1.923074e+00	6.991164e-01	9.705829e-01	3.582878e-01	9.285833e-01	8.796521e-01	7.135617e-01	1.056939e+00	2.782672e-01	9.850366e-01	9.782177e-01	-5.628563e-01	-2.523072e+00	1.617741e+00	5.687870e-01	5.567313e-01	8.649238e-01	1.281220e+00	-6.239649e-01	2.119020e+00	2.750093e-01	1.224776e+00	1.167131e+00	1.539360e+00	1.736213e+00	6.983121e-01	1.233553e+00
5.860147e-01	1.130332e+00	1.108270e+00	1.557250e+00	-1.643121e-01	1.515572e+00	-6.370102e-01	1.744416e+00	-9.690698e-01	7.173002e-01	7.434424e-01	1.872235e+00	1.399496e-01	9.905919e-01	8.285991e-01	-6.589750e-01	4.458696e-01	1.300835e+00	9.550911e-01	-2.091902e-01	8.271999e-01	1.839544e+00	9.113379e-01	-3.854178e-03	3.168414e-01	-1.412124e+00	2.150986e+00	1.747619e-01	1.125042e+00	1.142622e-01	-3.096239e-01	5.770019e-02	-5.611482e-01	9.516977e-01	-6.080044e-02	1.176730e+00	5.992845e-01	1.207423e+00	1.411116e+00	2.889655e+00
1.558110e+00	-4.832181e-01	1.821018e+00	7.048700e-01	5.055639e-01	-2.408077e-01	1.529888e+00	1.173703e+00	-1.108581e+00	5.672268e-01	-6.532765e-02	-2.347348e-01	1.843353e-01	1.008448e+00	2.139348e-02	-8.764695e-02	1.586218e-01	4.058197e-01	9.030575e-01	2.887773e-02	4.856461e-01	3.369423e-01	1.250387e+00	1.624815e+00	7.641074e-01	-2.066378e+00	1.287108e+00	1.013370e+00	1.203487e+00	1.743434e+00	1.156723e+00	-9.837346e-01	1.227929e+00	-7.874917e-02	7.902498e-01	1.691244e+00	1.929814e+00	3.232857e+00	1.458016e+00	-1.072647e-01
-1.648696e+00	-4.658241e-01	7.996828e-01	-2.193349e-01	1.529564e+00	1.320874e+00	6.762311e-01	6.461851e-01	-1.010660e-01	7.481281e-01	-1.005315e+00	9.366088e-01	1.202758e+00	1.515694e+00	-7.636937e-01	1.527452e+00	1.468001e-01	1.962428e+00	-1.370021e-01	8.278094e-01	9.434672e-01	1.395482e+00	1.407063e+00	1.120424e+00	1.932717e-01	-1.551474e+00	1.803121e+00	9.294041e-01	1.720340e+00	2.611219e-01	-3.948559e-01	-9.369242e-01	1.976105e+00	-9.658638e-01	1.264571e+00	1.206227e+00	5.246614e-01	1.815381e+00	3.478113e-01	1.611225e+00
-8.961220e-01	-2.737210e-01	-6.194454e-01	8.107284e-01	7.110641e-01	1.636773e+00	2.449960e-02	3.824073e-01	-1.560904e+00	9.068537e-01	3.848001e-01	9.310007e-01	9.929042e-01	1.545891e+00	-5.108759e-01	1.554839e+00	1.655990e+00	3.271099e+00	-1.469580e+00	-3.020942e-01	3.732479e-01	2.355031e+00	9.949203e-01	1.083117e-01	5.989996e-02	-2.185238e-01	1.922255e+00	1.195091e-01	1.894463e+00	1.829583e-01	-7.258944e-01	-1.017316e+00	7.393225e-01	3.517810e-01	1.435437e+00	9.730949e-01	3.011373e-01	4.284950e-01	9.736947e-01	2.505031e+00
-3.970880e-01	3.557025e-01	1.065698e+00	-1.475610e-01	5.473559e-01	7.134408e-01	2.686913e-01	3.589703e-01	-6.766269e-01	1.395420e-01	3.363914e-01	-6.117775e-01	4.507568e-01	1.643008e+00	7.613567e-01	1.669028e+00	-6.627786e-02	6.948836e-01	1.083675e+00	7.974167e-01	1.878571e+00	3.648553e-01	8.965620e-01	1.793169e+00	-7.116965e-01	-1.066255e+00	8.347172e-01	2.969640e+00	2.404006e+00	-1.181505e+00	1.762383e+00	5.187103e-01	1.131460e+00	-2.224026e-01	7.913147e-01	3.811415e-01	1.794255e+00	1.511239e+00	-4.825911e-02	-3.196044e-02
5.335099e-01	-9.384210e-01	1.494730e+00	1.146926e+00	-4.889009e-02	1.634391e-01	8.645456e-01	2.254437e+00	-8.021331e-01	1.361981e+00	-6.452319e-01	-8.245980e-01	1.039179e+00	1.833636e+00	-2.907244e-01	6.360243e-01	1.030672e+00	7.426345e-01	8.196953e-01	4.462445e-01	1.005151e+00	-5.774808e-01	9.291121e-01	1.145244e+00	7.458119e-01	-5.074709e-01	1.708457e+00	1.573451e+00	1.425964e+00	1.752932e+00	1.599602e+00	2.174749e-01	3.117807e-01	-9.754823e-01	2.300013e+00	3.840094e-01	8.843424e-01	2.089112e+00	2.970416e-01	5.313414e-01
5.302949e-01	1.121776e+00	7.417617e-01	2.013072e+00	2.487795e-01	5.068945e-01	8.711246e-01	3.719085e-01	-1.218948e+00	1.372231e+00	3.214765e-01	9.783004e-01	2.754205e-01	2.132572e-01	6.522919e-02	1.039029e+00	-8.654492e-01	1.198332e+00	5.975051e-01	9.970994e-01	-5.369218e-01	-3.133719e-01	1.439844e+00	9.298498e-01	6.135496e-01	-6.430077e-01	1.557161e+00	5.340264e-01	9.543543e-01	4.370349e-02	-4.205904e-02	7.499641e-01	1.454082e+00	1.730172e-01	1.219005e+00	1.016295e+00	1.503361e+00	3.380505e-01	1.541572e-01	2.814448e-01
-7.674347e-02	9.565241e-02	7.503174e-01	1.960398e-01	7.704393e-01	9.893634e-01	4.334432e-01	6.029911e-01	1.470497e-01	9.371265e-01	-1.164655e+00	1.788493e+00	-2.825987e-01	1.815024e+00	-1.206194e+00	7.094911e-01	-2.036873e-01	1.333151e+00	2.159866e-01	2.526968e-01	1.161017e+00	1.623428e+00	1.636664e+00	6.719367e-01	5.771746e-01	-1.294221e+00	1.631770e+00	4.553844e-01	1.970381e+00	1.259944e+00	-3.183893e-01	-4.445084e-01	2.281782e-02	-1.797627e-01	1.717584e+00	-1.341803e-01	1.668004e+00	2.645713e+00	1.099971e+00	2.412896e+00
1.082258e+00	-6.786777e-01	6.884237e-01	1.848779e+00	1.236320e+00	-8.919106e-01	7.839323e-01	1.895262e-01	5.641536e-01	1.711859e+00	-2.885081e-01	2.181691e+00	1.240509e-01	-2.998423e-01	-1.118262e+00	1.623112e+00	-1.823628e+00	1.181752e+00	1.208328e-01	1.026513e+00	1.287890e+00	-8.241741e-02	-1.959252e-01	-1.241455e-01	1.103343e+00	-1.271705e-01	7.455419e-01	1.059628e+00	8.240914e-01	2.156669e+00	1.678005e+00	-4.149919e-01	9.320006e-01	-3.188670e-01	1.270453e+00	-2.079050e-01	1.378107e+00	4.752684e+00	2.655299e+00	4.496961e-01
7.032184e-01	3.539549e-01	2.428022e+00	-3.367532e-01	-3.847444e-01	-1.533850e+00	-1.411018e-01	4.171523e+00	-9.507794e-01	1.271300e+00	-1.896314e-02	1.188090e+00	-3.925375e-01	2.286605e+00	1.014101e+00	-2.049424e+00	1.158555e+00	-9.540119e-01	2.015309e+00	1.115057e+00	2.560764e-02	1.212432e+00	1.686567e+00	-1.900471e-01	5.331063e-01	8.278093e-01	2.175604e-01	1.260364e+00	1.956102e+00	1.341209e+00	1.445499e+00	4.185394e-01	4.172429e-02	6.033145e-01	3.294626e+00	-8.751709e-01	8.916673e-01	9.709152e-01	-1.311572e+00	1.064151e+00
1.044776e+00	-1.281954e-01	2.159161e+00	2.052985e+00	2.781745e-01	9.413314e-01	1.147862e+00	7.683284e-01	-3.670031e-01	1.738820e+00	-6.860998e-01	7.388613e-01	1.239292e-01	-4.724238e-02	1.026388e-01	5.093762e-04	-9.908127e-01	1.042477e-01	1.979421e+00	6.458151e-01	-1.498123e-01	-6.050769e-01	1.776854e+00	1.378495e+00	6.267113e-01	-1.270399e+00	2.656458e+00	1.161239e+00	9.257978e-01	1.397574e+00	8.106178e-02	8.514457e-01	1.031124e+00	4.547799e-01	-6.666534e-02	9.217888e-01	1.196033e+00	1.260829e+00	-7.884593e-02	6.049743e-01
1.593080e+00	1.961381e+00	-2.422899e-02	1.003583e+00	1.152809e+00	-8.472489e-01	1.326318e+00	6.976445e-01	4.694674e-01	1.106772e+00	7.150801e-01	2.446130e-01	-2.448038e-01	1.192531e+00	4.819084e-01	-1.125787e+00	4.989555e-01	-1.248302e+00	2.434344e+00	-6.704682e-01	2.301936e-01	9.267433e-01	9.745428e-01	9.441112e-01	4.843275e-01	3.867556e-01	-3.757834e-01	-2.585646e-01	-1.166155e-01	1.126680e+00	1.076233e+00	1.105770e+00	-6.562650e-01	9.152929e-01	1.105505e+00	1.188271e+00	1.393838e+00	1.372949e+00	1.218291e+00	7.136655e-01
-9.812683e-01	1.785278e+00	2.115337e+00	3.806150e-01	-1.257620e+00	9.158028e-01	-9.219751e-01	1.549632e+00	-1.226168e+00	2.697705e-01	-2.508001e-01	1.746746e+00	5.323736e-01	2.025999e+00	4.500779e-01	-9.702282e-01	1.252633e+00	8.444688e-01	1.669840e+00	6.627443e-01	1.687706e+00	2.731718e+00	9.753275e-01	4.279892e-02	5.355883e-01	-4.387462e-02	1.261919e+00	5.979888e-01	3.127615e+00	4.413884e-01	-5.755605e-01	-6.879366e-01	-1.028092e+00	-2.705820e-02	3.440679e+00	6.122211e-01	1.101248e+00	1.546896e+00	-1.757539e-01	1.899855e+00
2.019421e+00	-5.229590e-01	4.772184e+00	-1.328084e+00	3.652806e+00	-2.772635e+00	2.351599e+00	4.300955e+00	8.841974e-01	1.040088e+00	-6.061400e-01	2.555650e-01	5.428472e+00	-1.922441e+00	-3.671202e-01	1.209487e+00	3.386283e+00	-2.260723e+00	2.027489e+00	-2.378037e+00	-1.207702e+00	-3.716989e+00	3.633192e-01	2.849672e+00	-1.007832e-01	-8.552184e-01	3.408085e+00	-4.332389e-01	-8.241089e-01	4.562338e+00	1.973252e+00	-2.179673e+00	-6.887700e-01	3.230481e-01	-1.147060e+00	3.380102e+00	9.007331e-01	7.746789e-01	-8.313037e-01	-3.395955e+00
7.684776e-01	-6.919827e-01	1.594539e+00	-2.532167e-02	-4.219840e-01	-5.153120e-01	7.277526e-02	3.396192e+00	1.559838e-01	7.177407e-01	1.332802e-01	-4.209796e-01	9.686057e-02	1.650340e+00	2.652180e-01	-7.584403e-01	9.448934e-01	-7.842292e-01	1.912597e+00	1.345771e+00	1.267769e+00	9.254819e-01	1.380937e+00	3.836894e-01	5.044704e-01	-8.300184e-02	1.670697e+00	1.469436e+00	1.879880e+00	1.495570e+00	7.393458e-01	-7.357873e-01	4.313863e-01	-1.333803e-02	1.810122e+00	6.426008e-02	1.756473e+00	1.167971e+00	2.239269e-01	1.558762e+00
-7.425376e-01	8.176924e-01	1.045190e+00	2.645387e-01	5.492883e-01	1.077732e+00	1.167866e+00	7.206772e-01	1.786048e-01	2.076102e+00	-2.140667e-01	1.432302e+00	-8.521904e-02	-3.378554e-03	6.784394e-01	4.217166e-01	8.888393e-01	2.117325e+00	2.226476e-01	1.195434e+00	-5.947947e-01	9.316109e-01	8.120706e-01	-1.403176e-01	9.708100e-02	1.008261e+00	1.946122e+00	-3.243103e-01	1.283378e+00	3.952259e-01	-4.776912e-01	8.453941e-01	-1.105080e+00	6.559080e-01	1.052941e+00	7.164213e-01	-8.653225e-01	6.087862e-01	2.568809e-01	1.349577e+00
-3.778201e-01	1.533514e-01	1.249285e+00	-9.399270e-01	5.187638e-01	-1.219016e-01	-3.961075e-02	1.293321e+00	-9.373611e-01	5.275894e-01	-2.160566e-02	2.631073e-01	1.922419e-01	2.065449e+00	-1.240498e-02	1.412821e+00	6.307231e-01	1.516917e+00	-3.707662e-01	1.635476e+00	9.357646e-01	3.315364e-01	1.333062e+00	1.852775e+00	6.439165e-01	-3.428787e-01	6.614590e-01	1.849335e+00	2.416070e+00	5.240377e-01	8.316410e-01	-9.931373e-01	6.982992e-01	-2.235893e-01	3.181986e+00	-1.430800e+00	1.537481e+00	1.454963e+00	3.570275e-01	1.143562e+00
2.859977e-01	1.463284e-01	-6.215672e-01	1.141285e+00	-3.456049e-02	7.272154e-01	-2.344397e-01	2.927722e+00	9.335430e-01	2.244212e+00	9.031349e-01	1.280529e+00	-5.353921e-01	9.879095e-01	1.288808e+00	-2.981071e-01	1.541294e+00	7.578720e-01	1.623884e+00	3.827422e-01	-3.928215e-01	2.139140e+00	1.264263e+00	-9.645685e-01	3.590153e-01	7.957134e-01	1.827736e+00	-1.322064e+00	8.059325e-01	8.129006e-01	-6.926352e-02	-3.541851e-01	5.095060e-01	1.052258e+00	3.663277e-01	2.559554e-01	-9.145386e-01	3.153700e-01	2.097532e+00	2.302192e+00
4.108107e-01	3.388308e-01	3.358973e+00	-1.082876e+00	5.598679e-01	2.801598e-01	2.115315e-01	3.793962e+00	-1.539876e+00	1.194856e+00	1.790505e-01	4.647336e-02	1.744145e+00	2.598349e+00	7.541851e-01	-3.195371e+00	2.909854e+00	-8.506218e-01	1.948869e+00	-1.658655e+00	-1.543414e-01	1.336827e-01	2.100421e+00	2.810962e+00	2.671845e+00	-1.420539e+00	9.795599e-01	1.841785e+00	4.531909e-01	1.680734e+00	1.085755e+00	1.687739e+00	-1.068375e+00	5.249265e-01	2.054936e+00	2.884589e-01	-8.435763e-01	1.447298e+00	-1.719568e+00	1.743913e+00
5.158158e-01	-1.689691e-01	1.181953e+00	-4.046085e-01	-2.104674e-01	1.235915e+00	1.192490e+00	-1.087549e-01	1.325900e-01	-5.020864e-01	7.291361e-01	2.063267e-01	3.416219e-01	-1.248976e-01	7.155527e-02	1.368726e+00	4.774916e-01	1.595305e+00	1.058527e+00	3.942524e-02	1.658991e+00	1.010538e+00	2.789167e-01	1.586179e+00	1.562979e+00	-1.193801e+00	1.028472e+00	1.454150e+00	2.141103e+00	6.032500e-01	5.033285e-02	9.986920e-02	-1.364736e+00	2.906270e-02	7.511321e-01	9.981072e-01	1.067884e+00	2.601873e+00	1.162316e+00	-6.433393e-02
-4.440765e-02	1.079059e+00	2.562472e+00	8.809715e-01	-7.523816e-01	-1.150804e-01	6.249897e-01	1.759138e+00	-5.270614e-01	-3.665092e-01	7.611384e-01	6.958977e-01	6.198144e-01	1.569166e+00	3.376920e-01	-4.904465e-01	9.749380e-01	1.312165e+00	8.244856e-01	1.161020e+00	1.335121e+00	1.548640e+00	3.715801e-01	4.406044e-01	1.310114e+00	5.652462e-02	1.227270e+00	1.141753e+00	1.934258e+00	1.302569e+00	-3.008285e-02	-1.054946e+00	-1.254474e+00	-1.952212e-01	2.004914e+00	-2.093836e-01	3.801380e-01	2.065601e+00	1.015491e+00	5.690087e-01
5.507607e-01	-7.527567e-01	1.950007e+00	-6.064292e-01	8.881014e-01	1.123539e-01	8.769018e-01	-8.250920e-02	-3.663903e-01	9.615903e-03	-5.822814e-01	1.365801e+00	-7.019433e-01	2.165383e-01	-6.044654e-01	1.203510e+00	-1.348886e+00	6.308454e-01	1.115946e-01	1.383071e-03	1.542921e+00	1.715353e+00	4.798434e-01	-6.168476e-01	5.294320e-01	5.275682e-01	1.321846e+00	1.130463e+00	2.783673e+00	8.686344e-01	1.797602e+00	3.188900e-01	-1.364497e+00	6.788665e-01	1.432241e+00	-6.124163e-01	2.085238e+00	2.730544e+00	7.327967e-01	1.293464e+00
-7.109882e-01	2.973256e-01	2.294379e+00	4.775527e-01	1.154295e+00	1.013518e+00	-8.463559e-01	1.667980e+00	-4.342894e-01	5.260972e-01	9.094658e-02	2.141433e+00	-2.691679e-01	2.683104e+00	-9.792760e-02	-6.136675e-01	8.061771e-01	2.110772e+00	1.264340e+00	1.410789e-01	1.227233e+00	1.294711e+00	1.432787e+00	-2.727617e-01	-1.090160e-01	5.089879e-01	3.555590e-01	-1.512692e-01	1.273151e+00	7.218345e-01	2.092434e-01	1.525103e-01	2.512179e-01	-2.204040e-01	2.617175e+00	1.321413e+00	2.601549e-01	1.327578e+00	-1.849457e+00	4.993885e-01
1.264170e-01	4.790691e-01	1.985286e+00	9.689898e-01	4.293434e-03	1.094384e+00	-2.828737e-01	3.924347e-01	-1.553894e+00	2.416549e+00	1.093271e-01	1.787962e+00	-6.110401e-02	-1.030382e+00	9.129451e-01	6.550987e-01	6.166872e-01	1.140807e+00	4.509885e-01	4.727653e-03	1.021488e-01	2.519360e-01	1.354408e+00	-5.890110e-01	9.133810e-01	1.566670e+00	1.175260e+00	1.344677e+00	1.043289e+00	1.575770e+00	8.174403e-01	1.695686e+00	-2.188899e+00	3.368836e-01	7.458871e-01	8.986045e-01	9.321942e-02	8.041962e-01	-5.163232e-01	9.797737e-01
4.277444e-01	4.007263e-01	5.318243e-01	-7.552510e-02	7.247310e-02	3.972824e-01	1.155353e+00	2.134194e+00	7.672133e-01	1.192992e+00	8.089949e-01	6.464861e-02	-4.267889e-01	-2.983842e-02	1.613275e+00	-2.589010e-01	1.167620e+00	-3.805518e-01	1.231574e+00	1.487398e+00	-1.262075e-01	8.465765e-01	8.598986e-01	1.261508e-01	6.048971e-01	2.823077e+00	1.204592e+00	6.187062e-01	1.892602e+00	3.735968e-01	-2.936087e-01	1.445907e+00	-2.366350e+00	5.425535e-01	9.018371e-01	1.155274e-01	-1.465386e-01	-1.386085e-01	-1.416420e-01	1.857587e-01
2.805373e-01	-3.230077e-01	1.108958e+00	3.117213e-01	9.476570e-01	-1.028816e-01	1.465274e+00	3.493048e+00	2.881027e-01	4.589742e-01	5.735605e-01	2.620057e-02	7.470272e-01	2.118488e+00	-3.786743e-01	-4.029972e-01	9.463230e-01	7.641603e-01	1.708526e+00	-5.402623e-01	1.636067e+00	1.129281e+00	1.284046e+00	7.928382e-01	9.833206e-01	-1.538468e+00	1.165968e+00	-3.451160e-01	1.517169e+00	1.114974e+00	4.545406e-01	-1.857948e+00	1.778041e+00	-3.847336e-01	2.014992e+00	1.644575e-02	4.099385e-01	2.191061e+00	4.942772e-01	1.235571e+00
5.241730e-03	-4.998173e-02	2.497744e-01	-3.059397e-01	1.497319e+00	-5.702567e-01	1.181584e+00	-2.390658e-01	-4.454741e-01	6.197063e-01	-5.240104e-01	1.803183e+00	-1.414203e-01	7.128428e-01	-1.465324e+00	2.997780e+00	-6.293077e-01	1.489566e+00	-1.535255e+00	3.152576e-01	1.860882e+00	1.583771e+00	2.244150e-01	-3.456308e-01	-5.480312e-01	-1.016703e+00	7.847347e-01	1.846933e+00	3.739079e+00	1.005922e+00	1.753267e+00	-3.143548e-01	-1.549189e+00	3.364345e-01	2.394162e+00	-6.089234e-01	1.210245e+00	4.063407e+00	2.200243e+00	9.255097e-01
-1.065526e+00	1.004131e+00	2.090864e+00	8.169144e-01	1.263302e+00	6.979205e-01	4.932217e-01	1.468186e+00	-4.524864e-01	-6.478760e-01	4.374594e-01	5.916855e-02	5.412351e-01	2.589033e+00	2.999825e-01	-7.184877e-01	-7.223084e-02	1.427897e+00	7.378630e-01	1.972453e+00	1.377432e+00	1.945454e+00	9.262981e-01	6.330877e-02	-4.476155e-01	9.196819e-01	1.002999e+00	5.777571e-01	1.698693e+00	-4.888748e-01	1.802454e-01	-4.161389e-01	5.063662e-01	4.894689e-01	1.453175e+00	-1.009072e+00	1.934892e-01	5.153657e-01	-3.090827e-01	1.926108e+00
1.004278e+00	1.608319e-01	1.970806e+00	2.896935e-01	-1.373754e-01	-4.250103e-01	8.171034e-01	3.411314e+00	-3.125556e-01	1.069286e+00	7.542507e-01	-1.868528e-01	5.847980e-01	1.081504e+00	3.707145e-01	-1.120309e+00	1.482814e+00	-7.550291e-01	1.925767e+00	1.584999e-01	5.234719e-01	8.770512e-02	1.535346e+00	1.670786e+00	9.591870e-01	-1.542940e+00	1.681367e+00	1.544515e+00	1.855229e+00	1.677524e+00	9.193588e-01	-3.712679e-01	-7.748474e-01	2.858961e-01	1.793725e+00	9.684960e-02	6.986626e-01	1.161857e+00	5.218742e-01	6.935875e-01
