6.127374e-03	8.903714e-04	7.768629e-05	-5.842174e-03	2.790956e-03	2.356391e-03	6.168561e-03	7.866351e-04	6.300204e-03	7.122359e-03	1.158033e-03	1.342317e-03	-8.612771e-03	-2.088254e-03	-1.055931e-02	3.105859e-04	-1.466331e-03	1.858006e-04	-2.943214e-03	2.204968e-03	1.283808e-03	-1.535396e-03	-4.281342e-04	-1.002361e-02	-5.286948e-04	5.061162e-03	-1.800213e-03	-3.966878e-03	1.294193e-03	3.536810e-03	7.867301e-04	-1.005436e-02	-7.143673e-03	3.453092e-03	1.274127e-02	2.669772e-03	1.926678e-03	-2.589367e-03	6.007557e-04	1.310784e-03
6.417262e-03	9.726177e-04	2.998107e-05	-5.877231e-03	3.079471e-03	2.193993e-03	6.328063e-03	1.250324e-03	6.189377e-03	7.732836e-03	1.291470e-03	9.900587e-04	-8.713978e-03	-2.135669e-03	-1.047353e-02	-1.154023e-05	-1.605533e-03	-2.044242e-04	-2.819586e-03	2.063832e-03	1.227081e-03	-1.825185e-03	-6.329354e-04	-1.032049e-02	-4.712533e-04	4.959001e-03	-1.543717e-03	-4.499933e-03	1.249602e-03	3.627894e-03	9.145980e-04	-1.026708e-02	-7.129293e-03	3.635717e-03	1.299361e-02	2.663301e-03	2.009424e-03	-2.431083e-03	8.576795e-04	1.234121e-03
6.250549e-03	9.145705e-04	2.115245e-04	-6.312622e-03	3.057743e-03	2.406622e-03	6.588049e-03	1.060074e-03	6.354827e-03	7.938633e-03	1.103054e-03	1.245222e-03	-9.128549e-03	-2.483966e-03	-1.047758e-02	1.849594e-05	-1.467412e-03	-2.582931e-04	-3.195736e-03	2.268620e-03	1.496734e-03	-1.533576e-03	-6.939083e-04	-1.035532e-02	-5.664057e-04	5.107989e-03	-1.693302e-03	-4.464193e-03	1.159520e-03	3.911570e-03	8.442831e-04	-1.058222e-02	-7.303576e-03	3.821214e-03	1.283348e-02	2.655426e-03	2.237353e-03	-2.399837e-03	1.137856e-03	1.259041e-03
7.157140e-03	8.590380e-04	-4.392822e-04	-7.113645e-03	2.601762e-03	2.915192e-03	6.623331e-03	1.178321e-03	7.278885e-03	8.008145e-03	1.490948e-03	1.278166e-03	-1.033677e-02	-2.250424e-03	-1.154339e-02	5.687829e-04	-1.740540e-03	-2.258926e-04	-2.443850e-03	2.573930e-03	1.351864e-03	-1.787764e-03	-2.069285e-03	-1.173037e-02	-1.710375e-03	5.591899e-03	-1.878439e-03	-4.172768e-03	9.967073e-04	4.321867e-03	1.419537e-03	-1.103128e-02	-7.864400e-03	4.188473e-03	1.395300e-02	2.812367e-03	2.291159e-03	-1.894896e-03	1.862702e-03	1.786154e-03
6.503503e-03	9.164155e-04	-3.014182e-04	-6.529763e-03	2.883970e-03	2.434479e-03	6.476055e-03	1.139795e-03	6.459782e-03	7.921409e-03	1.219998e-03	1.319740e-03	-9.138562e-03	-2.648445e-03	-1.065794e-02	3.298939e-04	-2.090234e-03	-1.617004e-04	-2.807737e-03	1.799085e-03	1.050752e-03	-1.923890e-03	-1.240660e-03	-1.082362e-02	-1.155611e-03	5.149353e-03	-1.428604e-03	-4.077654e-03	1.120742e-03	4.391839e-03	9.260698e-04	-1.045856e-02	-7.611214e-03	4.219137e-03	1.310604e-02	2.813947e-03	2.401488e-03	-1.623731e-03	1.864476e-03	1.112466e-03
7.850062e-03	1.305525e-03	-2.545449e-03	-9.611951e-03	2.013355e-03	3.864276e-03	7.525506e-03	2.464153e-03	9.105829e-03	9.648260e-03	9.847052e-04	3.804116e-04	-1.505932e-02	-4.153296e-03	-1.163678e-02	1.178507e-03	-2.040498e-03	6.419008e-04	-1.244562e-03	4.410543e-03	1.980933e-03	-1.680873e-03	-6.518911e-03	-1.528640e-02	-5.426251e-03	6.359140e-03	-1.773058e-03	-2.997250e-03	2.423484e-04	6.680659e-03	3.157691e-04	-1.297903e-02	-9.198339e-03	5.390223e-03	1.622984e-02	2.907846e-03	5.262943e-03	1.247783e-03	6.015337e-03	8.533373e-04
7.760976e-03	1.769995e-03	-2.440257e-03	-1.023549e-02	1.427591e-03	4.191580e-03	7.556907e-03	2.447860e-03	9.844370e-03	9.784867e-03	1.224977e-03	5.196051e-04	-1.580410e-02	-4.054016e-03	-1.178729e-02	1.322606e-03	-2.202513e-03	6.283727e-04	-1.073754e-03	4.628959e-03	1.491852e-03	-1.587537e-03	-7.156357e-03	-1.557993e-02	-6.555659e-03	7.019180e-03	-1.715935e-03	-2.856415e-03	-1.658368e-04	7.223429e-03	3.005677e-04	-1.336914e-02	-9.711764e-03	6.084454e-03	1.654362e-02	2.938253e-03	5.274356e-03	1.316454e-03	6.580133e-03	1.094313e-03
6.471951e-03	1.621741e-03	-2.297814e-03	-9.734485e-03	1.229633e-03	4.161670e-03	7.141062e-03	2.650895e-03	9.405842e-03	8.948010e-03	-3.301731e-05	9.512420e-04	-1.490176e-02	-4.140763e-03	-1.113372e-02	2.223941e-03	-1.644822e-03	3.858840e-04	-1.009284e-03	4.437034e-03	1.566556e-03	-1.443727e-03	-6.153244e-03	-1.413921e-02	-6.285688e-03	5.914146e-03	-1.221639e-03	-2.994614e-03	6.905015e-04	6.993750e-03	-3.149616e-04	-1.308104e-02	-9.650542e-03	6.086789e-03	1.473517e-02	2.895327e-03	4.886947e-03	1.818031e-03	6.069359e-03	1.562588e-03
6.529917e-03	1.630986e-03	-2.382377e-03	-9.633554e-03	1.031008e-03	4.015023e-03	7.265454e-03	2.741534e-03	9.191663e-03	8.825641e-03	4.681428e-04	6.589851e-04	-1.495326e-02	-4.273109e-03	-1.104614e-02	2.320287e-03	-1.755180e-03	3.840037e-04	-9.914018e-04	4.465954e-03	1.843707e-03	-1.383813e-03	-6.481501e-03	-1.458786e-02	-6.286232e-03	5.946784e-03	-1.631499e-03	-2.797298e-03	3.732466e-04	6.838613e-03	-1.590071e-04	-1.287960e-02	-9.461514e-03	6.307164e-03	1.515427e-02	3.112500e-03	4.614630e-03	1.880982e-03	6.011361e-03	1.740194e-03
6.905958e-03	1.555483e-03	-2.428597e-03	-9.996959e-03	1.515365e-03	4.112854e-03	7.284884e-03	3.062428e-03	9.542294e-03	8.912964e-03	7.454928e-04	7.173917e-04	-1.593246e-02	-4.510715e-03	-1.092456e-02	1.840665e-03	-2.105395e-03	6.690266e-04	-8.419218e-04	4.635377e-03	1.848997e-03	-1.505812e-03	-7.302402e-03	-1.491214e-02	-6.674446e-03	6.107120e-03	-1.425478e-03	-2.740816e-03	7.185591e-05	7.193166e-03	1.540000e-04	-1.334679e-02	-9.579346e-03	6.457862e-03	1.556136e-02	2.856592e-03	4.988716e-03	2.114094e-03	6.528387e-03	1.470400e-03
7.457752e-03	2.097980e-03	-3.103117e-03	-1.007375e-02	1.152352e-03	4.010058e-03	7.680168e-03	2.907661e-03	9.364161e-03	9.310043e-03	6.052946e-04	3.143207e-04	-1.626635e-02	-4.044173e-03	-1.120160e-02	2.325388e-03	-2.322570e-03	7.337805e-04	-1.178184e-03	4.649033e-03	1.505850e-03	-1.425053e-03	-7.583046e-03	-1.500811e-02	-6.935183e-03	6.685552e-03	-1.384149e-03	-3.167656e-03	-2.618770e-04	7.144767e-03	3.351188e-04	-1.339314e-02	-9.343873e-03	6.530055e-03	1.607396e-02	3.108114e-03	4.522126e-03	1.924030e-03	6.787805e-03	2.112375e-03
8.315738e-03	2.024243e-03	-2.993119e-03	-1.021962e-02	1.841364e-03	4.299275e-03	8.074002e-03	2.874879e-03	9.343467e-03	9.864516e-03	2.059689e-03	9.097742e-06	-1.623117e-02	-5.024017e-03	-1.050157e-02	8.397776e-04	-1.909305e-03	6.780335e-04	-1.454785e-03	4.336147e-03	2.069427e-03	-8.218998e-04	-8.365547e-03	-1.574159e-02	-6.873062e-03	6.479729e-03	-1.336971e-03	-3.070746e-03	-4.563488e-04	7.405984e-03	4.391534e-04	-1.339604e-02	-9.395495e-03	6.575226e-03	1.600951e-02	1.931205e-03	5.382048e-03	1.649330e-03	7.197394e-03	7.060534e-04
8.171629e-03	2.795189e-03	-3.310735e-03	-1.088479e-02	1.594766e-03	4.671610e-03	7.018187e-03	4.444379e-03	1.033660e-02	8.410995e-03	2.322893e-03	-7.809636e-04	-1.864420e-02	-5.657031e-03	-1.087875e-02	2.162497e-03	-2.130274e-03	1.122060e-03	-7.648992e-04	5.142254e-03	2.632717e-03	-1.373128e-03	-1.018843e-02	-1.581632e-02	-9.082631e-03	6.336519e-03	-1.038095e-03	-2.804342e-03	-5.446415e-04	7.481999e-03	9.115418e-04	-1.367659e-02	-9.697196e-03	7.738549e-03	1.638607e-02	1.790148e-03	5.344637e-03	3.003318e-03	8.549228e-03	1.388070e-03
7.360334e-03	2.917410e-03	-2.740837e-03	-1.043118e-02	8.223483e-04	5.002881e-03	5.966369e-03	4.463743e-03	1.054989e-02	7.665886e-03	1.867385e-03	-7.214362e-04	-1.753743e-02	-5.296323e-03	-9.974261e-03	2.708091e-03	-1.297951e-03	6.587164e-04	-3.726595e-04	4.900028e-03	1.806894e-03	-1.359250e-03	-1.024302e-02	-1.465369e-02	-9.667682e-03	6.234382e-03	-9.457112e-04	-2.522704e-03	-4.943444e-04	7.464273e-03	1.175965e-03	-1.296443e-02	-9.546404e-03	7.562085e-03	1.525847e-02	1.519276e-03	4.662498e-03	3.222905e-03	8.190325e-03	1.326013e-03
6.990631e-03	2.560715e-03	-2.702250e-03	-1.048378e-02	6.686839e-04	5.001505e-03	5.096372e-03	4.511049e-03	1.027369e-02	7.294017e-03	1.325615e-03	-6.412079e-04	-1.698763e-02	-4.297707e-03	-9.739950e-03	2.788034e-03	-9.722451e-04	6.044884e-04	8.181048e-04	5.076641e-03	1.636771e-03	-1.074080e-03	-1.027108e-02	-1.432655e-02	-1.019210e-02	5.886506e-03	-5.968903e-04	-2.400342e-03	-4.813514e-04	7.237744e-03	1.143763e-03	-1.237454e-02	-9.506932e-03	7.156308e-03	1.486363e-02	1.292537e-03	4.726230e-03	3.301216e-03	8.038030e-03	1.235562e-03
6.280798e-03	1.985055e-03	-3.074701e-03	-1.004292e-02	-4.436023e-04	5.239463e-03	4.166879e-03	4.599011e-03	9.957045e-03	6.945087e-03	3.729676e-04	-2.912292e-04	-1.675353e-02	-2.803180e-03	-9.443443e-03	4.192190e-03	-1.156680e-03	3.862659e-04	1.027100e-03	5.833328e-03	2.543692e-04	-1.531722e-03	-9.868333e-03	-1.330125e-02	-1.011380e-02	6.056645e-03	-1.368446e-03	-2.235065e-03	-9.228669e-04	7.055385e-03	1.561775e-03	-1.096666e-02	-9.331802e-03	6.445205e-03	1.532983e-02	1.897261e-03	4.071541e-03	2.992335e-03	7.126337e-03	2.236074e-03
7.019431e-03	2.797101e-03	-3.365840e-03	-1.066811e-02	-4.209702e-04	5.576473e-03	3.661393e-03	4.894896e-03	1.048791e-02	6.522416e-03	1.256964e-03	-7.788228e-04	-1.745459e-02	-3.142304e-03	-9.488261e-03	4.128182e-03	-8.210097e-04	4.093864e-04	8.479939e-04	5.941376e-03	4.957031e-04	-1.382118e-03	-1.155188e-02	-1.365180e-02	-1.127756e-02	6.767554e-03	-6.358285e-04	-1.768443e-03	-1.430858e-03	6.892344e-03	1.992753e-03	-1.102243e-02	-9.373579e-03	7.059514e-03	1.522783e-02	1.417562e-03	3.909236e-03	3.125957e-03	7.699201e-03	2.388784e-03
6.608596e-03	2.979593e-03	-3.442607e-03	-1.251573e-02	-2.102808e-03	8.741419e-03	-2.990407e-03	7.175944e-03	1.125825e-02	3.303271e-04	2.454702e-03	-1.808816e-03	-2.091108e-02	5.041343e-04	-1.012904e-02	1.082284e-02	-2.571553e-03	-2.885714e-04	6.082381e-03	5.226350e-03	-3.080735e-03	-2.477901e-03	-1.618712e-02	-9.388665e-03	-1.653878e-02	8.365726e-03	-1.518104e-04	2.313757e-04	-2.828448e-03	5.783112e-03	5.771867e-03	-8.733828e-03	-8.648634e-03	7.759993e-03	1.619084e-02	5.360062e-04	2.859280e-03	5.209061e-03	5.973499e-03	5.698963e-03
6.250280e-03	2.821053e-03	-3.570021e-03	-1.183818e-02	-2.095736e-03	8.193047e-03	-3.336979e-03	6.866709e-03	1.020954e-02	4.429421e-04	2.638565e-03	-2.133348e-03	-2.017472e-02	6.774073e-04	-9.150749e-03	1.074289e-02	-2.364561e-03	-4.618877e-04	5.815300e-03	5.014876e-03	-3.246663e-03	-2.347042e-03	-1.591382e-02	-9.277971e-03	-1.622321e-02	7.892837e-03	-9.570390e-05	6.979943e-04	-3.232035e-03	5.442738e-03	6.098931e-03	-7.565706e-03	-7.870790e-03	7.506923e-03	1.602976e-02	5.191536e-04	2.464479e-03	5.493136e-03	5.438294e-03	5.326935e-03
6.149704e-03	2.649285e-03	-4.099534e-03	-1.154578e-02	-2.238079e-03	8.982909e-03	-4.138250e-03	6.667546e-03	1.065227e-02	3.042933e-05	2.791770e-03	-2.439256e-03	-1.998313e-02	1.134016e-03	-9.536586e-03	1.144808e-02	-2.174514e-03	-4.114428e-04	6.164539e-03	4.482951e-03	-3.765372e-03	-2.442035e-03	-1.665057e-02	-8.841727e-03	-1.684671e-02	8.092498e-03	1.679391e-05	1.078294e-03	-3.157440e-03	5.177016e-03	6.307916e-03	-7.686176e-03	-7.718245e-03	7.198196e-03	1.623680e-02	7.712348e-04	2.078028e-03	6.200807e-03	5.149507e-03	5.821328e-03
5.491555e-03	3.368593e-03	-3.955810e-03	-1.148023e-02	-2.689284e-03	8.362577e-03	-4.303792e-03	6.872954e-03	9.720255e-03	-1.201779e-04	2.554181e-03	-2.237045e-03	-2.026289e-02	9.735600e-04	-9.029264e-03	1.129358e-02	-2.119452e-03	-4.560592e-04	6.223692e-03	4.778377e-03	-3.571489e-03	-2.330130e-03	-1.632110e-02	-8.294016e-03	-1.661496e-02	7.758582e-03	6.501460e-04	7.317544e-04	-3.080760e-03	4.961223e-03	6.911987e-03	-6.900187e-03	-7.947268e-03	7.927341e-03	1.560737e-02	4.257439e-04	1.810705e-03	6.031487e-03	5.534596e-03	5.349332e-03
4.867047e-03	4.115455e-03	-3.995195e-03	-1.260033e-02	-3.312078e-03	9.227914e-03	-6.319950e-03	8.284701e-03	1.079320e-02	-2.455576e-03	2.340719e-03	-3.078223e-03	-2.242372e-02	1.396050e-03	-9.869324e-03	1.322354e-02	-2.209049e-03	-2.554252e-04	7.829007e-03	4.942228e-03	-3.815509e-03	-2.857965e-03	-1.845718e-02	-7.764295e-03	-1.972410e-02	8.328366e-03	1.734324e-03	1.645593e-03	-2.808870e-03	5.043916e-03	7.809014e-03	-6.223399e-03	-8.648078e-03	8.956668e-03	1.584049e-02	-6.479272e-05	1.748010e-03	7.179137e-03	6.462470e-03	6.618539e-03
4.942393e-03	3.708132e-03	-4.396486e-03	-1.151871e-02	-3.534267e-03	8.901571e-03	-5.558527e-03	7.714364e-03	1.016724e-02	-1.918744e-03	2.464969e-03	-3.001085e-03	-2.058326e-02	2.103270e-03	-9.140714e-03	1.250707e-02	-2.035632e-03	-7.650121e-04	7.365056e-03	4.646675e-03	-4.002769e-03	-2.737524e-03	-1.749207e-02	-7.715925e-03	-1.841652e-02	8.296814e-03	1.520636e-03	1.391995e-03	-3.265276e-03	5.019648e-03	7.444627e-03	-5.679437e-03	-8.055069e-03	7.975052e-03	1.532265e-02	-9.000668e-05	1.281069e-03	6.605965e-03	5.758863e-03	6.277118e-03
4.454658e-03	3.468655e-03	-4.024997e-03	-1.125203e-02	-3.146313e-03	8.937455e-03	-6.595110e-03	7.518990e-03	9.554428e-03	-2.977373e-03	2.469734e-03	-2.952353e-03	-1.968768e-02	2.439705e-03	-9.012961e-03	1.215213e-02	-1.890316e-03	-3.391678e-04	7.808907e-03	4.072236e-03	-3.911924e-03	-2.531726e-03	-1.729066e-02	-6.810509e-03	-1.850641e-02	7.826702e-03	2.097494e-03	2.083797e-03	-3.031943e-03	4.063041e-03	7.549384e-03	-4.408900e-03	-7.394137e-03	7.522023e-03	1.423796e-02	3.594551e-05	9.451415e-04	6.906690e-03	5.243986e-03	5.835070e-03
4.845034e-03	3.485933e-03	-4.266169e-03	-1.106791e-02	-3.206286e-03	8.618292e-03	-6.222079e-03	7.265361e-03	9.303784e-03	-2.765331e-03	2.523351e-03	-2.794177e-03	-1.998050e-02	2.479785e-03	-8.626330e-03	1.198560e-02	-1.639793e-03	-7.290605e-04	7.399197e-03	4.393509e-03	-3.773869e-03	-2.473017e-03	-1.692468e-02	-6.589070e-03	-1.843596e-02	7.680559e-03	1.964304e-03	2.034014e-03	-3.421354e-03	3.869405e-03	7.503812e-03	-4.659694e-03	-7.505603e-03	7.788149e-03	1.432533e-02	-9.551269e-05	1.029646e-03	6.909816e-03	5.297621e-03	5.920593e-03
3.997598e-03	4.269709e-03	-4.829255e-03	-1.120533e-02	-3.533951e-03	8.271248e-03	-7.322673e-03	8.568725e-03	9.271681e-03	-3.990159e-03	2.720383e-03	-2.892901e-03	-2.193315e-02	1.821099e-03	-8.130299e-03	1.243412e-02	-1.398012e-03	-5.401314e-04	7.197395e-03	4.080543e-03	-2.959380e-03	-2.332940e-03	-1.760035e-02	-6.017471e-03	-1.991042e-02	7.202446e-03	3.253511e-03	1.923427e-03	-2.608551e-03	4.472870e-03	7.724967e-03	-5.326793e-03	-7.806175e-03	9.007057e-03	1.382288e-02	-7.023844e-04	7.878078e-04	8.623687e-03	6.320864e-03	6.649706e-03
3.974931e-03	3.638071e-03	-4.587511e-03	-9.985500e-03	-3.747001e-03	7.864634e-03	-6.752207e-03	6.990431e-03	8.386222e-03	-3.784374e-03	2.857862e-03	-1.714141e-03	-1.992746e-02	2.810816e-03	-6.750484e-03	1.222579e-02	-1.196789e-03	-1.056184e-03	6.711565e-03	3.375336e-03	-3.917802e-03	-2.410935e-03	-1.573342e-02	-5.087778e-03	-1.837270e-02	7.219184e-03	2.734772e-03	2.023521e-03	-3.202774e-03	3.472342e-03	6.568593e-03	-3.755222e-03	-7.019338e-03	7.887487e-03	1.294715e-02	-5.956688e-04	3.773525e-04	7.595102e-03	4.620471e-03	6.784674e-03
4.459551e-03	4.802105e-03	-5.197040e-03	-1.059656e-02	-4.114775e-03	7.623653e-03	-6.287683e-03	7.891241e-03	9.235688e-03	-4.065175e-03	3.079639e-03	-2.447262e-03	-2.203713e-02	1.759056e-03	-8.312485e-03	1.262347e-02	-1.266226e-03	-8.626038e-04	6.398592e-03	3.609178e-03	-3.011915e-03	-2.399216e-03	-1.655466e-02	-5.983851e-03	-2.013144e-02	6.963742e-03	3.158962e-03	2.063905e-03	-3.081809e-03	3.924101e-03	6.897425e-03	-5.562921e-03	-7.437440e-03	9.409349e-03	1.421608e-02	-1.021981e-04	6.018967e-04	8.952419e-03	5.927648e-03	7.350234e-03
3.338912e-03	4.626371e-03	-5.258772e-03	-9.562513e-03	-4.044349e-03	6.718934e-03	-7.214714e-03	7.046733e-03	6.976918e-03	-4.720856e-03	2.479160e-03	-2.188822e-03	-1.973866e-02	2.818499e-03	-6.710439e-03	1.212917e-02	-5.255962e-04	-1.157783e-03	5.988413e-03	2.527812e-03	-3.029948e-03	-1.791666e-03	-1.471899e-02	-3.751875e-03	-1.943875e-02	5.743580e-03	4.282802e-03	2.256403e-03	-2.193461e-03	3.166069e-03	6.652516e-03	-3.571373e-03	-6.388317e-03	8.407613e-03	1.208561e-02	-8.075118e-04	1.899595e-04	9.258039e-03	4.785341e-03	6.854223e-03
1.466279e-04	4.914699e-03	-6.910451e-03	-3.059436e-03	-6.334128e-03	3.498882e-03	-7.443520e-03	6.367338e-03	2.697426e-03	-6.856700e-03	-5.709419e-04	3.347151e-05	-1.395435e-02	6.027879e-03	-4.690663e-03	1.087959e-02	2.288369e-03	-1.389289e-03	1.201808e-03	2.405622e-03	-7.719340e-04	-1.867859e-03	-9.338562e-03	4.838818e-04	-1.868564e-02	1.700207e-03	8.097644e-03	1.232567e-03	4.100816e-04	7.223627e-04	2.985232e-03	2.002455e-04	-3.725400e-03	8.310457e-03	6.250514e-03	7.109626e-05	-5.425677e-03	1.066603e-02	1.781565e-03	9.432856e-03
-5.760470e-04	4.678407e-03	-6.724908e-03	-2.197731e-03	-6.255038e-03	3.338973e-03	-7.733715e-03	6.100671e-03	1.736282e-03	-7.804035e-03	-6.767020e-04	8.454360e-04	-1.248469e-02	6.526623e-03	-3.615288e-03	1.098218e-02	2.511681e-03	-1.509752e-03	7.650815e-04	1.817481e-03	-6.288605e-04	-1.983148e-03	-8.724184e-03	1.702151e-03	-1.787798e-02	1.376968e-03	8.487349e-03	1.260627e-03	3.774492e-04	1.783561e-04	2.617206e-03	1.258249e-03	-3.366467e-03	7.922669e-03	4.634648e-03	-3.602179e-04	-5.779644e-03	1.042485e-02	8.131862e-04	9.696827e-03
-1.658335e-04	4.775805e-03	-6.855122e-03	-2.062485e-03	-5.688918e-03	3.293694e-03	-7.260208e-03	5.327991e-03	1.565911e-03	-6.952778e-03	-6.183391e-04	6.773284e-04	-1.226156e-02	6.676831e-03	-4.278379e-03	9.910549e-03	2.522351e-03	-1.433733e-03	6.099564e-04	1.468442e-03	-9.437848e-04	-1.840721e-03	-8.528124e-03	1.242031e-03	-1.703377e-02	1.297984e-03	8.933040e-03	1.133230e-03	6.291068e-04	-3.606175e-05	2.878640e-03	9.172336e-04	-2.603481e-03	7.452153e-03	5.133911e-03	-1.732816e-04	-6.141538e-03	1.030876e-02	7.852894e-04	9.143024e-03
-1.012572e-03	5.307570e-03	-7.330162e-03	-2.422112e-03	-6.691654e-03	2.819687e-03	-8.659244e-03	7.189964e-03	2.012192e-03	-8.786579e-03	-1.381641e-03	3.563147e-05	-1.365529e-02	6.704166e-03	-3.721684e-03	1.192513e-02	2.438850e-03	-1.241686e-03	1.405535e-03	1.692620e-03	-5.537939e-04	-2.009793e-03	-9.325713e-03	2.217523e-03	-1.916942e-02	1.342954e-03	9.117279e-03	7.682182e-04	1.066808e-03	-1.513366e-04	2.954416e-03	1.921357e-03	-3.299789e-03	8.885463e-03	4.426961e-03	-4.747080e-04	-6.405989e-03	1.150453e-02	1.708576e-03	1.052537e-02
-1.399377e-03	4.860398e-03	-6.736613e-03	-1.736515e-03	-6.156067e-03	2.593727e-03	-7.800470e-03	6.852321e-03	1.493183e-03	-8.184687e-03	-1.299474e-03	2.765741e-04	-1.210771e-02	6.497969e-03	-3.016967e-03	1.072710e-02	2.414210e-03	-1.714723e-03	1.013792e-03	1.547154e-03	-4.494514e-04	-1.971210e-03	-8.472418e-03	2.543892e-03	-1.770003e-02	7.859886e-04	9.073253e-03	6.194844e-04	9.262920e-04	-3.314533e-04	2.454239e-03	1.620452e-03	-2.866639e-03	8.012892e-03	3.479976e-03	-6.082774e-04	-5.908800e-03	1.106405e-02	1.604183e-03	9.757723e-03
-2.465196e-03	6.099545e-03	-7.257524e-03	-1.989752e-03	-7.046670e-03	3.391465e-03	-9.201364e-03	8.622901e-03	2.351697e-03	-1.166926e-02	-9.476974e-04	3.107649e-04	-1.393289e-02	6.101221e-03	-3.013555e-03	1.270084e-02	2.794676e-03	-9.247461e-04	1.414390e-03	1.532567e-03	1.001076e-03	-2.341223e-03	-1.013356e-02	2.996149e-03	-2.025963e-02	1.050143e-03	9.933875e-03	5.462227e-04	8.776897e-04	-3.030704e-04	2.693966e-03	1.964240e-03	-3.198721e-03	9.789072e-03	2.789854e-03	-7.128448e-04	-7.565178e-03	1.217481e-02	2.387212e-03	1.110101e-02
-2.311349e-03	5.554224e-03	-6.961212e-03	-1.762759e-03	-6.546595e-03	3.443223e-03	-8.726054e-03	8.154973e-03	2.230353e-03	-1.031784e-02	-8.086642e-04	4.505225e-04	-1.374101e-02	5.930883e-03	-2.827556e-03	1.222537e-02	2.806798e-03	-1.043486e-03	6.288806e-04	1.524501e-03	6.730585e-04	-2.264935e-03	-9.823289e-03	2.768744e-03	-1.957359e-02	7.866819e-04	9.914663e-03	6.012193e-04	9.751456e-04	-1.967213e-04	2.448217e-03	1.417749e-03	-3.338252e-03	9.085506e-03	3.260833e-03	-8.647351e-04	-6.992368e-03	1.213513e-02	2.314517e-03	1.046197e-02
-1.946104e-03	5.468453e-03	-6.632220e-03	-1.593902e-03	-6.155036e-03	2.996152e-03	-8.143131e-03	7.500118e-03	1.347080e-03	-9.343650e-03	-1.394512e-03	1.875097e-04	-1.284372e-02	5.852153e-03	-2.454392e-03	1.173964e-02	2.754123e-03	-1.132937e-03	1.956210e-04	1.500987e-03	1.312368e-04	-2.018748e-03	-9.109359e-03	2.898480e-03	-1.838734e-02	4.515325e-04	9.825281e-03	6.255246e-04	1.137147e-03	-1.796772e-04	1.932934e-03	1.426120e-03	-2.655543e-03	8.701757e-03	2.657240e-03	-9.349840e-04	-6.581498e-03	1.188230e-02	1.772255e-03	1.031325e-02
-1.898538e-03	5.381287e-03	-6.521918e-03	-8.331928e-04	-5.314208e-03	3.377060e-03	-7.987314e-03	7.119799e-03	1.032335e-03	-8.573980e-03	-7.848712e-04	-3.040655e-04	-1.202833e-02	4.864112e-03	-2.689221e-03	9.350149e-03	3.394002e-03	-5.735756e-04	9.306059e-05	1.467241e-03	1.789250e-04	-1.454661e-03	-8.891263e-03	2.568887e-03	-1.847915e-02	-3.259111e-04	1.040611e-02	5.852704e-04	1.763817e-03	1.375420e-05	1.858539e-03	1.420967e-03	-2.381894e-03	8.157745e-03	1.768610e-03	-1.542206e-03	-5.806713e-03	1.236585e-02	2.332545e-03	8.751035e-03
-3.532210e-03	4.856052e-03	-5.048070e-03	7.733543e-04	-5.063239e-03	3.859460e-03	-8.178261e-03	6.765547e-03	-6.390428e-04	-9.951459e-03	-3.310752e-03	-3.626596e-04	-7.261328e-03	5.530712e-03	-2.524391e-03	8.721901e-03	2.971917e-03	-3.312060e-04	5.993267e-04	1.058978e-03	8.408817e-05	-1.253411e-03	-6.131329e-03	4.926062e-03	-1.676897e-02	-1.611281e-03	9.589209e-03	1.193775e-03	2.349997e-03	-9.931673e-04	5.227089e-04	3.806017e-03	3.820975e-05	5.829150e-03	-1.503471e-03	-8.221608e-04	-6.837751e-03	1.051321e-02	1.312752e-03	8.712149e-03
-3.919460e-03	5.552787e-03	-4.228185e-03	1.211216e-03	-5.025405e-03	3.397113e-03	-7.853142e-03	6.285464e-03	-2.616190e-04	-1.080563e-02	-2.230102e-03	-6.694681e-04	-7.515860e-03	4.990043e-03	-2.108952e-03	8.719430e-03	2.546309e-03	7.037722e-05	2.659397e-04	1.291275e-03	4.967169e-04	-2.395153e-03	-6.654639e-03	4.630428e-03	-1.648633e-02	-1.174481e-03	9.010565e-03	1.678483e-03	1.366452e-03	-4.875197e-04	1.390413e-03	3.917610e-03	3.216824e-04	6.402228e-03	-2.283716e-03	1.568084e-04	-7.572627e-03	9.334178e-03	2.348302e-03	8.054968e-03
-4.364095e-03	4.699341e-03	-3.951262e-03	1.352847e-03	-4.914037e-03	3.859390e-03	-7.506617e-03	7.273419e-03	2.419845e-04	-1.141425e-02	-2.707614e-03	-1.595054e-04	-7.831308e-03	3.842806e-03	-1.579667e-03	8.882679e-03	2.193067e-03	1.347268e-04	6.196588e-04	1.232794e-03	1.176938e-03	-2.458010e-03	-6.196204e-03	4.876230e-03	-1.627669e-02	-1.326009e-03	8.848935e-03	1.431566e-03	1.942024e-03	4.158395e-05	5.835705e-04	2.582497e-03	-1.506749e-04	6.916110e-03	-2.825076e-03	-1.864144e-04	-7.424014e-03	9.549652e-03	2.384953e-03	8.410371e-03
-7.319840e-03	2.754615e-03	8.312941e-04	2.473869e-03	-2.240631e-03	5.859507e-03	-5.900431e-03	6.144215e-03	-1.306750e-04	-1.352444e-02	-2.546905e-03	-2.921938e-03	-2.915705e-03	-8.043057e-06	4.897737e-04	7.129171e-03	1.142011e-03	2.718902e-03	-7.716810e-04	1.217827e-04	3.301487e-03	-3.301578e-03	-4.719999e-03	6.275836e-03	-8.986358e-03	-1.858856e-03	7.303312e-03	3.821017e-03	3.612828e-03	8.221234e-04	-2.448521e-03	-7.089557e-04	1.068040e-03	5.707356e-03	-8.087761e-03	-6.922556e-04	-5.523379e-03	6.004031e-03	2.972450e-03	5.982259e-03
-7.232125e-03	2.553461e-03	1.213195e-03	2.735947e-03	-2.544642e-03	6.182613e-03	-5.263420e-03	5.986699e-03	8.687552e-04	-1.398717e-02	-2.129359e-03	-3.031230e-03	-3.225367e-03	-1.017102e-03	2.531702e-04	6.888866e-03	7.032502e-04	2.848413e-03	-9.168703e-04	3.164185e-04	3.935139e-03	-3.796642e-03	-4.485973e-03	5.880869e-03	-8.906721e-03	-1.227292e-03	6.254302e-03	3.806230e-03	3.227037e-03	1.091641e-03	-2.649746e-03	-1.007327e-03	1.021024e-03	5.885527e-03	-7.852099e-03	-2.995278e-04	-5.542469e-03	5.492940e-03	3.546703e-03	6.330829e-03
-8.165043e-03	2.898831e-03	1.233105e-03	2.859588e-03	-2.685672e-03	6.577242e-03	-6.045938e-03	6.662557e-03	9.798871e-04	-1.521240e-02	-1.906573e-03	-3.537535e-03	-4.016118e-03	-1.827140e-03	1.082913e-03	7.985459e-03	1.083259e-03	2.785655e-03	-1.132555e-03	7.703289e-05	4.032312e-03	-4.101722e-03	-5.444119e-03	6.733906e-03	-9.843524e-03	-1.713955e-03	6.678155e-03	4.516135e-03	3.753725e-03	1.281834e-03	-2.445941e-03	-1.223414e-03	1.151667e-03	6.715009e-03	-8.727045e-03	-6.301107e-04	-5.754679e-03	6.429392e-03	4.236425e-03	6.504340e-03
-8.375345e-03	3.039718e-03	2.040841e-03	3.093397e-03	-2.308445e-03	6.959058e-03	-5.635323e-03	6.471686e-03	9.211394e-04	-1.497574e-02	-1.784828e-03	-3.542811e-03	-3.555298e-03	-2.430858e-03	5.394015e-04	7.421408e-03	1.407578e-03	2.888997e-03	-1.898849e-03	-2.438694e-04	4.566788e-03	-4.116791e-03	-5.045055e-03	6.706900e-03	-9.202852e-03	-2.375035e-03	6.796523e-03	4.493493e-03	4.620216e-03	1.434392e-03	-3.196231e-03	-2.095591e-03	1.073095e-03	6.622626e-03	-9.086126e-03	-8.663044e-04	-5.287332e-03	6.618570e-03	4.295481e-03	6.002053e-03
-7.591386e-03	3.085789e-03	1.347849e-03	2.911217e-03	-2.300803e-03	6.394488e-03	-5.079635e-03	6.287345e-03	1.085918e-03	-1.400469e-02	-1.974282e-03	-3.780523e-03	-4.044453e-03	-2.340765e-03	5.542399e-04	7.466184e-03	6.887673e-04	3.461585e-03	-1.694319e-03	3.100084e-04	3.935063e-03	-3.808521e-03	-5.009438e-03	6.326502e-03	-9.327462e-03	-1.708373e-03	5.924144e-03	3.932432e-03	3.732984e-03	9.829048e-04	-2.592858e-03	-1.235238e-03	1.405524e-03	6.261803e-03	-7.946958e-03	-3.433879e-04	-5.347475e-03	5.940072e-03	3.722732e-03	6.328508e-03
-7.799779e-03	3.046918e-03	1.498314e-03	2.414373e-03	-2.661053e-03	6.733451e-03	-5.767176e-03	7.218804e-03	1.584341e-03	-1.534178e-02	-1.615327e-03	-3.139288e-03	-5.126756e-03	-2.555020e-03	1.218185e-03	7.811129e-03	8.486418e-04	3.507986e-03	-1.397725e-03	1.514459e-04	4.536007e-03	-3.705137e-03	-5.721821e-03	6.076972e-03	-1.010007e-02	-1.379278e-03	6.113706e-03	3.989807e-03	3.173842e-03	1.533257e-03	-2.394233e-03	-1.916303e-03	6.214781e-04	7.683322e-03	-8.619296e-03	-8.593611e-04	-5.287649e-03	6.077034e-03	4.891743e-03	6.491912e-03
-7.886189e-03	2.658463e-03	1.574194e-03	2.773253e-03	-2.613478e-03	6.685116e-03	-5.588985e-03	6.858497e-03	1.602749e-03	-1.487440e-02	-1.604819e-03	-3.129437e-03	-5.155775e-03	-2.859922e-03	1.706240e-03	7.928260e-03	9.407248e-04	3.115330e-03	-1.996252e-03	1.442192e-04	4.528527e-03	-4.200957e-03	-5.310152e-03	6.117918e-03	-9.217193e-03	-1.540995e-03	5.671960e-03	4.218216e-03	3.226579e-03	1.233311e-03	-2.741677e-03	-2.356113e-03	9.227918e-04	7.359028e-03	-8.323689e-03	-7.505303e-04	-4.770085e-03	6.100571e-03	4.659204e-03	6.792127e-03
-8.916463e-03	2.770063e-03	2.064514e-03	3.075553e-03	-1.954833e-03	7.070198e-03	-5.455213e-03	6.107253e-03	2.407749e-04	-1.541044e-02	-2.062119e-03	-2.878033e-03	-2.585607e-03	-2.332119e-03	2.039296e-03	6.896996e-03	7.990992e-04	3.885755e-03	-1.985866e-03	3.212620e-05	4.203785e-03	-4.270071e-03	-4.504829e-03	6.653411e-03	-8.202214e-03	-1.501609e-03	5.923637e-03	4.765500e-03	3.592981e-03	9.788530e-04	-3.077326e-03	-1.452310e-03	1.892188e-03	6.599996e-03	-1.032612e-02	-3.818698e-04	-5.320682e-03	5.336209e-03	3.865805e-03	5.737833e-03
-8.420915e-03	2.666891e-03	2.146975e-03	2.687363e-03	-2.097509e-03	7.077614e-03	-5.581252e-03	6.609315e-03	3.942269e-04	-1.518463e-02	-1.860462e-03	-3.219420e-03	-3.093674e-03	-2.226457e-03	1.855201e-03	6.902457e-03	4.596628e-04	3.820239e-03	-1.517648e-03	1.252473e-04	3.992473e-03	-4.207615e-03	-5.044138e-03	6.317612e-03	-8.577599e-03	-1.235247e-03	5.965951e-03	4.928308e-03	3.194088e-03	8.196551e-04	-2.867371e-03	-1.269581e-03	1.785905e-03	6.937857e-03	-9.674982e-03	-3.780263e-04	-5.477123e-03	5.495716e-03	3.948808e-03	5.699991e-03
-8.845015e-03	2.788400e-03	2.893715e-03	2.429153e-03	-1.423899e-03	7.285461e-03	-5.828800e-03	5.933572e-03	-4.788956e-04	-1.565635e-02	-1.589302e-03	-2.703079e-03	-1.754003e-03	-2.941488e-03	3.053203e-03	6.132951e-03	3.894162e-04	4.729470e-03	-1.481183e-03	-4.745465e-05	3.412517e-03	-4.172737e-03	-5.394029e-03	5.674245e-03	-7.987696e-03	-4.679056e-04	5.950386e-03	5.757486e-03	2.629428e-03	9.122857e-04	-2.872224e-03	-9.880337e-04	2.357572e-03	7.096679e-03	-1.107372e-02	-2.370968e-04	-5.369614e-03	5.051865e-03	3.540589e-03	5.190844e-03
-8.690557e-03	2.708784e-03	2.797366e-03	2.285094e-03	-1.367828e-03	6.831002e-03	-5.369405e-03	6.199003e-03	-1.366598e-05	-1.503533e-02	-1.669794e-03	-2.404813e-03	-1.940387e-03	-3.471226e-03	2.491700e-03	6.031105e-03	4.451020e-04	4.451274e-03	-1.010817e-03	2.377186e-04	3.129525e-03	-3.989500e-03	-5.542269e-03	5.033842e-03	-8.032622e-03	-7.780048e-05	5.566956e-03	5.400988e-03	2.786585e-03	1.233495e-03	-2.858520e-03	-1.295534e-03	2.072672e-03	7.249619e-03	-1.119139e-02	1.317085e-04	-5.134113e-03	4.994194e-03	3.784179e-03	5.176607e-03
-8.899004e-03	2.069444e-03	3.443930e-03	2.730892e-03	-1.204000e-03	7.373871e-03	-5.565856e-03	5.950186e-03	-3.590802e-04	-1.521142e-02	-1.519737e-03	-2.011604e-03	-1.056883e-03	-3.203708e-03	3.178250e-03	5.385424e-03	1.923645e-04	4.893680e-03	-9.710107e-04	1.120874e-04	3.136547e-03	-3.803972e-03	-5.073378e-03	4.947721e-03	-7.584129e-03	-7.821736e-05	4.867461e-03	5.588017e-03	2.621645e-03	1.213450e-03	-2.772146e-03	-1.052044e-03	2.483837e-03	7.012189e-03	-1.167186e-02	-1.515087e-04	-5.162929e-03	4.565027e-03	3.375289e-03	4.124414e-03
-5.493107e-03	1.294572e-03	4.597853e-03	1.702277e-03	1.407205e-05	8.282732e-03	-3.206592e-03	-1.290317e-04	-6.179136e-03	-4.596896e-03	-2.495365e-03	2.772052e-03	1.103145e-02	-3.661934e-03	7.962320e-03	-1.959297e-03	9.310136e-04	4.466875e-03	1.039408e-03	-4.989585e-04	-1.551922e-03	1.984954e-03	-3.862483e-03	-1.000922e-03	-3.391168e-03	3.740555e-03	2.501605e-03	7.747618e-03	-2.818587e-03	-3.844134e-04	-3.869500e-04	5.727053e-03	1.953501e-03	3.608957e-03	-1.615924e-02	3.687952e-04	-2.023192e-03	-2.601729e-03	-2.029035e-03	-5.413940e-03
-5.172966e-03	1.697483e-03	4.926832e-03	1.956700e-03	-4.138585e-05	8.460640e-03	-2.972916e-03	1.107511e-04	-6.521871e-03	-4.785585e-03	-2.336006e-03	2.849430e-03	1.158642e-02	-3.530250e-03	7.718713e-03	-2.374348e-03	9.331921e-04	4.529983e-03	6.850897e-04	-4.102620e-04	-1.612166e-03	2.174197e-03	-3.843311e-03	-1.015730e-03	-3.181410e-03	3.847335e-03	2.504030e-03	8.002792e-03	-3.070143e-03	-7.736635e-04	-7.303528e-04	6.217074e-03	2.158974e-03	3.712026e-03	-1.594356e-02	1.805124e-04	-2.657524e-03	-3.343382e-03	-2.067978e-03	-5.957075e-03
-4.790038e-03	1.724493e-03	5.074892e-03	1.876163e-03	3.284124e-04	8.637113e-03	-3.023525e-03	1.555601e-04	-6.502993e-03	-4.449500e-03	-2.721822e-03	2.884594e-03	1.158217e-02	-3.567668e-03	7.424948e-03	-2.511082e-03	1.175984e-03	4.712766e-03	6.916059e-04	-4.644796e-04	-1.809305e-03	1.879271e-03	-4.235099e-03	-1.422336e-03	-3.531743e-03	3.852111e-03	2.785979e-03	7.959262e-03	-2.946785e-03	-4.336347e-04	-5.132318e-04	5.928054e-03	1.795534e-03	3.961989e-03	-1.605364e-02	4.652262e-04	-2.424112e-03	-3.479174e-03	-1.960961e-03	-6.108180e-03
-4.637836e-03	1.570192e-03	4.849004e-03	1.936602e-03	2.923174e-04	8.318435e-03	-2.545263e-03	-5.941913e-05	-6.574145e-03	-4.180994e-03	-2.587346e-03	2.728187e-03	1.144860e-02	-3.376980e-03	7.449216e-03	-2.493784e-03	9.109595e-04	4.464824e-03	8.766125e-04	-1.584691e-04	-2.001165e-03	1.754541e-03	-4.279038e-03	-1.474220e-03	-3.081350e-03	3.972397e-03	2.994003e-03	7.757108e-03	-2.955688e-03	-7.003792e-04	-5.365015e-04	5.630794e-03	2.074729e-03	3.697180e-03	-1.584503e-02	2.303306e-04	-2.254787e-03	-3.478616e-03	-1.983878e-03	-5.751883e-03
-4.763709e-03	1.634104e-03	4.763781e-03	2.050550e-03	4.832235e-04	8.319138e-03	-3.114270e-03	-1.127453e-04	-6.684480e-03	-4.141522e-03	-2.543752e-03	2.498239e-03	1.160902e-02	-3.447853e-03	7.672324e-03	-2.423717e-03	9.783428e-04	4.590381e-03	4.942101e-04	-4.469111e-04	-2.124406e-03	2.159110e-03	-4.156242e-03	-9.501418e-04	-3.129707e-03	3.852184e-03	3.001273e-03	8.103700e-03	-2.847158e-03	-1.019645e-03	-6.436670e-04	6.069919e-03	1.998858e-03	3.677430e-03	-1.615037e-02	1.224237e-04	-2.073691e-03	-3.112819e-03	-2.395159e-03	-5.899790e-03
-5.390473e-03	1.357275e-03	4.837721e-03	2.377494e-03	-2.502291e-05	8.272636e-03	-2.439527e-03	-3.613750e-04	-6.515457e-03	-4.351034e-03	-2.657551e-03	2.979802e-03	1.226970e-02	-3.595352e-03	8.339196e-03	-2.508579e-03	1.103446e-03	4.538726e-03	5.750199e-04	-4.038871e-04	-1.770815e-03	2.208469e-03	-3.758539e-03	-9.591179e-04	-2.847707e-03	3.784874e-03	2.438771e-03	7.926270e-03	-3.088712e-03	-8.350234e-04	-7.444306e-04	6.192830e-03	1.984846e-03	3.647623e-03	-1.616742e-02	1.839433e-04	-2.288414e-03	-3.867719e-03	-2.548470e-03	-5.968818e-03
-4.188790e-03	1.444736e-03	4.466258e-03	1.712974e-03	1.688397e-04	8.285102e-03	-2.511278e-03	-2.367865e-04	-6.268114e-03	-4.027887e-03	-2.839135e-03	2.642415e-03	1.119980e-02	-3.328106e-03	7.814429e-03	-3.072710e-03	1.043290e-03	4.359589e-03	9.130707e-04	-4.537332e-04	-2.011032e-03	2.077340e-03	-4.005489e-03	-1.219367e-03	-3.752442e-03	3.729965e-03	2.681151e-03	7.974093e-03	-3.203894e-03	-2.973971e-04	-6.781054e-04	5.900551e-03	1.825231e-03	3.885109e-03	-1.530928e-02	1.610561e-04	-2.282840e-03	-3.354132e-03	-1.587655e-03	-5.672939e-03
