0	0	0	4.903551e-01
0	0	1	5.740542e-01
0	0	2	2.708648e-01
0	0	3	1.466155e-01
0	0	4	9.867738e-01
0	0	5	1.680442e-01
0	0	6	3.618534e-01
0	0	7	3.083903e-01
0	0	8	6.741881e-04
0	0	9	9.506336e-01
0	1	0	6.741273e-01
0	1	1	2.173288e-01
0	1	2	5.421196e-01
0	1	3	8.091697e-02
0	1	4	3.309689e-01
0	1	5	3.291610e-01
0	1	6	2.565099e-01
0	1	7	4.890861e-01
0	1	8	3.381555e-01
0	1	9	5.684331e-01
0	2	0	5.545103e-01
0	2	1	8.467001e-01
0	2	2	6.987561e-01
0	2	3	9.856929e-01
0	2	4	2.035077e-01
0	2	5	3.546190e-01
0	2	6	4.138016e-01
0	2	7	5.727997e-01
0	2	8	1.575158e-01
0	2	9	1.193167e-01
0	3	0	2.386571e-01
0	3	1	6.478709e-01
0	3	2	6.933709e-01
0	3	3	5.095219e-01
0	3	4	7.944864e-01
0	3	5	6.801447e-01
0	3	6	6.775660e-01
0	3	7	1.563398e-01
0	3	8	9.885350e-01
0	3	9	6.782402e-01
0	4	0	1.069734e-01
0	4	1	6.626624e-01
0	4	2	8.955690e-01
0	4	3	6.490930e-01
0	4	4	7.435793e-01
0	4	5	2.265380e-01
0	4	6	9.782540e-01
0	4	7	8.920673e-05
0	4	8	7.156241e-01
0	4	9	3.164095e-01
0	5	0	5.685223e-01
0	5	1	2.701344e-01
0	5	2	1.631095e-01
0	5	3	2.672784e-01
0	5	4	2.558273e-01
0	5	5	3.666172e-01
0	5	6	6.218974e-01
0	5	7	6.696289e-01
0	5	8	9.394170e-01
0	5	9	7.794132e-01
0	6	0	7.889456e-01
0	6	1	1.780740e-01
0	6	2	4.272841e-01
0	6	3	4.823165e-01
0	6	4	6.875959e-01
0	6	5	2.217705e-01
0	6	6	1.624612e-01
0	6	7	3.651619e-01
0	6	8	3.781102e-01
0	6	9	1.509962e-01
0	7	0	4.340215e-02
0	7	1	4.850836e-01
0	7	2	8.136586e-01
0	7	3	9.389712e-01
0	7	4	1.341766e-01
0	7	5	5.572379e-01
0	7	6	1.655091e-01
0	7	7	1.124306e-01
0	7	8	5.573271e-01
0	7	9	8.811332e-01
0	8	0	4.288400e-01
0	8	1	1.258494e-01
0	8	2	1.512676e-01
0	8	3	5.919495e-01
0	8	4	3.931278e-01
0	8	5	4.070949e-01
0	8	6	9.585668e-01
0	8	7	1.502519e-02
0	8	8	7.672377e-02
0	8	9	8.979837e-01
0	9	0	7.944384e-01
0	9	1	8.656693e-01
0	9	2	7.605773e-02
0	9	3	2.217225e-01
0	9	4	3.479858e-01
0	9	5	7.636536e-01
0	9	6	4.434930e-01
0	9	7	5.104470e-01
0	9	8	1.288155e-01
0	9	9	8.216032e-01
1	0	0	6.614432e-01
1	0	1	1.722177e-01
1	0	2	3.066868e-01
1	0	3	4.751018e-01
1	0	4	1.111889e-01
1	0	5	4.408634e-01
1	0	6	3.233972e-02
1	0	7	2.766980e-01
1	0	8	5.532939e-01
1	0	9	5.896668e-01
1	1	0	1.578312e-01
1	1	1	9.821339e-01
1	1	2	7.155162e-01
1	1	3	3.090988e-01
1	1	4	5.740835e-01
1	1	5	1.086440e-01
1	1	6	7.161938e-01
1	1	7	5.326502e-01
1	1	8	1.236692e-01
1	1	9	7.929175e-01
1	2	0	4.306339e-01
1	2	1	9.181076e-01
1	2	2	6.585868e-01
1	2	3	5.066917e-01
1	2	4	1.398301e-01
1	2	5	6.572662e-03
1	2	6	2.703453e-01
1	2	7	5.833230e-01
1	2	8	5.170197e-01
1	2	9	3.991608e-01
1	3	0	4.049262e-01
1	3	1	1.784629e-01
1	3	2	5.713785e-01
1	3	3	7.116130e-01
1	3	4	6.535647e-01
1	3	5	6.825674e-01
1	3	6	1.524763e-01
1	3	7	6.859045e-01
1	3	8	9.592654e-01
1	3	9	7.057703e-01
1	4	0	2.755713e-01
1	4	1	1.170966e-01
1	4	2	6.879042e-01
1	4	3	9.910875e-01
1	4	4	4.261955e-01
1	4	5	2.619877e-01
1	4	6	9.973153e-02
1	4	7	1.423892e-01
1	4	8	7.946379e-01
1	4	9	2.234007e-01
1	5	0	9.353068e-01
1	5	1	2.252718e-01
1	5	2	1.415083e-01
1	5	3	5.938936e-01
1	5	4	7.319635e-01
1	5	5	2.813384e-01
1	5	6	6.004663e-01
1	5	7	2.308754e-03
1	5	8	8.646614e-01
1	5	9	1.174859e-01
1	6	0	4.014696e-01
1	6	1	2.695876e-01
1	6	2	2.959489e-01
1	6	3	9.728481e-01
1	6	4	9.812006e-01
1	6	5	9.495136e-01
1	6	6	6.554155e-01
1	6	7	1.336770e-01
1	6	8	6.354181e-01
1	6	9	6.146809e-01
1	7	0	8.394472e-01
1	7	1	9.109893e-01
1	7	2	7.317775e-01
1	7	3	5.273514e-01
1	7	4	9.020768e-01
1	7	5	1.579730e-01
1	7	6	7.893391e-01
1	7	7	1.808375e-03
1	7	8	3.003623e-01
1	7	9	5.839770e-01
1	8	0	2.252091e-01
1	8	1	2.356690e-01
1	8	2	8.092488e-01
1	8	3	3.667174e-01
1	8	4	8.295626e-01
1	8	5	5.412122e-01
1	8	6	6.480558e-01
1	8	7	4.300289e-01
1	8	8	5.435210e-01
1	8	9	5.127173e-01
1	9	0	5.475149e-01
1	9	1	9.449906e-01
1	9	2	7.823049e-01
1	9	3	8.434637e-01
1	9	4	9.178387e-01
1	9	5	7.635056e-01
1	9	6	7.929773e-01
1	9	7	5.732542e-01
1	9	8	8.971825e-01
1	9	9	4.283954e-01
2	0	0	1.879351e-01
2	0	1	7.366298e-01
2	0	2	3.393847e-01
2	0	3	9.197126e-01
2	0	4	2.639812e-01
2	0	5	2.414616e-01
2	0	6	7.768562e-02
2	0	7	5.332031e-02
2	0	8	2.432700e-01
2	0	9	3.780479e-01
2	1	0	6.372973e-01
2	1	1	4.684791e-01
2	1	2	6.137169e-01
2	1	3	4.465460e-01
2	1	4	8.351965e-01
2	1	5	4.432796e-01
2	1	6	9.877583e-01
2	1	7	4.832523e-01
2	1	8	8.733085e-01
2	1	9	5.312793e-01
2	2	0	9.959696e-01
2	2	1	4.208234e-01
2	2	2	4.762699e-01
2	2	3	7.782745e-01
2	2	4	2.642871e-01
2	2	5	3.941086e-01
2	2	6	5.417801e-01
2	2	7	5.726446e-02
2	2	8	9.673627e-01
2	2	9	4.389626e-01
2	3	0	4.856598e-01
2	3	1	1.552978e-01
2	3	2	1.755924e-01
2	3	3	8.250446e-01
2	3	4	7.501037e-02
2	3	5	4.395736e-01
2	3	6	6.650616e-02
2	3	7	1.526960e-01
2	3	8	4.928939e-01
2	3	9	3.097761e-01
2	4	0	5.307439e-01
2	4	1	1.301912e-01
2	4	2	7.782552e-01
2	4	3	1.444608e-01
2	4	4	5.767372e-01
2	4	5	6.134517e-01
2	4	6	5.877404e-01
2	4	7	5.644955e-01
2	4	8	9.670400e-02
2	4	9	4.610489e-01
2	5	0	9.577484e-02
2	5	1	9.267360e-02
2	5	2	8.818723e-01
2	5	3	5.720447e-01
2	5	4	8.709481e-01
2	5	5	1.461594e-01
2	5	6	9.661533e-01
2	5	7	4.127282e-01
2	5	8	2.034239e-01
2	5	9	9.335160e-01
2	6	0	8.516908e-01
2	6	1	6.890837e-01
2	6	2	8.881376e-02
2	6	3	2.728322e-02
2	6	4	5.141283e-01
2	6	5	1.638241e-01
2	6	6	4.668568e-01
2	6	7	5.806345e-01
2	6	8	3.165201e-01
2	6	9	9.597508e-01
2	7	0	8.904106e-01
2	7	1	8.472640e-01
2	7	2	8.994196e-02
2	7	3	6.686657e-01
2	7	4	9.917248e-01
2	7	5	6.666792e-01
2	7	6	2.821174e-01
2	7	7	5.794652e-01
2	7	8	2.311747e-01
2	7	9	3.788214e-01
2	8	0	4.051417e-02
2	8	1	3.269496e-01
2	8	2	4.714950e-01
2	8	3	9.223865e-01
2	8	4	8.989943e-01
2	8	5	3.424431e-01
2	8	6	6.854591e-02
2	8	7	8.651476e-01
2	8	8	7.551713e-01
2	8	9	2.719698e-01
2	9	0	7.986635e-01
2	9	1	6.068622e-01
2	9	2	9.610535e-01
2	9	3	8.874773e-01
2	9	4	6.341454e-01
2	9	5	4.751818e-01
2	9	6	5.130143e-02
2	9	7	1.010022e-01
2	9	8	5.581629e-02
2	9	9	3.678215e-01
3	0	0	6.075298e-02
3	0	1	9.462269e-01
3	0	2	2.150856e-01
3	0	3	1.506949e-01
3	0	4	6.148926e-01
3	0	5	2.068104e-01
3	0	6	8.173741e-01
3	0	7	8.970100e-01
3	0	8	7.862756e-01
3	0	9	4.854889e-02
3	1	0	2.758314e-01
3	1	1	8.267898e-01
3	1	2	3.754985e-01
3	1	3	7.473264e-01
3	1	4	7.491763e-01
3	1	5	2.744928e-01
3	1	6	8.976955e-02
3	1	7	8.177222e-01
3	1	8	1.396403e-01
3	1	9	8.449409e-01
3	2	0	8.969198e-02
3	2	1	9.383039e-01
3	2	2	4.518030e-01
3	2	3	5.074550e-02
3	2	4	8.257812e-01
3	2	5	8.594841e-02
3	2	6	5.259273e-01
3	2	7	8.770826e-01
3	2	8	1.869506e-01
3	2	9	5.817436e-01
3	3	0	2.449042e-01
3	3	1	2.477036e-01
3	3	2	5.279705e-01
3	3	3	4.599897e-01
3	3	4	3.983985e-01
3	3	5	1.428631e-01
3	3	6	6.668001e-01
3	3	7	2.157727e-01
3	3	8	3.987311e-02
3	3	9	4.530757e-01
3	4	0	2.643216e-01
3	4	1	3.157045e-01
3	4	2	2.798655e-01
3	4	3	6.398201e-01
3	4	4	6.303095e-02
3	4	5	2.904181e-02
3	4	6	9.143128e-01
3	4	7	1.528005e-01
3	4	8	8.467640e-01
3	4	9	5.395314e-02
3	5	0	9.977414e-01
3	5	1	9.364560e-01
3	5	2	9.922570e-01
3	5	3	4.495444e-01
3	5	4	9.872015e-01
3	5	5	8.180382e-01
3	5	6	5.354928e-01
3	5	7	5.131288e-01
3	5	8	6.951208e-01
3	5	9	7.224434e-01
3	6	0	9.487245e-02
3	6	1	9.400250e-01
3	6	2	9.701470e-01
3	6	3	6.228429e-01
3	6	4	4.000147e-01
3	6	5	3.685456e-01
3	6	6	7.657060e-01
3	6	7	6.681475e-02
3	6	8	5.843183e-01
3	6	9	8.055792e-01
3	7	0	5.198905e-01
3	7	1	8.486399e-01
3	7	2	1.212837e-01
3	7	3	7.997560e-01
3	7	4	4.884599e-01
3	7	5	1.843146e-01
3	7	6	8.287978e-01
3	7	7	4.027728e-01
3	7	8	3.371151e-01
3	7	9	6.755618e-01
3	8	0	4.567259e-01
3	8	1	3.348565e-01
3	8	2	6.120178e-01
3	8	3	4.489829e-01
3	8	4	7.844009e-01
3	8	5	5.992193e-01
3	8	6	2.670211e-01
3	8	7	3.198937e-01
3	8	8	1.123481e-01
3	8	9	9.621419e-01
3	9	0	4.233717e-02
3	9	1	2.072206e-01
3	9	2	9.021668e-01
3	9	3	1.248421e-02
3	9	4	8.300635e-01
3	9	5	3.021815e-01
3	9	6	3.810298e-01
3	9	7	5.957696e-01
3	9	8	3.689963e-01
3	9	9	9.653481e-01
4	0	0	4.013487e-01
4	0	1	8.888867e-01
4	0	2	8.139880e-01
4	0	3	5.226324e-01
4	0	4	6.886427e-01
4	0	5	3.024479e-01
4	0	6	7.069470e-01
4	0	7	5.174405e-01
4	0	8	7.052207e-01
4	0	9	4.406219e-02
4	1	0	1.930024e-01
4	1	1	1.619466e-01
4	1	2	3.789187e-01
4	1	3	8.050202e-01
4	1	4	6.109295e-01
4	1	5	1.633196e-01
4	1	6	4.042395e-01
4	1	7	8.779506e-01
4	1	8	4.832134e-01
4	1	9	5.165876e-01
4	2	0	8.400925e-01
4	2	1	5.255505e-01
4	2	2	7.238082e-01
4	2	3	7.422593e-01
4	2	4	5.380347e-01
4	2	5	5.538717e-01
4	2	6	4.444085e-02
4	2	7	9.190645e-01
4	2	8	1.496413e-01
4	2	9	4.134371e-01
4	3	0	8.844126e-01
4	3	1	5.509900e-01
4	3	2	3.023239e-01
4	3	3	6.984006e-01
4	3	4	7.362246e-02
4	3	5	9.909666e-01
4	3	6	8.484968e-04
4	3	7	7.805695e-01
4	3	8	5.084071e-01
4	3	9	7.060692e-01
4	4	0	8.246317e-01
4	4	1	7.014095e-01
4	4	2	8.680158e-01
4	4	3	2.035504e-01
4	4	4	5.064297e-01
4	4	5	4.789453e-01
4	4	6	3.668700e-01
4	4	7	9.106692e-01
4	4	8	3.568959e-01
4	4	9	8.500834e-01
4	5	0	4.272568e-01
4	5	1	1.969883e-01
4	5	2	3.756339e-01
4	5	3	1.510650e-01
4	5	4	9.392477e-01
4	5	5	9.136686e-01
4	5	6	7.049368e-01
4	5	7	9.836885e-01
4	5	8	8.327331e-01
4	5	9	8.545781e-01
4	6	0	3.971257e-01
4	6	1	7.171458e-01
4	6	2	4.055681e-01
4	6	3	6.994495e-01
4	6	4	4.155463e-01
4	6	5	4.791906e-01
4	6	6	6.904161e-01
4	6	7	4.163948e-01
4	6	8	2.597601e-01
4	6	9	1.988232e-01
4	7	0	1.224640e-01
4	7	1	8.439178e-02
4	7	2	9.002327e-01
4	7	3	9.904798e-01
4	7	4	2.879422e-01
4	7	5	4.066624e-01
4	7	6	4.694250e-01
4	7	7	6.548122e-01
4	7	8	3.173316e-01
4	7	9	8.263209e-01
4	8	0	5.048956e-01
4	8	1	7.445884e-01
4	8	2	2.330922e-02
4	8	3	8.805294e-01
4	8	4	8.956534e-01
4	8	5	9.625569e-01
4	8	6	7.941981e-01
4	8	7	6.005901e-01
4	8	8	9.462455e-01
4	8	9	6.269312e-01
4	9	0	4.551682e-01
4	9	1	3.433711e-01
4	9	2	3.440770e-01
4	9	3	8.607363e-01
4	9	4	4.282064e-02
4	9	5	7.596233e-01
4	9	6	3.399269e-01
4	9	7	7.332367e-01
4	9	8	1.760182e-01
4	9	9	5.996870e-01
5	0	0	9.320600e-01
5	0	1	2.984822e-01
5	0	2	6.840787e-01
5	0	3	8.322927e-01
5	0	4	2.889619e-01
5	0	5	9.720209e-01
5	0	6	2.389551e-01
5	0	7	7.583870e-01
5	0	8	6.268331e-01
5	0	9	5.562867e-01
5	1	0	5.847078e-01
5	1	1	1.317287e-01
5	1	2	3.008750e-01
5	1	3	6.080171e-01
5	1	4	1.225810e-02
5	1	5	1.965284e-01
5	1	6	5.705740e-01
5	1	7	8.064562e-01
5	1	8	7.971185e-01
5	1	9	5.168194e-01
5	2	0	4.333874e-01
5	2	1	2.522867e-01
5	2	2	8.601906e-01
5	2	3	7.774643e-01
5	2	4	1.130230e-01
5	2	5	9.030112e-01
5	2	6	5.370877e-01
5	2	7	4.529499e-01
5	2	8	6.362480e-01
5	2	9	7.131058e-01
5	3	0	5.263686e-02
5	3	1	5.683079e-01
5	3	2	1.158800e-02
5	3	3	7.367156e-01
5	3	4	4.006006e-01
5	3	5	3.005499e-01
5	3	6	7.087365e-01
5	3	7	6.395557e-01
5	3	8	5.893691e-02
5	3	9	3.355696e-01
5	4	0	1.958424e-01
5	4	1	6.436447e-01
5	4	2	4.672983e-01
5	4	3	4.967175e-01
5	4	4	2.516618e-01
5	4	5	4.795564e-01
5	4	6	6.932459e-01
5	4	7	8.222358e-01
5	4	8	2.860125e-01
5	4	9	4.903644e-01
5	5	0	3.390552e-01
5	5	1	7.193999e-01
5	5	2	7.426511e-01
5	5	3	1.992458e-01
5	5	4	4.968643e-01
5	5	5	8.556741e-01
5	5	6	1.022570e-01
5	5	7	3.395192e-02
5	5	8	3.086240e-01
5	5	9	7.385050e-01
5	6	0	7.470577e-01
5	6	1	3.612609e-01
5	6	2	3.068129e-01
5	6	3	7.586457e-01
5	6	4	9.797650e-02
5	6	5	7.074135e-01
5	6	6	5.919568e-02
5	6	7	8.067130e-01
5	6	8	3.469692e-01
5	6	9	1.181326e-01
5	7	0	1.422826e-01
5	7	1	5.428117e-01
5	7	2	7.617773e-01
5	7	3	6.095809e-01
5	7	4	3.952914e-02
5	7	5	1.343914e-02
5	7	6	8.913727e-02
5	7	7	7.327750e-01
5	7	8	8.356749e-01
5	7	9	3.751498e-01
5	8	0	2.231394e-01
5	8	1	1.747302e-01
5	8	2	9.454972e-02
5	8	3	9.657906e-01
5	8	4	3.739759e-01
5	8	5	5.914140e-01
5	8	6	8.214647e-01
5	8	7	4.762330e-01
5	8	8	6.253659e-01
5	8	9	1.300888e-01
5	9	0	2.147379e-01
5	9	1	3.724236e-01
5	9	2	4.913496e-01
5	9	3	5.215508e-01
5	9	4	1.310694e-01
5	9	5	5.893261e-01
5	9	6	2.289643e-01
5	9	7	1.902651e-01
5	9	8	3.960392e-01
5	9	9	5.759335e-01
6	0	0	3.083977e-01
6	0	1	5.383218e-01
6	0	2	1.187452e-01
6	0	3	7.017499e-02
6	0	4	1.479027e-01
6	0	5	1.582743e-01
6	0	6	8.361413e-02
6	0	7	2.370399e-01
6	0	8	8.910494e-01
6	0	9	9.192891e-01
6	1	0	6.121897e-01
6	1	1	1.141888e-01
6	1	2	9.401921e-02
6	1	3	7.067395e-01
6	1	4	7.997938e-02
6	1	5	4.679952e-01
6	1	6	2.981535e-01
6	1	7	9.014441e-01
6	1	8	9.442281e-01
6	1	9	9.235194e-01
6	2	0	3.153285e-02
6	2	1	1.589660e-01
6	2	2	2.959430e-01
6	2	3	5.228825e-01
6	2	4	6.805168e-01
6	2	5	4.270124e-01
6	2	6	1.122086e-01
6	2	7	9.094811e-01
6	2	8	6.172774e-01
6	2	9	5.082478e-01
6	3	0	4.854146e-01
6	3	1	9.256751e-01
6	3	2	4.656958e-02
6	3	3	6.041598e-01
6	3	4	9.958501e-01
6	3	5	1.944723e-01
6	3	6	7.624342e-01
6	3	7	7.946421e-02
6	3	8	4.315122e-01
6	3	9	6.534836e-01
6	4	0	9.987533e-01
6	4	1	4.370194e-02
6	4	2	7.676724e-01
6	4	3	9.277248e-02
6	4	4	7.504414e-01
6	4	5	8.476518e-01
6	4	6	5.607676e-01
6	4	7	4.859487e-02
6	4	8	7.490959e-01
6	4	9	5.049957e-01
6	5	0	9.721142e-01
6	5	1	7.806287e-01
6	5	2	6.639618e-01
6	5	3	2.680572e-01
6	5	4	3.035112e-01
6	5	5	3.444786e-01
6	5	6	6.950696e-01
6	5	7	4.157199e-01
6	5	8	2.539597e-01
6	5	9	3.123470e-01
6	6	0	9.239677e-01
6	6	1	7.393743e-01
6	6	2	2.380221e-01
6	6	3	9.705372e-01
6	6	4	3.435342e-01
6	6	5	2.338722e-01
6	6	6	1.650095e-01
6	6	7	1.059684e-01
6	6	8	3.133364e-01
6	6	9	5.965217e-01
6	7	0	7.594519e-01
6	7	1	3.120897e-01
6	7	2	6.402236e-01
6	7	3	5.271243e-01
6	7	4	4.048622e-01
6	7	5	3.906650e-01
6	7	6	3.747761e-01
6	7	7	9.656298e-01
6	7	8	4.392599e-01
6	7	9	1.238720e-01
6	8	0	4.706255e-01
6	8	1	4.113741e-01
6	8	2	9.045007e-01
6	8	3	1.345873e-01
6	8	4	6.794313e-01
6	8	5	2.080119e-01
6	8	6	4.790659e-01
6	8	7	3.745009e-01
6	8	8	6.237317e-01
6	8	9	7.330256e-01
6	9	0	6.868480e-01
6	9	1	5.476994e-01
6	9	2	4.723999e-01
6	9	3	9.248701e-01
6	9	4	5.182366e-01
6	9	5	8.159341e-01
6	9	6	1.587423e-01
6	9	7	6.832461e-01
6	9	8	9.219025e-01
6	9	9	4.720787e-01
7	0	0	2.797678e-01
7	0	1	6.813544e-01
7	0	2	7.841684e-01
7	0	3	9.199914e-01
7	0	4	2.084787e-01
7	0	5	1.890306e-01
7	0	6	3.106564e-01
7	0	7	5.832548e-01
7	0	8	1.546604e-01
7	0	9	7.499164e-01
7	1	0	7.071268e-01
7	1	1	6.252859e-01
7	1	2	1.612905e-01
7	1	3	6.116274e-01
7	1	4	7.598732e-01
7	1	5	8.407218e-01
7	1	6	8.196393e-01
7	1	7	2.389391e-01
7	1	8	2.152228e-01
7	1	9	4.433710e-01
7	2	0	9.719647e-01
7	2	1	9.020707e-01
7	2	2	9.910704e-01
7	2	3	4.443646e-01
7	2	4	8.269408e-01
7	2	5	5.093070e-01
7	2	6	2.602987e-01
7	2	7	9.856831e-01
7	2	8	1.925531e-01
7	2	9	1.822012e-01
7	3	0	4.577618e-01
7	3	1	4.723209e-01
7	3	2	8.635556e-01
7	3	3	2.419302e-01
7	3	4	3.923123e-01
7	3	5	7.203436e-02
7	3	6	4.309608e-01
7	3	7	7.029688e-01
7	3	8	6.552892e-01
7	3	9	5.856211e-01
7	4	0	4.528851e-01
7	4	1	3.624160e-01
7	4	2	2.109070e-01
7	4	3	6.141756e-01
7	4	4	9.740434e-01
7	4	5	9.707803e-01
7	4	6	4.548974e-01
7	4	7	7.936827e-01
7	4	8	2.097194e-01
7	4	9	6.701202e-01
7	5	0	2.370537e-01
7	5	1	1.816841e-01
7	5	2	5.721909e-01
7	5	3	2.281241e-01
7	5	4	6.260487e-01
7	5	5	3.991318e-01
7	5	6	7.374312e-01
7	5	7	8.863475e-01
7	5	8	3.848149e-01
7	5	9	9.299843e-01
7	6	0	6.854869e-02
7	6	1	8.425767e-01
7	6	2	4.023052e-01
7	6	3	9.321043e-01
7	6	4	8.450698e-02
7	6	5	7.946175e-01
7	6	6	4.138686e-03
7	6	7	5.154678e-01
7	6	8	4.975863e-01
7	6	9	6.594279e-01
7	7	0	1.010889e-01
7	7	1	9.504714e-01
7	7	2	2.184382e-02
7	7	3	3.119959e-01
7	7	4	5.646470e-01
7	7	5	9.958872e-01
7	7	6	2.827762e-01
7	7	7	1.954448e-02
7	7	8	7.895699e-01
7	7	9	4.924956e-01
7	8	0	6.896647e-01
7	8	1	2.662363e-02
7	8	2	6.741797e-01
7	8	3	2.618556e-01
7	8	4	2.547478e-01
7	8	5	3.002284e-01
7	8	6	6.609874e-01
7	8	7	9.921789e-01
7	8	8	1.865759e-01
7	8	9	4.580229e-02
7	9	0	9.221632e-01
7	9	1	2.551246e-01
7	9	2	8.883790e-01
7	9	3	3.244684e-01
7	9	4	1.872289e-01
7	9	5	9.728860e-01
7	9	6	1.190860e-01
7	9	7	1.913676e-01
7	9	8	4.883538e-01
7	9	9	6.166723e-01
8	0	0	8.507954e-01
8	0	1	5.894427e-01
8	0	2	5.671437e-01
8	0	3	8.726393e-01
8	0	4	9.014386e-01
8	0	5	1.317908e-01
8	0	6	8.685265e-01
8	0	7	1.842148e-01
8	0	8	1.513353e-01
8	0	9	6.580964e-01
8	1	0	6.767104e-01
8	1	1	8.410000e-01
8	1	2	6.847200e-01
8	1	3	3.508901e-01
8	1	4	1.028556e-01
8	1	5	9.394678e-01
8	1	6	6.511185e-01
8	1	7	7.638430e-01
8	1	8	9.316467e-01
8	1	9	8.376943e-01
8	2	0	8.096453e-01
8	2	1	8.538099e-01
8	2	2	9.281888e-02
8	2	3	6.980243e-01
8	2	4	1.782784e-01
8	2	5	2.800478e-01
8	2	6	6.709103e-01
8	2	7	2.973644e-01
8	2	8	4.714153e-01
8	2	9	1.592641e-01
8	3	0	9.140367e-01
8	3	1	3.222108e-01
8	3	2	7.487068e-01
8	3	3	4.811804e-01
8	3	4	1.948500e-01
8	3	5	6.501454e-01
8	3	6	6.129712e-01
8	3	7	6.337649e-02
8	3	8	8.343602e-01
8	3	9	7.643065e-01
8	4	0	7.214729e-01
8	4	1	5.110706e-01
8	4	2	6.053064e-01
8	4	3	4.061929e-01
8	4	4	8.619607e-01
8	4	5	7.081620e-01
8	4	6	3.456606e-01
8	4	7	5.130792e-01
8	4	8	4.720050e-01
8	4	9	2.773073e-01
8	5	0	3.507735e-01
8	5	1	2.816502e-01
8	5	2	1.311173e-01
8	5	3	4.435924e-01
8	5	4	9.796745e-01
8	5	5	3.093956e-01
8	5	6	7.236401e-01
8	5	7	6.505848e-01
8	5	8	6.067600e-01
8	5	9	1.950554e-01
8	6	0	8.098489e-01
8	6	1	5.207967e-01
8	6	2	5.172662e-01
8	6	3	5.585557e-01
8	6	4	1.977087e-03
8	6	5	7.121162e-01
8	6	6	2.087011e-01
8	6	7	6.149483e-01
8	6	8	7.754927e-01
8	6	9	4.306129e-02
8	7	0	3.792548e-01
8	7	1	4.969656e-01
8	7	2	5.541319e-01
8	7	3	9.845612e-01
8	7	4	9.031585e-01
8	7	5	4.160926e-01
8	7	6	6.927232e-01
8	7	7	2.488191e-01
8	7	8	9.291718e-01
8	7	9	1.647282e-01
8	8	0	5.261264e-01
8	8	1	2.799452e-01
8	8	2	4.463785e-01
8	8	3	6.572437e-01
8	8	4	7.235376e-01
8	8	5	4.260530e-01
8	8	6	9.666394e-01
8	8	7	4.471777e-01
8	8	8	7.663779e-02
8	8	9	5.733994e-01
8	9	0	6.422332e-01
8	9	1	8.864867e-01
8	9	2	9.419605e-02
8	9	3	1.594994e-01
8	9	4	4.450424e-01
8	9	5	9.617314e-02
8	9	6	8.716156e-01
8	9	7	6.537434e-01
8	9	8	7.111214e-01
8	9	9	6.471083e-01
9	0	0	6.968047e-01
9	0	1	9.037622e-02
9	0	2	1.440739e-01
9	0	3	2.509366e-01
9	0	4	7.493744e-02
9	0	5	4.723237e-02
9	0	6	6.670293e-01
9	0	7	7.676607e-01
9	0	8	2.960515e-01
9	0	9	5.962010e-01
9	1	0	9.323889e-01
9	1	1	8.221779e-01
9	1	2	8.761463e-01
9	1	3	3.787674e-01
9	1	4	4.794216e-01
9	1	5	5.996839e-01
9	1	6	8.048203e-01
9	1	7	4.460610e-01
9	1	8	4.686157e-02
9	1	9	8.814581e-01
9	2	0	1.946039e-02
9	2	1	6.890947e-01
9	2	2	7.679448e-01
9	2	3	1.136564e-01
9	2	4	8.485941e-01
9	2	5	2.129872e-01
9	2	6	2.098296e-01
9	2	7	7.202097e-01
9	2	8	8.667306e-01
9	2	9	9.209510e-01
9	3	0	3.673180e-01
9	3	1	5.635353e-01
9	3	2	1.132723e-02
9	3	3	5.113919e-01
9	3	4	8.144720e-01
9	3	5	8.626468e-02
9	3	6	5.586243e-01
9	3	7	4.815012e-01
9	3	8	8.539254e-01
9	3	9	8.546758e-01
9	4	0	7.770225e-02
9	4	1	7.863143e-01
9	4	2	6.768537e-01
9	4	3	9.538485e-01
9	4	4	1.650817e-01
9	4	5	1.562753e-01
9	4	6	5.535324e-01
9	4	7	9.699020e-01
9	4	8	6.023364e-01
9	4	9	6.003939e-01
9	5	0	8.513601e-01
9	5	1	6.217967e-01
9	5	2	2.894887e-01
9	5	3	6.193049e-01
9	5	4	7.354532e-01
9	5	5	1.380828e-01
9	5	6	8.322921e-01
9	5	7	9.452828e-01
9	5	8	8.582925e-01
9	5	9	6.990227e-01
9	6	0	8.662338e-01
9	6	1	2.256105e-01
9	6	2	2.625581e-01
9	6	3	8.775610e-01
9	6	4	7.370025e-01
9	6	5	7.703005e-02
9	6	6	9.638257e-01
9	6	7	2.956268e-01
9	6	8	5.585313e-01
9	6	9	8.177511e-01
9	7	0	1.503026e-01
9	7	1	6.362335e-01
9	7	2	6.040653e-01
9	7	3	8.271563e-01
9	7	4	5.900821e-01
9	7	5	7.691470e-01
9	7	6	9.834316e-01
9	7	7	1.436144e-01
9	7	8	7.390490e-01
9	7	9	5.857680e-01
9	8	0	7.440084e-01
9	8	1	5.904091e-01
9	8	2	2.075647e-01
9	8	3	3.349703e-02
9	8	4	2.097140e-01
9	8	5	9.430179e-01
9	8	6	1.715798e-01
9	8	7	4.200618e-02
9	8	8	8.883007e-01
9	8	9	2.987231e-02
9	9	0	7.410289e-01
9	9	1	7.545345e-01
9	9	2	2.554828e-01
9	9	3	3.586987e-03
9	9	4	6.320955e-01
9	9	5	9.924853e-01
9	9	6	8.061704e-02
9	9	7	5.959212e-01
9	9	8	2.881121e-01
9	9	9	6.391483e-01
