2.583139e+00	4.028181e+00	-7.303610e+00	9.709733e+00	-8.408330e-01	4.646268e-01	-1.319417e+00	-2.543835e-01	-4.030871e-01	-3.051115e+00
-1.936617e+00	6.131745e-01	-3.068512e+00	-7.938805e+00	3.548695e+00	8.531854e+00	-8.512781e-01	-1.076238e+01	-2.058758e+00	1.421784e+01
5.344734e-01	-1.613557e+00	1.111130e+00	3.623101e+00	-7.359694e-01	-4.079410e+00	-1.289126e+00	2.658857e-01	6.012280e+00	-1.028164e+00
-3.178816e+00	8.187181e+00	-7.049530e-01	2.621413e+00	3.224953e+00	1.123165e-01	3.758552e+00	-8.444077e+00	1.546397e+00	-3.150101e+00
3.825773e+00	-2.945824e+00	-3.090461e-01	2.733986e+00	-2.646547e+00	9.599302e-01	-3.216876e+00	1.681252e+00	1.237417e+00	1.931085e+00
6.491841e-01	1.915181e+00	-2.170411e+00	4.811894e+00	-3.971027e+00	3.144594e+00	-1.262533e+00	2.393766e+00	4.924635e+00	-6.218591e+00
3.429233e+00	3.165546e-01	-4.499715e+00	9.020140e-01	3.835512e+00	-8.194828e-01	-8.112594e-01	2.850558e+00	-2.923344e-01	-2.743758e+00
2.494133e+00	9.910670e-01	-7.306971e+00	6.610245e+00	1.015716e-01	1.117406e+01	-1.510726e+01	8.493863e+00	-1.038431e+01	6.756544e+00
-3.198927e+00	3.737648e+00	-1.191151e+01	6.658035e+00	4.735585e+00	-2.266443e+00	1.015066e+01	-2.768663e+00	8.029548e+00	-4.938039e+00
3.590618e+00	-1.986115e+00	2.847567e+00	-3.075127e+00	7.683701e-01	-7.042561e-02	-2.897267e-01	-2.176779e+00	-8.531911e-01	3.064903e-01
9.597677e-01	5.269476e-01	-2.389200e+00	3.879703e+00	2.892808e+00	1.077733e+00	3.577738e+00	-8.973318e-01	-2.422271e+00	-3.638593e+00
-1.703471e+00	1.050094e+01	-1.132493e+00	1.673559e+01	-8.410074e+00	2.857734e+00	-2.077633e+00	-9.121472e+00	1.393031e+00	-3.871731e+00
5.268447e-02	-1.677769e+00	1.037673e+00	-1.666646e+00	7.374823e-01	3.403694e+00	-2.264306e+00	5.785709e+00	-8.768323e-01	6.725769e-01
7.561806e+00	1.657918e+00	-6.477557e+00	-9.921640e-01	1.772366e+00	4.761090e+00	-1.333532e+01	3.262783e+00	-3.329400e+00	5.308944e+00
5.788008e-01	-1.594153e-01	1.226347e+00	2.687926e+00	-9.285465e-01	3.616595e-01	7.868546e-01	1.615795e+00	1.468123e+00	-2.263290e+00
1.999079e+00	-6.450036e+00	7.151588e+00	-1.718425e+00	-3.225228e+00	-3.454530e+00	-3.093530e+00	7.695728e+00	6.277954e+00	2.848053e-01
2.506064e+00	6.309955e-01	-2.420178e+00	3.975235e+00	-2.975846e+00	-5.251890e+00	3.828007e-01	2.663224e+00	7.225871e+00	-2.794955e+00
-4.136452e+00	8.585469e-01	-3.939113e+00	4.036057e+00	2.523959e+00	-9.394884e-01	-7.186232e-01	5.156755e+00	2.816630e+00	8.223654e-01
2.299115e-01	2.942426e+00	4.670861e+00	-2.356387e+00	1.198935e+00	-3.006857e+00	2.971688e+00	-3.197926e+00	4.353285e+00	-6.264188e+00
-1.374013e+00	2.383761e+00	8.999695e+00	-6.920990e-01	-1.500157e+00	-1.236771e+00	-2.243867e+00	-5.452220e+00	2.525329e+00	-3.670480e-01
3.287434e-01	2.226061e+00	9.947000e-01	2.644661e+00	-3.524566e+00	4.852951e+00	-3.944658e+00	1.130993e+00	3.489573e-01	-1.842265e+00
-1.169052e-01	-9.860437e-01	-5.405546e-01	-2.958521e-01	1.890108e+00	2.460995e+00	-1.405962e-01	5.838082e-01	-2.205459e-01	1.942664e+00
-4.308545e+00	1.279984e+00	-1.930261e+00	3.700607e+00	-7.434158e-01	-2.780901e+00	4.583036e+00	1.588925e+00	6.500416e+00	1.086669e+00
4.962734e+00	-4.483850e+00	-2.041851e+00	7.251539e+00	-1.036044e+00	-9.104026e+00	-5.371696e+00	1.263740e+01	4.931214e+00	-2.579984e+00
8.424023e-01	2.331076e+00	6.464121e-01	1.348925e+00	2.449911e-01	-4.261216e-01	1.845557e+00	-3.304574e+00	-1.301694e+00	-5.086120e-01
2.230427e+00	1.399355e-01	1.642719e+00	-1.293343e+00	1.371884e-01	5.018627e+00	2.957079e+00	-4.842181e-01	-4.540272e+00	-2.075358e+00
1.263223e+00	1.609439e+00	8.629139e-01	3.100032e+00	-1.381789e-01	-2.084403e+00	6.572857e+00	-3.143584e+00	8.645902e-01	-1.559491e+00
-5.071251e+00	2.884924e+00	1.859782e+00	3.355906e+00	-1.032134e-01	1.052205e+00	-2.357831e+00	-1.866053e-01	1.825705e+00	1.897003e+00
-5.818800e+00	4.583806e+00	-2.757460e+00	6.243313e-01	5.757355e-01	-6.153871e-01	4.197656e-01	-1.299102e+00	5.739360e+00	3.407324e+00
-7.844181e-02	-1.631065e+00	-3.418783e-01	-3.318090e-01	2.344179e-01	2.096431e+00	3.543681e+00	-1.815374e+00	-2.809988e-01	3.410966e+00
4.036398e+00	1.490475e+00	-4.652929e-01	4.838511e+00	2.241726e+00	-8.396537e+00	4.193117e+00	4.586216e+00	2.737389e+00	-4.514611e+00
1.195259e+00	1.305704e+00	-1.031943e+00	3.409590e+00	-3.320570e+00	2.514603e+00	-2.098173e+00	2.651853e+00	9.375352e-01	-3.108758e-01
1.111804e+00	8.205723e-01	-1.030964e+01	5.557748e+00	1.714754e+00	-7.789822e-01	9.529438e+00	-1.314778e+00	-2.727245e-01	8.489902e-01
-3.550756e+00	6.332808e+00	7.392292e-02	1.223243e+01	-4.689617e+00	1.794703e+00	2.057976e-01	-9.567685e+00	3.484191e+00	-2.388059e+00
1.630604e+00	-5.937346e-01	2.203701e+00	1.470967e+00	-1.914495e+00	-6.198456e-01	-6.538541e-01	2.461579e-01	2.564076e+00	-1.041922e+00
9.639877e-01	2.930692e+00	-4.461479e-01	-2.200501e-01	4.337923e+00	2.837325e+00	-6.872306e-01	-5.961020e+00	-1.084826e+00	-3.177975e+00
1.079500e+00	-5.469345e+00	1.799015e+00	2.080810e+00	3.086157e+00	1.660792e+00	-1.435651e+00	2.516677e+00	-4.531430e+00	2.387145e+00
8.758150e-01	1.497035e+00	2.365499e+00	2.327963e+00	-1.296756e+00	2.172197e-01	-4.737650e-01	-7.801450e-01	2.092248e+00	-2.010284e-01
-1.177898e+00	8.949209e-01	-8.359417e-02	-8.317398e-01	2.090540e+00	-9.754867e-01	7.693261e+00	-2.276314e+00	3.622962e+00	-3.717285e+00
-1.943163e+00	3.705752e+00	7.506889e+00	1.697699e+00	-1.623796e+00	4.910065e+00	3.835807e+00	2.915938e+00	-6.215818e+00	-7.525705e+00
1.892149e+00	-7.468204e-01	1.317387e-01	3.914271e+00	-1.588303e+00	3.508626e+00	-6.696250e+00	5.226215e+00	5.124820e-01	-1.026176e+00
2.597003e+00	-3.936935e-01	1.999925e+00	-5.761718e+00	3.509007e+00	-1.044059e+00	1.071932e+01	-6.856565e+00	1.532408e+00	-3.302847e+00
1.444310e+00	-3.999631e+00	-1.637211e+00	-1.655153e+00	4.458877e+00	-7.707657e-01	5.051979e-01	3.472957e+00	1.495187e+00	4.179759e-01
-2.810409e-01	-1.615103e+00	9.843679e-01	-1.829588e+00	2.369442e+00	1.281894e+00	2.363676e+00	7.099431e-01	1.444335e+00	7.401052e-01
-7.710800e-01	-2.133703e+00	3.457754e-01	1.070010e-01	-2.032066e+00	-1.151206e+00	-2.248153e+00	-1.638546e+00	5.589971e+00	4.927776e+00
1.127831e+00	1.532067e+00	1.966537e+00	1.693871e+00	3.878265e-01	7.017857e-01	-4.774711e-01	-8.847280e-01	3.351611e-01	-9.966926e-01
9.143394e-01	-2.916396e+00	2.005789e+00	-5.943122e-01	9.913979e-01	2.890455e-01	3.685718e-01	1.111544e+00	1.099458e-02	2.672864e+00
7.581561e-01	3.838917e+00	1.323593e+00	1.449903e+00	-1.316974e-01	1.246395e+00	8.975800e-01	-3.396400e+00	-1.755751e+00	-8.149428e-01
-1.919686e+00	-1.623235e+00	2.487905e+00	-4.979799e+00	-1.108321e-01	4.546152e+00	-1.741659e+00	4.582788e+00	8.402294e-01	8.695567e-01
1.362852e+00	-3.197476e+00	9.525257e-01	-2.129388e+00	-1.047474e+00	7.181092e-01	1.062325e+00	3.641518e+00	2.604342e+00	2.890282e-01
3.482938e-01	4.018584e+00	-4.054501e+00	7.382669e+00	-2.257094e+00	-6.199378e+00	1.572237e+01	-3.613934e+00	-3.858223e+00	-6.879400e-01
3.327446e-03	1.108080e+00	1.168755e+00	3.459078e+00	-7.311364e-01	1.757195e+00	2.494218e+00	8.745618e-01	-1.086134e+00	-2.559616e+00
2.776062e+00	2.485993e+00	3.427012e+00	-3.947259e+00	-1.551352e+00	-8.943188e+00	4.891858e+00	-1.199027e+00	6.261174e+00	-3.998459e-01
2.579537e+00	-1.829230e+00	-5.473694e-01	2.358769e+00	-2.781618e+00	1.679521e+00	1.188088e-01	3.733478e-01	8.204953e-01	2.041375e+00
2.310114e+00	-7.728308e-01	-2.356392e+00	4.859657e+00	-1.043997e+00	-2.049960e-01	-1.401982e+00	2.403930e+00	1.420276e+00	-1.225009e+00
2.712725e+00	-2.177923e-01	-2.748520e+00	2.356833e+00	6.408191e+00	5.951956e+00	-3.561342e+00	-2.527667e+00	-6.371141e+00	-1.029973e+00
-1.529830e+00	-1.490718e+01	3.712474e-01	-9.555354e+00	-5.354646e-01	2.811118e+00	-1.098191e+01	9.514513e+00	7.723021e+00	1.231568e+01
2.793653e+00	-4.448467e-02	2.105509e+00	-1.260215e+00	1.930587e+00	2.385429e+00	1.971967e-01	-5.420550e+00	-2.697181e+00	5.088969e-01
-6.650251e+00	6.665959e+00	5.622401e+00	1.249658e+00	-4.263519e+00	-5.714821e-01	3.256510e+00	-3.432756e+00	7.921100e+00	-4.464843e+00
1.716060e+00	-3.085379e+00	5.900080e-01	-1.926014e+00	7.773705e-01	-2.759347e+00	3.636185e+00	-1.572199e+00	3.353136e+00	2.091085e+00
-6.163859e-01	-1.318229e+00	3.004236e+00	-6.328493e+00	-1.166366e+00	2.829415e-01	-1.937864e+00	5.333282e+00	7.775711e+00	-1.421515e+00
-4.878760e+00	4.451854e+00	-4.366009e-01	-1.156458e+00	3.122330e+00	5.009652e-01	1.022729e+01	-5.521698e+00	9.680870e-01	-5.349589e-01
2.279739e+00	3.407474e+00	2.524738e-01	3.446644e+00	-4.437822e+00	-2.095497e-01	-2.261591e+00	-8.040538e-01	1.340589e+00	3.544790e+00
6.373996e+00	-5.918858e-01	-5.806379e+00	-1.012139e+00	7.474019e+00	-1.314622e+00	-3.805616e+00	-2.263801e+00	-9.344285e+00	8.079895e+00
-3.037249e+00	-1.291001e+00	3.014233e+00	-7.979256e+00	-1.812184e-01	-8.947646e-01	4.934283e+00	-1.356073e+00	8.690085e+00	4.766140e-01
2.165256e+00	2.861614e+00	1.633434e+00	8.112308e-01	2.164020e-01	-1.073087e+00	1.684291e-01	-2.125543e+00	-1.149811e+00	-5.292618e-01
8.811856e-02	-1.860857e+00	-1.181350e+00	-3.781989e+00	2.782421e+00	1.254341e+00	3.182669e+00	-1.493542e-01	8.588980e-01	4.493876e+00
3.903073e+00	-7.081256e+00	-4.820958e+00	-3.951222e+00	9.207281e+00	-4.669330e+00	2.466939e+00	3.383738e+00	-2.334838e+00	6.656761e+00
3.458369e+00	1.231968e+00	8.767792e-01	2.884761e+00	6.332002e-02	1.883834e+00	-4.191617e-01	-5.349333e-01	-4.868607e+00	9.802383e-01
1.383612e-01	8.859212e+00	6.242936e-01	-4.716001e+00	5.663011e+00	-6.729544e-01	1.446283e+01	-1.920572e+01	-1.229932e+00	-8.285469e-01
-1.548437e+00	2.954177e+00	7.794154e+00	3.140830e+00	-4.799887e-01	-8.017285e-01	2.677171e-01	-6.864352e+00	-8.982238e-01	6.112829e-01
-6.162283e-01	-4.771760e-01	-7.577022e+00	2.434753e+00	6.885570e+00	-3.744579e-01	1.014440e+01	-2.660039e+00	-2.883287e+00	1.867564e+00
1.354340e+00	-1.264077e+00	-5.098068e-01	4.143023e+00	3.889386e-01	-5.624955e+00	-1.170236e+00	8.834372e+00	3.456338e+00	-2.620852e+00
3.139156e+00	8.642793e-01	-1.731076e+00	-1.206711e+00	5.873866e+00	4.688750e+00	-2.391693e+00	-1.211960e+00	-5.108911e+00	-7.296466e-01
2.449172e+00	-1.275301e+00	-3.056881e+00	2.475806e+00	-2.672883e-02	-7.131939e-01	4.230840e+00	-1.098304e+00	2.400054e+00	-1.125352e+00
1.350756e+00	-2.165150e+00	4.940794e+00	1.066781e+00	-1.998428e+00	2.775857e-01	-1.169324e+00	2.826770e+00	1.639643e+00	-8.373342e-01
6.448620e-01	1.227322e+00	3.852884e+00	1.592615e+00	-8.820959e-01	1.932544e+00	-1.327263e+00	9.583814e-01	-7.799038e-01	-2.069041e+00
1.431112e-01	2.261790e-01	2.376951e-02	1.942731e+00	6.160993e-02	2.283468e+00	1.507244e+00	5.573749e-01	1.519277e-01	-1.832883e+00
1.760234e+00	-2.303929e+00	1.296651e-01	1.445360e+00	-8.332161e-01	1.459267e+00	2.461392e-01	2.434718e+00	8.267107e-01	1.210099e-01
1.176313e+00	-2.612041e+00	1.111239e+00	-1.223004e+00	3.068827e+00	1.476970e+00	-1.638147e+00	1.229157e+00	1.429421e+00	8.083083e-01
-1.016882e+00	1.148846e+00	2.252133e+00	7.750589e+00	-2.182809e+00	3.220746e+00	-7.177440e-01	-2.108584e+00	1.007477e+00	-6.356535e-02
4.901013e-01	-6.274553e-01	1.595219e+00	6.229149e-01	1.218756e+00	2.180098e+00	-7.783484e-01	1.301905e+00	5.070841e-01	-4.168847e-01
1.115648e+00	6.424325e-01	9.299169e-01	-6.987108e-01	1.883369e+00	1.600867e+00	9.767895e-01	-1.817185e+00	1.118562e-01	1.046838e+00
1.048369e+00	-7.911569e-02	-7.464468e+00	3.992172e+00	1.274781e+00	4.913187e+00	8.093171e-01	3.626442e+00	-1.708928e+00	-2.821261e+00
-7.605434e+00	2.887405e+00	-1.157518e+00	1.418144e+00	5.132880e-01	-3.248233e+00	-8.620528e-02	-2.127430e+00	8.803163e+00	5.181333e+00
7.555951e-01	-3.164461e-01	-4.265436e-02	5.138527e+00	-2.193459e+00	-2.270162e-01	-5.744129e-01	2.651630e+00	2.352077e+00	-2.322286e+00
1.609540e+00	-2.880660e+00	9.986419e-01	-8.961666e-01	2.073014e-01	2.105730e+00	-1.906238e+00	2.743508e+00	1.354651e+00	1.260049e+00
-2.985176e+00	1.067999e+01	-4.089224e+00	6.024279e+00	4.008940e+00	-4.480260e+00	1.508371e+01	-1.659540e+01	1.554288e+00	-2.785183e+00
2.977853e+00	-3.618049e+00	-5.755071e+00	2.203447e-01	3.536728e+00	-9.967479e-01	1.299881e+00	2.924940e+00	8.704149e-01	6.201662e+00
-1.915764e+00	1.702122e+00	1.368842e+00	-1.850687e-01	7.458523e+00	6.341127e-01	1.076559e+00	-2.981228e+00	-3.554961e+00	-2.178723e+00
9.413462e-01	3.661523e+00	1.927282e+00	1.231843e+00	-2.744636e-01	3.120900e+00	-3.806993e+00	-3.530641e+00	1.653071e-01	1.828494e-01
1.821700e+00	6.470991e-01	1.356237e+00	1.684416e+00	-1.135362e+00	4.075078e+00	4.447057e-01	1.982824e+00	-3.813912e+00	-2.364438e+00
-2.841220e+00	-4.038156e-01	1.247981e+01	-5.408050e+00	-5.833858e+00	-2.688393e+00	1.080186e+00	-1.610381e+00	5.007346e+00	1.343288e+00
3.595110e+00	-9.276091e+00	-5.717365e+00	-1.250444e+01	7.062594e+00	-3.758677e+00	5.869636e+00	-9.697264e+00	8.596061e+00	1.376200e+01
7.533828e-01	4.086258e-02	-1.697306e+00	2.692940e+00	2.017572e+00	5.156382e+00	-8.770527e+00	3.921226e+00	-5.771450e+00	4.576302e+00
1.322029e+00	6.427119e+00	-1.085363e+01	8.909183e+00	2.627925e+00	9.481057e-02	7.480513e+00	1.364660e+00	-4.494193e+00	-9.405521e+00
5.337997e+00	2.469164e+00	-2.360563e+00	1.037538e+01	-2.411411e+00	2.202882e-01	-8.162853e+00	3.245638e+00	-2.721054e+00	-2.933040e+00
2.598405e+00	2.179757e+00	-3.012365e+00	-2.244920e+00	6.020216e+00	3.563155e+00	-7.368012e+00	3.156110e+00	-1.290748e+00	-4.416297e-01
7.396202e+00	-1.262722e+01	2.557706e+00	-2.078223e+01	5.192152e+00	-4.464982e+00	-1.142092e-01	-3.317032e+00	3.953978e+00	1.397201e+01
6.329027e+00	1.374149e+00	2.335953e-01	-1.148901e+00	1.575203e+00	3.492250e+00	3.107000e+00	-6.818838e+00	-6.632509e+00	1.294753e+00
5.268835e-01	4.849077e+00	-1.337244e+00	2.643732e+00	1.961330e+00	1.895974e+00	4.996172e+00	-6.376238e+00	-7.810031e+00	-9.418224e-01
2.149019e+00	3.761209e+00	-1.753371e+00	-2.481084e+00	3.919441e+00	6.324931e-01	5.903635e+00	-6.800089e+00	-6.343709e-01	-1.210852e+00
-1.309984e+00	1.340123e+00	2.958470e+00	-1.198390e+00	2.810564e+00	2.132027e+00	1.017963e+00	-2.289220e+00	-1.181057e+00	1.680737e+00
3.754833e-01	5.312375e-02	-2.154874e-01	-5.111214e+00	-9.138398e-01	-8.182258e-01	-5.601221e-01	-2.221084e-01	5.242611e+00	6.198006e+00
-1.819443e+00	-3.490608e+00	-8.115984e+00	-2.895915e+00	8.138876e+00	6.873442e+00	8.350486e-01	2.668583e+00	-1.297811e+00	1.734167e+00
1.232573e+00	3.662042e+00	1.256397e+00	2.148409e+00	2.035894e+00	1.256188e+00	-1.258637e+00	-3.309660e+00	-1.438704e-01	-3.666108e+00
-5.413307e+00	4.404391e+00	-3.743203e+00	1.850149e+00	3.733614e+00	4.361574e+00	3.762723e+00	1.006805e+00	-1.960259e+00	2.410019e-01
2.638435e+00	-3.768557e+00	-6.621059e+00	-1.698229e+00	2.379365e+00	3.166495e+00	-1.375158e+00	3.535529e+00	-9.629784e-01	5.384840e+00
1.980577e+00	-4.796784e-01	-2.692665e+00	-7.280442e+00	6.956958e+00	-2.572748e+00	5.066603e+00	-2.918106e+00	5.692747e-01	6.568257e-01
3.269523e-01	8.103775e-01	6.078821e+00	3.604008e+00	7.446909e+00	-1.123229e+01	1.521881e+01	-7.903489e+00	3.313981e+00	-9.143887e+00
2.391385e+00	1.131633e+00	9.022934e-01	4.113056e-01	-7.987156e-01	5.973703e+00	8.503968e-01	1.440086e+00	-5.771719e+00	-2.758973e+00
-6.634641e+00	6.383548e+00	6.074658e-01	1.793755e+00	-1.369946e+00	1.316114e+00	1.508754e+00	-5.544815e+00	3.342957e+00	2.972142e+00
7.355986e-03	4.986965e-01	8.626392e+00	-2.940132e+00	-2.748110e+00	-7.617389e-01	1.364433e+00	3.368123e+00	3.104448e+00	-6.821925e+00
-1.965359e+00	-9.761262e+00	-6.579419e-01	-6.989275e+00	8.972101e-01	-5.209423e+00	2.932425e+00	7.336028e-01	1.190654e+01	9.659008e+00
4.339846e+00	7.221067e+00	-6.858325e+00	7.778534e+00	3.401079e+00	2.514440e+00	-6.098584e+00	-4.998302e+00	-7.806649e+00	-9.539808e-01
2.310708e+00	-1.297980e+00	-4.840171e+00	5.641758e+00	6.393634e-01	-1.384425e+00	-4.605851e+00	3.351021e+00	5.068013e+00	-6.752315e-01
-1.576478e+00	-1.588864e+00	1.572889e+00	-1.174695e+01	9.693855e+00	-5.275402e+00	7.597470e+00	-6.166437e-01	7.395504e+00	-2.389568e+00
-1.002432e+00	2.808576e+00	5.370940e+00	1.724397e-02	4.339229e+00	-4.546441e+00	7.839088e+00	-7.406489e+00	2.648299e+00	-6.549153e+00
4.428962e-01	-1.197632e+00	-5.416150e-01	-1.761579e+00	9.873893e-01	7.320199e-02	4.039314e+00	1.207805e+00	2.984549e+00	5.193605e-01
3.963594e+00	5.376966e-01	-2.137477e+00	4.757165e+00	-2.264080e+00	-2.112788e+00	-7.588393e-01	1.465593e+00	-4.213488e+00	8.571544e+00
-8.511292e-01	1.429291e+01	1.210399e+01	8.512326e+00	-9.575784e+00	-9.409266e+00	1.892466e+01	-1.739196e+01	7.952635e+00	-1.957168e+01
2.877684e+00	4.223370e+00	1.757805e+00	-1.881695e+00	-1.541072e-01	-4.613951e+00	6.832576e+00	-2.774426e+00	3.075849e+00	-5.217229e+00
-6.673692e-02	1.169104e+00	1.132403e+00	-1.617000e+00	6.640884e-02	2.521336e+00	5.608829e+00	-3.375953e+00	-6.136971e-01	-4.404929e-01
1.988514e+00	7.744918e-01	2.484433e+00	1.630993e+00	-1.229959e+00	1.444102e+00	-3.220928e+00	4.320059e-01	-7.970240e-01	1.972256e+00
-5.611328e+00	8.593821e+00	-2.979270e+00	2.638358e-01	3.556436e+00	2.446890e+00	7.154893e+00	-1.299381e+01	5.535899e-01	3.202256e+00
-5.816386e-01	-2.392684e+00	-3.290804e+00	-2.708423e+00	2.778668e+00	3.937472e+00	2.399294e+00	2.613578e-01	-1.035229e+00	3.008994e+00
-7.796969e-01	1.605471e+00	6.376651e-01	2.209400e+00	5.319125e+00	-1.416721e-01	-7.081323e-01	-2.641887e+00	-2.724429e+00	1.148980e+00
6.138042e+00	4.152030e+00	-1.992443e+00	2.874873e+00	-3.757195e+00	-5.872947e+00	2.181864e+00	-1.004876e+01	1.380300e+00	3.275814e+00
4.346668e-01	-6.568836e-01	5.702502e-01	1.601554e+00	-3.863232e+00	1.608942e+00	1.326312e+00	3.763700e+00	1.317058e+00	1.131990e-02
2.128256e+00	-3.309722e+00	-5.501268e+00	-6.111217e+00	5.453046e+00	-2.868719e+00	-3.617968e+00	9.613451e+00	4.492542e+00	3.518477e+00
4.921887e+00	-3.682150e+00	-4.654493e+00	-9.629056e+00	5.701729e+00	-2.351773e+00	1.677406e+00	6.059119e+00	1.464724e-01	1.934480e+00
3.147226e+00	-5.737099e+00	2.038649e+00	-7.117261e+00	2.014990e+00	-2.150804e+00	-1.409754e+00	-1.556781e+00	2.962356e+00	6.741408e+00
4.936726e-01	7.478488e-01	1.333304e+00	3.937465e-01	-1.580133e+00	1.559767e+00	3.795296e+00	-2.739756e+00	8.548738e-01	-6.373675e-01
2.486132e+00	3.617686e+00	3.962315e-01	-6.927748e+00	-6.057985e+00	-1.172174e+01	1.624471e+01	-1.060036e+01	1.140125e+01	3.444326e+00
-3.835139e-01	6.598183e-01	1.769008e+00	8.936067e+00	-4.479662e+00	-3.018203e+00	1.374522e+01	1.778541e+00	-2.034861e-02	-8.561897e+00
1.624421e+00	-6.043344e-01	-2.012524e+00	4.535423e+00	4.629246e+00	3.601890e+00	-2.621427e-01	-3.406189e+00	-4.358792e+00	-6.635242e-01
-1.521369e+00	2.676488e+00	9.180796e+00	1.107443e+00	-2.600576e+00	1.682961e+00	-4.472408e+00	-3.848160e+00	1.003540e+00	-9.177956e-02
1.692572e+00	1.145523e+00	-1.881050e+00	-5.143616e+00	5.071516e+00	3.076567e+00	1.590732e-01	-4.558577e+00	-1.171033e+00	1.455574e-01
2.449490e+00	-4.443086e-01	-2.269301e+00	8.169128e-01	2.622157e+00	8.086909e-01	1.578150e+00	-1.077247e+00	5.891279e-01	-7.702425e-02
1.075222e+00	6.000930e-01	6.340851e-01	3.319176e-01	1.330398e+00	1.758214e+00	1.803893e+00	-2.085459e+00	-2.422044e+00	1.923006e+00
1.236801e+00	8.431828e-01	-3.741446e+00	2.563130e+00	1.927182e+00	7.572187e+00	-1.123236e+01	4.397141e+00	-5.735980e+00	2.961776e+00
1.300604e+00	2.697273e-01	5.122795e-01	1.290204e+00	-2.799344e-01	1.771331e+00	2.949560e-01	-1.084811e+00	-6.246254e-01	2.084493e+00
2.743079e+00	4.472407e+00	-1.546437e+00	-1.109444e+01	1.473605e+01	1.033902e+00	4.020507e+00	-1.698752e+00	-1.160996e+01	1.259949e+00
1.257137e+00	4.259812e-01	3.411959e-01	-2.470443e-01	2.517647e+00	2.023668e+00	-7.629601e+00	-6.935766e-01	2.695174e-01	6.471135e+00
2.791106e+00	1.029058e+00	-4.267801e+00	1.016163e+01	1.027340e+00	-1.621784e+00	1.684879e+00	-6.096332e+00	-2.592325e+00	5.263055e+00
3.707885e+00	-6.916430e+00	2.308142e+00	-7.412377e+00	2.871853e+00	-5.832394e+00	-6.906041e-01	5.964720e+00	3.691465e+00	7.205143e+00
1.044393e+00	-4.271338e+00	9.430116e-01	2.972536e-01	-1.733298e+00	3.366337e+00	-4.667324e+00	5.761583e+00	-1.603076e-01	3.972724e+00
4.535677e+00	-3.756131e-01	-1.760255e+00	1.304890e+00	-5.210932e+00	-1.224372e+00	-3.809963e+00	6.465933e+00	-2.990047e+00	9.614824e+00
-4.038685e+00	7.365549e+00	9.687036e+00	5.239974e+00	-1.013133e+01	-1.599193e+00	2.119528e+00	-5.414800e+00	5.459697e+00	-6.165633e+00
4.896617e+00	-2.627314e+00	-5.420897e+00	-2.038009e+00	-5.023331e-03	3.240367e+00	-1.574521e+01	9.954288e+00	1.760958e-01	8.578145e+00
1.330470e+00	-1.626162e+00	6.589686e+00	-4.289440e+00	-2.616792e+00	2.549857e-01	7.760845e-01	8.288345e-01	3.008338e+00	1.023592e-01
1.525390e+00	-4.566614e-01	4.469081e-01	2.614452e+00	-1.881816e+00	6.737834e-01	-7.928678e-01	1.840615e+00	4.793810e-01	4.244389e-02
3.079818e+00	-2.240787e+00	2.092085e+00	5.065751e-01	-9.626320e-01	-2.110739e+00	-2.012713e+00	8.951200e-01	2.665300e+00	9.835486e-01
3.023584e+00	-6.258268e-01	3.161744e+00	-5.903202e+00	-7.607795e-01	5.513473e+00	4.996154e-01	-5.062127e+00	-3.387659e+00	4.625772e+00
-1.349526e+00	2.692792e-01	1.390042e+00	4.235494e-01	6.901835e+00	-4.005844e-01	9.909406e-01	-1.836034e+00	-4.628171e+00	4.344490e-01
1.859752e+00	-1.342069e+00	3.396998e+00	2.327046e+00	-1.592730e+00	-7.999468e-01	-2.513612e-01	3.907993e-01	1.608093e+00	-3.042881e-01
1.835308e+00	8.430900e-01	9.821280e-01	1.536362e+00	8.235961e-01	2.040556e+00	-2.056425e+00	-1.110467e+00	8.238717e-01	-1.146159e+00
4.905070e+00	-6.671009e+00	-1.662230e+00	-1.777596e+00	9.579517e-01	2.701535e-01	1.345615e+00	3.085995e+00	-7.054225e-01	4.476348e+00
4.329842e-01	-6.440983e-02	2.152135e+00	4.194350e-01	-2.433092e-02	1.654403e+00	1.261325e+00	2.947265e-01	1.241860e-01	-3.045293e+00
2.297319e+00	1.353004e+00	-1.105826e+00	4.078832e+00	-1.660610e+00	1.702121e-01	-2.437317e+00	-7.838973e-01	7.794652e-01	1.018335e+00
4.397127e-01	1.712732e+00	6.400449e+00	4.179364e-02	2.095891e+00	-6.336030e+00	5.553897e+00	-4.666216e+00	2.552089e+00	-3.332922e+00
-8.847577e-01	7.019675e+00	-8.739542e-01	5.917789e+00	2.067112e+00	2.497374e-01	-9.128658e-02	-7.120680e+00	-2.899670e+00	6.372276e-03
4.764939e+00	6.025485e-01	-2.395045e+00	1.970426e+00	-1.516706e+00	6.238887e-01	6.508011e-01	5.408539e-01	-6.515632e-01	1.635299e+00
3.517665e+00	-1.114125e+00	5.460172e-01	3.379508e+00	4.379890e+00	2.125644e+00	1.298647e+00	-6.210237e+00	-6.884146e+00	1.246699e+00
-6.080822e+00	5.468583e+00	-1.767032e-02	9.942923e-01	1.410998e-01	1.714328e+00	6.471251e-01	-4.918078e+00	2.569965e+00	4.492685e+00
1.268639e+00	-3.730340e+00	1.631916e+00	-1.271687e+00	2.657911e-01	3.350340e+00	-4.455674e+00	3.807923e+00	1.254648e+00	3.313494e+00
1.899386e+00	2.249033e+00	4.134222e+00	4.952182e+00	1.666915e+00	-1.327207e+01	1.427487e+01	-2.914579e+00	4.724930e+00	-1.101229e+01
-3.568705e-01	-3.310216e+00	-8.107339e+00	-3.421319e+00	1.175733e+01	1.384067e+00	9.734995e+00	-1.791510e+00	-4.423452e+00	3.553516e+00
4.556480e+00	-8.660971e-01	-5.436261e+00	-3.566504e+00	4.974114e+00	1.040235e+00	-2.757689e+00	5.145245e+00	-3.526645e+00	2.056429e+00
-4.499363e+00	1.438512e+01	-8.335632e+00	8.024426e+00	3.876105e+00	1.401209e+00	1.507451e+01	-1.286479e+01	-1.660892e+00	-5.888223e+00
2.134346e+00	-1.491324e+00	-1.275277e+00	-3.630548e+00	2.011420e+00	2.472632e+00	6.252581e-01	-1.240451e+00	-1.543720e+00	2.358801e+00
2.550221e+00	-1.578526e+00	-5.974419e+00	4.565571e+00	7.181428e+00	4.864438e+00	5.271452e+00	1.176159e+01	-1.098062e+01	-7.143689e+00
1.034570e+00	-7.230216e-01	3.327999e-01	1.187674e+00	2.298941e-01	-9.513348e-01	1.621895e+00	4.238618e-01	2.513172e+00	-1.481533e+00
1.115251e+00	-3.382941e-01	3.075247e+00	2.694507e-01	2.006448e+00	1.640832e-02	-5.475715e+00	-2.595452e-03	9.950843e-02	4.417705e+00
-7.857646e+00	7.758197e+00	6.882517e+00	4.354161e+00	-2.690029e+00	-3.012697e+00	2.345126e+00	-5.355244e+00	4.492190e+00	-1.481872e+00
-5.307926e+00	4.591097e+00	-7.105201e-01	4.334371e+00	-8.784893e-01	-6.362615e-01	-2.880593e-01	-2.668482e+00	4.516494e+00	1.618808e+00
6.885955e+00	-1.281676e+00	-5.460570e+00	-4.574263e+00	4.789122e+00	1.275618e+00	-5.602003e+00	1.095799e+00	-4.433225e+00	6.499259e+00
-5.647559e-02	-1.367436e+00	4.347572e+00	-3.048365e+00	8.130480e-01	2.277289e+00	-1.580712e+00	1.344222e+00	2.100293e+00	5.229799e-01
3.326229e+00	-1.251696e-01	-1.524811e+00	4.398968e+00	-1.448004e+00	-2.698821e+00	2.335264e+00	-2.088943e+00	3.528346e+00	-1.173364e+00
-5.170713e+00	9.182843e+00	2.959387e+00	1.474134e+01	-8.018250e+00	-4.032350e+00	-5.273871e-01	-1.641620e-01	5.384678e+00	-8.499550e+00
