-1.505279e-02	-1.404341e-02	6.026115e-02	2.122770e-03	-3.879478e-02	-6.501251e-03	1.636109e-02	3.364657e-02	4.931355e-02	-5.890613e-02
-1.668347e-02	-1.662951e-02	5.265922e-02	5.046726e-03	-4.593472e-02	1.907451e-02	9.155325e-03	2.988244e-02	5.706373e-02	-6.590386e-02
-2.479240e-02	-2.236287e-02	4.415501e-02	1.042701e-02	-6.169353e-02	2.831145e-02	2.290337e-02	1.581209e-02	6.552354e-02	-4.763064e-02
-4.381843e-02	-3.789802e-02	2.210786e-02	1.507174e-03	-5.660368e-02	3.359900e-02	5.219750e-02	1.865878e-02	9.123451e-02	-5.013444e-02
-7.481647e-02	-4.828900e-02	2.099401e-02	4.218310e-03	-2.573826e-02	-6.749450e-03	7.957512e-02	4.445751e-02	9.014693e-02	-5.694012e-02
-6.688034e-02	-6.383262e-02	4.460497e-03	1.510312e-02	-2.361083e-02	1.774410e-02	8.464762e-02	5.046144e-02	8.588398e-02	-7.157732e-02
-7.038424e-02	-7.613451e-02	-3.944711e-03	1.355757e-02	-1.228470e-02	7.142962e-03	9.020580e-02	5.372515e-02	8.814681e-02	-5.841598e-02
-7.050375e-02	-8.177581e-02	-1.205517e-02	4.933495e-03	-1.639878e-03	1.059734e-02	1.003067e-01	4.622918e-02	9.540899e-02	-5.832976e-02
-8.803722e-02	-8.879369e-02	-5.067847e-03	1.059647e-04	2.661932e-02	-2.744954e-02	1.244556e-01	6.583118e-02	7.773431e-02	-5.584403e-02
-6.282950e-02	-9.125431e-02	-3.100969e-03	1.179721e-02	9.239340e-03	8.680328e-03	1.106837e-01	6.424536e-02	6.570482e-02	-7.665271e-02
-5.853756e-02	-9.547207e-02	-8.405294e-05	1.179861e-02	4.047354e-03	4.726201e-03	1.068728e-01	5.964909e-02	7.038574e-02	-6.288377e-02
-3.938679e-02	-8.997141e-02	-1.772601e-03	-6.205508e-03	1.891730e-02	7.874743e-03	1.017783e-01	4.884232e-02	5.807711e-02	-5.889942e-02
-4.642182e-02	-8.444305e-02	3.603178e-03	-4.463311e-03	4.783233e-02	-3.051179e-02	1.179657e-01	6.351468e-02	2.304841e-02	-5.588445e-02
-2.760598e-02	-7.961096e-02	6.508676e-04	8.397473e-03	3.119023e-02	3.258055e-03	9.564734e-02	6.206552e-02	1.894055e-02	-7.312124e-02
-2.982852e-02	-7.967464e-02	-6.357388e-03	2.718097e-03	2.824921e-02	4.775305e-03	8.855405e-02	6.775912e-02	2.214417e-02	-5.478228e-02
-2.186406e-02	-6.818042e-02	-1.428378e-02	-1.695173e-02	3.663644e-02	1.218134e-02	8.393968e-02	5.737797e-02	2.020996e-02	-4.695131e-02
-4.653648e-02	-6.479631e-02	-1.208571e-02	-1.000445e-02	4.534215e-02	-1.118136e-02	1.154319e-01	6.262529e-02	7.450149e-03	-4.385130e-02
-2.551874e-02	-6.885110e-02	-1.525824e-02	6.304716e-03	2.366689e-02	2.990109e-02	1.032433e-01	6.433285e-02	9.562407e-05	-6.863077e-02
-2.824883e-02	-7.346096e-02	-1.793121e-02	7.054165e-03	2.121974e-03	3.277543e-02	1.046967e-01	5.934536e-02	1.569321e-02	-4.868947e-02
-2.272919e-02	-6.956085e-02	-3.367345e-02	-5.322640e-03	1.097815e-02	3.942554e-02	1.102051e-01	4.762769e-02	2.010211e-02	-4.580254e-02
-3.943257e-02	-6.870546e-02	-3.050711e-02	1.593369e-03	2.019923e-02	1.294301e-02	1.422214e-01	4.981526e-02	-2.832454e-04	-3.930671e-02
-2.049041e-02	-7.411019e-02	-3.192054e-02	2.296673e-02	-2.966939e-04	4.850416e-02	1.303756e-01	4.935832e-02	-1.283666e-03	-6.643750e-02
-1.792155e-02	-7.485757e-02	-3.899846e-02	2.416802e-02	-1.126095e-02	4.325832e-02	1.242294e-01	4.464071e-02	6.167507e-03	-4.002161e-02
-9.276430e-03	-6.951878e-02	-4.778680e-02	1.239085e-02	-8.038782e-04	4.572345e-02	1.243884e-01	3.343340e-02	1.565050e-02	-4.523073e-02
-4.178727e-02	-5.522043e-02	-5.971377e-02	2.453940e-02	3.698838e-02	-6.214369e-03	1.328853e-01	4.398799e-02	-1.141315e-03	-2.887582e-02
-1.251764e-02	-4.400533e-02	-5.567673e-02	4.665481e-02	1.453178e-02	3.714396e-02	9.273296e-02	3.319699e-02	-6.210577e-03	-5.265482e-02
-1.324200e-02	-3.907814e-02	-5.821998e-02	4.531824e-02	9.562443e-03	3.160181e-02	7.237063e-02	2.598185e-02	1.650708e-03	-2.231058e-02
-8.319278e-03	-3.283063e-02	-7.205471e-02	3.171741e-02	2.938930e-02	3.647705e-02	6.978794e-02	7.160016e-03	8.578588e-03	-2.130471e-02
-3.597829e-02	-2.913438e-02	-6.927406e-02	4.284438e-02	5.783911e-02	-1.213364e-02	9.021203e-02	1.284198e-02	-8.094079e-03	-1.088088e-02
-4.084564e-03	-2.405692e-02	-6.080328e-02	6.653945e-02	3.195685e-02	4.072392e-02	5.598012e-02	-6.030422e-03	-1.364594e-02	-3.738088e-02
-7.747191e-03	-2.539491e-02	-6.596253e-02	5.984456e-02	1.381840e-02	5.677790e-02	5.401408e-02	-2.600445e-02	-3.483930e-03	5.088067e-04
-1.807533e-03	-2.658613e-02	-7.096832e-02	3.625763e-02	3.077052e-02	6.418518e-02	6.061113e-02	-3.955361e-02	1.897680e-03	4.547210e-04
