3.866445e-01	4.925221e-01	2.662696e-01	5.529733e-01	8.141972e-01	6.027392e-01	5.627611e-01	8.027159e-01	2.939465e-01	5.947393e-01
5.921467e-01	3.076420e-01	3.433933e-01	5.639316e-01	1.026861e+00	5.774285e-01	-2.578590e-01	6.861353e-01	9.804565e-01	2.748645e-01
4.318319e-01	5.778732e-01	3.800758e-01	5.435840e-01	8.881249e-01	5.990792e-01	5.494598e-01	5.489182e-01	3.939833e-01	7.929970e-01
6.070969e-01	7.039343e-01	6.155949e-01	2.054720e-01	7.891808e-01	6.067365e-01	3.873133e-02	5.494578e-01	6.649826e-01	7.140151e-01
5.200398e-02	4.380542e-01	7.541797e-01	6.049679e-01	8.116515e-01	6.958802e-01	6.866637e-01	6.800568e-01	6.888171e-01	8.611605e-01
3.761811e-01	5.640936e-01	5.482977e-01	7.635906e-01	8.545943e-01	4.138558e-02	7.961436e-02	7.134332e-01	8.283788e-01	9.479430e-01
5.262478e-01	3.587140e-01	6.434619e-01	4.320040e-01	7.011545e-01	3.825514e-01	9.172034e-01	4.947336e-01	9.016267e-01	5.991078e-01
2.342717e-01	1.302111e-01	3.211223e-01	2.378241e-01	6.390697e-01	6.656987e-01	3.451918e-01	1.264804e-01	9.531841e-01	4.774055e-01
4.131406e-01	6.096543e-01	8.240050e-01	2.148547e-01	9.058973e-01	4.136769e-01	4.752762e-01	5.324201e-01	2.589225e-01	5.166301e-01
3.011872e-01	9.107238e-01	5.256387e-01	7.260214e-01	1.096768e+00	9.401953e-01	-7.521921e-02	5.819005e-01	4.939670e-01	-1.839931e-01
3.005847e-01	8.751895e-01	2.688998e-01	1.095668e+00	9.328544e-01	8.885694e-01	1.181633e-01	7.630445e-01	5.325047e-01	1.512231e-01
4.271122e-01	6.748811e-01	2.999516e-01	4.742010e-01	1.009497e+00	6.309781e-01	7.457023e-01	5.846412e-01	4.630635e-01	1.025643e+00
2.809270e-02	1.058636e+00	7.352573e-02	9.245870e-01	1.308591e+00	4.361332e-01	-1.253362e-01	8.179012e-02	7.677572e-01	5.912641e-01
4.190450e-01	8.750789e-01	4.175959e-01	4.253421e-01	8.122454e-01	4.461329e-01	2.777773e-01	2.439022e-01	9.122968e-01	3.003259e-01
4.914807e-01	-2.321091e-01	8.595152e-01	8.569369e-01	2.114608e+00	-9.542466e-01	8.778855e-01	2.764811e-01	1.102810e+00	-4.306709e-03
4.027470e-01	4.935084e-01	6.068768e-01	4.973416e-01	8.587976e-01	6.916585e-01	7.536328e-01	3.906051e-01	4.922530e-01	8.586089e-01
4.069975e-01	8.613417e-01	2.971308e-01	2.891105e-01	9.226418e-01	4.029106e-01	1.890534e-01	1.778069e-01	1.064044e+00	2.867023e-01
1.828095e-01	1.648542e-01	3.958506e-01	1.347793e-01	7.370341e-01	8.397545e-01	3.891832e-01	7.049438e-02	1.042903e+00	4.198759e-01
5.322793e-01	6.736960e-01	4.189926e-01	4.589052e-01	8.941311e-01	5.687945e-01	6.677570e-01	5.243154e-01	4.292306e-01	9.144217e-01
9.083297e-01	3.748682e-02	1.944012e+00	7.746552e-01	9.486606e-01	9.823341e-02	6.972356e-01	-3.817248e-02	9.218849e-01	4.723831e-02
5.000056e-01	8.958751e-01	4.074406e-01	5.737719e-01	8.126573e-01	2.821381e-01	2.113684e-01	3.002297e-01	1.097652e+00	2.739103e-01
2.803370e-01	2.681065e-01	1.297725e+00	4.145679e-01	6.147685e-01	9.163674e-01	4.135025e-01	3.527267e-02	8.534310e-01	9.646468e-02
4.854354e-01	5.638149e-01	8.153825e-01	2.844705e-01	8.923813e-01	4.236103e-01	5.253611e-01	5.419902e-01	3.302128e-01	3.925428e-01
2.599549e-01	3.048523e-01	1.259555e+00	5.094041e-01	6.129868e-01	9.814744e-01	4.720721e-01	9.374787e-02	8.543670e-01	1.415234e-01
7.381035e-01	6.328810e-02	1.440705e+00	6.130972e-01	7.617718e-01	2.337710e-01	4.869040e-01	-3.445075e-02	8.865185e-01	2.648143e-01
3.023717e-01	2.913535e-01	1.301511e+00	4.624029e-01	6.017990e-01	9.586915e-01	4.678015e-01	8.309695e-02	8.392576e-01	9.708032e-02
6.752896e-01	1.300511e-01	1.463250e+00	6.063208e-01	8.024790e-01	1.674139e-01	5.380400e-01	-1.356335e-01	9.305030e-01	1.796122e-01
-4.441023e-02	7.786285e-01	7.378925e-01	5.723640e-01	8.549159e-01	6.126409e-01	-4.548382e-02	4.052990e-01	6.084073e-01	2.870888e-01
2.142698e-01	8.355140e-01	3.181628e-01	6.322585e-01	3.136481e-01	6.198612e-01	6.477074e-01	3.879532e-01	9.022846e-01	1.621641e-01
3.011499e-01	7.827796e-01	6.234957e-01	6.784616e-01	3.429363e-01	5.968556e-01	4.915010e-01	3.980784e-01	9.563493e-01	1.357169e-01
3.639422e-01	6.220197e-01	8.068237e-01	2.290484e-01	8.977882e-01	3.883296e-01	4.590115e-01	5.163022e-01	3.333709e-01	4.636852e-01
4.299846e-01	4.961856e-01	4.295236e-01	4.314012e-01	9.401488e-01	6.800416e-01	5.945321e-01	5.983235e-01	3.165226e-01	6.552607e-01
5.371693e-02	5.669482e-01	6.139512e-01	2.609946e-01	1.035530e+00	4.279888e-01	3.405731e-01	1.728713e-01	6.044759e-01	1.046506e+00
1.373733e-01	5.570879e-01	4.900924e-01	5.516042e-01	1.013900e+00	8.870082e-01	6.657105e-01	4.934912e-01	5.999691e-01	2.431603e-01
8.138104e-02	4.775219e-01	6.281092e-01	7.068320e-01	9.988557e-01	5.030447e-01	-2.653520e-03	7.267835e-01	6.686691e-01	3.371109e-01
1.091521e-01	8.625028e-01	2.800044e-01	6.494072e-01	1.331854e+00	8.670011e-01	-2.316801e-01	4.591369e-01	1.218287e+00	2.074519e-01
3.233667e-01	3.174443e-01	1.275777e+00	4.201832e-01	5.680587e-01	9.273464e-01	5.050928e-01	7.571785e-02	8.225878e-01	7.970290e-02
6.359171e-01	7.156168e-01	5.380124e-01	8.924425e-02	7.801560e-01	5.552176e-01	-2.323722e-02	5.366795e-01	6.657241e-01	6.658611e-01
3.677252e-01	6.045984e-01	8.176720e-01	2.349041e-01	9.325021e-01	4.261233e-01	4.211014e-01	5.327486e-01	3.243784e-01	4.983489e-01
2.863249e-01	2.474880e-01	1.216033e+00	4.341237e-01	5.840987e-01	9.045121e-01	4.221873e-01	3.707589e-02	8.030057e-01	1.130607e-01
-2.470908e-01	9.549327e-01	7.286063e-01	2.976560e-01	8.088576e-01	6.706171e-01	4.554248e-01	2.723993e-01	3.836025e-01	1.036673e-01
7.301389e-01	1.045758e-01	1.385582e+00	6.180768e-01	7.341942e-01	2.868437e-01	5.810715e-01	-2.404863e-02	8.667800e-01	1.695375e-01
4.470012e-01	4.565121e-01	4.863139e-01	4.752015e-01	9.137712e-01	6.943567e-01	4.877532e-01	5.324639e-01	3.750026e-01	6.961842e-01
4.292587e-01	6.161649e-01	3.613703e-01	4.926838e-01	8.342324e-01	4.876026e-01	4.576421e-01	5.138076e-01	3.728741e-01	6.797833e-01
-2.008784e-01	9.883957e-01	9.021155e-01	8.007617e-01	1.184461e+00	1.021974e+00	6.745311e-01	-4.760362e-02	8.893921e-01	-2.066539e-01
5.999624e-01	8.659659e-01	2.276889e-01	6.943021e-01	8.907163e-01	5.270453e-01	1.634241e-01	5.032085e-01	9.085552e-01	1.812510e-01
-9.436102e-02	6.861476e-01	7.093467e-01	9.277514e-01	9.911671e-01	1.096630e+00	7.525122e-01	5.184798e-01	6.670903e-01	1.631257e-01
3.875758e-01	7.284232e-01	2.514953e-01	6.899438e-01	8.130439e-01	1.124197e+00	4.630224e-03	2.430783e-01	6.875890e-01	9.729311e-01
6.752563e-01	8.444392e-01	8.269537e-01	7.400536e-01	7.672000e-01	1.182569e-01	1.254352e-01	4.592057e-01	5.814367e-01	6.013219e-01
1.969807e-01	8.090704e-01	5.535084e-01	6.579410e-01	3.227175e-01	5.937337e-01	4.582517e-01	3.795507e-01	9.606572e-01	1.684688e-01
4.843695e-01	8.075845e-01	5.568663e-01	2.132583e-01	8.353894e-01	6.889174e-01	1.965218e-01	6.671328e-01	6.535174e-01	7.249575e-01
4.899857e-01	6.236568e-01	4.195516e-01	4.969927e-01	9.136940e-01	5.810381e-01	5.898966e-01	5.069375e-01	3.875276e-01	8.006552e-01
2.904610e-01	8.436205e-01	5.621583e-01	7.381531e-01	9.309016e-01	4.016533e-01	1.027641e-01	7.096006e-01	4.991310e-01	4.114658e-01
2.887576e-01	3.922946e-01	7.884356e-01	6.456595e-01	8.760835e-01	-2.717715e-02	1.117180e-01	7.352279e-01	9.044394e-01	7.212399e-01
7.190486e-01	2.811619e-02	1.397787e+00	5.464399e-01	7.845084e-01	1.925255e-01	4.494819e-01	-7.988850e-02	9.135906e-01	1.922125e-01
3.719521e-01	6.390862e-01	3.455255e-01	5.233754e-01	9.016502e-01	5.246504e-01	4.145856e-01	5.034929e-01	4.668870e-01	6.794357e-01
1.935338e-01	7.904659e-01	8.382533e-01	1.344744e-01	1.106096e+00	3.664727e-02	-6.734741e-02	1.890976e-01	1.134608e+00	8.697157e-01
4.863989e-01	8.236128e-01	4.430387e-01	4.163489e-01	7.379973e-01	3.201336e-01	3.200997e-01	1.449757e-01	9.784686e-01	3.449841e-01
4.040226e-01	5.642334e-01	3.301761e-01	6.000870e-01	8.832737e-01	6.544455e-01	5.911893e-01	8.881109e-01	3.325999e-01	5.656387e-01
9.639838e-02	4.489333e-01	7.549812e-01	6.752994e-01	8.408551e-01	7.087835e-01	6.610775e-01	6.609378e-01	6.127240e-01	8.539047e-01
2.159870e-01	9.387818e-01	1.720318e-01	5.235626e-01	9.940104e-01	5.265128e-01	-1.006786e-01	3.131179e-01	6.463899e-01	4.406492e-01
2.017835e-01	4.146401e-01	5.060496e-01	8.892393e-01	8.063679e-01	7.354049e-01	7.900009e-01	7.341861e-01	7.956311e-01	2.144073e-01
5.060323e-01	7.857037e-01	4.139066e-01	4.257233e-01	6.525242e-01	2.940613e-01	3.815586e-01	2.247662e-01	9.055465e-01	3.170614e-01
1.426121e-01	2.008876e-01	2.245491e-01	9.738997e-02	7.162973e-01	8.690406e-01	4.159118e-01	5.966240e-02	1.051270e+00	2.901113e-01
3.833722e-01	5.737533e-01	3.343646e-01	5.834704e-01	9.028374e-01	6.357518e-01	6.296879e-01	8.830872e-01	3.636930e-01	6.479647e-01
7.393492e-01	1.385962e+00	3.768306e-01	6.792454e-01	7.640401e-01	2.651794e-01	-5.321754e-02	5.620645e-01	2.408520e-01	1.024942e-01
3.205081e-01	4.865452e-01	6.260910e-01	7.287477e-01	9.311056e-01	4.176856e-01	-4.573803e-02	7.909083e-01	7.227739e-01	4.458852e-01
5.998898e-01	7.965279e-01	5.156105e-02	9.440887e-01	1.171711e+00	9.189934e-01	-3.103450e-01	5.410881e-01	9.672945e-01	4.231754e-01
3.917378e-01	4.278797e-01	4.373431e-01	4.814239e-01	8.635629e-01	5.591424e-01	7.081140e-01	4.794347e-01	5.424674e-01	1.084314e+00
4.066008e-01	5.946532e-01	4.291849e-01	8.695407e-01	1.171341e+00	6.265829e-01	-1.845983e-01	4.932375e-01	8.769836e-01	4.284763e-01
1.399039e-01	4.319125e-01	5.425303e-01	6.093050e-01	9.398930e-01	8.239018e-01	6.786365e-01	5.135049e-01	5.324443e-01	3.087240e-01
1.727656e-01	7.910803e-01	3.952124e-01	4.861989e-01	9.353865e-01	3.543073e-01	1.934889e-01	5.887010e-01	5.563714e-01	5.052823e-01
4.702077e-01	8.518887e-01	5.685188e-01	1.620955e-01	9.097985e-01	7.479916e-01	3.828449e-02	6.129359e-01	7.666256e-01	6.592399e-01
3.011716e-01	8.622695e-01	4.420842e-01	9.011033e-01	2.844124e-01	6.960452e-01	6.397268e-01	4.687547e-01	9.907074e-01	3.231743e-01
2.714991e-01	5.025169e-01	5.963202e-01	3.703368e-01	7.217529e-01	5.974604e-01	6.673653e-01	3.429155e-01	3.633074e-01	6.218102e-01
9.547495e-02	5.131046e-01	6.783917e-01	7.786994e-01	1.042499e+00	5.883164e-01	3.738306e-02	8.446690e-01	6.812302e-01	4.996757e-01
6.082517e-01	8.729099e-01	5.249145e-01	1.214472e-01	1.008480e+00	9.200292e-01	8.508412e-02	6.407001e-01	7.478429e-01	7.254541e-01
2.947847e-01	2.978246e-01	1.222874e+00	4.221763e-01	5.759844e-01	9.065322e-01	4.732166e-01	3.958637e-02	8.390676e-01	7.508699e-02
1.605166e-01	1.298989e-01	3.249485e-01	1.524996e-01	7.060399e-01	8.760346e-01	2.965899e-01	4.141091e-02	1.049296e+00	3.455815e-01
5.259759e-01	4.665582e-01	4.289910e-01	4.837496e-01	7.591351e-01	4.921723e-01	8.775659e-01	4.384184e-01	7.835146e-01	8.896881e-01
1.799071e-01	5.277147e-01	7.736904e-01	5.888835e-01	8.376468e-01	7.568222e-01	6.599489e-01	6.904767e-01	6.073385e-01	8.563784e-01
1.485544e-01	9.384188e-01	5.003078e-01	5.639076e-01	8.543109e-01	5.630201e-01	1.917266e-01	6.983494e-01	6.747422e-01	6.011517e-02
1.986207e-01	7.208015e-01	3.925986e-01	8.605813e-01	3.450278e-01	6.926148e-01	5.038307e-01	4.223578e-01	1.007897e+00	1.721669e-01
6.307911e-01	7.516477e-01	5.247328e-01	9.348397e-02	9.044270e-01	7.190749e-01	-4.439306e-02	4.863285e-01	7.066863e-01	6.710069e-01
2.978020e-01	4.249512e-01	5.355781e-01	5.175979e-01	8.101325e-01	5.782988e-01	5.779535e-01	3.704276e-01	5.725382e-01	8.419590e-01
1.320121e-01	4.262250e-01	7.427562e-01	6.406697e-01	8.736330e-01	6.750378e-01	6.069644e-01	6.571124e-01	6.527283e-01	8.815689e-01
4.251827e-01	8.682931e-01	5.764458e-01	7.546675e-01	2.678125e-01	7.375518e-01	5.304350e-01	3.561855e-01	8.400794e-01	-2.947771e-02
1.891109e-01	1.540945e-01	3.482890e-01	9.473710e-02	7.297826e-01	8.374003e-01	3.958382e-01	6.408556e-02	1.051270e+00	4.109605e-01
3.546912e-01	1.056870e+00	3.389986e-01	4.409337e-01	1.250722e+00	5.744297e-01	-2.656522e-01	3.347552e-01	8.876097e-01	5.046965e-01
2.301608e-01	1.263027e+00	4.079617e-01	7.930402e-01	6.702346e-01	5.880300e-01	-4.643143e-02	7.079923e-01	1.245393e-01	9.077484e-02
1.381806e-01	1.925910e-01	2.454057e-01	7.917417e-02	7.467454e-01	8.155741e-01	4.325924e-01	5.708919e-02	1.119049e+00	3.619037e-01
4.892635e-01	8.298584e-01	-1.988607e-01	4.125447e-02	1.499683e+00	4.000910e-01	-5.567247e-01	1.335904e-01	1.370976e+00	1.133712e+00
-1.674490e-01	5.422710e-01	5.674328e-01	9.769364e-01	8.184360e-01	8.335710e-01	8.253831e-01	6.350855e-01	8.296098e-01	2.582721e-01
7.990001e-01	6.898324e-01	5.699419e-01	7.956108e-01	4.642600e-01	4.435552e-01	-1.296198e-01	4.375736e-01	7.331854e-01	5.819490e-01
7.573831e-01	8.451199e-02	1.359270e+00	5.520353e-01	7.519351e-01	2.598329e-01	4.818391e-01	-4.271975e-02	8.425697e-01	1.558344e-01
2.253340e-01	9.930880e-01	3.876638e-01	7.887035e-01	9.283365e-01	6.206411e-01	8.556499e-02	6.753931e-01	5.249262e-01	2.251770e-01
4.269123e-01	7.541037e-01	3.361556e-01	5.615350e-01	8.566794e-01	7.595535e-01	6.537536e-01	3.122742e-01	9.642692e-01	7.016470e-01
2.673681e-01	8.303172e-01	5.045672e-01	6.976149e-01	3.197953e-01	6.675163e-01	4.935543e-01	3.855164e-01	9.464030e-01	1.382085e-01
2.919365e-01	3.639941e-01	1.615670e+00	5.417974e-01	6.725726e-01	1.123495e+00	3.806964e-01	1.211588e-01	1.000380e+00	9.217796e-02
4.452537e-01	4.793742e-01	3.057391e-01	4.853578e-01	9.212533e-01	5.939813e-01	4.725610e-01	7.363126e-01	3.836303e-01	6.702655e-01
5.070015e-01	7.910294e-01	3.489870e-01	9.332649e-01	1.055129e+00	5.864230e-01	-1.452723e-01	6.426618e-01	7.523113e-01	3.841995e-01
7.553960e-01	1.209896e-01	1.406613e+00	6.454355e-01	8.355530e-01	2.523029e-01	4.803669e-01	-7.024815e-02	7.973041e-01	1.233107e-01
3.920166e-01	7.540949e-01	3.073442e-01	4.906033e-01	5.773936e-01	2.974053e-01	4.428379e-01	2.812183e-01	9.631194e-01	3.138915e-01
4.212620e-01	6.011452e-01	3.836358e-01	5.471505e-01	9.094499e-01	5.700428e-01	5.363237e-01	5.912442e-01	4.049191e-01	7.860828e-01
2.344129e-01	5.850743e-01	2.101203e-01	5.748170e-01	8.914631e-01	6.040884e-01	5.373979e-01	9.266710e-01	3.160232e-01	6.316725e-01
4.709690e-01	5.209827e-01	3.618166e-01	4.056455e-01	5.870244e-01	4.713322e-01	3.215915e-01	6.706639e-01	5.348203e-01	5.614430e-01
4.483361e-01	7.249605e-01	4.684126e-01	7.196374e-01	8.706725e-01	4.671527e-01	1.149714e-01	6.363509e-01	6.515512e-01	4.859330e-01
8.680136e-01	2.081974e-01	1.622444e+00	5.409326e-01	8.107567e-01	2.155457e-01	3.375901e-01	1.131144e-01	6.717569e-01	2.523001e-01
2.213663e-01	7.139037e-01	-3.120610e-01	9.805004e-01	-1.048660e-01	9.080670e-02	1.387830e+00	5.277567e-01	1.002994e+00	1.429919e+00
1.998206e-01	8.916962e-01	6.758119e-01	9.418529e-02	7.835770e-01	1.062186e-01	4.817521e-02	4.650863e-01	1.080476e+00	7.242956e-01
4.750739e-01	3.990466e-01	8.534877e-01	3.266411e-01	9.260928e-01	2.259994e-01	1.165430e-01	6.923308e-01	8.901650e-01	3.660248e-01
7.476009e-01	5.838677e-01	1.799466e-01	5.047810e-01	7.096956e-01	8.988136e-01	1.616745e-01	1.782970e-01	3.945389e-01	4.037215e-01
2.700655e-01	3.923594e-01	5.921077e-01	4.957872e-01	7.738214e-01	5.088449e-01	4.911119e-01	4.174485e-01	5.111736e-01	8.083539e-01
7.843065e-02	3.458550e-01	6.922037e-01	5.474495e-01	6.671367e-01	7.542003e-01	7.180947e-01	3.152698e-01	5.941997e-01	2.394389e-01
4.766522e-01	8.302523e-01	5.406602e-01	1.242921e-01	8.600474e-01	7.407183e-01	8.036438e-02	5.355606e-01	7.270228e-01	6.876403e-01
3.263270e-01	1.048872e+00	5.639535e-01	1.123012e+00	4.325395e-01	6.696093e-01	4.926895e-01	5.091057e-01	1.092116e+00	2.373130e-01
2.860653e-01	1.098387e+00	3.393684e-01	5.174616e-01	1.322331e+00	5.439137e-01	-3.201409e-01	2.011117e-01	6.007845e-01	6.946261e-01
1.255716e-01	4.241065e-01	-1.516681e-01	8.387034e-01	3.153831e-01	8.109782e-01	1.000201e-01	9.719363e-01	6.750464e-01	4.610387e-01
5.146074e-01	6.534699e-01	4.242315e-01	4.923342e-01	8.715047e-01	5.698515e-01	6.479194e-01	5.215436e-01	3.962966e-01	8.687875e-01
3.628196e-01	8.942882e-01	2.402538e-01	4.000846e-01	8.867566e-01	2.635510e-01	1.158887e-01	3.726642e-01	1.103512e+00	1.721591e-01
4.218274e-01	6.188576e-01	3.256024e-01	5.792560e-01	8.997467e-01	5.472611e-01	5.037174e-01	8.908965e-01	5.488286e-01	5.606885e-01
1.367124e-01	1.089894e+00	2.578748e-01	5.033001e-01	1.134023e+00	8.440901e-01	-1.407370e-01	1.804980e-01	7.726364e-01	4.590583e-01
7.024032e-02	9.811896e-01	6.573945e-01	2.082258e-01	1.146356e+00	-2.199273e-01	-2.128216e-01	2.413746e-01	1.343922e+00	1.133720e+00
4.541651e-01	4.437414e-01	1.427514e+00	3.963922e-01	5.294645e-01	9.896275e-01	4.598234e-01	3.029058e-01	8.844279e-01	5.908680e-02
4.063685e-01	7.607444e-01	4.932371e-01	5.472723e-01	6.303575e-01	3.936727e-01	3.670707e-01	3.147963e-01	9.708591e-01	3.110609e-01
3.921822e-01	5.387811e-01	3.005022e-01	5.750685e-01	8.794638e-01	5.715665e-01	5.720418e-01	8.397045e-01	3.750932e-01	6.491921e-01
2.554989e-01	2.873928e-01	1.156024e+00	4.373470e-01	7.626816e-01	1.151376e+00	1.995001e-01	1.638677e-01	1.064235e+00	5.561136e-01
2.777140e-01	8.400388e-01	4.925195e-01	1.150688e+00	3.356416e-01	8.544066e-01	4.652915e-01	5.923238e-01	1.064426e+00	2.958976e-01
2.343296e-01	5.467716e-01	5.821133e-01	6.611170e-01	5.707017e-01	5.563607e-01	6.914463e-01	7.609099e-01	8.641493e-01	1.212531e+00
4.105940e-01	8.766611e-01	2.657865e-01	1.060860e+00	9.686208e-01	2.468984e-01	4.486823e-02	8.266112e-01	5.354900e-01	5.480304e-01
9.837380e-02	3.995414e-01	7.460659e-01	6.216665e-01	7.560293e-01	7.120742e-01	7.552261e-01	7.212118e-01	6.787114e-01	8.502504e-01
2.842160e-01	2.936356e-01	1.282515e+00	4.624290e-01	5.987617e-01	9.491443e-01	4.669805e-01	5.829414e-02	8.220155e-01	1.258292e-01
1.992569e-01	3.926816e-01	1.953787e-01	9.111205e-01	1.297613e+00	5.410554e-01	-2.223799e-01	6.939965e-01	4.142193e-01	3.597923e-01
7.243261e-01	2.714581e-01	1.323454e+00	5.414517e-01	6.985219e-01	2.115526e-01	7.152498e-01	-7.387700e-03	7.490203e-01	1.765590e-01
3.333630e-01	4.438050e-01	6.178779e-01	9.545899e-01	7.969866e-01	7.824593e-01	8.575118e-01	8.364977e-01	8.732112e-01	3.266817e-02
4.628756e-01	5.494563e-01	3.206034e-01	5.179017e-01	9.843466e-01	6.969254e-01	6.279168e-01	8.293279e-01	3.734917e-01	7.120179e-01
4.212825e-01	5.157242e-01	2.497475e-01	4.983830e-01	8.899785e-01	5.738165e-01	5.428440e-01	7.770950e-01	4.553859e-01	6.207660e-01
3.841968e-01	5.224042e-01	2.734801e-01	5.515178e-01	8.659838e-01	6.040760e-01	5.954220e-01	8.388047e-01	3.500844e-01	6.377106e-01
-5.333530e-01	4.608380e-01	9.169490e-01	9.931317e-01	1.285244e+00	6.203360e-01	-6.160591e-01	1.368273e-01	6.520285e-01	5.640329e-01
1.001686e-02	8.882271e-01	4.046096e-01	1.070548e+00	2.529041e-01	6.586214e-01	6.332906e-01	6.470323e-01	1.059747e+00	3.224549e-01
6.209559e-01	7.985423e-01	5.092366e-01	1.300176e-01	9.249529e-01	7.961824e-01	3.226078e-02	6.521427e-01	7.125911e-01	7.209908e-01
6.001147e-01	-2.322065e-01	1.369588e+00	7.669487e-01	1.359079e+00	1.159145e-01	6.317749e-01	-9.207221e-02	9.711018e-01	1.542747e-01
4.981464e-01	7.939037e-01	4.821766e-01	4.518348e-01	6.490618e-01	2.739500e-01	4.017963e-01	1.933375e-01	1.002957e+00	2.626252e-01
-1.144288e-01	-6.215254e-02	1.133812e+00	5.960063e-01	5.053956e-01	1.124180e+00	5.921799e-01	-1.533956e-01	6.023102e-01	2.672536e-01
3.002286e-01	4.731564e-01	6.811940e-01	5.323977e-01	8.200658e-01	6.186882e-01	5.878285e-01	4.762582e-01	4.965439e-01	8.166279e-01
3.974309e-01	8.203457e-01	6.021227e-01	1.916713e-01	7.691939e-01	6.653935e-01	8.502878e-02	6.125129e-01	7.627812e-01	6.124330e-01
5.261195e-01	6.589084e-01	3.803567e-01	4.760539e-01	9.334541e-01	5.722779e-01	6.504191e-01	5.039967e-01	4.468049e-01	9.059767e-01
4.010087e-01	5.605907e-01	3.217225e-01	5.500912e-01	9.194000e-01	6.464731e-01	5.551264e-01	7.925249e-01	3.474661e-01	6.106791e-01
2.691307e-01	2.942619e-01	1.298523e+00	4.701287e-01	5.584696e-01	1.045947e+00	4.237681e-01	-1.231768e-03	1.155665e+00	-1.300534e-03
2.008980e-01	7.934487e-01	1.470669e+00	1.901661e+00	1.223479e+00	1.851366e-01	-2.721528e-01	8.137211e-01	1.253296e+00	8.190328e-01
4.168094e-01	6.134494e-01	3.990414e-01	5.187192e-01	9.713652e-01	5.929117e-01	5.728790e-01	8.409400e-01	4.001675e-01	6.855367e-01
2.673138e-01	2.618375e-01	1.372661e+00	5.238383e-01	6.531509e-01	9.977468e-01	4.057719e-01	-1.076205e-02	1.114702e+00	1.416171e-01
3.833852e-01	5.672855e-01	2.857628e-01	5.289180e-01	8.661210e-01	6.034711e-01	6.318640e-01	7.667297e-01	3.383594e-01	6.599315e-01
5.723017e-01	7.168305e-01	4.897692e-01	4.740981e-01	9.599966e-01	5.758807e-01	6.717922e-01	5.563014e-01	3.816996e-01	9.049115e-01
5.176839e-01	6.381930e-01	3.917736e-01	4.652629e-01	9.028746e-01	5.358320e-01	5.538233e-01	4.544167e-01	4.585168e-01	8.355834e-01
7.004731e-01	1.162794e+00	1.843132e-01	2.269979e-01	3.476029e-01	2.332450e-01	4.954442e-01	1.041031e+00	1.950058e-02	4.462006e-01
4.050279e-01	4.768784e-01	2.831843e-01	5.550475e-01	8.299679e-01	5.703110e-01	5.636306e-01	8.115603e-01	3.109974e-01	6.064899e-01
1.289755e-01	4.798910e-01	3.642647e-01	6.629117e-01	6.899666e-01	3.012442e-01	8.934143e-01	1.306752e-01	5.170951e-01	1.102044e+00
1.040820e-02	7.573674e-01	2.168123e-01	6.870010e-01	1.051500e+00	2.817138e-02	-9.656826e-02	7.617663e-01	1.427254e+00	4.849838e-01
4.983086e-01	8.508968e-01	5.033817e-01	1.148161e-01	9.781797e-01	8.957255e-01	3.091119e-02	5.155070e-01	7.922728e-01	7.513806e-01
3.626767e-01	4.853609e-01	2.919998e-01	4.979241e-01	9.198380e-01	6.140236e-01	5.227057e-01	6.787221e-01	4.380740e-01	6.658252e-01
8.853686e-01	1.322705e-01	1.604037e+00	8.038310e-01	7.133819e-01	3.364411e-01	6.050788e-01	8.471306e-02	8.168539e-01	2.055281e-01
1.204853e-01	4.859387e-01	7.283620e-01	5.937204e-01	8.382878e-01	7.128845e-01	6.831108e-01	6.692404e-01	6.206281e-01	8.729743e-01
6.459972e-01	9.464010e-02	1.584941e+00	9.269611e-01	9.714741e-01	2.974888e-01	6.154380e-01	9.078992e-02	6.228168e-01	-3.124641e-01
1.507864e-01	2.594549e-01	3.129735e-01	9.525731e-01	9.524328e-01	-4.654600e-01	1.112250e+00	4.623583e-01	1.014645e+00	8.199892e-01
3.398565e-01	8.983174e-01	5.561991e-01	3.771435e-01	1.038108e+00	3.112173e-01	-1.559048e-01	1.523613e-02	1.338536e+00	3.214069e-01
1.955530e-01	3.540965e-01	-3.406715e-02	9.008427e-01	2.659675e-01	7.208811e-01	5.384055e-01	6.723618e-01	9.483471e-01	4.694642e-01
1.847931e-01	1.695486e-01	3.325416e-01	1.797873e-01	6.893420e-01	8.286683e-01	3.585550e-01	8.376228e-02	9.578357e-01	4.303506e-01
2.540902e-01	9.293466e-01	3.945969e-01	4.022514e-01	1.149267e+00	4.719519e-01	-2.147683e-01	1.151706e-01	7.206762e-01	4.462088e-01
5.306861e-01	-1.800745e-01	1.431248e+00	6.003299e-01	1.299792e+00	6.323942e-02	4.225893e-01	-1.785746e-01	3.266851e-01	-1.527269e-01
2.661462e-01	-1.631166e-01	1.596650e+00	1.704109e+00	1.740653e+00	1.158787e+00	-1.807382e+00	-4.143629e-01	6.761275e-01	8.016880e-01
8.067514e-01	2.225571e-03	1.621447e+00	6.509759e-01	7.289640e-01	1.877696e-01	7.482631e-01	-9.492453e-02	9.345111e-01	2.998556e-02
6.386832e-01	7.747237e-01	4.803323e-01	4.862200e-02	9.448494e-01	7.762811e-01	-4.475831e-02	5.264904e-01	6.932795e-01	7.216463e-01
