0	0	0	6.887187e-01
0	0	1	8.984916e-01
0	0	2	8.572260e-01
0	0	3	2.868836e-01
0	0	4	1.966242e-01
0	0	5	7.143391e-01
0	0	6	7.140585e-01
0	0	7	3.500011e-01
0	0	8	4.557797e-01
0	0	9	3.540499e-01
0	1	0	1.923743e-01
0	1	1	2.483215e-01
0	1	2	6.575571e-01
0	1	3	3.234337e-01
0	1	4	8.739843e-01
0	1	5	4.127758e-01
0	1	6	2.329001e-01
0	1	7	7.918621e-01
0	1	8	1.745074e-01
0	1	9	9.683770e-01
0	2	0	7.648157e-01
0	2	1	4.721165e-02
0	2	2	8.038658e-01
0	2	3	3.244762e-02
0	2	4	2.455341e-01
0	2	5	3.214227e-01
0	2	6	2.428543e-01
0	2	7	3.589753e-01
0	2	8	6.879347e-01
0	2	9	9.421629e-01
0	3	0	4.918516e-01
0	3	1	3.766534e-01
0	3	2	8.406545e-01
0	3	3	3.490776e-01
0	3	4	6.635370e-01
0	3	5	3.727871e-02
0	3	6	6.341678e-02
0	3	7	3.775955e-01
0	3	8	3.872798e-01
0	3	9	5.191964e-01
0	4	0	7.316454e-01
0	4	1	5.796540e-01
0	4	2	7.675180e-01
0	4	3	3.892025e-01
0	4	4	9.030877e-01
0	4	5	6.415023e-01
0	4	6	8.019783e-01
0	4	7	1.359878e-01
0	4	8	4.333644e-01
0	4	9	9.764857e-01
0	5	0	1.043648e-01
0	5	1	1.981801e-01
0	5	2	2.369737e-02
0	5	3	9.082306e-01
0	5	4	2.306277e-01
0	5	5	2.692315e-01
0	5	6	2.296533e-01
0	5	7	4.734820e-01
0	5	8	6.282067e-01
0	5	9	9.175880e-01
0	6	0	4.156449e-01
0	6	1	1.200583e-01
0	6	2	2.942413e-01
0	6	3	2.562994e-01
0	6	4	4.691360e-01
0	6	5	9.577783e-01
0	6	6	2.935781e-01
0	6	7	5.325528e-01
0	6	8	3.353738e-01
0	6	9	6.808579e-01
0	7	0	5.174922e-02
0	7	1	6.701922e-02
0	7	2	2.605119e-01
0	7	3	8.192672e-01
0	7	4	4.562217e-01
0	7	5	1.635996e-01
0	7	6	4.607695e-01
0	7	7	2.582000e-01
0	7	8	2.995875e-01
0	7	9	8.941339e-01
0	8	0	2.346858e-01
0	8	1	4.039522e-01
0	8	2	9.231401e-02
0	8	3	2.583831e-01
0	8	4	3.121828e-01
0	8	5	3.229417e-01
0	8	6	5.276146e-01
0	8	7	5.418362e-01
0	8	8	7.964238e-01
0	8	9	1.558213e-01
0	9	0	4.594241e-01
0	9	1	2.120687e-01
0	9	2	2.758797e-01
0	9	3	7.536655e-01
0	9	4	4.683681e-01
0	9	5	7.450156e-01
0	9	6	7.114438e-01
0	9	7	7.619463e-01
0	9	8	2.775684e-01
0	9	9	4.681757e-02
1	0	0	4.428042e-01
1	0	1	3.293176e-01
1	0	2	1.138368e-01
1	0	3	7.033161e-01
1	0	4	1.485849e-01
1	0	5	5.700585e-01
1	0	6	8.669157e-01
1	0	7	6.093544e-01
1	0	8	8.282586e-01
1	0	9	1.665032e-01
1	1	0	5.034883e-01
1	1	1	6.294432e-02
1	1	2	5.704554e-01
1	1	3	5.958023e-01
1	1	4	3.213274e-01
1	1	5	8.826383e-01
1	1	6	9.187440e-01
1	1	7	8.489420e-01
1	1	8	4.244744e-01
1	1	9	7.151678e-01
1	2	0	4.763315e-03
1	2	1	8.838986e-01
1	2	2	9.272365e-01
1	2	3	2.806430e-01
1	2	4	6.375640e-01
1	2	5	3.956046e-01
1	2	6	2.565861e-02
1	2	7	3.490078e-01
1	2	8	1.575509e-01
1	2	9	3.032270e-01
1	3	0	3.958254e-01
1	3	1	6.003551e-01
1	3	2	6.325447e-01
1	3	3	5.096622e-01
1	3	4	3.036712e-01
1	3	5	7.811295e-01
1	3	6	7.972070e-02
1	3	7	1.705869e-01
1	3	8	3.904839e-01
1	3	9	9.079793e-01
1	4	0	3.370901e-01
1	4	1	8.939722e-01
1	4	2	9.709236e-01
1	4	3	9.075455e-01
1	4	4	4.897745e-01
1	4	5	2.922510e-01
1	4	6	7.901838e-01
1	4	7	4.085185e-01
1	4	8	1.411930e-01
1	4	9	2.146582e-01
1	5	0	1.236863e-01
1	5	1	1.459563e-01
1	5	2	9.855681e-02
1	5	3	5.092276e-02
1	5	4	4.265993e-01
1	5	5	7.361209e-01
1	5	6	4.465274e-01
1	5	7	4.522579e-01
1	5	8	8.512865e-02
1	5	9	6.040783e-01
1	6	0	7.554850e-01
1	6	1	4.809540e-01
1	6	2	2.044334e-01
1	6	3	3.880296e-01
1	6	4	9.906162e-01
1	6	5	5.081045e-01
1	6	6	1.691592e-01
1	6	7	7.033690e-02
1	6	8	6.786914e-01
1	6	9	5.596431e-01
1	7	0	9.783162e-01
1	7	1	1.578153e-02
1	7	2	4.536152e-01
1	7	3	9.492397e-01
1	7	4	9.233271e-01
1	7	5	9.433897e-01
1	7	6	2.414908e-01
1	7	7	7.135109e-01
1	7	8	3.519082e-01
1	7	9	3.826838e-01
1	8	0	9.281691e-01
1	8	1	4.755944e-01
1	8	2	5.286401e-01
1	8	3	2.672593e-02
1	8	4	5.265172e-01
1	8	5	9.552395e-01
1	8	6	7.628468e-01
1	8	7	9.730446e-01
1	8	8	4.074974e-01
1	8	9	8.479754e-01
1	9	0	5.771229e-01
1	9	1	1.629823e-01
1	9	2	3.289295e-01
1	9	3	7.815562e-01
1	9	4	5.510120e-01
1	9	5	3.195457e-01
1	9	6	2.896608e-01
1	9	7	7.201712e-01
1	9	8	3.898826e-01
1	9	9	9.683522e-01
2	0	0	2.798142e-01
2	0	1	3.681987e-01
2	0	2	9.841337e-01
2	0	3	7.334295e-01
2	0	4	3.174385e-01
2	0	5	9.074608e-01
2	0	6	6.768192e-01
2	0	7	5.589293e-01
2	0	8	6.209717e-01
2	0	9	2.872732e-02
2	1	0	9.416131e-01
2	1	1	5.491408e-01
2	1	2	5.043217e-01
2	1	3	4.702532e-01
2	1	4	5.758667e-01
2	1	5	3.083891e-02
2	1	6	4.254927e-01
2	1	7	3.387135e-01
2	1	8	3.883482e-03
2	1	9	8.329900e-01
2	2	0	1.866889e-01
2	2	1	5.810063e-01
2	2	2	9.959724e-01
2	2	3	5.156184e-01
2	2	4	3.625626e-01
2	2	5	5.469844e-01
2	2	6	8.351640e-01
2	2	7	6.522233e-01
2	2	8	2.671555e-01
2	2	9	2.250466e-01
2	3	0	6.205755e-01
2	3	1	5.469698e-01
2	3	2	5.932453e-01
2	3	3	6.047093e-01
2	3	4	2.803992e-01
2	3	5	9.106838e-01
2	3	6	5.121701e-01
2	3	7	9.572184e-01
2	3	8	4.696131e-01
2	3	9	1.331417e-01
2	4	0	9.859457e-01
2	4	1	4.112261e-01
2	4	2	6.822825e-01
2	4	3	4.902675e-01
2	4	4	8.814793e-01
2	4	5	2.581492e-01
2	4	6	5.211064e-01
2	4	7	3.069720e-01
2	4	8	5.968626e-01
2	4	9	5.249899e-01
2	5	0	1.399620e-01
2	5	1	7.835515e-01
2	5	2	1.059962e-01
2	5	3	1.359344e-01
2	5	4	2.991699e-01
2	5	5	4.685588e-01
2	5	6	6.829188e-01
2	5	7	1.343340e-01
2	5	8	1.207821e-01
2	5	9	9.500744e-01
2	6	0	3.593806e-01
2	6	1	7.413577e-01
2	6	2	4.970441e-01
2	6	3	9.526259e-01
2	6	4	3.460669e-01
2	6	5	7.774434e-01
2	6	6	8.633097e-01
2	6	7	8.582370e-01
2	6	8	7.346618e-01
2	6	9	3.329228e-01
2	7	0	9.913787e-01
2	7	1	7.206075e-01
2	7	2	7.441489e-01
2	7	3	6.736612e-01
2	7	4	2.108750e-01
2	7	5	6.256283e-01
2	7	6	9.318104e-01
2	7	7	7.319814e-01
2	7	8	9.326003e-01
2	7	9	5.286730e-01
2	8	0	2.569712e-01
2	8	1	7.256230e-02
2	8	2	3.122246e-01
2	8	3	3.629674e-01
2	8	4	2.084967e-01
2	8	5	6.113945e-01
2	8	6	8.315262e-01
2	8	7	8.914156e-01
2	8	8	7.457284e-01
2	8	9	9.523083e-01
2	9	0	8.414899e-01
2	9	1	1.051090e-01
2	9	2	6.936660e-01
2	9	3	3.385341e-01
2	9	4	5.773489e-02
2	9	5	3.973295e-02
2	9	6	1.159775e-01
2	9	7	9.210446e-01
2	9	8	8.979700e-01
2	9	9	8.506393e-01
3	0	0	2.539674e-01
3	0	1	8.893487e-01
3	0	2	5.712468e-01
3	0	3	9.981163e-01
3	0	4	5.630099e-01
3	0	5	7.821218e-01
3	0	6	6.237446e-01
3	0	7	4.948202e-01
3	0	8	5.141031e-01
3	0	9	5.563448e-01
3	1	0	2.349324e-02
3	1	1	7.710743e-01
3	1	2	6.289071e-01
3	1	3	3.357178e-01
3	1	4	1.340417e-01
3	1	5	8.374039e-01
3	1	6	9.471123e-01
3	1	7	9.655679e-01
3	1	8	7.288194e-01
3	1	9	6.928407e-01
3	2	0	9.178762e-01
3	2	1	5.703094e-01
3	2	2	7.979497e-01
3	2	3	6.115422e-01
3	2	4	9.088434e-01
3	2	5	8.556846e-01
3	2	6	6.512752e-01
3	2	7	2.482090e-02
3	2	8	7.767292e-01
3	2	9	5.492451e-01
3	3	0	8.754602e-01
3	3	1	3.069657e-02
3	3	2	4.385938e-01
3	3	3	4.467070e-01
3	3	4	2.881290e-02
3	3	5	1.603670e-03
3	3	6	2.288287e-01
3	3	7	6.525575e-01
3	3	8	4.964239e-01
3	3	9	7.429319e-01
3	4	0	2.089023e-01
3	4	1	5.199171e-01
3	4	2	5.140062e-01
3	4	3	8.378095e-01
3	4	4	8.556349e-01
3	4	5	6.480479e-01
3	4	6	6.752134e-01
3	4	7	8.027472e-01
3	4	8	6.136158e-01
3	4	9	4.040328e-01
3	5	0	4.955879e-01
3	5	1	5.314921e-01
3	5	2	9.743422e-01
3	5	3	2.935376e-01
3	5	4	1.430343e-01
3	5	5	8.831856e-01
3	5	6	1.492221e-01
3	5	7	7.943095e-01
3	5	8	9.080065e-01
3	5	9	9.259513e-01
3	6	0	3.435546e-01
3	6	1	7.834667e-01
3	6	2	9.566479e-01
3	6	3	7.821484e-01
3	6	4	2.301736e-01
3	6	5	9.854608e-01
3	6	6	7.837521e-01
3	6	7	4.590024e-01
3	6	8	6.380183e-01
3	6	9	2.801760e-01
3	7	0	2.019342e-01
3	7	1	8.469206e-01
3	7	2	8.000931e-01
3	7	3	7.159404e-01
3	7	4	6.847301e-01
3	7	5	6.557281e-01
3	7	6	3.639883e-01
3	7	7	3.599435e-01
3	7	8	4.584753e-01
3	7	9	9.776042e-01
3	8	0	7.639763e-01
3	8	1	9.540631e-01
3	8	2	5.090962e-01
3	8	3	7.383185e-01
3	8	4	2.476007e-01
3	8	5	6.521305e-01
3	8	6	6.215041e-01
3	8	7	3.968229e-01
3	8	8	4.464400e-01
3	8	9	5.295106e-01
3	9	0	3.227742e-01
3	9	1	7.899947e-01
3	9	2	3.129773e-01
3	9	3	2.794221e-01
3	9	4	5.721431e-01
3	9	5	5.431510e-01
3	9	6	2.648829e-01
3	9	7	3.558952e-01
3	9	8	2.153332e-03
3	9	9	9.029011e-01
4	0	0	6.360712e-01
4	0	1	2.040876e-01
4	0	2	7.498217e-01
4	0	3	4.361644e-01
4	0	4	9.200280e-01
4	0	5	4.345518e-01
4	0	6	9.189243e-02
4	0	7	2.840163e-01
4	0	8	7.944953e-01
4	0	9	5.503677e-01
4	1	0	2.616204e-01
4	1	1	5.584716e-01
4	1	2	5.044308e-01
4	1	3	7.707167e-01
4	1	4	2.967901e-01
4	1	5	7.520316e-01
4	1	6	4.228472e-01
4	1	7	9.182941e-01
4	1	8	1.488544e-01
4	1	9	8.692873e-01
4	2	0	4.478048e-01
4	2	1	4.716286e-01
4	2	2	6.592819e-01
4	2	3	7.607821e-01
4	2	4	7.510507e-01
4	2	5	2.314250e-01
4	2	6	3.039330e-01
4	2	7	1.593351e-02
4	2	8	5.873203e-01
4	2	9	3.060864e-01
4	3	0	9.188346e-01
4	3	1	2.233915e-01
4	3	2	5.101739e-01
4	3	3	6.686564e-01
4	3	4	6.595558e-01
4	3	5	4.302019e-01
4	3	6	1.032082e-01
4	3	7	7.514483e-01
4	3	8	7.142182e-01
4	3	9	8.977035e-01
4	4	0	3.018160e-01
4	4	1	9.758386e-01
4	4	2	4.561751e-01
4	4	3	8.062468e-01
4	4	4	7.465553e-01
4	4	5	7.529651e-01
4	4	6	5.582783e-01
4	4	7	1.694025e-01
4	4	8	6.712593e-01
4	4	9	7.071328e-01
4	5	0	3.868981e-02
4	5	1	1.190640e-01
4	5	2	1.787613e-01
4	5	3	6.979718e-01
4	5	4	8.798461e-01
4	5	5	9.298120e-01
4	5	6	9.293968e-01
4	5	7	1.837792e-01
4	5	8	9.457455e-01
4	5	9	5.167171e-01
4	6	0	4.898655e-01
4	6	1	8.645801e-01
4	6	2	7.401085e-01
4	6	3	3.945315e-05
4	6	4	5.332365e-01
4	6	5	3.996644e-01
4	6	6	4.302414e-01
4	6	7	6.364447e-01
4	6	8	1.511126e-01
4	6	9	1.444595e-01
4	7	0	5.341482e-01
4	7	1	4.529286e-01
4	7	2	1.202982e-01
4	7	3	9.903233e-01
4	7	4	2.591754e-01
4	7	5	8.668535e-01
4	7	6	7.432884e-01
4	7	7	8.174537e-01
4	7	8	3.625605e-02
4	7	9	4.145477e-01
4	8	0	5.245865e-01
4	8	1	7.494587e-02
4	8	2	5.336117e-01
4	8	3	7.033478e-01
4	8	4	7.729176e-01
4	8	5	4.134579e-01
4	8	6	6.331598e-01
4	8	7	7.023144e-01
4	8	8	5.972370e-01
4	8	9	5.789053e-01
4	9	0	2.190315e-01
4	9	1	8.710255e-02
4	9	2	4.434855e-01
4	9	3	9.591400e-01
4	9	4	8.714201e-02
4	9	5	9.767220e-01
4	9	6	3.588044e-01
4	9	7	5.173834e-01
4	9	8	6.131667e-01
4	9	9	5.099170e-01
5	0	0	6.618429e-01
5	0	1	1.473149e-01
5	0	2	9.628456e-01
5	0	3	7.821411e-01
5	0	4	1.376382e-01
5	0	5	2.220210e-01
5	0	6	6.489946e-01
5	0	7	8.809266e-01
5	0	8	3.947476e-02
5	0	9	6.852506e-01
5	1	0	2.954743e-01
5	1	1	5.640613e-01
5	1	2	7.601965e-01
5	1	3	8.290860e-01
5	1	4	2.674091e-01
5	1	5	5.331141e-01
5	1	6	2.425439e-01
5	1	7	9.005689e-01
5	1	8	2.354285e-01
5	1	9	8.397809e-01
5	2	0	4.794743e-01
5	2	1	4.544600e-01
5	2	2	9.268835e-01
5	2	3	9.229597e-01
5	2	4	4.136000e-01
5	2	5	1.402549e-02
5	2	6	8.996817e-01
5	2	7	7.724044e-01
5	2	8	5.314089e-01
5	2	9	5.128484e-01
5	3	0	2.823214e-01
5	3	1	1.932518e-01
5	3	2	6.601632e-01
5	3	3	2.451670e-01
5	3	4	9.753928e-01
5	3	5	7.978014e-01
5	3	6	4.671880e-01
5	3	7	6.243874e-01
5	3	8	6.787280e-01
5	3	9	5.066628e-01
5	4	0	3.096381e-01
5	4	1	9.742023e-01
5	4	2	7.072406e-02
5	4	3	6.983457e-02
5	4	4	8.032883e-01
5	4	5	3.381332e-01
5	4	6	6.029487e-01
5	4	7	4.583224e-02
5	4	8	2.387021e-01
5	4	9	8.383772e-01
5	5	0	8.856132e-01
5	5	1	7.181763e-01
5	5	2	2.928372e-01
5	5	3	8.124967e-01
5	5	4	6.411360e-01
5	5	5	7.064372e-01
5	5	6	8.265222e-01
5	5	7	5.408177e-01
5	5	8	4.788416e-01
5	5	9	3.579310e-01
5	6	0	5.366607e-02
5	6	1	7.611630e-01
5	6	2	5.511828e-01
5	6	3	7.138293e-01
5	6	4	6.330010e-03
5	6	5	5.265756e-01
5	6	6	5.116307e-01
5	6	7	4.735180e-01
5	6	8	1.509630e-01
5	6	9	1.903587e-01
5	7	0	9.801808e-01
5	7	1	4.606011e-01
5	7	2	1.645610e-01
5	7	3	5.090490e-02
5	7	4	5.304356e-01
5	7	5	9.678493e-01
5	7	6	3.890381e-01
5	7	7	1.333843e-01
5	7	8	1.368157e-02
5	7	9	6.277401e-01
5	8	0	9.717616e-01
5	8	1	8.992947e-01
5	8	2	3.459165e-01
5	8	3	2.645988e-01
5	8	4	7.117914e-01
5	8	5	9.870525e-01
5	8	6	9.710361e-01
5	8	7	5.383136e-01
5	8	8	5.278702e-01
5	8	9	4.498777e-01
5	9	0	8.962446e-01
5	9	1	5.815363e-01
5	9	2	2.110407e-01
5	9	3	4.474273e-01
5	9	4	2.953656e-01
5	9	5	2.173707e-01
5	9	6	9.740029e-01
5	9	7	8.069963e-01
5	9	8	6.908887e-01
5	9	9	1.249659e-01
6	0	0	9.973550e-01
6	0	1	6.710696e-01
6	0	2	5.855670e-01
6	0	3	1.619160e-01
6	0	4	7.219745e-01
6	0	5	1.160026e-01
6	0	6	1.297654e-01
6	0	7	1.110125e-01
6	0	8	2.493870e-01
6	0	9	1.434469e-01
6	1	0	7.387527e-01
6	1	1	2.211485e-01
6	1	2	4.274169e-02
6	1	3	8.466915e-02
6	1	4	4.857474e-01
6	1	5	7.545331e-01
6	1	6	7.172166e-02
6	1	7	4.567834e-01
6	1	8	2.928466e-01
6	1	9	5.995919e-01
6	2	0	9.066611e-01
6	2	1	1.890912e-01
6	2	2	1.811282e-01
6	2	3	1.177018e-01
6	2	4	6.365185e-01
6	2	5	4.764938e-01
6	2	6	3.350725e-01
6	2	7	6.105214e-01
6	2	8	2.834901e-01
6	2	9	2.596125e-02
6	3	0	7.354873e-01
6	3	1	2.808451e-01
6	3	2	6.970308e-01
6	3	3	3.210543e-01
6	3	4	4.427612e-01
6	3	5	4.190053e-01
6	3	6	4.370569e-01
6	3	7	5.725265e-01
6	3	8	5.300179e-01
6	3	9	6.864438e-01
6	4	0	7.159735e-01
6	4	1	2.687705e-01
6	4	2	9.075924e-01
6	4	3	7.587152e-01
6	4	4	3.534397e-01
6	4	5	3.933398e-01
6	4	6	5.132483e-01
6	4	7	4.251614e-01
6	4	8	8.501232e-01
6	4	9	8.060949e-01
6	5	0	2.475325e-02
6	5	1	7.567843e-01
6	5	2	9.951861e-01
6	5	3	2.058814e-01
6	5	4	8.744862e-01
6	5	5	6.317046e-01
6	5	6	6.823752e-01
6	5	7	2.095587e-01
6	5	8	2.422260e-01
6	5	9	9.658653e-01
6	6	0	2.355199e-01
6	6	1	9.777133e-01
6	6	2	2.467105e-01
6	6	3	9.325508e-01
6	6	4	2.987676e-01
6	6	5	6.894716e-01
6	6	6	3.515561e-01
6	6	7	7.358244e-01
6	6	8	2.619982e-01
6	6	9	8.815739e-01
6	7	0	4.222683e-01
6	7	1	9.779717e-01
6	7	2	1.503445e-01
6	7	3	3.298607e-01
6	7	4	7.366868e-01
6	7	5	5.037842e-01
6	7	6	7.232004e-01
6	7	7	2.499351e-01
6	7	8	9.289455e-01
6	7	9	5.733236e-01
6	8	0	5.603000e-02
6	8	1	9.536988e-01
6	8	2	3.301080e-01
6	8	3	5.121610e-02
6	8	4	1.595802e-01
6	8	5	2.045941e-01
6	8	6	6.829207e-01
6	8	7	8.419554e-01
6	8	8	4.141528e-01
6	8	9	9.251467e-01
6	9	0	8.078208e-01
6	9	1	6.496727e-01
6	9	2	9.028600e-01
6	9	3	5.453124e-02
6	9	4	5.822235e-01
6	9	5	2.016275e-01
6	9	6	7.440029e-01
6	9	7	9.337795e-01
6	9	8	9.374520e-01
6	9	9	6.001036e-03
7	0	0	8.153535e-01
7	0	1	3.597202e-01
7	0	2	9.839727e-01
7	0	3	9.656980e-01
7	0	4	6.895809e-01
7	0	5	7.206595e-01
7	0	6	4.694822e-01
7	0	7	4.127813e-01
7	0	8	9.705946e-01
7	0	9	3.984277e-01
7	1	0	9.861050e-01
7	1	1	2.662462e-02
7	1	2	3.521265e-01
7	1	3	3.162129e-01
7	1	4	7.784071e-02
7	1	5	5.117067e-01
7	1	6	5.208071e-01
7	1	7	7.607614e-01
7	1	8	3.536622e-01
7	1	9	9.349599e-01
7	2	0	6.859081e-01
7	2	1	1.614829e-01
7	2	2	5.846326e-01
7	2	3	5.887680e-01
7	2	4	2.160142e-01
7	2	5	1.668561e-01
7	2	6	7.903956e-01
7	2	7	9.600171e-01
7	2	8	1.006356e-01
7	2	9	7.278475e-01
7	3	0	9.660181e-01
7	3	1	9.159891e-01
7	3	2	8.756774e-02
7	3	3	9.499908e-01
7	3	4	8.816871e-01
7	3	5	7.771486e-01
7	3	6	6.706503e-01
7	3	7	3.511692e-01
7	3	8	1.899300e-01
7	3	9	6.412449e-01
7	4	0	7.495969e-01
7	4	1	1.760350e-01
7	4	2	6.678695e-01
7	4	3	1.017234e-01
7	4	4	4.922479e-01
7	4	5	7.457102e-01
7	4	6	6.134302e-01
7	4	7	1.305498e-02
7	4	8	5.064717e-01
7	4	9	9.670923e-01
7	5	0	9.480149e-01
7	5	1	1.923797e-01
7	5	2	1.285753e-01
7	5	3	5.326474e-01
7	5	4	7.811478e-01
7	5	5	3.445895e-01
7	5	6	6.995035e-01
7	5	7	5.715433e-01
7	5	8	3.046065e-01
7	5	9	8.001391e-01
7	6	0	2.993908e-01
7	6	1	2.706246e-01
7	6	2	7.161282e-01
7	6	3	3.869586e-01
7	6	4	2.206154e-01
7	6	5	5.978153e-01
7	6	6	1.641072e-01
7	6	7	8.912657e-01
7	6	8	9.489845e-01
7	6	9	3.540372e-01
7	7	0	5.325106e-01
7	7	1	6.985815e-01
7	7	2	5.300722e-01
7	7	3	2.003801e-01
7	7	4	8.003049e-01
7	7	5	2.232006e-02
7	7	6	9.460904e-01
7	7	7	4.137351e-01
7	7	8	3.537503e-02
7	7	9	4.525620e-01
7	8	0	3.808274e-01
7	8	1	9.833899e-01
7	8	2	6.449418e-01
7	8	3	5.094027e-01
7	8	4	5.160373e-01
7	8	5	4.260895e-01
7	8	6	8.539921e-01
7	8	7	2.155408e-01
7	8	8	9.976329e-01
7	8	9	1.585986e-01
7	9	0	1.567993e-02
7	9	1	2.970237e-01
7	9	2	4.292232e-01
7	9	3	7.318081e-01
7	9	4	6.839823e-01
7	9	5	6.498386e-01
7	9	6	3.296234e-01
7	9	7	8.480895e-01
7	9	8	5.411043e-01
7	9	9	2.786080e-01
8	0	0	2.021267e-01
8	0	1	7.361486e-02
8	0	2	9.771894e-01
8	0	3	7.321989e-01
8	0	4	2.739950e-01
8	0	5	7.774943e-01
8	0	6	7.545189e-01
8	0	7	2.200854e-01
8	0	8	1.912294e-01
8	0	9	7.898940e-01
8	1	0	6.726474e-01
8	1	1	5.720568e-01
8	1	2	7.732838e-01
8	1	3	3.175892e-01
8	1	4	8.145945e-02
8	1	5	2.893212e-01
8	1	6	7.436787e-01
8	1	7	9.354516e-01
8	1	8	5.048620e-01
8	1	9	7.413116e-01
8	2	0	9.405019e-02
8	2	1	5.205419e-01
8	2	2	3.833527e-02
8	2	3	5.232734e-01
8	2	4	2.523501e-01
8	2	5	7.223176e-01
8	2	6	1.731120e-01
8	2	7	5.819735e-01
8	2	8	5.704071e-01
8	2	9	7.142163e-01
8	3	0	8.605814e-01
8	3	1	7.725338e-01
8	3	2	7.878311e-01
8	3	3	8.377709e-01
8	3	4	5.047327e-01
8	3	5	6.182611e-02
8	3	6	6.152652e-01
8	3	7	2.592516e-01
8	3	8	2.819115e-01
8	3	9	8.064946e-01
8	4	0	4.914554e-02
8	4	1	9.545589e-01
8	4	2	3.785514e-01
8	4	3	8.224294e-01
8	4	4	2.721480e-01
8	4	5	4.600108e-01
8	4	6	1.117505e-01
8	4	7	1.582675e-02
8	4	8	3.954624e-01
8	4	9	6.166125e-01
8	5	0	7.571383e-01
8	5	1	4.895126e-01
8	5	2	1.371545e-01
8	5	3	7.954736e-01
8	5	4	1.278600e-02
8	5	5	3.895045e-01
8	5	6	5.177911e-01
8	5	7	1.858980e-01
8	5	8	9.714780e-01
8	5	9	8.819821e-02
8	6	0	9.001143e-01
8	6	1	8.320595e-01
8	6	2	8.607320e-01
8	6	3	6.879454e-01
8	6	4	6.698303e-01
8	6	5	3.654646e-01
8	6	6	7.497715e-01
8	6	7	2.850955e-01
8	6	8	6.247162e-01
8	6	9	3.168298e-02
8	7	0	9.159012e-02
8	7	1	6.738618e-01
8	7	2	9.862419e-01
8	7	3	4.701415e-01
8	7	4	4.962911e-01
8	7	5	2.583899e-01
8	7	6	9.301523e-01
8	7	7	6.080417e-01
8	7	8	2.742167e-01
8	7	9	3.256147e-01
8	8	0	2.246542e-01
8	8	1	3.135497e-02
8	8	2	8.151273e-01
8	8	3	3.618087e-01
8	8	4	8.268286e-01
8	8	5	8.279133e-01
8	8	6	7.513132e-01
8	8	7	3.446197e-01
8	8	8	1.381135e-02
8	8	9	7.227912e-01
8	9	0	4.328179e-01
8	9	1	9.139256e-01
8	9	2	5.548507e-01
8	9	3	2.935499e-01
8	9	4	6.018710e-01
8	9	5	2.246810e-01
8	9	6	6.590146e-01
8	9	7	3.516425e-01
8	9	8	5.097765e-01
8	9	9	2.837308e-01
9	0	0	3.833255e-01
9	0	1	6.013667e-01
9	0	2	9.575925e-01
9	0	3	3.695673e-01
9	0	4	7.150815e-02
9	0	5	4.538837e-01
9	0	6	6.279572e-01
9	0	7	1.660496e-03
9	0	8	6.192538e-02
9	0	9	9.021739e-01
9	1	0	3.272752e-01
9	1	1	2.865796e-01
9	1	2	9.335289e-01
9	1	3	1.424026e-01
9	1	4	6.483883e-01
9	1	5	7.603574e-01
9	1	6	9.703159e-01
9	1	7	3.997015e-01
9	1	8	1.049771e-01
9	1	9	9.841273e-01
9	2	0	1.224927e-01
9	2	1	5.377951e-01
9	2	2	8.980529e-01
9	2	3	6.773434e-01
9	2	4	8.313450e-01
9	2	5	4.999239e-01
9	2	6	9.020244e-01
9	2	7	4.903595e-01
9	2	8	8.515664e-01
9	2	9	4.118010e-01
9	3	0	7.740903e-01
9	3	1	2.348919e-01
9	3	2	1.316763e-02
9	3	3	7.316828e-01
9	3	4	6.044592e-01
9	3	5	8.467578e-02
9	3	6	1.855665e-01
9	3	7	2.324165e-01
9	3	8	8.633628e-02
9	3	9	2.474919e-01
9	4	0	1.345904e-01
9	4	1	4.136115e-01
9	4	2	5.340715e-01
9	4	3	6.811923e-02
9	4	4	5.560141e-01
9	4	5	1.824598e-01
9	4	6	8.284767e-01
9	4	7	5.263300e-01
9	4	8	5.821613e-01
9	4	9	9.334538e-01
9	5	0	5.104573e-01
9	5	1	7.046541e-01
9	5	2	4.712488e-01
9	5	3	4.085102e-01
9	5	4	3.819975e-01
9	5	5	3.025938e-01
9	5	6	9.084341e-01
9	5	7	2.840220e-01
9	5	8	7.929533e-01
9	5	9	7.600005e-01
9	6	0	6.958229e-01
9	6	1	5.670436e-01
9	6	2	9.948924e-01
9	6	3	7.089906e-01
9	6	4	2.987264e-01
9	6	5	5.993516e-01
9	6	6	7.936663e-01
9	6	7	4.842929e-01
9	6	8	8.317680e-01
9	6	9	8.800026e-01
9	7	0	7.317848e-01
9	7	1	9.663584e-01
9	7	2	2.936141e-01
9	7	3	2.658563e-01
9	7	4	3.447763e-02
9	7	5	8.496282e-01
9	7	6	4.483161e-01
9	7	7	8.629543e-01
9	7	8	3.759583e-01
9	7	9	3.047747e-02
9	8	0	7.964081e-01
9	8	1	8.864156e-01
9	8	2	7.351315e-01
9	8	3	2.676569e-01
9	8	4	2.949258e-01
9	8	5	1.171291e-01
9	8	6	5.702507e-01
9	8	7	2.033599e-01
9	8	8	4.011510e-01
9	8	9	3.632040e-01
9	9	0	9.633604e-01
9	9	1	9.697394e-02
9	9	2	9.302476e-01
9	9	3	9.582527e-01
9	9	4	8.059645e-01
9	9	5	2.289741e-01
9	9	6	5.576043e-01
9	9	7	5.996308e-01
9	9	8	7.132670e-01
9	9	9	3.893724e-01
