1.003678e+00	3.110887e+00	-9.851569e-01	-1.947714e+00	-1.315875e+00	3.677995e+00	1.527087e+00	-1.537122e-01	8.232692e-01	-1.410191e+00
1.180577e+00	4.441508e-01	-2.697563e+00	3.501595e+00	2.585770e+00	-3.653538e+00	8.812840e-01	5.691502e-01	-5.251600e-01	3.748891e+00
1.036084e+00	2.451700e+00	-1.919291e+00	1.010030e+00	-1.706115e-01	1.231866e+00	-2.372678e-02	-4.586393e-01	2.232161e+00	-2.044340e-01
6.768974e-01	1.180473e+00	-8.200039e-01	1.511946e+00	4.417499e-01	6.278905e-01	7.615859e-01	-2.657774e-01	1.865851e+00	-8.681886e-01
1.401891e+00	4.645729e-01	-1.277485e+00	3.044827e+00	1.468149e+00	9.468974e-02	-1.077665e+00	-7.099114e-01	1.881034e+00	1.933694e+00
2.563192e+00	1.740318e+00	-1.892201e+00	7.056880e-01	-4.231501e-01	4.061655e-01	-1.208853e+00	-8.768357e-01	1.684357e+00	2.124756e+00
1.504846e+00	1.835186e+00	-1.130303e+00	2.778417e+00	6.638689e-01	9.158139e-01	-1.041169e+00	-7.695701e-02	1.728113e+00	1.331370e-02
4.646581e-01	1.221370e-01	2.870120e+00	-1.090799e+00	-1.656232e+00	4.105167e+00	2.539945e+00	1.589317e+00	8.396485e-01	-3.737137e+00
-2.175750e+00	-2.248500e+00	8.565651e-02	1.469611e+00	2.082436e+00	-1.940677e+00	6.319068e+00	3.466556e+00	-3.859711e-01	-1.574392e+00
2.204407e+00	4.284229e+00	-1.039626e+00	-1.108347e+00	-2.593052e+00	4.932645e+00	-1.184827e+00	1.040190e-01	1.360714e+00	-1.734043e+00
5.448073e-01	5.584602e-01	-1.166398e+00	2.270568e+00	3.830360e-01	5.316209e-01	-8.825474e-01	8.305179e-01	2.032970e+00	9.013332e-01
2.311408e+00	2.979180e+00	-2.277635e+00	4.343034e-01	-7.888614e-01	1.669874e+00	-1.527215e+00	-1.266238e+00	1.571960e+00	1.487791e+00
1.642668e+00	7.359477e-01	-3.857855e-01	4.884293e+00	1.196806e+00	6.684039e-01	-2.447905e+00	1.216541e-01	1.880444e+00	8.444929e-01
-4.706570e-01	-1.535202e+00	3.114604e+00	9.962898e-01	2.898112e-01	4.484658e-01	2.302365e+00	3.365360e-01	2.076641e+00	-2.178303e+00
1.035750e+00	9.363857e-01	-2.912882e-01	2.389267e+00	1.432915e+00	1.966860e+00	-1.014781e+00	-1.947518e+00	2.700855e+00	9.305002e-01
2.761092e+00	4.084452e+00	-2.465618e+00	-7.771908e-01	-1.816457e+00	3.338069e+00	-2.152705e+00	-2.403188e-01	7.460415e-01	1.800319e+00
2.746248e+00	3.589196e+00	-1.903960e+00	-1.174704e+00	-1.799453e+00	2.728410e+00	-1.704444e+00	-1.835052e+00	2.366712e+00	1.193322e+00
-1.870983e+00	-1.945060e+00	8.322990e-01	1.101954e+00	2.947452e+00	-2.856121e+00	6.443488e+00	1.077887e+00	2.598915e-01	-1.917767e+00
3.559650e-01	1.351805e+00	2.053639e+00	-2.402393e-01	7.353312e-02	3.131675e+00	2.066582e+00	-9.442593e-01	1.674258e+00	-3.658736e+00
6.795550e-01	3.678094e-01	4.559003e-01	3.844381e-01	5.249479e-01	1.461388e+00	2.016199e+00	-8.467114e-01	1.826914e+00	-1.759743e+00
1.624064e+00	5.885717e-01	-1.933000e+00	2.722850e+00	1.572195e+00	-4.436096e-01	2.249393e-01	-1.248216e-01	1.478782e+00	1.186444e+00
2.208674e+00	8.016773e-01	-1.652341e+00	1.574053e+00	-1.154909e-01	-7.937237e-01	-9.881163e-02	3.602111e-01	1.349865e+00	1.523623e+00
4.318278e-02	-8.037457e-01	-2.790412e+00	3.266021e+00	3.573405e+00	-3.370519e+00	2.197262e+00	2.397263e-01	1.006169e+00	2.521958e+00
1.513947e+00	2.090122e+00	-9.255796e-01	5.395993e-01	3.875093e-02	2.371282e+00	-1.750689e+00	2.534421e-01	1.237664e+00	1.466951e+00
2.573891e+00	1.067417e+00	-1.056723e+00	2.323157e+00	1.417676e-01	1.195539e+00	-7.408734e-01	-5.807445e-01	9.955783e-01	5.699832e-01
1.079381e+00	1.687732e+00	-2.503055e+00	9.431891e-01	1.024388e+00	9.006581e-02	4.670286e-01	-7.764420e-01	2.517817e+00	8.187534e-01
3.525595e+00	2.463984e+00	-1.104855e+00	7.202392e-01	-9.552606e-01	2.059074e+00	-2.033442e+00	-1.332289e+00	1.700852e+00	1.594242e+00
-1.019944e+00	-5.109627e-01	-1.974565e+00	1.362365e+00	2.296478e+00	-2.551850e+00	5.112314e+00	5.197845e-01	8.748778e-01	-3.476909e-01
-1.937679e+00	-3.033700e+00	1.189750e-01	2.555510e+00	3.200926e+00	-2.543431e+00	5.885698e+00	2.834747e+00	-8.402840e-01	2.371853e-01
2.753629e+00	2.300700e+00	-1.903142e+00	1.038501e+00	1.620999e-01	1.558950e+00	-1.736458e+00	-1.485804e+00	1.805266e+00	1.862577e+00
-3.558743e-01	3.674716e+00	-9.503165e-01	-8.270120e-01	-4.329714e-01	3.354064e+00	3.667879e+00	-1.230302e+00	1.362834e-01	-5.980613e+00
2.688028e+00	2.126411e+00	-1.043461e+00	1.089640e+00	-1.292009e-01	1.011267e+00	-7.548287e-01	-1.759562e+00	5.422009e-01	2.276926e+00
-1.191616e-01	3.882587e-01	-6.619388e-01	3.698526e+00	1.206129e+00	-2.340743e-01	-1.578656e-01	1.462158e+00	1.086063e+00	3.753981e-01
-3.460525e-01	3.408814e-01	-2.295096e+00	2.830840e+00	1.835616e+00	-2.151646e+00	1.324243e+00	4.959200e-01	1.471434e+00	1.511647e+00
5.495008e-01	7.300739e-01	-1.197171e+00	2.737363e+00	6.679903e-01	6.886019e-01	7.476868e-01	1.562212e+00	5.887615e-01	1.843611e-02
2.710618e+00	2.882756e+00	4.814764e-02	-9.213173e-01	-2.330830e+00	5.583989e+00	-9.848560e-01	4.649975e-01	6.748685e-01	-1.083161e+00
2.467902e+00	2.128426e+00	1.785274e-01	-4.720269e-02	-1.859063e+00	4.166453e+00	-6.581146e-01	8.312502e-01	4.349419e-01	-1.013498e+00
-8.028709e-01	-3.163951e+00	7.217005e-01	6.479247e+00	3.295969e+00	-3.414039e+00	-2.652243e-01	6.726306e-01	8.760914e-01	3.424894e+00
9.303731e-01	-1.774770e+00	8.633596e-01	3.442380e+00	-3.388119e-02	1.762238e+00	4.746839e-01	1.791572e+00	6.128777e-01	2.735651e-01
5.800898e-01	6.439896e-01	-2.838890e+00	5.199622e-01	1.149055e+00	-2.726147e-01	2.284012e+00	1.150982e+00	4.966755e-01	1.608639e+00
2.614404e+00	2.497868e+00	-1.593084e+00	2.784971e-01	-1.386096e+00	2.563788e+00	-1.684623e+00	1.183467e+00	-5.201518e-01	2.465818e+00
-4.803258e-01	1.041771e+00	-1.646148e-01	3.803858e-01	-9.508237e-03	1.419902e+00	3.955408e+00	1.981545e+00	-7.608787e-01	-1.863348e+00
1.646654e+00	2.364005e+00	-1.856468e+00	8.562827e-01	-6.189913e-01	1.182019e+00	5.503482e-02	-2.696821e-01	1.950142e+00	-3.451357e-01
5.820067e-01	-6.401398e-01	4.945391e-03	5.114808e+00	2.343652e+00	-1.460867e+00	-1.213731e-01	1.287082e-01	4.953329e-01	1.813935e+00
1.998084e-02	-7.875148e-01	-6.745876e-01	3.909796e+00	2.623921e+00	-1.780057e+00	1.557097e+00	1.233110e+00	1.534215e+00	-4.479573e-01
1.068018e-02	-4.002674e-01	-1.976458e-01	4.610165e+00	2.136748e+00	-1.127553e+00	4.015176e-01	3.865671e-02	6.209885e-01	1.207187e+00
3.154232e+00	2.506119e+00	-2.774559e+00	1.613591e+00	2.676485e-01	3.081075e-01	-2.144092e+00	-1.352919e+00	8.237354e-01	3.698926e+00
2.574411e+00	5.696259e-01	-7.478197e-01	3.059177e+00	1.679919e-01	8.228494e-01	-8.771429e-01	-5.941042e-01	7.838154e-01	1.171656e+00
9.412223e-01	4.978981e-01	-2.415716e+00	3.042760e+00	2.051779e+00	-2.755995e+00	1.875901e+00	9.471062e-01	-3.874317e-02	1.517276e+00
7.591214e-01	1.649576e+00	2.625782e-01	-3.784205e-01	-7.551423e-01	9.437104e-01	1.144155e+00	-4.265317e-01	1.393142e+00	-6.824481e-01
5.142211e-02	-1.454953e+00	1.364108e+00	1.227686e+00	3.801273e-01	1.195562e+00	3.110088e+00	1.908625e+00	6.758030e-01	-1.491164e+00
1.504968e+00	9.747062e-01	-1.034972e+00	-9.519463e-02	-6.295211e-01	1.497133e+00	9.109483e-01	1.221842e+00	2.331317e-01	6.566600e-01
3.460447e-01	-2.283583e-01	2.793118e+00	-1.248868e+00	-7.661630e-01	3.825580e+00	3.837338e+00	1.259681e+00	3.143090e-01	-4.068548e+00
2.069960e+00	3.098179e+00	-1.296128e+00	-4.246263e-01	-1.532534e+00	2.398855e+00	-6.991852e-01	-8.161584e-01	1.740419e+00	-3.575577e-01
1.824122e+00	2.921804e+00	-1.568025e+00	-4.890719e-01	-1.191918e+00	2.582610e+00	6.411891e-01	-9.027805e-01	2.156873e+00	-1.611616e+00
2.592551e+00	2.634909e+00	-8.933719e-01	1.653779e+00	-6.431119e-01	2.902342e+00	-1.870871e+00	-1.084546e+00	1.794291e+00	1.036391e-02
1.244533e+00	-8.427409e-01	-1.040476e+00	3.663924e+00	2.352865e+00	-1.411563e+00	9.828377e-01	-2.050069e-01	1.148744e+00	1.869085e+00
2.936332e+00	3.631407e+00	-9.079571e-01	1.027711e-01	-1.153581e+00	3.576884e+00	-1.575686e+00	-1.762833e+00	1.688143e+00	-7.851228e-02
-1.264186e+00	-2.449350e+00	-2.286018e+00	4.181929e+00	4.729629e+00	-5.183462e+00	4.782597e+00	7.926761e-01	2.500649e-01	2.252900e+00
1.808528e+00	2.248753e+00	-2.479335e+00	6.725722e-02	-5.090402e-01	2.303756e+00	-4.825538e-01	4.563167e-01	9.312896e-01	1.466502e+00
2.237431e+00	1.283057e+00	-1.757275e+00	2.486182e-01	-3.749017e-01	4.468772e-01	1.395542e-01	-2.332984e-01	1.858201e+00	1.119545e+00
-1.390841e+00	-2.263249e+00	-1.517468e+00	3.508738e+00	3.094370e+00	-3.007155e+00	5.199354e+00	2.282617e+00	-2.450245e-01	7.422218e-01
7.780083e-01	8.680992e-01	2.734695e+00	-2.219412e+00	-2.277954e+00	4.072742e+00	3.146361e+00	1.522768e+00	-2.782997e-01	-3.465299e+00
6.533541e-01	5.728204e-01	-8.158246e-01	1.158601e+00	4.042278e-01	-2.463478e-01	9.756511e-02	-3.593360e-01	1.821078e+00	1.521740e+00
3.795920e-01	-1.646764e+00	-7.877306e-01	3.637033e+00	2.771683e+00	-2.578124e+00	2.711650e+00	6.442942e-01	7.907108e-01	7.740957e-01
6.849839e-01	1.724707e+00	1.824925e+00	-4.897178e-02	-4.242113e-01	3.149099e+00	1.333387e+00	-6.561927e-01	1.698182e+00	-3.549657e+00
1.032807e+00	-1.944032e+00	2.277454e-01	4.124031e+00	2.323811e+00	-6.012404e-01	5.597356e-01	-7.981162e-01	2.036423e+00	1.613661e+00
1.071542e+00	3.880503e+00	-1.957525e+00	-2.752486e+00	-1.205351e+00	4.232649e+00	1.388919e+00	-2.464573e+00	3.247818e+00	-2.373216e+00
3.220894e+00	3.480689e+00	-2.580567e+00	6.769864e-01	-7.635703e-01	1.362741e+00	-2.152372e+00	-1.205624e+00	7.743608e-01	2.638233e+00
5.376340e-01	4.370724e-01	-1.388985e+00	1.719315e+00	1.897895e+00	-5.046513e-01	2.781530e+00	-1.302958e-01	1.014893e+00	-6.805879e-01
1.687396e+00	9.793792e-01	6.653194e-01	3.433853e-01	-1.353844e-01	2.235955e+00	2.095741e-01	-1.226684e+00	2.246409e+00	-8.462581e-01
1.859858e+00	3.268553e+00	-2.145212e+00	-2.841360e-03	-7.199417e-01	2.658213e+00	-1.807546e+00	-9.641705e-01	2.041472e+00	1.514682e+00
8.122516e-01	-1.702263e-01	-9.359472e-01	1.744713e+00	8.746178e-01	-1.259281e+00	5.813739e-03	1.485579e-01	1.909141e+00	1.810535e+00
1.762816e+00	1.907724e+00	-9.160120e-01	2.293554e+00	2.107978e-01	1.097030e+00	-1.609974e+00	-3.469121e-01	1.058296e+00	1.114988e+00
2.728823e-02	2.105860e+00	-1.654723e+00	3.542135e-01	7.819647e-02	2.054487e-01	5.118058e-01	2.683455e-02	2.025438e+00	-2.673252e-01
-6.231622e-02	-2.090378e+00	1.614994e+00	6.048353e+00	2.658915e+00	-1.097777e+00	-4.452908e-01	-1.648120e-01	1.014410e+00	1.886732e+00
2.161451e+00	1.175831e+00	-8.386597e-01	3.784376e+00	8.532594e-01	4.410002e-01	-2.080870e+00	-6.455359e-01	1.116704e-01	2.200502e+00
5.299533e-01	2.012863e+00	-1.601770e+00	8.445380e-01	1.552825e-01	7.118697e-01	1.864225e+00	-1.364203e-01	1.870438e+00	-1.405109e+00
2.196684e+00	2.542334e+00	-2.140251e+00	3.188480e-01	-6.262123e-01	2.116958e+00	-2.043530e+00	-1.423319e+00	2.813081e+00	1.297482e+00
5.161245e-01	-4.635742e-01	5.635281e-02	4.380214e+00	1.960449e+00	-4.276965e-02	7.678418e-02	-1.020035e+00	9.358208e-01	1.409894e+00
2.262971e+00	2.728456e+00	3.699253e-01	-1.461367e+00	-2.225525e+00	5.201958e+00	-5.093298e-01	3.642299e-01	3.070439e-01	-7.864299e-01
2.427545e-01	3.172542e-02	-4.777095e-01	4.973547e+00	2.131989e+00	-8.758510e-01	-2.749696e-02	1.598688e-01	6.632193e-01	9.804463e-01
-3.691357e-01	-1.563065e+00	1.285928e+00	4.634067e+00	2.147652e+00	-1.215548e+00	2.415492e-01	1.515103e-03	1.233739e+00	1.330826e+00
3.060668e+00	1.631050e+00	-4.030781e-01	3.381614e-01	-1.584592e+00	3.811583e+00	-1.748592e+00	7.143116e-01	6.982049e-01	1.268905e+00
-1.435181e+00	-1.570452e+00	-1.379640e-01	3.052452e+00	2.349870e+00	-2.425301e+00	4.219976e+00	3.054512e+00	-5.790194e-01	-2.710753e-01
2.886010e+00	3.726892e+00	-1.906628e+00	-8.462229e-01	-1.732356e+00	2.781949e+00	-2.583742e-01	-1.312493e+00	1.642580e+00	-3.605589e-01
1.527741e+00	2.371812e+00	-1.281230e+00	1.733493e+00	6.322046e-01	-4.077756e-01	-1.173132e+00	2.265742e-02	3.755180e-01	1.911659e+00
-5.278727e-01	-1.767981e+00	-1.390457e+00	2.805691e+00	3.379455e+00	-4.356218e+00	4.913246e+00	1.013361e+00	-3.686227e-01	1.185876e+00
-1.104834e-01	-1.758771e+00	8.681603e-01	3.719658e+00	2.375294e+00	-1.450415e-01	1.006002e+00	-6.930750e-01	2.241579e+00	3.504019e-01
2.528067e+00	2.253416e+00	-1.353000e-01	1.319743e-01	-6.071338e-01	3.406986e+00	-8.312572e-01	-1.435423e+00	2.034478e+00	-9.779905e-01
8.251285e-01	-1.078876e+00	7.471411e-01	6.172775e+00	1.957760e+00	-2.516169e-01	-1.125568e+00	1.959988e-01	2.879727e-01	8.273525e-01
1.133555e+00	1.216092e+00	-2.912030e+00	1.454813e+00	1.931554e+00	-9.608479e-01	5.004139e-01	-9.468046e-01	1.484259e+00	2.484775e+00
4.610784e-01	2.617596e-02	-1.268827e+00	3.884051e+00	2.133437e+00	-1.594372e+00	1.460682e+00	5.284432e-01	7.402132e-01	7.372943e-01
-3.456293e-01	2.103341e-01	-1.349325e-01	2.269886e+00	8.237797e-01	3.600134e-02	1.884214e+00	7.311416e-01	2.048263e+00	-1.888884e+00
6.745061e-01	2.607073e-01	6.537966e-02	1.587960e+00	1.579453e-01	3.771603e-01	9.985868e-01	5.934641e-01	1.782459e+00	-1.123644e+00
1.270481e+00	-3.587977e-01	2.288624e+00	1.985828e-01	-3.721830e-02	1.508329e+00	2.432218e+00	-6.622252e-01	1.446193e+00	-1.799616e+00
2.752520e+00	4.154612e+00	-5.207472e-01	-1.301110e+00	-1.966606e+00	4.773710e+00	-1.801124e+00	-1.898162e+00	2.075764e+00	-1.155515e+00
3.265030e+00	2.920728e+00	-1.634885e+00	8.452082e-01	-3.445600e-01	2.029653e+00	-2.059020e+00	-1.559014e+00	1.244460e+00	1.823846e+00
-5.050501e-01	4.266933e-01	-6.880760e-01	6.149290e-01	6.242414e-01	8.288690e-01	1.740600e+00	1.455928e+00	1.284067e+00	-1.706584e-01
4.814153e-01	3.362343e-01	1.103367e+00	4.175904e+00	1.163162e+00	1.443017e+00	-5.162927e-01	-2.008631e-01	1.982910e+00	-8.888534e-01
-9.062933e-01	-1.928211e+00	2.239161e+00	4.403325e+00	2.392108e+00	-1.518524e-01	1.406466e+00	5.020635e-01	2.316050e+00	-1.609092e+00
1.467137e+00	6.870728e-01	-1.240209e+00	8.306085e-01	2.616457e-01	1.891303e+00	2.611227e-01	1.531428e+00	8.691741e-01	5.584877e-01
8.726734e-01	1.889843e+00	-3.020453e-01	2.114259e-01	-5.024952e-01	1.556542e+00	5.227800e-01	-4.946065e-01	1.834886e+00	-8.918216e-01
2.569611e+00	2.199793e+00	-1.512861e+00	1.700969e+00	3.710497e-01	1.658242e+00	-2.275958e+00	-1.445539e+00	1.960436e+00	2.056336e+00
9.177629e-01	2.587509e+00	1.337570e+00	-1.279408e+00	-2.122158e+00	4.400768e+00	5.773001e-02	3.246184e-01	2.195268e+00	-3.431498e+00
6.748002e-02	1.505851e+00	2.726094e+00	1.565932e+00	-1.835640e-01	3.590363e+00	7.901377e-01	-9.278327e-02	1.907166e+00	-4.156709e+00
-1.275302e+00	-1.644189e+00	-5.006294e-01	-1.058471e-01	1.863589e+00	-2.154878e+00	6.751346e+00	2.532528e+00	-1.173159e+00	-3.507681e-01
3.169223e+00	2.476482e+00	-1.349547e+00	9.569939e-01	-7.315452e-01	2.509271e+00	-3.951361e+00	-1.067091e+00	2.593009e+00	1.530585e+00
-7.834454e-01	-1.550688e+00	-2.581613e-01	5.130771e+00	3.577772e+00	-2.125627e+00	1.050550e+00	7.245961e-01	2.016862e+00	7.856483e-01
1.685684e+00	1.763115e+00	8.707778e-01	-6.453848e-02	-5.413560e-01	2.037662e+00	5.585716e-01	-5.833728e-01	8.091230e-01	-1.463301e+00
1.331512e+00	1.809251e+00	-2.831405e+00	1.148114e+00	1.493840e+00	-7.604140e-01	9.467296e-03	-6.758788e-01	1.192791e+00	2.269479e+00
-1.007565e+00	-1.725737e+00	-2.850835e+00	3.405260e+00	4.594554e+00	-5.394229e+00	4.489705e+00	7.485012e-01	4.094300e-01	2.675706e+00
2.226053e+00	3.608698e+00	-1.374092e+00	2.691079e-01	-4.856371e-01	3.572765e+00	-1.903917e+00	-1.849001e+00	2.086935e+00	-4.341782e-03
-2.651966e-01	-5.510086e-01	-2.125749e+00	2.674423e+00	3.463892e+00	-3.138820e+00	3.204117e+00	1.961150e-01	4.452026e-01	1.764934e+00
-5.748915e-01	5.926224e-01	2.237668e+00	1.450245e-01	-7.166759e-01	3.253392e+00	2.528955e+00	1.775558e+00	8.921030e-01	-4.190468e+00
1.952709e+00	2.470036e+00	-1.348450e+00	7.797396e-01	-2.380172e-02	1.867012e+00	-9.867154e-01	-1.190856e+00	1.650967e+00	7.005052e-01
9.923768e-01	5.347381e-01	-9.922483e-01	2.923894e+00	1.420181e+00	-1.019844e+00	1.219078e+00	3.764316e-01	9.177089e-01	3.823973e-01
1.835053e+00	2.387076e+00	1.103893e+00	-7.364931e-01	-1.071531e+00	3.394807e+00	5.435388e-01	-1.170004e+00	1.485361e+00	-2.275826e+00
1.286016e+00	-6.992601e-01	9.389602e-01	4.018623e+00	7.449062e-01	-1.173377e-01	-4.255242e-01	-1.987269e-01	4.029411e-01	1.152609e+00
1.318250e+00	1.370916e+00	1.447822e+00	-1.319747e+00	-1.019002e+00	2.386690e+00	3.317286e+00	-6.586966e-01	9.279518e-01	-3.212434e+00
1.479745e+00	1.129399e+00	-1.028388e+00	9.349402e-01	-5.558015e-02	-1.268745e+00	6.140831e-01	2.825619e-01	3.006575e-01	1.532201e+00
1.046704e-01	4.746350e-01	1.676237e+00	-5.735335e-01	-3.261277e-01	2.343285e+00	1.789083e+00	-8.666974e-01	2.418789e+00	-2.654314e+00
5.615560e-01	7.384091e-01	-1.713201e+00	1.157027e+00	1.675384e+00	-6.582834e-01	1.637546e+00	-5.394741e-01	1.215244e+00	7.451031e-01
9.271742e-01	1.145494e-01	-4.540642e-01	5.753668e+00	1.919154e+00	-8.340064e-01	-8.977723e-01	6.817896e-01	3.576369e-02	8.927329e-01
-1.390991e+00	-1.797082e+00	-2.391550e+00	3.312936e+00	4.090732e+00	-3.933299e+00	5.074944e+00	9.908976e-02	1.119720e+00	1.340139e+00
1.717546e+00	8.607250e-01	-9.272133e-02	2.421086e+00	1.004774e+00	1.962446e+00	-2.055590e+00	-9.980437e-01	2.947122e+00	3.932423e-01
1.504551e+00	1.768778e+00	1.149574e+00	-1.234986e+00	-2.040140e+00	5.158275e+00	9.664947e-01	9.611542e-01	8.774128e-01	-2.710702e+00
-3.767628e-01	2.145861e-01	7.883916e-01	1.212633e+00	3.731327e-01	1.447694e+00	2.685140e+00	1.279552e+00	1.189459e+00	-2.716956e+00
1.428345e+00	1.304117e+00	-1.715772e+00	2.213693e+00	1.591737e+00	-5.498393e-01	-3.033722e-01	-1.096038e+00	2.974828e-01	2.515323e+00
8.888971e-01	1.133368e+00	-5.703411e-01	3.411266e-01	-3.906316e-01	1.165941e+00	1.568570e-01	1.290450e+00	1.227306e+00	-4.628422e-02
-4.365981e-04	2.750926e-01	6.294912e-01	3.560468e+00	8.709310e-01	3.067654e-01	3.245413e-01	4.721381e-01	1.467963e+00	-9.486182e-01
1.066168e+00	1.731902e+00	-1.433630e+00	3.142376e-01	-3.361919e-01	1.994315e+00	1.109010e+00	1.330997e+00	-3.363730e-01	5.102970e-01
1.711057e+00	5.185225e-01	-2.964764e+00	1.550880e+00	1.185182e+00	-1.566078e+00	2.921866e-01	-5.214093e-01	1.381628e+00	2.982273e+00
-1.482585e+00	-1.452493e+00	8.483570e-01	4.710048e+00	2.407000e+00	9.900796e-02	1.378015e+00	1.675799e+00	1.816659e+00	-7.215339e-01
-4.665676e-01	-8.685194e-01	-2.163055e+00	4.097534e+00	3.676399e+00	-3.768413e+00	1.632149e+00	5.743871e-01	7.644123e-01	2.695759e+00
2.905876e+00	2.129382e+00	-1.154032e+00	1.395347e+00	1.340856e-02	2.121458e+00	-1.154780e+00	-1.369391e+00	1.677871e+00	7.397355e-01
1.304398e+00	-7.008447e-01	5.413192e-01	1.837805e+00	-1.748874e-01	2.027999e+00	-1.998533e-01	8.473028e-01	1.191289e+00	1.223222e+00
2.852859e-01	3.438469e-01	-1.255120e+00	3.774994e+00	2.238306e+00	-1.580101e+00	1.637048e+00	6.589761e-01	6.010676e-01	2.561136e-01
9.259767e-01	-6.768491e-01	8.884541e-03	6.041715e+00	2.160401e+00	-1.340069e+00	-6.079961e-01	8.684841e-01	-2.417767e-01	1.052228e+00
1.480924e+00	9.678580e-01	-7.597440e-01	3.440834e+00	7.870910e-01	-8.835916e-01	-6.649135e-01	5.704172e-01	1.131449e-01	1.265982e+00
1.090346e+00	9.723674e-01	8.171956e-01	3.123052e-01	-4.914361e-01	1.319173e+00	1.462068e+00	5.342030e-02	1.896230e+00	-1.933514e+00
2.607824e-02	-1.005841e+00	-3.076635e-01	5.604946e+00	2.984651e+00	-1.863672e+00	-6.806075e-01	-4.668277e-02	1.047710e+00	2.509961e+00
1.175102e+00	2.489474e+00	-5.846695e-01	-1.269126e+00	-1.126732e+00	3.038376e+00	-2.857922e-01	-1.683318e+00	2.782981e+00	-7.630132e-01
1.371592e+00	2.172933e+00	-7.917488e-01	-4.522041e-01	-9.146568e-01	3.391665e+00	7.397865e-01	1.242754e+00	2.280278e-01	-5.945875e-01
1.277976e+00	2.496633e+00	7.689820e-01	-1.265842e+00	-1.872947e+00	3.106891e+00	1.469446e+00	4.021938e-01	1.211429e+00	-2.820221e+00
1.883632e+00	1.410134e+00	-5.735855e-01	1.957153e+00	-1.571531e-01	1.161728e+00	-1.405916e+00	-8.006084e-01	1.254204e+00	1.304240e+00
9.523387e-01	2.832003e+00	-2.193174e+00	8.849918e-01	-2.598162e-01	1.177641e+00	2.054043e-02	-5.290537e-01	2.077777e+00	-1.160414e-01
9.692857e-02	4.989205e-01	3.803816e+00	-1.191074e+00	-1.813235e+00	4.617556e+00	2.630155e+00	6.796752e-01	7.140781e-01	-4.310811e+00
-9.327564e-01	-1.573004e+00	-2.435999e+00	4.826500e+00	4.655555e+00	-5.085657e+00	3.378558e+00	9.973500e-01	-6.593409e-02	2.880167e+00
2.495303e+00	2.758221e+00	-1.712323e+00	1.253625e+00	-1.948348e-01	1.775958e+00	-2.579918e+00	-9.488623e-01	1.986135e+00	1.433063e+00
2.709499e+00	3.079638e+00	-1.773627e+00	3.161501e-01	-2.375721e-01	2.265910e+00	-2.261218e+00	-1.601369e+00	1.714695e+00	1.196945e+00
2.263006e+00	2.569961e+00	-1.042277e+00	-1.432401e-01	-1.535242e+00	3.994544e+00	-1.175078e+00	3.608103e-01	8.000099e-01	4.047828e-01
6.455215e-03	-6.481208e-01	-1.069764e-01	2.277620e+00	1.281260e+00	7.338687e-01	1.694872e+00	1.163467e+00	6.168119e-01	5.508866e-01
1.171016e+00	1.907025e+00	-2.197343e+00	2.052735e+00	1.145428e+00	3.657136e-01	-8.828849e-01	-5.491606e-01	2.243060e+00	1.232646e+00
2.821341e+00	3.597240e+00	-8.316169e-01	-6.034510e-01	-1.546795e+00	3.758210e+00	-1.435635e+00	-1.398200e+00	1.905165e+00	-6.053510e-01
1.424998e+00	-3.333533e-01	-1.269126e+00	4.321589e+00	2.164289e+00	-1.783426e+00	1.150495e-02	-4.101238e-02	-4.051650e-01	2.538305e+00
1.138378e+00	-7.309568e-01	3.508281e-01	5.451756e+00	1.881765e+00	-4.891271e-01	-2.077439e+00	-9.312187e-02	6.916805e-01	2.086502e+00
1.258309e+00	1.115940e+00	-1.161371e+00	2.078129e+00	1.401556e+00	2.084361e-01	3.632631e-01	-1.517259e+00	9.814308e-01	1.777100e+00
8.107003e-01	-2.111545e-01	-5.118445e-01	4.520538e+00	1.760227e+00	-3.874442e-01	-1.219550e+00	-6.689569e-01	8.813079e-01	2.284508e+00
2.255758e+00	3.080082e+00	-1.919686e+00	1.000440e+00	-3.085277e-01	1.328116e+00	-1.720386e+00	-6.680792e-01	1.540023e+00	1.107223e+00
6.888915e-01	1.853528e+00	1.483955e+00	-6.609456e-01	-1.350309e+00	3.828839e+00	2.064294e+00	-2.309701e-01	1.496091e+00	-4.183835e+00
2.650402e-01	-1.423563e+00	9.631252e-01	2.175021e+00	6.161908e-01	1.486692e+00	1.226831e+00	1.261697e+00	2.141734e+00	-1.453824e+00
5.448973e-01	-7.748455e-01	1.235952e+00	4.597487e+00	1.458040e+00	-1.658712e-01	2.154126e-03	6.741824e-02	5.758241e-01	1.719387e-01
9.114989e-01	-1.766718e-01	1.573969e+00	2.113026e+00	-7.635568e-01	1.710926e+00	5.015185e-01	2.076624e+00	9.876199e-01	-1.842012e+00
-1.258789e+00	-1.813468e+00	-1.672276e+00	5.194870e+00	4.346460e+00	-4.814007e+00	4.482119e+00	1.615145e+00	-2.570790e-02	9.465245e-01
8.778464e-01	3.296729e+00	-2.978542e+00	-5.494245e-02	-2.807314e-01	1.494159e+00	-1.075738e+00	1.063454e+00	-6.943897e-02	2.898255e+00
7.311056e-01	1.495150e+00	-8.009610e-01	1.835762e-01	-2.303014e-01	3.963722e-01	-1.922548e-01	-3.490059e-01	2.365091e+00	6.263078e-01
2.008181e+00	4.766616e-01	-1.287528e+00	1.623070e+00	-5.050532e-01	1.392565e+00	-7.178517e-01	1.422198e+00	2.979880e-01	2.136719e+00
3.159103e+00	2.509534e+00	-1.718848e+00	5.390159e-01	-6.538475e-01	1.776620e+00	-1.781816e+00	-8.421823e-01	1.704884e+00	1.091302e+00
-1.628940e+00	-6.621943e-01	-8.987024e-01	2.012618e+00	2.330369e+00	-2.320293e+00	5.235823e+00	1.075482e+00	1.125134e+00	-1.947833e+00
3.844322e+00	4.111250e+00	-8.464814e-01	2.459612e-01	-2.005342e+00	4.699171e+00	-3.325151e+00	-1.794861e+00	1.770341e+00	-7.803837e-02
1.118014e+00	2.347674e+00	-6.426287e-01	8.790797e-01	-2.890797e-01	1.012414e+00	-4.556734e-01	5.870666e-02	1.242827e+00	-1.835436e-01
-1.458723e-01	-6.008143e-01	-3.059180e-01	3.883936e+00	1.979210e+00	-1.022035e+00	1.874252e+00	3.691186e-01	1.424603e+00	-1.958079e-01
8.364801e-01	2.341502e+00	-9.832804e-01	-9.443114e-02	-7.084484e-01	2.322766e+00	2.111455e-01	5.835175e-01	8.036294e-01	1.494013e-01
-7.264096e-01	-2.007506e+00	-2.555179e+00	3.070214e+00	4.420169e+00	-5.780976e+00	5.347530e+00	1.043710e+00	-4.803430e-01	2.374826e+00
-1.331978e+00	-1.750586e+00	-2.396861e+00	4.580978e+00	4.515058e+00	-5.039096e+00	4.558023e+00	1.370517e+00	2.258814e-01	1.344159e+00
9.832706e-01	1.053169e+00	-1.741100e+00	2.071305e+00	1.423170e+00	-1.407099e+00	1.720990e+00	3.728958e-01	6.980277e-01	7.270169e-01
9.571626e-01	-1.470750e+00	9.486713e-01	5.436418e+00	2.117007e+00	-8.257276e-01	-9.222985e-01	-4.869645e-01	7.419228e-01	2.462569e+00
2.186536e+00	3.598924e+00	-1.314543e+00	1.060690e-01	-1.379522e+00	3.776248e+00	-2.167224e+00	1.511602e-01	7.256287e-01	4.941231e-01
-4.791800e-01	-1.651776e+00	-2.936775e+00	4.406983e+00	4.442343e+00	-4.681373e+00	3.711394e+00	7.092834e-01	3.183680e-01	2.482271e+00
