2.304568e-02	1.356147e-02	2.804153e-02	-2.808903e-02	-7.874256e-03	5.496369e-02	-1.708121e-02	-6.855051e-02	1.377856e-02	3.080758e-02
2.179191e-02	1.822109e-03	2.965546e-02	-2.967115e-02	2.175006e-03	6.142575e-02	-2.943022e-02	-5.861020e-02	8.647228e-03	3.108459e-02
2.152928e-02	1.644027e-02	4.400112e-02	-4.071204e-02	-1.346975e-02	6.423474e-02	-3.949079e-02	-7.241447e-02	1.912893e-02	4.013065e-02
2.417319e-02	1.174329e-02	4.703131e-02	-4.795903e-02	-1.393109e-02	7.823125e-02	-4.394280e-02	-8.552878e-02	2.220463e-02	4.761957e-02
2.404283e-02	1.481578e-02	4.939168e-02	-5.066265e-02	-1.794743e-02	7.743618e-02	-4.524576e-02	-8.980281e-02	2.702528e-02	5.096253e-02
2.927422e-02	2.579467e-03	5.115721e-02	-5.292101e-02	-1.036900e-02	9.000812e-02	-5.201441e-02	-8.569000e-02	2.033023e-02	4.803840e-02
2.214127e-02	1.603598e-02	4.970372e-02	-4.858471e-02	-1.772672e-02	7.415114e-02	-4.927332e-02	-8.472116e-02	2.758104e-02	5.171680e-02
2.376868e-02	1.174331e-02	5.078989e-02	-5.354702e-02	-1.770422e-02	8.049806e-02	-5.337035e-02	-8.736298e-02	2.948872e-02	5.718100e-02
2.227441e-02	1.387731e-02	5.542172e-02	-5.818120e-02	-2.236473e-02	8.350920e-02	-5.529267e-02	-9.501903e-02	3.543978e-02	6.241140e-02
2.139592e-02	4.464010e-03	4.904346e-02	-5.799912e-02	-1.535904e-02	8.949302e-02	-6.216926e-02	-8.283568e-02	3.366002e-02	6.137509e-02
1.917090e-02	2.060066e-02	5.008006e-02	-5.402222e-02	-2.293624e-02	7.720159e-02	-5.607889e-02	-8.724545e-02	3.639666e-02	6.007542e-02
2.123226e-02	1.329485e-02	4.454385e-02	-5.135493e-02	-1.973355e-02	7.736437e-02	-4.977393e-02	-8.402697e-02	3.346064e-02	5.896619e-02
2.003711e-02	1.484820e-02	4.513639e-02	-5.510531e-02	-2.431371e-02	7.571204e-02	-5.089668e-02	-8.671235e-02	4.196719e-02	6.422796e-02
2.159819e-02	1.643013e-03	4.026513e-02	-5.556715e-02	-1.531082e-02	8.513770e-02	-5.735920e-02	-7.869199e-02	3.914859e-02	6.303981e-02
1.983116e-02	1.619330e-02	4.428279e-02	-5.434077e-02	-2.487581e-02	7.141938e-02	-5.565365e-02	-8.063496e-02	4.443984e-02	6.356315e-02
2.225985e-02	8.584820e-03	4.528214e-02	-5.700428e-02	-2.435345e-02	7.721033e-02	-5.630712e-02	-8.246252e-02	4.487051e-02	6.742822e-02
1.965720e-02	1.079392e-02	4.394892e-02	-5.891360e-02	-2.976378e-02	7.667659e-02	-5.306362e-02	-8.506210e-02	5.042534e-02	7.063499e-02
2.093754e-02	-1.852352e-03	3.948912e-02	-6.131190e-02	-1.909453e-02	8.558512e-02	-6.148498e-02	-7.523819e-02	4.762523e-02	6.966995e-02
1.907745e-02	1.425889e-02	4.857529e-02	-6.347622e-02	-3.245370e-02	7.595797e-02	-6.248159e-02	-8.434123e-02	5.670065e-02	7.379155e-02
2.142012e-02	5.632024e-03	4.791040e-02	-6.642554e-02	-3.188478e-02	8.206872e-02	-6.436164e-02	-8.523537e-02	5.817568e-02	7.931467e-02
2.067575e-02	9.676537e-03	4.850502e-02	-6.954759e-02	-3.779988e-02	8.233542e-02	-6.138472e-02	-8.885037e-02	6.197918e-02	8.142038e-02
2.186655e-02	-4.088805e-03	4.358824e-02	-7.123559e-02	-2.756352e-02	9.065009e-02	-6.779436e-02	-7.656673e-02	5.699819e-02	8.017517e-02
1.751390e-02	1.119260e-02	4.977348e-02	-7.036878e-02	-3.808233e-02	7.600603e-02	-6.592173e-02	-7.915346e-02	6.398823e-02	8.165912e-02
2.255001e-02	1.115900e-03	4.399923e-02	-6.884691e-02	-3.704966e-02	8.091912e-02	-6.070077e-02	-8.007159e-02	6.328865e-02	8.305099e-02
2.282415e-02	2.490591e-03	4.041687e-02	-6.719618e-02	-4.174178e-02	7.338079e-02	-5.658617e-02	-7.657094e-02	6.925853e-02	8.228907e-02
2.293044e-02	-1.286165e-02	3.311529e-02	-6.370520e-02	-2.987925e-02	7.909987e-02	-6.436139e-02	-6.056453e-02	6.559935e-02	7.770324e-02
1.838031e-02	6.197374e-03	3.637018e-02	-6.129125e-02	-4.016392e-02	6.268317e-02	-5.559289e-02	-6.376352e-02	6.905142e-02	7.603654e-02
2.294022e-02	-2.895888e-03	2.881764e-02	-5.875585e-02	-3.927778e-02	6.463792e-02	-4.836050e-02	-6.107099e-02	6.523214e-02	7.661407e-02
2.276273e-02	-1.379897e-05	2.677057e-02	-5.952801e-02	-4.055489e-02	5.994605e-02	-4.214831e-02	-6.207318e-02	6.532733e-02	7.876248e-02
2.049385e-02	-9.803703e-03	1.915539e-02	-5.950037e-02	-2.874439e-02	6.728470e-02	-4.894591e-02	-4.799735e-02	6.190075e-02	7.325780e-02
1.629964e-02	5.351665e-03	2.898154e-02	-6.132581e-02	-4.289388e-02	5.476133e-02	-4.783807e-02	-5.233077e-02	7.016017e-02	7.620843e-02
1.841219e-02	-3.527498e-03	3.454275e-02	-6.860928e-02	-4.327341e-02	7.035363e-02	-4.990415e-02	-6.169433e-02	7.074538e-02	8.031775e-02
