1.697950e-01	-4.056045e-01	1.286530e+00	-3.695443e-01	3.112094e-02	6.726857e-01	1.458185e+00	-1.796865e+00	4.455231e-01	-5.000405e-01
-1.798655e-01	6.357975e-01	5.844011e-01	-3.631276e-01	2.847598e-01	4.145182e-01	1.672360e+00	3.083133e-01	-4.787878e-01	-1.112374e+00
1.732873e-01	1.007912e-01	4.460960e-01	-4.439335e-01	-8.730464e-02	5.135605e-01	1.573793e-01	-2.746439e-01	1.372338e+00	1.389931e+00
6.083836e-01	3.484400e+00	1.158664e+00	-2.675543e+00	-1.462231e+00	-4.198762e-01	3.702200e-03	2.380212e-01	6.346346e-02	1.015006e+00
1.263233e+00	1.889584e+00	1.210033e-01	-3.736523e-01	-9.837889e-01	2.293999e-01	3.360012e-01	4.417673e-01	4.356427e-02	-1.177936e+00
3.030282e-01	-6.313249e-01	-4.922501e-01	1.932582e+00	1.841376e+00	7.403100e-01	1.083086e+00	1.382853e+00	-1.276027e-01	-2.061185e-01
-1.815120e-01	-8.061430e-01	7.708039e-01	5.821857e-01	7.594516e-01	2.884027e-01	1.951169e+00	-9.567828e-01	-6.187736e-01	-2.361420e+00
9.464405e-01	1.879413e+00	-2.112477e-01	-7.943291e-01	1.576010e-01	1.033585e+00	-5.426557e-02	1.853480e+00	2.304311e-01	2.490784e+00
-1.143104e-01	-3.207817e-01	7.920238e-01	2.498232e-01	3.597550e-01	1.489200e-01	1.423370e+00	-1.122034e+00	-8.162197e-01	-1.982527e+00
-1.784158e-01	-3.837547e-01	7.761588e-01	3.035996e-01	3.944117e-01	9.865400e-02	1.518041e+00	-1.137876e+00	-8.126340e-01	-2.068983e+00
5.463239e-01	1.296795e+00	4.114117e-01	-3.958877e-01	2.110571e-01	6.421058e-01	2.778883e-01	8.040215e-01	-3.803507e-01	7.315117e-01
7.870049e-01	1.589667e+00	2.750527e-01	-4.012580e-01	4.849961e-02	7.611313e-01	-7.268003e-01	1.071385e+00	4.041972e-01	2.100148e+00
7.122362e-01	4.500533e-01	2.021540e+00	-1.438160e+00	-5.688773e-01	1.124418e+00	3.166164e-01	-1.187283e+00	1.975484e+00	2.112006e+00
1.487279e-02	-1.680846e-02	-8.480338e-01	1.685344e-02	9.199760e-01	5.933355e-01	1.792023e+00	2.801937e-01	1.054849e-01	1.450333e-01
7.350486e-01	-8.534167e-02	3.889247e-01	1.836091e+00	1.390687e+00	2.006801e-01	7.253791e-02	1.104666e+00	3.604773e-01	6.498316e-02
5.208468e-01	-1.830477e-01	-9.581189e-02	1.576986e+00	1.387908e+00	2.415496e-01	5.790761e-01	9.218618e-01	1.544653e-01	1.399381e-01
6.142624e-01	3.404941e-01	1.122298e+00	1.275888e+00	1.061117e+00	1.225521e+00	-9.197187e-01	1.028855e+00	-4.063779e-01	2.754702e-02
4.994510e-01	1.170304e+00	-3.269758e-01	-2.084442e+00	-6.512352e-01	1.628557e+00	1.260618e+00	4.992968e-02	-6.576286e-01	9.143162e-01
8.975827e-01	4.703451e-01	5.387792e-01	1.681495e+00	1.187104e+00	2.397665e-01	-4.473120e-01	1.125572e+00	2.668183e-01	6.064514e-01
