2.028867e+00	-1.263505e+00	1.787969e+00	-6.533996e-01	-3.587643e-01	-4.930748e-01	2.337590e+00	5.757208e-02	-1.458011e+00	4.091543e-01	1.742318e+00	3.227620e+00	2.848125e+00	3.266036e+00	8.870219e-01	1.027921e-01	7.991499e-01	1.181789e-01	-1.018281e+00	8.824853e-01	2.221601e+00	-9.600412e-01	1.292466e-01	6.039509e-01	-1.603511e+00	-1.166031e-01	2.800478e+00	-3.691921e-01	5.949302e-01	2.009795e+00	7.625027e-01	-1.144837e+00	4.177957e-01	1.111738e+00	-1.309323e+00	-4.972113e-02	3.370731e+00	2.074861e+00	6.278883e-01	-1.547618e+00
8.410914e-01	8.554328e-01	-4.173809e-01	6.030434e-01	1.069385e+00	1.483326e+00	2.424547e-01	5.154592e-01	4.400886e-01	1.574354e+00	7.988863e-01	2.420992e+00	2.035478e+00	4.478211e-01	1.561082e+00	-1.051506e-01	2.895747e+00	-1.244943e+00	-7.125615e-01	2.458373e+00	2.375274e+00	8.822664e-01	8.351001e-01	1.964337e+00	2.953463e+00	-6.314746e-01	1.928985e+00	1.271433e+00	-5.181117e-01	2.748965e+00	-5.000669e-01	5.046348e-01	-2.045559e-01	-1.372556e+00	-9.070402e-01	1.352867e+00	1.434313e+00	1.264796e-01	1.585260e-01	-2.724882e+00
1.221401e+00	6.449933e-01	1.029947e+00	-4.406497e-01	-2.610697e-01	-5.945450e-01	1.620143e+00	-6.195152e-01	6.911580e-02	8.784940e-01	2.041776e+00	2.554294e+00	3.126581e+00	1.783487e+00	2.847650e+00	1.123958e+00	2.451811e+00	3.551553e-01	1.088900e-01	-6.684990e-02	2.379412e+00	3.707858e-01	2.996955e-01	7.873536e-02	4.008152e-01	-9.868775e-01	4.017686e+00	1.672487e-01	4.198931e-01	1.367547e+00	-3.356510e-01	-5.279918e-03	-1.134690e-01	7.623448e-01	-1.160541e+00	6.607907e-01	1.177185e+00	1.707975e-01	-6.140217e-01	-1.902804e+00
1.262546e+00	-2.635471e-01	2.324713e+00	-1.368273e-01	3.736824e-01	3.119503e-01	1.152590e+00	4.167987e-01	-1.984557e+00	4.678373e-01	9.777424e-01	2.589879e+00	2.583871e+00	2.024956e+00	1.578534e+00	-3.177426e-01	1.504109e+00	4.850487e-01	-4.151852e-02	2.029078e+00	2.146853e+00	-3.645910e-02	-3.935989e-02	7.613608e-01	-7.482062e-02	-3.066986e-01	3.567688e+00	-1.285234e-01	-1.781087e-01	6.871346e-01	-2.604936e-01	-6.140447e-01	-1.643611e-01	1.140899e+00	-1.853561e+00	1.863989e+00	2.301917e+00	1.531795e+00	-7.397972e-03	-1.123458e+00
1.133303e+00	4.009650e-01	-4.989649e-01	-4.965616e-01	-9.558712e-01	-1.377720e+00	1.394605e+00	7.167081e-01	2.781423e-01	8.589473e-01	1.764151e+00	3.006667e+00	3.336626e+00	6.843545e-02	-9.828307e-01	1.811824e+00	-3.059401e-01	5.430923e-01	-5.463871e-01	-1.216824e+00	1.943088e+00	1.102951e+00	-5.888745e-02	1.201475e+00	-1.016449e+00	4.576891e-02	2.251581e+00	1.191761e+00	2.479475e+00	7.488756e-01	-1.189189e+00	7.517929e-01	1.736485e+00	-8.221841e-01	1.950715e-02	1.594292e+00	2.672406e+00	1.136059e+00	5.266560e-01	-2.090601e+00
-4.442059e-01	1.649865e+00	-1.368675e+00	1.653349e+00	2.072884e+00	6.370481e-01	3.832012e+00	6.780877e-01	4.656177e-01	1.505923e+00	-1.778513e+00	3.382829e+00	5.318312e-01	1.020910e+00	1.721306e+00	1.512684e+00	2.271642e+00	-2.584199e+00	4.272889e+00	3.882518e+00	-3.583446e-01	7.119771e-02	6.484150e-01	-7.452487e-01	2.507486e+00	-2.553081e+00	1.756784e+00	9.424918e-01	-1.013191e+00	5.910733e-01	-1.752489e+00	3.252798e+00	-1.700897e+00	2.294600e-01	-2.819755e+00	-4.192585e+00	1.359501e+00	2.139147e+00	-2.222608e+00	2.420229e+00
8.001884e-01	-6.536585e-01	8.225987e-01	-2.474747e-01	1.940986e+00	-1.410409e+00	1.190456e+00	-7.076284e-01	9.322117e-01	1.000876e+00	1.098639e+00	2.130802e+00	4.786393e-01	1.312768e+00	5.746109e-01	1.696586e-01	8.398485e-01	1.072608e+00	3.173755e+00	-7.791871e-02	6.021423e-01	-6.008659e-01	1.865662e+00	-7.614251e-01	-1.735043e-01	-1.284648e+00	3.444828e+00	-3.743672e-01	1.820773e+00	-1.188670e+00	-5.392988e-01	7.529006e-01	3.969879e-01	2.258362e+00	-7.988200e-01	-2.170772e-02	1.815012e+00	1.362105e+00	-1.124226e+00	2.054474e+00
-3.308888e-01	1.690301e+00	-1.714642e-01	2.117182e+00	-9.959040e-01	3.310681e-01	1.255495e+00	1.495606e+00	-1.744547e+00	9.831152e-01	6.898754e-01	7.125966e-01	2.883142e+00	3.019812e+00	-2.660863e-01	9.013939e-01	1.128303e+00	-1.006693e+00	-1.603073e-01	-8.291494e-01	3.589443e+00	5.606625e-01	6.269825e-01	-1.129189e-01	-6.780980e-01	-2.431618e-01	2.109904e+00	1.742061e+00	-2.512460e+00	9.566538e-01	-1.139211e-01	1.253667e-01	1.254290e-01	1.738566e-02	-5.844833e-01	5.286804e-01	2.728737e+00	9.069646e-01	-4.582304e-01	-2.916147e+00
2.315950e-01	1.086715e+00	-4.399268e-01	7.115262e-01	2.127707e+00	3.230590e-02	1.761093e+00	3.775030e-01	4.896202e-01	1.941911e+00	2.057053e+00	2.287024e+00	2.358943e+00	1.246488e+00	1.171805e+00	1.560314e+00	2.760440e+00	-1.550766e+00	-9.069768e-01	1.690805e+00	7.352466e-01	-4.694411e-01	1.907457e-02	1.310975e+00	2.722480e+00	-1.515903e+00	2.465759e+00	1.944094e+00	3.759509e-01	2.177746e+00	-1.039079e+00	1.342104e+00	8.229956e-01	3.785690e-01	-1.101779e+00	-1.299129e+00	8.793484e-01	1.015345e+00	3.449308e-01	-3.434008e+00
1.023253e+00	6.484990e-01	1.010724e+00	1.765334e+00	6.254072e-01	-8.712033e-01	9.315320e-01	4.965933e-01	5.070377e-02	9.378921e-01	8.960816e-01	2.150571e+00	1.111159e+00	1.085017e+00	1.348801e+00	1.409231e+00	2.203492e+00	8.374933e-01	8.009660e-01	3.987887e-01	1.219346e+00	-3.105039e-01	-3.575304e-01	5.516861e-01	1.394181e-01	-2.675600e+00	1.933988e+00	1.261313e+00	5.688838e-01	6.138621e-01	4.719228e-01	4.577013e-01	-1.077271e-01	7.459081e-01	-1.372936e+00	-8.457242e-02	2.638596e-01	8.497870e-01	7.976550e-01	-5.339926e-01
1.580417e+00	1.275192e+00	1.959058e+00	7.807056e-01	-3.044114e-01	4.060933e-01	2.142505e+00	4.771611e-01	-2.118315e+00	1.052768e+00	5.968363e-01	1.933211e+00	1.787782e+00	1.224025e+00	2.044817e+00	2.005808e-01	6.793534e-01	-2.521539e-01	-2.070057e-01	-7.680041e-01	1.563935e+00	7.958092e-01	-6.569592e-01	5.355251e-01	-1.441867e+00	-5.898526e-01	1.327133e+00	-3.827040e-01	1.753406e+00	-4.304719e-01	1.205070e+00	-2.353990e-01	9.883137e-01	1.081846e+00	-5.761536e-02	2.603902e+00	1.714637e+00	-3.017344e-02	5.095014e-02	-7.146998e-01
1.774939e+00	-1.994505e-01	1.260010e+00	-1.368512e-01	4.036535e-01	4.270954e-02	2.013052e+00	-3.830136e-01	-4.912926e-01	1.030714e+00	2.243861e+00	3.537710e+00	2.900462e+00	3.439698e-01	1.510271e-01	1.109222e+00	1.670236e+00	1.246026e+00	-2.784694e-01	2.101249e-01	8.318093e-01	-2.866391e-01	-8.281363e-01	1.289705e+00	7.703360e-02	-2.303194e+00	2.806979e+00	-4.980760e-01	2.764628e+00	6.452803e-01	-2.251299e-02	-2.381124e-01	2.678117e-01	7.642972e-01	-1.340907e+00	-3.378376e-01	1.055398e+00	1.675434e+00	-2.612799e-01	-1.236116e+00
1.104411e+00	2.695443e-01	6.746617e-01	6.867335e-01	-9.934723e-01	3.057561e-02	1.478004e+00	3.199872e-01	-1.598351e+00	2.040742e+00	1.708106e+00	2.637577e+00	3.381485e+00	2.951672e+00	1.919390e+00	-9.386698e-02	3.173406e-01	-3.807139e-02	-1.964135e+00	-6.800306e-01	4.380246e+00	9.236514e-01	-4.603415e-01	9.015835e-01	-9.211118e-01	-9.301997e-01	2.815495e+00	9.212833e-01	1.949741e+00	1.296392e+00	2.014606e-02	6.429228e-01	1.128871e+00	7.662618e-01	-2.873350e-01	2.266291e+00	1.312741e+00	-7.629369e-02	-6.933121e-01	-3.346802e+00
2.248828e+00	-7.326350e-01	8.361673e-01	-1.515399e+00	-3.641890e-01	-1.026456e+00	1.576375e+00	-1.885179e-01	1.841720e+00	2.371270e-01	1.866596e+00	2.675112e+00	1.729493e+00	-3.365839e-01	-2.145681e+00	7.239032e-01	1.057259e+00	1.093058e+00	3.278034e-01	1.955180e+00	9.171860e-01	-4.260652e-01	9.163044e-01	1.783292e+00	1.190672e-01	6.698941e-01	2.487002e+00	6.215191e-01	1.730072e+00	2.146622e-01	-1.043694e-01	-8.307165e-01	1.044036e+00	1.402948e-01	9.796530e-02	-9.411691e-02	2.048905e+00	8.437892e-01	-3.829297e-01	-1.277485e-01
9.799514e-01	3.710465e-01	5.988930e-01	1.128855e+00	2.423520e+00	-2.535486e-01	1.801294e+00	9.525092e-01	-6.371926e-01	1.241071e+00	8.628971e-01	2.069987e+00	1.077070e+00	1.917564e+00	1.590493e+00	5.257271e-01	1.393153e+00	-1.720055e-01	1.504380e+00	8.267769e-01	-1.000774e-01	-1.319611e-01	1.237316e+00	2.901709e-01	1.951622e-01	-2.764842e+00	1.974524e+00	1.379437e-01	1.463993e+00	4.811404e-01	-4.365027e-01	6.101080e-01	2.127595e-01	4.412099e-01	-1.341927e+00	5.871257e-01	8.007833e-01	1.958871e-01	4.308651e-02	-3.650116e-01
9.477364e-01	5.557299e-01	-1.131442e+00	-8.685447e-01	2.354944e-01	-4.757639e+00	1.241271e+00	-1.470839e+00	3.072947e+00	-7.319083e-02	-4.343984e-01	1.240150e+00	2.371045e+00	-2.811461e-01	8.682865e-01	7.923365e-01	1.365047e-01	2.634129e+00	2.954365e+00	-3.165544e-01	-4.289198e-01	5.346661e-01	1.882414e+00	-9.184468e-01	-6.192412e-01	-1.235293e+00	3.567119e+00	-4.364197e-01	1.799439e+00	-1.738330e+00	4.792969e-01	-1.779678e-01	4.339345e-01	1.834944e+00	-1.288646e+00	-1.431288e+00	2.394264e-01	2.600768e+00	1.485718e+00	4.127941e+00
1.034739e+00	1.112279e+00	2.469411e+00	1.168815e+00	2.076626e-01	5.818887e-01	1.577461e+00	-4.287630e-01	-1.206608e+00	2.203157e+00	1.277962e+00	2.940273e+00	1.836255e+00	1.159356e+00	2.047276e+00	1.064041e+00	2.887612e+00	-1.185749e+00	-1.914180e-01	3.192868e-01	1.322635e+00	1.504658e-01	-1.584710e-01	1.364037e+00	1.961193e+00	-1.330274e+00	1.835431e+00	1.548208e-01	3.161648e-01	1.289358e+00	-7.194360e-01	-2.035894e-01	1.478650e-01	6.968039e-01	-2.024777e+00	6.139136e-02	1.420764e+00	1.635895e+00	5.230748e-01	-1.841635e+00
-9.968343e-01	1.426261e+00	-5.984581e-01	-5.013957e-01	1.189474e+00	-1.017777e+00	1.423539e+00	2.945576e-01	2.653204e+00	5.485789e-01	1.726993e+00	6.078464e-01	1.873141e+00	-3.057312e-01	4.869759e-01	1.093406e+00	1.926299e+00	-1.226589e+00	-3.209673e-01	3.680838e+00	-6.799894e-02	-4.729268e-01	-5.587188e-01	3.223911e-01	2.152543e+00	-6.052358e-01	1.480334e+00	1.251912e+00	5.923278e-01	-3.780985e-02	7.146638e-01	1.096984e+00	1.566351e+00	3.800937e-01	1.052898e+00	-4.872307e-01	4.534777e-01	2.403497e+00	1.745454e+00	1.416181e+00
-4.197662e-02	5.767748e-02	2.022616e+00	9.109146e-01	1.569827e+00	3.960487e-01	1.445040e+00	3.743183e-01	4.324261e-01	1.175677e+00	1.058645e-01	1.601354e+00	1.391463e+00	-2.085861e-01	6.881444e-01	-1.014054e+00	1.785214e+00	-6.836075e-01	1.120319e+00	2.847883e-01	8.843976e-01	1.120708e+00	1.884910e-01	5.257350e-01	1.267221e+00	-1.439920e+00	-1.752424e-01	3.312273e-01	1.439231e+00	-1.052781e-01	5.031326e-01	-6.258872e-01	4.171621e-02	7.773895e-01	3.754023e-01	1.513175e+00	2.454079e-01	2.220889e+00	1.060906e+00	1.159447e+00
1.082072e+00	1.886503e+00	-7.991739e-01	-6.663864e-01	-2.271711e-01	-1.855015e+00	2.312646e+00	3.359149e-01	-8.300197e-01	-1.385280e+00	2.218172e+00	1.281822e+00	2.119495e+00	1.402913e+00	1.537399e-01	1.278781e+00	3.565180e-01	1.440399e+00	-2.574245e-01	6.849289e-01	3.058571e-01	-8.657881e-01	1.487240e+00	1.663528e-01	-6.473735e-01	1.049838e-01	3.659360e+00	-2.293719e-01	2.950726e+00	-6.885654e-01	7.547013e-01	6.965087e-01	1.478908e+00	9.008916e-01	-7.578157e-01	-4.870287e-01	1.437868e+00	7.011494e-02	-6.094382e-01	4.026849e-01
7.613965e-01	2.404627e+00	1.265643e+00	1.276952e+00	2.033399e-01	-6.502152e-01	1.112044e+00	9.814664e-01	8.295944e-01	1.330996e+00	1.538826e-01	3.628348e-01	5.555393e-01	7.622236e-01	-8.850699e-01	7.176423e-01	1.832552e+00	2.671558e-01	3.368220e-01	1.412335e+00	4.328164e-01	4.677289e-01	4.270070e-01	1.030126e+00	1.228527e+00	-6.347955e-01	3.805245e-01	1.260515e+00	-9.616858e-02	-4.714920e-01	-5.353596e-01	4.106728e-01	8.733536e-01	2.685672e-01	-6.062876e-01	1.163926e+00	7.010248e-01	1.331924e+00	-2.412424e-01	4.888842e-01
2.435364e+00	1.336043e+00	-2.961926e-01	-1.779356e+00	8.869981e-01	8.337490e-01	1.244352e+00	-6.632539e-01	6.779186e-01	-2.310386e-02	6.894142e-01	2.787662e+00	1.100019e+00	7.000132e-01	-5.244016e-01	-9.784205e-01	2.103929e+00	-1.206186e-01	8.857370e-01	2.103352e+00	1.988360e+00	5.304397e-01	1.254857e+00	9.902461e-01	1.480084e+00	6.940888e-01	2.729760e+00	-1.068195e-02	2.994306e-01	1.374761e+00	-1.847307e-01	-1.022318e+00	2.196293e-02	-1.884354e-01	-6.112206e-01	1.862138e+00	2.467555e+00	3.652397e-01	-9.289011e-01	-1.023798e+00
4.284186e-01	4.998217e-02	9.291597e-01	1.414714e-01	2.037844e+00	-8.360898e-01	1.828085e+00	-4.733554e-01	2.739350e-01	1.176953e+00	4.133699e-01	6.572926e-01	9.853909e-01	2.919353e+00	2.080739e+00	4.706214e-01	1.106241e+00	8.525811e-01	1.432819e+00	6.845165e-01	5.535263e-02	-5.586310e-01	1.509178e+00	-2.459346e-01	2.717809e-01	-2.077907e+00	2.334101e+00	-5.047642e-01	1.448281e+00	-3.630009e-02	-6.133348e-01	3.903839e-01	4.209432e-01	2.320666e+00	-1.384193e+00	-2.866889e-01	1.437600e+00	2.012024e+00	3.563737e-01	1.298385e+00
3.054887e+00	-8.545519e-01	2.154755e+00	-4.684983e-01	2.091015e+00	6.164283e-01	8.723284e-01	-1.580904e-01	-1.193976e+00	1.902876e+00	5.328036e-01	3.731272e+00	2.255066e+00	2.288836e+00	1.748938e+00	-2.776893e-01	2.036438e+00	1.485155e+00	1.542811e+00	3.699831e-01	1.364679e+00	1.942680e-01	-1.772351e-01	6.912269e-01	-2.610524e-01	-2.699323e+00	1.692068e+00	-1.714791e+00	1.231041e+00	8.688082e-01	-1.255044e+00	-4.062748e-01	-4.189540e-01	5.455604e-01	-1.616636e+00	1.057962e+00	1.824773e+00	9.699599e-01	2.345598e-01	-2.551944e-01
4.961650e-01	8.705932e-01	-5.905295e-01	1.856751e+00	1.890351e+00	1.418978e+00	3.960521e-02	1.915310e+00	1.952031e-01	1.753117e+00	-6.224513e-01	1.164475e+00	1.865981e+00	4.973239e-01	-1.586454e-01	6.404740e-01	1.725096e+00	-4.858428e-01	-1.021158e-01	2.511826e+00	1.415344e+00	1.768408e-01	1.595051e+00	1.175974e+00	1.461389e+00	-7.782786e-01	7.811266e-01	7.515997e-01	-3.551841e-01	4.149611e-01	-5.526114e-01	2.625498e-01	6.119860e-01	-4.845075e-01	-8.021231e-01	1.050912e+00	2.082959e+00	8.493084e-01	5.124740e-01	-4.041063e-01
2.905738e+00	-5.599586e-01	1.330527e+00	9.289639e-01	1.239543e+00	-4.866221e-01	9.538636e-01	7.921636e-01	-1.517816e+00	2.159371e+00	3.516612e-02	3.619379e+00	2.399044e+00	1.939927e+00	4.294912e-01	2.499953e-01	2.804169e+00	4.963810e-01	5.744374e-01	6.394979e-01	1.504005e+00	-8.014281e-01	4.638118e-01	5.220951e-01	-7.835423e-01	-1.858184e+00	1.403827e+00	-1.168383e+00	8.108512e-01	9.187863e-01	-8.207791e-01	1.909874e-01	3.443948e-01	-4.528410e-02	-1.178821e+00	-3.120309e-01	2.100382e+00	1.140011e+00	4.443428e-01	-5.269826e-01
-1.728577e-01	6.526116e-01	1.429592e+00	1.051426e+00	1.423348e+00	-1.078218e+00	2.855735e+00	7.769206e-01	1.046812e-01	3.942136e-01	1.646975e+00	1.213890e+00	2.185482e+00	1.518815e+00	2.913053e+00	1.341846e+00	1.106459e+00	1.418130e-01	2.007126e+00	-3.821913e-01	-3.570626e-01	-2.907066e-01	1.303787e+00	-4.953868e-01	-4.408318e-01	-2.272975e+00	2.474876e+00	-2.115853e-01	1.925532e+00	-1.009193e+00	-3.194435e-01	6.063482e-01	3.396429e-01	1.006870e+00	-2.770930e-01	-1.400105e-01	1.308967e+00	1.286072e-01	-1.210879e-01	-1.728440e-01
5.960838e-01	-1.267991e+00	1.617178e+00	-4.418470e-01	3.449328e+00	-7.814471e-01	7.095011e-01	-1.211099e+00	-7.581793e-01	1.094993e+00	1.291874e+00	3.052467e+00	-5.550818e-01	1.004558e+00	1.008980e+00	-3.463961e-01	8.479438e-01	5.607894e-01	3.131712e+00	3.843315e-01	9.322477e-01	-9.430689e-02	5.207321e-01	1.085886e-01	-3.847447e-01	-1.413654e+00	1.594317e+00	5.338126e-02	1.655315e+00	4.583905e-01	6.308545e-01	8.681178e-01	-1.752337e-01	1.439695e+00	-3.492395e-01	7.529108e-02	2.755291e-01	1.117057e+00	1.098437e+00	2.025418e+00
2.647270e+00	1.091928e+00	7.631744e-01	-1.026957e+00	7.794426e-02	7.844947e-01	6.431745e-01	-2.458026e-01	-1.364874e+00	-1.854964e-01	2.176954e+00	3.701215e+00	1.567819e+00	4.388980e-01	-3.540783e-01	-1.193668e+00	6.280865e-01	4.198878e-01	2.763648e-01	1.355346e+00	3.659134e+00	6.323569e-01	-3.779970e-01	7.339768e-01	7.985274e-01	1.308889e+00	2.886959e+00	-3.263630e-01	1.245594e-01	1.894769e+00	6.582437e-01	-1.166705e+00	2.401187e-01	2.920077e-02	-6.768157e-01	3.558714e+00	2.563498e+00	4.125172e-01	-1.124204e+00	-1.236087e+00
1.911969e+00	1.286261e+00	7.740515e-01	-2.618792e-01	-2.609900e+00	-9.842434e-02	1.066734e+00	1.050183e+00	-1.781897e+00	1.275762e+00	1.456332e+00	2.028781e+00	3.461786e+00	1.584961e+00	6.680476e-01	1.133546e+00	1.852217e+00	7.708879e-01	-1.564734e+00	4.512636e-01	1.982038e+00	2.683933e-01	1.784959e+00	2.153346e+00	1.903999e-01	1.042593e+00	3.014793e+00	5.793760e-01	6.072111e-01	1.213644e+00	-1.234255e+00	1.363695e-01	1.010932e+00	-6.661683e-01	-1.687251e+00	3.114627e-01	3.559540e+00	2.235266e-01	-4.909203e-01	-2.832424e+00
1.989193e+00	4.170705e-01	2.446013e+00	-6.328447e-01	-1.022273e+00	-1.313020e-01	2.067952e+00	-3.551761e-01	-1.038846e+00	1.746146e-02	2.477882e+00	3.414463e+00	2.384156e+00	2.272654e+00	1.628435e+00	-4.156131e-01	1.210736e+00	6.589575e-02	8.809408e-01	8.895734e-01	1.253905e+00	-1.754003e+00	4.736353e-01	1.437949e+00	6.766503e-02	5.301224e-01	2.480705e+00	-1.148624e+00	2.200650e-02	2.089036e+00	1.488054e+00	-8.023621e-01	-1.038826e+00	1.004372e+00	-2.991650e+00	1.934224e+00	2.690408e+00	-4.761567e-01	-5.466217e-01	-1.277447e-01
6.108730e-01	-1.457730e-01	1.597395e+00	1.830857e+00	2.212105e+00	-8.655573e-01	1.265078e+00	-9.566724e-02	-6.166348e-01	1.396432e+00	6.269816e-01	1.277169e+00	4.826306e-01	2.848594e+00	1.915550e+00	5.859109e-01	6.972506e-02	7.190898e-01	2.513107e+00	-5.662137e-01	9.638992e-01	-5.299802e-01	1.929961e+00	-6.643103e-01	-6.323222e-01	-1.527319e+00	1.440235e+00	-6.050113e-01	1.813326e+00	-5.213490e-01	-5.048474e-01	7.934072e-02	2.644590e-01	1.730326e+00	-9.687464e-01	-9.701977e-02	1.148032e+00	8.863934e-01	1.547818e-01	1.176583e+00
1.372133e+00	-4.044963e-01	1.357742e+00	-1.052341e+00	1.067785e-01	-1.060370e-01	4.427126e-01	5.009473e-01	9.604380e-01	1.222932e+00	1.675230e+00	4.035142e+00	1.540806e+00	-1.552514e-01	1.603939e-01	5.440787e-01	1.300728e+00	-2.544036e-02	1.661685e-01	9.748789e-01	2.130014e+00	1.296040e+00	-1.552169e+00	1.404253e+00	-5.162999e-01	-2.141458e-01	1.500392e+00	1.097780e+00	1.121965e+00	1.712490e+00	3.600686e-01	3.128449e-01	1.060195e+00	-1.099669e+00	1.391816e-01	3.456726e+00	1.480754e+00	6.899920e-01	6.081216e-01	-5.282048e-01
2.175761e+00	-1.014232e+00	3.125113e-01	-6.789887e-01	4.900085e-01	1.639476e-01	1.448657e-01	-9.503728e-01	-6.490178e-01	1.531914e+00	1.417340e+00	3.459501e+00	1.802643e+00	2.883697e+00	1.333221e+00	8.668875e-01	7.154970e-01	6.727707e-01	5.704537e-01	9.380089e-01	2.189850e+00	-2.973129e-01	3.925247e-01	2.047708e+00	1.148016e+00	1.006120e+00	3.364099e+00	-1.947413e-01	-7.238838e-01	2.319598e+00	-1.143037e+00	-3.190060e-01	-1.287757e-01	6.254517e-01	-2.883252e+00	7.809682e-01	3.515783e+00	1.502627e+00	-8.821665e-02	-2.947839e+00
2.112225e+00	5.913649e-01	1.439468e+00	-1.054630e+00	1.081502e+00	-1.555853e-01	1.072301e-01	-5.773193e-01	-4.789847e-01	2.113221e+00	1.949249e+00	3.866921e+00	2.461088e+00	-8.666332e-01	1.023156e+00	2.328323e-01	2.128557e+00	-3.857271e-02	-5.560220e-01	1.082419e+00	2.742664e+00	-2.733125e-01	-1.872487e+00	1.310788e+00	7.722036e-01	-4.326201e-01	2.571564e+00	-2.515213e-01	2.042453e+00	1.975098e+00	1.058102e+00	1.876185e-01	5.255821e-01	-2.556025e-01	3.041708e-03	1.828676e+00	8.821033e-01	1.396842e+00	3.083471e-01	4.253003e-01
2.222672e+00	-4.614964e-01	-1.700773e-01	1.971521e-01	2.709598e+00	-1.806985e+00	3.707134e-01	-1.096817e+00	4.254267e-01	1.027623e+00	-9.856374e-02	1.695617e+00	6.683968e-02	5.544601e-02	5.035365e-01	-1.346771e-01	5.455094e-01	7.108112e-02	2.719033e+00	4.798122e-01	1.597395e+00	-2.092535e-01	2.654448e+00	2.522113e-01	-3.387555e-02	2.037467e+00	1.696486e+00	-6.522042e-01	7.302528e-01	2.167595e+00	1.036778e+00	5.282251e-04	-7.376059e-01	-1.085608e+00	6.172082e-01	5.052894e-01	-2.582357e-01	-6.799964e-01	5.571684e-01	2.185691e+00
4.009347e+00	-3.895113e-01	1.084773e+00	-2.552660e+00	-6.222366e-02	-1.187495e-01	6.398146e-01	-1.222183e+00	-2.157070e-02	5.640922e-01	3.137931e+00	5.019131e+00	2.131580e+00	6.726322e-01	-4.867293e-01	-8.385046e-01	5.269574e-01	5.954485e-01	2.122892e+00	7.808560e-01	4.139686e-01	-1.959329e+00	-4.479740e-01	2.224597e+00	-2.195901e-01	1.392513e+00	2.533389e+00	-1.326117e+00	1.261615e+00	2.498358e+00	1.619284e+00	-4.679973e-01	-9.387729e-01	-1.677285e-01	-2.020102e+00	2.248799e+00	2.688361e+00	-5.904129e-01	-2.945633e-01	-3.316209e-01
1.860619e+00	1.248537e+00	1.298027e+00	2.544166e-01	-2.071063e-02	-1.219467e-01	1.832384e+00	-2.535530e-01	3.885122e-01	2.032013e+00	1.270233e+00	2.676497e+00	1.780024e+00	6.720135e-01	-5.520289e-01	8.331545e-01	1.026732e+00	5.134931e-01	8.325071e-01	4.087222e-01	8.579050e-01	-4.926861e-01	-1.957746e-02	9.614759e-01	1.162037e+00	-1.240387e+00	1.532306e+00	-7.085272e-01	1.071372e+00	3.990192e-01	-7.906529e-01	-3.923375e-01	1.023721e+00	1.818816e-01	-1.481357e+00	1.343797e+00	1.902682e+00	1.629387e+00	-7.291692e-01	-7.403164e-01
1.830930e+00	-1.835718e+00	1.202404e+00	-1.700206e+00	3.109306e-02	-3.871600e-01	1.616306e+00	-5.941132e-01	-3.434678e-01	6.372344e-01	2.373345e+00	4.721960e+00	3.356295e+00	2.210505e+00	2.604691e+00	-2.555788e-01	4.929108e-01	3.273136e-01	-6.606230e-01	5.033166e-02	2.676346e+00	-3.320855e-01	-4.817453e-01	9.678124e-01	-3.949787e-01	-5.945364e-01	3.886348e+00	-3.085288e-01	1.795535e+00	1.357894e+00	-6.824475e-01	9.400255e-01	1.824064e+00	1.731522e+00	-9.497411e-01	2.914703e+00	2.976273e+00	7.629535e-01	5.792949e-01	-1.957939e+00
-2.760798e-01	5.004495e-01	2.059999e+00	1.126568e+00	2.386824e+00	-5.709292e-02	7.605469e-01	9.031821e-03	7.597348e-02	2.060812e+00	2.101757e+00	1.622692e+00	4.398889e-01	2.268980e+00	1.831671e+00	1.023041e+00	1.355994e+00	6.648810e-01	2.100901e+00	-2.322531e-01	2.219908e-01	-3.139849e-01	5.419493e-01	-1.538272e-01	6.198830e-01	-3.069206e+00	2.013854e+00	4.782275e-01	1.489021e+00	-8.473792e-01	-1.279091e+00	1.261242e+00	6.843125e-01	1.719094e+00	-9.219423e-01	-6.145666e-02	-4.063113e-02	1.196802e+00	-5.600039e-02	3.506449e-01
1.667158e+00	6.863712e-01	1.385280e+00	-1.018203e+00	8.852327e-01	-8.510143e-01	7.889920e-01	-1.522377e-01	-6.485099e-01	9.025508e-01	7.941685e-01	2.475479e+00	1.989256e+00	1.114912e+00	5.663720e-01	-2.461293e-01	2.102227e+00	4.952009e-01	1.896929e+00	1.562502e+00	1.137788e+00	6.064204e-01	-9.805246e-01	-2.909422e-01	-3.470784e-01	-1.651872e+00	1.191174e+00	-8.341891e-01	-1.782491e-01	4.895774e-01	-1.750616e-01	6.171839e-01	-1.939322e-01	5.814951e-01	-7.007201e-01	1.368978e+00	1.861774e+00	2.397418e+00	5.050887e-01	6.174288e-01
-1.145983e-01	5.708284e-01	5.664754e-02	1.169598e+00	1.111170e+00	4.797776e-01	8.297340e-01	1.006734e+00	2.310095e-02	7.650514e-01	6.555844e-03	8.547418e-01	1.978061e+00	4.215293e-02	4.703945e-01	1.195655e+00	1.643062e+00	-9.073112e-01	1.556201e-01	9.905599e-01	2.826576e-02	2.791340e-01	-8.882566e-02	5.354657e-01	-9.715080e-03	-5.682056e-01	4.348288e-01	5.106940e-01	1.281054e-02	1.216890e+00	8.784089e-01	-1.578101e-02	6.281264e-01	2.458153e-01	-3.917932e-02	-3.757913e-01	9.910628e-01	1.683762e+00	2.538932e+00	2.578040e-01
1.003046e+00	6.505445e-02	2.224285e+00	-1.805274e-02	1.257268e+00	-5.336941e-01	1.550765e+00	-8.464297e-01	2.554118e-01	1.265685e+00	1.210136e+00	1.377962e+00	3.590973e-01	2.985886e+00	1.724944e+00	-2.914225e-01	2.318801e+00	4.864964e-01	2.011103e+00	6.214753e-01	2.893196e-01	4.876493e-03	1.245114e+00	-3.140063e-01	5.303324e-01	-2.214805e+00	1.955415e+00	-5.710448e-01	3.540818e-01	7.622683e-01	-4.500297e-01	1.226562e-01	-4.965489e-02	1.146520e+00	-9.407971e-01	-3.655880e-01	6.909400e-02	1.472717e+00	-1.967352e-01	1.492360e-01
1.412939e+00	-2.957403e-01	1.719516e+00	-1.299466e+00	3.643989e-01	-8.801844e-01	1.714825e+00	-5.813038e-01	2.442980e-01	1.154493e-01	1.602649e+00	3.773601e+00	1.273957e+00	8.545050e-01	5.976799e-01	-7.852964e-01	2.359288e+00	-7.634083e-02	8.041806e-01	1.403469e+00	1.757424e+00	4.566979e-01	-9.328293e-03	9.970234e-01	-2.270603e-01	-5.224438e-01	2.446557e+00	8.943460e-01	1.000932e+00	1.086248e+00	1.657993e-01	-3.667854e-01	-2.605436e-02	-6.510477e-01	-4.445548e-02	9.741073e-01	1.004279e+00	1.028789e+00	6.997874e-01	-4.445796e-01
1.579265e+00	7.327249e-01	1.795010e+00	-6.574273e-02	-1.261174e+00	-2.961148e-01	1.198022e+00	1.948475e-01	4.420734e-01	8.319463e-01	1.167799e+00	2.765226e+00	1.891180e+00	1.031554e+00	9.378194e-01	-5.974811e-01	1.421397e+00	-1.071994e+00	7.224424e-01	-5.601573e-01	1.776796e+00	8.603434e-01	-5.487365e-01	4.300736e-01	-1.139509e-01	1.216751e-02	1.421089e+00	4.453376e-01	2.044542e+00	-1.687978e-01	5.091277e-01	-4.110652e-01	9.933492e-01	2.593089e-01	3.288901e-01	1.289223e+00	2.033658e+00	1.496936e+00	7.837858e-04	-1.277772e+00
-5.461300e-01	-4.914999e-04	9.182264e-01	6.441981e-02	1.153688e+00	-1.201428e+00	1.494290e+00	-7.103726e-01	-8.454196e-01	1.110556e+00	1.915192e+00	9.722031e-01	7.344023e-01	9.292119e-01	5.512732e-01	9.903531e-01	7.900348e-01	6.638026e-01	-1.926520e-01	4.087327e-01	1.045238e+00	-4.982413e-01	4.052648e-01	1.010909e+00	5.907437e-01	-2.009117e-02	1.810161e+00	1.117952e+00	1.406335e+00	3.970286e-01	5.623417e-01	1.124418e+00	1.199573e+00	1.780487e+00	-3.665625e-01	-1.233355e+00	3.464237e-01	1.723790e+00	1.170195e+00	8.494366e-01
1.249980e+00	-4.432335e-01	2.195786e+00	-1.435022e+00	-4.465905e-02	-7.751508e-01	1.282928e+00	-2.350752e+00	-2.654919e-01	1.892343e+00	2.745025e+00	4.523827e+00	9.975280e-01	7.495611e-01	1.507809e+00	4.329552e-01	1.349776e+00	2.738303e-01	1.880044e+00	-2.034552e-01	1.015378e+00	2.331798e-01	1.153655e+00	1.719728e+00	1.515738e+00	5.951070e-01	2.531514e+00	-3.650738e-01	2.000064e+00	6.340921e-01	-1.093709e+00	-1.494484e-02	1.668691e-01	2.105235e-01	-1.250916e+00	-5.772728e-01	1.375553e+00	8.933667e-01	6.518850e-01	-1.062377e+00
1.018864e+00	-7.600270e-01	-1.044479e+00	1.391622e+00	3.238120e-02	8.657976e-01	2.144779e+00	-1.193563e-01	-3.888595e-01	6.855844e-01	9.535410e-01	2.508674e+00	1.785824e+00	1.287633e+00	-8.506890e-01	9.956736e-01	2.217093e+00	-1.203125e+00	-1.309282e+00	2.663307e+00	8.482581e-01	-1.169828e+00	1.602357e+00	2.298946e+00	2.251471e+00	1.315188e+00	2.001431e+00	-3.169324e-01	1.185068e+00	1.851286e+00	-7.509044e-01	-8.364275e-01	4.499240e-01	-1.352528e+00	-3.182243e-01	-2.064181e+00	1.516780e+00	1.348946e+00	8.927184e-01	-2.747607e+00
1.159367e+00	7.388553e-01	-2.729969e-01	1.035204e+00	1.466136e+00	-3.184351e-01	1.221705e+00	6.569743e-02	8.368158e-01	1.389269e+00	2.472755e-01	1.222738e+00	1.676644e-01	-5.106301e-01	-8.866655e-01	9.466209e-01	1.266824e+00	-5.445449e-01	5.636539e-01	1.945591e+00	6.282221e-01	1.893033e-01	3.301039e-02	1.641169e+00	1.119215e+00	3.363560e-02	7.708737e-01	3.410184e-01	9.785674e-01	3.946693e-01	2.356101e-01	1.003782e+00	6.568628e-01	-6.857345e-01	8.674677e-02	1.928087e+00	1.472739e-01	8.607946e-01	7.261481e-01	1.075554e+00
2.008795e+00	-7.762297e-01	1.134586e+00	-6.998758e-01	3.503430e+00	-4.993344e-01	1.107907e+00	-8.240098e-01	-1.136093e+00	9.435313e-01	1.190794e+00	2.920532e+00	-4.913158e-01	1.478073e+00	4.233370e-01	-9.375238e-01	1.196859e+00	1.309441e+00	3.063970e+00	5.341926e-01	1.333132e+00	-6.165423e-01	1.812476e+00	4.721057e-01	-1.242920e-01	-1.207376e+00	2.241607e+00	-4.052611e-01	1.571605e+00	1.220913e+00	1.968062e-01	1.910970e-01	-1.372041e+00	6.159150e-01	-1.289399e+00	6.297125e-01	1.011444e+00	8.712823e-02	-5.182485e-01	1.203274e+00
8.616135e-01	-4.024008e-01	2.541293e+00	-7.157355e-01	9.013335e-01	-9.014558e-01	1.710161e+00	-9.185995e-01	8.569982e-01	7.670940e-01	7.331554e-01	1.013383e+00	1.537889e+00	2.241802e+00	1.947337e+00	1.164727e+00	2.311510e+00	8.189441e-01	2.443469e+00	4.688058e-01	-7.085114e-01	2.524873e-01	1.748312e+00	2.345731e-02	-2.527919e-01	-2.122907e+00	2.686772e+00	2.781491e-02	6.952770e-01	1.841332e-01	-7.538079e-01	-2.712372e-01	-6.398634e-01	1.275128e+00	-9.103367e-01	-2.036181e+00	7.531609e-01	1.261663e+00	7.928758e-01	-2.267126e-01
2.055586e+00	6.411453e-01	1.513521e-02	2.012262e-01	1.614115e+00	1.611811e-01	2.155662e+00	-3.894491e-01	-1.002196e+00	8.732094e-01	5.349931e-01	2.547368e+00	1.378796e+00	2.070166e+00	5.593588e-01	1.911046e-01	6.235583e-01	3.605109e-01	1.925899e+00	-7.032643e-01	1.784597e+00	1.376007e-01	1.930832e+00	1.094942e+00	-2.331732e-02	-3.747633e-01	1.885962e+00	-5.206476e-01	1.522838e+00	5.871082e-01	-8.026139e-01	-3.258860e-01	-5.044467e-01	-1.738257e-01	-1.436693e+00	1.380290e+00	1.645237e+00	-8.490614e-01	-1.249266e+00	-1.626517e+00
1.918019e-01	8.762564e-01	1.217409e+00	1.721088e+00	-5.272998e-01	-6.052372e-01	3.902695e-01	1.086227e+00	-1.420815e-01	1.363736e+00	1.347393e+00	2.031007e+00	3.333160e+00	-2.332818e-01	3.060020e-03	1.535723e+00	1.923083e+00	-3.341418e-01	-3.694714e-01	1.514268e+00	1.035971e+00	-9.013805e-01	3.611694e-01	1.428518e+00	5.649192e-01	-6.377131e-01	2.026571e+00	4.563504e-01	2.588722e+00	-1.313977e+00	-2.260154e-01	2.586784e-01	1.527703e+00	-2.902723e-01	-5.421706e-02	-1.393873e+00	8.040990e-01	1.576653e+00	1.068674e+00	4.579182e-02
2.204635e+00	-1.079890e+00	1.006649e+00	-1.319027e+00	1.192293e+00	5.647678e-01	7.836200e-01	-1.035320e+00	-3.174939e-02	9.548637e-01	1.748544e+00	3.748972e+00	1.848501e+00	9.324678e-02	8.689487e-01	-6.867593e-01	1.101495e+00	4.196663e-01	-3.744658e-01	2.035941e+00	2.427367e+00	-8.265128e-01	4.542987e-01	1.592340e+00	1.393057e+00	8.867965e-02	3.911087e+00	-1.071261e-01	7.310846e-01	2.874916e+00	4.147959e-01	-7.236837e-01	-6.781347e-01	9.039692e-01	-1.965255e+00	1.627177e+00	2.529967e+00	2.127232e+00	-4.111573e-01	-8.665911e-01
4.341690e+00	-4.896919e-02	3.338998e+00	-1.998518e+00	-3.864975e-01	-5.407867e-01	3.787231e+00	-7.151314e-01	-2.316725e+00	-2.891673e-01	-2.461236e+00	3.194166e+00	4.653767e-01	1.828839e-01	-2.023594e+00	1.704789e+00	3.318213e+00	1.617732e+00	-2.616577e-01	-2.367458e-02	3.096722e+00	3.050883e+00	9.752869e-01	-3.953703e-01	-3.372253e+00	1.184325e+00	5.208882e+00	-9.217017e-01	3.308369e+00	-2.604613e+00	-1.621760e+00	-3.652866e+00	2.498793e+00	3.600103e-01	6.062493e-01	-1.284160e+00	2.263102e+00	3.345239e+00	-1.375638e+00	-1.506346e+00
1.506851e+00	7.304491e-01	1.831155e+00	2.699885e-01	3.446744e+00	-1.536171e+00	3.210068e+00	2.061476e-01	-1.357753e+00	6.359102e-01	-2.941554e+00	6.813270e-01	-9.904659e-01	-3.646412e-01	5.364100e-01	2.678894e+00	4.895300e+00	5.778497e-01	-6.071557e-01	8.323243e-01	1.541948e+00	2.931928e+00	-2.585807e-01	-9.304886e-01	-1.144131e+00	-1.328702e+00	2.791542e+00	3.444396e-01	1.491680e+00	-2.018029e+00	-1.507437e+00	7.601994e-01	2.582573e+00	3.443618e-01	2.294844e+00	-1.023125e+00	-8.924450e-01	3.355755e+00	1.069214e-02	1.424175e-01
-5.895010e-01	1.802122e+00	1.692376e+00	1.705718e+00	-1.598241e+00	1.766627e+00	2.918808e-01	9.193419e-01	-9.048750e-01	1.107408e+00	2.317656e+00	1.358651e+00	1.529904e+00	2.573631e+00	-1.011047e+00	-1.753371e-01	-4.234544e-01	-6.826058e-01	5.039549e-02	1.389007e+00	8.329149e-01	-4.031485e-01	7.255622e-01	3.782874e+00	6.012118e-01	-5.488874e-01	-1.386999e+00	2.298091e+00	6.393333e-01	1.107550e+00	7.420387e-01	-1.332949e+00	3.654178e-01	2.198197e-01	-2.099394e+00	2.030025e-01	1.476083e+00	1.587894e-01	6.846529e-01	-1.813645e+00
2.103484e+00	-4.823897e-01	1.156252e+00	-2.115864e-01	3.946551e-01	2.280615e-01	1.429646e+00	4.495953e-01	-1.761894e+00	6.443752e-01	2.185429e+00	3.212923e+00	2.368420e+00	1.962659e+00	-1.155053e-01	2.042756e-01	7.840207e-01	1.632751e+00	-4.007452e-01	8.713090e-01	2.547831e+00	1.646697e-01	3.971709e-01	1.147142e+00	1.800105e-01	-3.204089e-01	2.601793e+00	-3.340653e-02	1.227485e+00	8.626852e-01	-7.035497e-01	-1.089387e+00	-1.984241e-01	3.154911e-01	-2.118576e+00	1.383433e+00	2.340219e+00	1.478425e+00	-6.124722e-01	-1.834888e+00
2.097969e+00	2.213686e-01	8.709883e-01	3.850272e-01	9.460581e-01	1.204461e+00	5.681085e-01	-8.817023e-01	-7.179388e-01	1.266843e+00	7.703183e-01	2.507351e+00	-4.563785e-01	1.342241e+00	-9.287098e-01	6.911363e-01	-1.355058e-01	6.896834e-01	3.064428e-01	-2.749068e-01	1.728039e+00	-1.548973e-01	1.773153e+00	2.265724e+00	9.376899e-01	2.579976e-01	1.243990e+00	3.033916e-02	2.698173e+00	1.479782e+00	3.153303e-01	-1.321882e+00	-1.044112e-01	4.138145e-01	-2.150356e+00	1.944866e-01	1.749897e+00	1.277393e+00	4.506053e-01	-3.125792e-01
1.365645e+00	7.077669e-01	-2.162106e-01	8.027529e-01	7.456448e-01	1.391800e+00	-2.059301e-01	2.933235e-01	-1.262780e+00	4.808193e-01	9.500589e-01	2.030858e+00	2.129295e+00	5.901105e-01	1.188706e+00	-1.402615e-01	1.566197e+00	8.225155e-01	-1.015839e+00	1.798897e+00	2.896793e+00	2.731212e-01	8.176257e-01	1.102890e+00	2.456835e+00	-8.738580e-01	3.734185e+00	2.058740e-01	1.663450e-01	1.041464e+00	-4.261236e-01	1.472472e-01	-1.488849e-02	1.224481e+00	-1.915452e+00	1.653924e+00	2.109602e+00	1.272661e+00	-4.820176e-01	-1.490352e+00
2.847379e-01	-2.082037e-02	2.421671e+00	1.218943e+00	-4.479424e-01	1.729827e-01	1.498830e+00	7.550394e-01	-1.541455e+00	1.011489e+00	1.196755e+00	2.924861e+00	2.722999e+00	2.282126e+00	1.156322e+00	4.455441e-01	1.968044e+00	-2.499082e-01	7.085113e-01	1.724588e+00	2.060002e+00	-7.466849e-01	1.557718e+00	2.060652e+00	-1.458389e-01	-1.278517e+00	2.277756e+00	9.113312e-01	-1.236233e-01	1.007253e+00	-1.009008e+00	-7.688870e-01	2.534508e-01	-6.215084e-01	-1.818350e+00	-2.292322e+00	3.033593e+00	1.525303e+00	1.215964e+00	-1.437318e+00
2.678340e-01	1.316467e+00	1.396958e+00	9.730580e-01	5.674992e-01	1.869377e-01	1.366941e+00	1.357650e+00	-5.236883e-01	4.129915e-01	1.849083e+00	1.995258e+00	2.695326e+00	1.150327e+00	1.900637e+00	1.030662e+00	2.814139e+00	-2.502580e-01	-1.229907e+00	2.844828e+00	2.079072e+00	-3.025571e-01	-1.498420e+00	7.283993e-01	1.114917e+00	-2.522028e+00	2.381828e+00	1.146343e+00	5.803180e-01	1.756293e+00	1.131075e-01	4.864182e-01	1.437775e-01	5.487853e-01	-9.387103e-01	1.026397e+00	1.217265e+00	1.184672e+00	3.561584e-01	-1.640873e+00
5.767562e-01	7.283988e-01	7.575199e-01	5.814435e-01	-7.659469e-01	6.005879e-02	1.828184e+00	1.154393e-01	1.276550e+00	1.164461e+00	2.071775e+00	1.837379e+00	2.560622e+00	4.890858e-01	1.733313e+00	1.100587e+00	3.417606e+00	-7.550671e-01	-4.678047e-01	1.642805e+00	6.458652e-01	-4.652751e-01	1.069032e+00	1.221638e+00	2.854257e+00	-4.989759e-01	3.267873e+00	9.914333e-01	1.384450e+00	3.338093e-01	-1.303923e+00	4.882755e-01	3.248292e-01	1.949981e-01	-5.677284e-01	-7.677057e-01	8.912111e-01	5.748912e-01	1.373298e-01	-2.524629e+00
2.251421e+00	-6.541617e-04	5.968233e-01	-4.644775e-01	7.951969e-01	3.254963e-01	2.392388e+00	-1.279283e+00	3.205688e-01	1.515650e+00	2.124762e+00	4.413111e+00	2.522747e+00	1.830844e-01	1.286477e+00	4.626417e-01	3.513121e+00	-8.721841e-01	1.467930e-01	-6.981566e-02	1.485524e+00	-2.820941e-01	-8.912289e-01	1.138872e+00	1.652705e+00	-6.089241e-01	2.530368e+00	-2.359570e-01	1.170528e+00	1.876018e+00	-4.797349e-02	-9.401675e-02	-5.137141e-01	-2.918532e-02	-7.725929e-01	2.619101e-01	1.143081e+00	8.639239e-01	2.834485e-01	-2.242936e+00
1.344843e+00	1.473406e-01	1.173418e+00	4.076005e-01	1.020257e+00	4.780122e-01	-5.053579e-01	-8.199013e-01	-1.045178e+00	1.611043e+00	6.479693e-01	2.479786e+00	6.804754e-01	5.597622e-01	1.725527e+00	-6.965017e-01	1.822153e+00	-2.480938e-01	1.741784e+00	9.105970e-01	8.606972e-01	1.061967e+00	5.605645e-01	6.058718e-01	5.191133e-01	-5.178632e-01	1.610181e+00	-7.747606e-02	4.533004e-01	1.419211e+00	7.090272e-01	7.757413e-01	3.558092e-01	-2.916863e-01	1.453022e-01	-3.388136e-01	3.935386e-01	7.856531e-01	1.564037e+00	-7.072452e-01
2.426348e+00	4.185025e-01	1.392007e-01	2.357550e-01	1.154428e+00	8.021789e-01	2.763130e+00	-3.663635e-01	1.276821e-01	4.357426e-02	3.355047e-01	2.135098e+00	1.086002e+00	1.084228e+00	-6.841906e-01	-5.205453e-01	1.720140e+00	-2.135906e-01	6.989426e-02	6.811793e-01	1.936905e+00	2.405282e-01	1.065766e+00	6.060601e-01	1.409754e+00	1.221870e+00	2.206997e+00	-2.830865e-01	1.721012e-01	1.199940e+00	-5.611528e-01	-1.291362e+00	-5.503619e-01	2.059460e-01	-6.006922e-01	1.817950e+00	1.727454e+00	8.706200e-01	-8.593148e-01	-1.327718e+00
-2.707950e+00	-1.220461e+00	-5.698964e+00	1.238076e+01	-2.738415e+00	1.025757e+00	5.148079e+00	5.424550e+00	-1.142032e+00	-3.793371e+00	-3.692404e+00	-2.579311e+00	9.125625e+00	1.836242e+00	3.018442e+00	7.021026e+00	4.168227e+00	-7.723625e+00	4.112151e+00	7.704076e+00	8.079579e-01	-4.037954e+00	6.373961e+00	-3.567480e+00	-3.583704e+00	3.295172e+00	5.442321e+00	2.923963e+00	-1.256863e+01	5.289110e+00	6.944070e-01	-3.726635e+00	-6.026612e+00	-6.888770e+00	1.287014e+00	-1.870799e+01	3.668036e+00	5.331340e-01	5.913054e+00	-4.447935e+00
5.381738e-01	3.809586e-01	1.515540e+00	-7.649427e-01	1.939175e+00	1.089161e+00	8.572571e-01	1.320098e-01	-4.034164e-01	1.486159e+00	2.795340e-01	2.685412e+00	1.661546e+00	-5.219494e-01	1.042092e+00	-8.913422e-01	2.698544e+00	-1.497582e+00	1.862202e-01	2.983527e+00	2.114874e-01	5.873239e-01	-1.120350e+00	3.084094e-01	1.478096e+00	-9.723625e-01	1.181201e+00	-7.547837e-01	1.992719e-01	7.079505e-01	5.287794e-01	2.242953e-01	7.873012e-01	-1.363109e-01	3.130243e-01	9.110129e-01	2.166653e+00	4.225098e+00	2.431799e+00	1.903174e+00
2.052456e+00	-7.561177e-01	1.410174e+00	9.862702e-01	2.041651e-01	2.647191e-01	1.801199e+00	-6.314336e-01	-8.723307e-01	8.912554e-01	2.323592e+00	4.344304e+00	2.860492e+00	1.157722e+00	1.700907e+00	6.692346e-01	3.178295e+00	-1.565060e-01	-7.002733e-01	1.883130e+00	1.719456e+00	-7.608137e-01	4.639055e-01	1.180023e+00	2.285188e+00	-1.151079e+00	4.338832e+00	1.636188e-01	1.638738e+00	1.655487e+00	-1.203631e+00	-5.031163e-02	-2.047501e-02	5.171197e-01	-1.450895e+00	-4.971819e-01	5.654145e-01	4.632068e-01	3.337406e-01	-3.488508e+00
3.435806e+00	3.385305e-01	-1.245788e-01	-1.739792e+00	2.099027e-01	1.028615e+00	6.326970e-01	-7.660381e-02	-1.170916e+00	3.700423e-01	1.727984e+00	3.810797e+00	2.203458e+00	1.493773e+00	-1.349494e+00	2.050086e-01	5.076625e-01	6.574439e-01	9.224905e-01	1.731295e+00	1.288461e+00	-1.592487e+00	1.268945e-01	2.757045e+00	-1.369838e+00	2.192422e+00	1.835547e+00	-8.750984e-01	1.345299e+00	1.545971e+00	1.440617e+00	-1.595850e+00	-4.394395e-01	-3.151828e-01	-1.687831e+00	8.105694e-01	3.527591e+00	-7.554801e-01	-1.114817e+00	-1.808885e+00
1.027835e+00	8.303343e-02	2.006411e+00	-7.787224e-01	-2.635830e-01	1.107269e+00	1.294139e+00	-2.525596e-01	-1.610681e+00	1.153939e+00	1.982273e+00	2.091510e+00	1.619084e+00	2.361768e+00	1.849513e-01	-7.736369e-02	1.385899e+00	4.129614e-01	-1.581060e+00	1.156021e+00	1.673237e+00	2.135814e-01	2.884515e-01	1.873762e+00	-2.343220e-01	-3.077164e-01	1.955377e+00	7.980694e-01	1.074260e+00	1.997135e+00	4.913587e-01	-1.331529e+00	5.333557e-01	3.846968e-01	-7.856115e-01	-6.022765e-01	2.045740e+00	2.145566e+00	1.678076e-01	-1.854561e+00
2.138595e+00	-2.898497e-01	-2.634733e-02	-1.748821e-01	2.257233e+00	-3.601515e-01	2.070299e+00	-2.140314e-01	-2.048594e-02	7.751158e-01	5.912452e-01	2.951227e+00	9.982319e-01	2.406181e+00	5.421661e-01	1.415905e-01	2.259620e+00	3.901554e-01	1.908763e+00	4.474118e-01	4.466187e-01	1.248599e-01	1.636764e+00	8.056629e-01	6.396068e-01	-1.290052e+00	2.426054e+00	1.752747e-01	7.884134e-01	9.507444e-01	-1.455406e+00	4.662944e-01	1.354094e-01	2.313393e-01	-1.628040e+00	-6.827590e-01	1.906210e+00	5.955742e-01	-1.526533e-01	-1.993401e+00
2.834214e+00	1.390330e-01	1.354063e+00	-1.296495e+00	-3.032121e-01	-1.297056e+00	1.957773e+00	-7.058324e-01	-5.213868e-01	1.372809e+00	1.774996e+00	4.046536e+00	2.828793e+00	1.125804e+00	-4.301921e-02	7.164390e-01	9.938361e-01	1.274377e+00	8.825993e-01	-3.026385e-02	1.800145e+00	-3.384567e-01	-2.317181e-01	1.099316e+00	-8.259406e-01	2.264178e-02	2.376572e+00	-1.053187e+00	1.140888e+00	2.853691e-01	-4.676427e-01	-8.394507e-01	1.675314e-01	2.453663e-01	-1.425626e+00	1.371997e+00	2.019287e+00	6.479046e-01	-1.421502e-01	-6.260774e-01
1.497424e+00	5.832826e-01	1.668987e+00	-4.364319e-01	9.117952e-01	-2.092815e-01	7.212923e-01	-1.652212e-01	-6.560089e-01	1.125914e+00	1.559285e+00	1.436310e+00	5.186683e-01	-1.198805e-01	-1.204624e+00	3.384683e-02	1.328141e-01	1.498773e+00	7.579544e-01	6.378603e-01	2.659894e-01	2.423223e-01	7.789023e-02	1.134561e+00	5.073096e-01	-6.009391e-01	1.395009e+00	8.987050e-02	5.895482e-01	1.063567e+00	6.881873e-01	-5.535754e-01	1.321730e-01	9.134874e-01	-1.169174e+00	1.479395e+00	9.130927e-01	2.199542e+00	5.742793e-02	1.258200e+00
1.879282e+00	3.825815e-01	6.986183e-01	2.537212e-01	2.344161e+00	-6.645265e-01	1.340379e+00	-1.525595e+00	-1.791621e-01	9.175983e-01	4.664641e-01	2.589078e+00	-1.149454e+00	-2.424489e-01	-1.960231e+00	4.276779e-01	8.062409e-01	7.163766e-01	3.103186e+00	2.791636e-02	5.267782e-01	-4.054502e-02	4.215397e-03	8.389756e-01	9.644038e-01	7.786788e-01	-3.021424e-01	-4.476911e-01	3.357650e-01	1.570579e-01	8.183549e-01	-4.740298e-01	-7.970995e-01	1.208374e+00	-9.394875e-01	3.437135e-02	9.289488e-01	1.399146e+00	5.299658e-01	2.117907e+00
9.625629e-02	2.404817e+00	1.761741e+00	2.143320e-01	-5.121763e-02	1.122794e+00	1.233821e+00	2.116802e+00	-1.338758e+00	1.305242e+00	1.407893e+00	7.568462e-01	2.184077e+00	2.283428e+00	8.545290e-01	6.343353e-01	1.916937e+00	-3.747601e-01	-1.724932e+00	1.590693e+00	1.172236e+00	7.216283e-01	-4.239934e-01	1.988336e+00	-4.408355e-01	-1.341720e+00	3.625076e-01	1.763381e+00	-1.101577e-01	6.557273e-01	1.642158e-01	2.937379e-03	9.550009e-01	8.877162e-02	-1.068819e+00	9.304783e-01	2.412705e+00	1.389253e+00	-7.849036e-01	-2.501290e+00
1.903265e+00	-7.376479e-03	1.934008e+00	-1.743502e-01	8.692508e-01	-3.682658e-01	2.474838e+00	-4.865787e-01	-9.389393e-01	1.409678e+00	1.601849e+00	3.184713e+00	2.787517e+00	2.157473e+00	1.014362e+00	1.650235e+00	2.118491e+00	7.071384e-01	-9.094388e-01	1.072873e+00	2.731229e+00	-1.591422e+00	-5.206596e-02	1.278595e+00	6.060496e-01	-1.086833e+00	2.717980e+00	-5.608747e-01	1.454730e+00	6.554330e-01	-5.209249e-01	-9.286479e-01	-5.413690e-01	1.704899e+00	-2.725273e+00	7.789447e-01	2.602036e+00	1.819233e+00	-1.269787e+00	-8.998598e-01
2.729661e+00	3.325415e-01	-9.188205e-01	-4.732865e-01	5.644481e-01	4.283345e-02	1.276611e+00	-1.940274e-01	1.199251e-01	5.682126e-01	7.225479e-01	3.265129e+00	1.726163e+00	7.840971e-01	-1.635991e+00	-3.418787e-01	1.112457e+00	4.271053e-01	-4.988238e-01	1.068067e+00	2.512498e+00	6.535005e-01	-6.222256e-01	1.857547e+00	7.904129e-01	4.229023e-01	2.056731e+00	5.205701e-01	1.173785e+00	9.191001e-01	-1.152719e-02	-9.155635e-01	3.052286e-01	4.671374e-01	-1.144922e+00	2.090733e+00	1.077476e+00	7.883694e-01	-2.613609e-01	-1.583483e+00
1.791028e+00	4.724154e-01	2.268922e+00	-1.019028e+00	-7.801771e-01	7.742402e-01	1.458763e+00	-2.485294e-01	1.659292e-01	6.435245e-01	3.497293e+00	3.410803e+00	1.773438e+00	4.899595e-01	-3.771830e-01	-8.164339e-01	1.104567e+00	2.180217e-01	-2.093348e-02	1.195577e+00	1.013741e-01	-1.103195e+00	-4.947603e-01	2.163109e+00	9.058988e-01	-1.094037e+00	1.340938e+00	7.970217e-02	1.553781e+00	2.024011e+00	1.213607e+00	-2.776672e-01	-1.375133e-01	6.738408e-01	-1.712257e+00	1.393254e+00	2.205089e+00	1.376916e+00	-8.086022e-02	-3.503841e-01
2.843097e+00	-6.218932e-01	5.970398e-01	-1.043423e+00	9.762339e-01	5.342522e-01	-6.485192e-02	-2.909116e-02	-2.107141e+00	1.118279e+00	2.442429e+00	3.270951e+00	2.599336e+00	2.593549e+00	1.150613e+00	-1.247900e-01	-3.644118e-01	8.825997e-01	1.367118e+00	9.715854e-01	1.258730e+00	-1.851556e+00	-1.000388e+00	1.638203e+00	-5.775262e-01	4.573724e-01	2.866807e+00	-1.172436e+00	-1.008705e+00	2.965628e+00	1.063968e+00	2.466500e-01	-7.237664e-01	1.258942e+00	-2.838957e+00	2.793219e+00	3.669164e+00	1.069789e-01	-1.562407e-01	-1.237710e+00
9.911771e-01	9.519715e-02	1.180880e+00	1.648316e+00	8.337184e-01	-5.422040e-02	1.204699e+00	3.094460e-02	-7.653786e-02	1.085826e+00	1.659022e+00	2.980360e+00	1.938968e+00	-5.714099e-01	3.049465e+00	-8.112733e-02	3.348032e+00	-7.746311e-01	-1.277614e-01	1.681056e+00	1.325333e+00	-1.303212e-01	-2.639410e-01	4.884488e-01	2.182351e+00	-1.682245e+00	2.325219e+00	5.699002e-01	1.064661e+00	1.360817e+00	7.285942e-01	8.721930e-01	-8.458005e-02	-3.970393e-01	4.097719e-01	-4.333043e-02	-7.979811e-01	2.769653e-01	1.417615e+00	-1.687144e+00
2.477903e+00	7.050703e-01	-1.225028e-01	-1.538999e+00	-5.235335e-01	1.987078e-01	1.471868e+00	-6.354257e-01	3.161889e-01	1.263466e+00	2.225753e+00	3.389393e+00	2.529841e+00	9.349408e-02	-1.304091e-01	5.189727e-02	1.618443e+00	7.485145e-01	-1.312449e+00	1.339760e+00	2.658587e+00	7.126885e-02	1.043066e-01	1.871036e+00	1.569266e+00	-3.071035e-01	4.028252e+00	1.740093e-01	1.268323e+00	2.151843e+00	-1.401895e-01	-1.061326e-01	4.454351e-01	4.213102e-01	-1.749637e+00	1.241280e+00	2.088159e+00	1.366265e+00	-1.155397e+00	-2.055855e+00
2.005782e+00	-6.566203e-01	4.324604e-01	1.113259e+00	3.658661e-01	-1.189343e+00	6.878940e-01	9.067031e-01	-4.048203e-01	1.255794e+00	-4.694874e-02	3.028422e+00	2.756033e+00	9.638817e-01	3.257492e-01	4.352243e-01	1.795921e+00	1.306529e-02	-8.919433e-03	2.225236e+00	1.357019e+00	-1.088027e+00	3.894847e-02	8.947130e-01	-5.463661e-01	-3.650108e-01	1.469177e+00	-3.114421e-01	1.375623e+00	2.160737e-01	7.068653e-01	2.107776e-01	1.127625e+00	-1.785214e-01	-5.645360e-01	-1.146619e-01	1.512033e+00	1.242380e+00	1.612096e+00	6.230113e-02
1.138943e+00	1.032244e+00	1.406431e+00	5.175693e-01	2.643466e+00	7.136148e-01	1.256760e+00	7.492988e-02	5.865241e-01	1.299341e+00	-4.064972e-01	2.374324e+00	1.667501e+00	-9.034662e-01	1.851103e+00	-1.511679e+00	4.013650e+00	-9.462903e-01	-7.478644e-02	2.363617e+00	1.205893e+00	3.379248e-01	2.371069e-01	1.264253e+00	3.535068e+00	-2.096206e+00	8.600940e-01	-5.429716e-01	1.215068e+00	1.577224e+00	-1.920057e-01	2.481022e-01	-8.941376e-01	-5.153215e-01	-5.835783e-01	2.539193e+00	-1.129359e-01	2.132152e+00	9.271060e-01	1.356190e+00
-2.955190e-01	2.268266e+00	1.661298e-01	1.355563e+00	-1.601798e+00	-7.693941e-01	3.081766e+00	1.599007e+00	-2.949916e+00	7.832755e-01	-2.054665e-01	3.555713e+00	4.751018e+00	1.349230e-01	2.020943e+00	-2.017175e-02	-2.353412e-01	-1.780618e+00	-5.920087e-01	2.364723e+00	2.811697e+00	8.474339e-01	2.648653e+00	-8.684706e-01	1.350966e+00	-1.313464e+00	2.675639e+00	-1.105788e+00	2.110411e+00	1.593961e+00	-1.754121e+00	3.442468e+00	-5.086505e-01	-1.155613e+00	-1.866577e+00	-1.156500e-01	3.235908e+00	2.213417e+00	-1.868105e+00	1.244254e+00
1.071942e+00	1.019148e+00	1.378157e+00	8.763911e-01	1.114791e+00	-5.775114e-01	9.723708e-01	8.832823e-02	2.826787e-01	1.282465e+00	1.570709e+00	2.242638e+00	2.105981e+00	3.144837e-01	2.274276e+00	1.806322e-01	2.931869e+00	-2.997757e-01	1.830135e-01	1.017183e+00	1.594119e+00	-3.714500e-01	5.930625e-01	4.882184e-01	2.108228e+00	-1.699772e+00	2.061495e+00	1.080334e-01	6.407875e-01	1.904955e+00	4.730775e-01	3.143679e-01	-4.722426e-01	-6.788781e-01	-5.490415e-01	3.143378e-01	1.317242e-01	8.196291e-01	2.544585e-01	-4.410167e-01
1.508846e+00	-1.413292e-03	8.388382e-01	-6.706758e-01	1.860789e+00	3.729602e-01	7.011706e-01	2.842235e-01	1.126856e-01	1.824545e+00	1.408437e+00	1.701648e+00	1.442545e+00	-3.493840e-01	-6.656695e-01	2.910701e-01	9.688780e-01	8.358185e-01	-5.241785e-01	1.755709e+00	6.128970e-01	-7.096762e-01	1.091306e+00	1.439077e+00	8.868696e-01	-6.150098e-01	2.616090e+00	-3.556293e-01	1.775002e+00	3.542684e-01	-1.197757e-01	1.067615e+00	1.380303e+00	1.353600e+00	-3.315880e-01	1.345098e+00	1.904025e+00	1.582500e+00	-1.156916e+00	1.058452e+00
3.282085e-01	9.749695e-01	3.693142e+00	4.350072e-01	-1.153913e+00	1.072070e-01	2.009482e+00	-1.970663e-01	-8.638708e-01	-3.765044e-01	1.750714e+00	2.287722e+00	1.056657e+00	4.613170e-01	1.426606e+00	-1.922463e-01	2.172258e+00	-7.129662e-01	1.831192e-01	9.586816e-01	1.694386e+00	9.823913e-01	-5.481923e-01	4.905761e-01	-5.947451e-01	-2.232245e-01	1.104742e+00	6.460733e-01	1.447334e+00	1.508079e-01	1.452323e+00	-8.034685e-01	2.342756e-01	5.168403e-01	4.484000e-01	5.090519e-01	2.254137e-01	1.244689e+00	5.916448e-01	-1.270268e-02
1.838748e+00	-1.206390e+00	1.680024e-01	-1.257054e+00	2.813447e+00	-4.829717e-01	1.004942e+00	-1.758979e+00	-2.852472e-01	1.420225e+00	1.998781e+00	3.489143e+00	1.944979e-02	6.989046e-01	1.100422e+00	4.301271e-01	1.380528e+00	6.793946e-01	2.538650e+00	8.031960e-01	2.831449e-01	-9.370373e-01	1.059724e+00	9.760295e-01	2.324391e-01	4.065483e-02	2.611291e+00	-1.086149e+00	2.735845e+00	1.752119e+00	4.979172e-01	1.093822e+00	-3.532171e-01	5.950099e-02	-3.957825e-01	-8.231602e-01	1.204526e+00	4.469319e-01	-1.377447e-01	2.144714e-01
1.301368e+00	-3.364257e-01	2.563826e+00	2.758937e+00	1.643248e-01	-1.116097e+00	2.177872e+00	2.452042e-01	-2.990407e+00	1.123312e+00	-5.941961e-01	2.150560e+00	2.449181e-01	4.223497e-01	2.512177e+00	1.004632e+00	2.679094e+00	-1.151750e-01	-1.249187e+00	6.276366e-01	2.302502e+00	1.309023e+00	3.408709e+00	4.277682e-01	7.383688e-01	-8.739831e-01	2.428289e+00	2.215866e-01	2.181470e+00	7.202706e-01	-6.763545e-01	-4.934718e-01	1.829160e+00	-1.110064e+00	1.550618e-01	-1.800106e+00	-4.991956e-01	1.630403e+00	2.069968e+00	-1.289859e+00
8.774078e-01	9.711687e-01	1.939316e+00	-6.259819e-01	5.393877e-01	-1.270044e+00	1.505938e+00	1.413371e+00	-6.627699e-01	9.009243e-01	3.152479e-01	8.520707e-01	2.290025e+00	2.341668e+00	1.616993e-01	3.493207e-01	1.148588e+00	1.248632e+00	7.821010e-01	7.017063e-01	6.778655e-01	3.619039e-01	1.518161e+00	3.179150e-01	-1.171863e+00	-2.442143e-01	6.711236e-01	2.712883e-01	2.142332e-01	-4.970044e-01	-1.343575e+00	-6.963820e-02	7.662225e-01	8.514636e-01	-1.179147e+00	9.648163e-01	2.191765e+00	1.122651e+00	1.205634e-01	7.332182e-01
9.774294e-01	-4.900306e-01	3.558674e-01	9.868733e-01	6.732895e-01	-1.069696e+00	1.541263e+00	1.065573e+00	-8.832318e-01	2.640213e-01	1.313211e+00	2.406306e+00	3.584080e+00	1.343843e+00	1.963515e+00	4.532702e-01	1.397151e+00	2.464110e-01	7.260614e-01	-4.411129e-01	2.302899e+00	2.562866e-01	5.878191e-01	5.479105e-02	-4.392659e-01	-1.569526e+00	2.265410e+00	4.802693e-01	1.363548e+00	9.952317e-01	-3.110711e-01	7.656387e-02	-7.172973e-01	1.239869e-01	-5.356389e-01	1.489941e+00	1.923396e+00	3.727546e-01	4.903122e-01	-1.309012e+00
6.382593e-02	-3.209798e-01	1.863694e+00	1.279175e+00	-1.860198e+00	2.835573e-01	1.269189e+00	-2.744694e-01	1.579806e+00	9.520599e-01	2.650214e+00	1.794466e+00	1.774173e+00	1.583090e+00	1.290664e+00	2.914119e-01	-6.631568e-01	-8.166245e-01	1.662845e+00	4.232825e-02	-2.205215e-01	-1.089583e+00	1.647569e-01	1.167425e+00	7.552307e-01	5.496328e-01	1.266718e+00	-3.750073e-01	1.002550e+00	6.908785e-02	1.247952e+00	-3.149987e-02	2.373902e-01	1.471064e+00	-9.345979e-01	2.042310e+00	1.015594e+00	-5.430146e-01	2.641423e-01	-1.727546e-01
-1.679496e-01	7.817452e-01	1.624535e+00	4.698894e-01	5.791452e-01	-6.976741e-01	1.501197e+00	-6.332151e-01	6.905683e-02	1.045471e+00	2.415258e+00	3.198790e+00	2.165550e+00	-1.552841e+00	1.513166e+00	2.081622e-01	1.264842e+00	-8.504355e-01	-3.969300e-01	1.575316e-01	4.021729e-01	4.440800e-01	-5.412594e-01	9.710553e-01	2.483009e+00	-1.280716e+00	1.695914e+00	1.032476e+00	3.312163e+00	5.231212e-02	3.397836e-01	1.250944e+00	1.193117e+00	3.964350e-01	8.857916e-01	9.917021e-01	1.505419e-01	2.243496e+00	1.762426e+00	-5.000891e-02
1.440373e+00	2.761517e-01	1.097808e+00	2.202963e-01	1.459326e+00	-4.380519e-01	9.959655e-01	-5.252436e-01	2.904775e-01	1.660198e+00	1.855738e+00	3.118099e+00	-2.698791e-02	7.079025e-01	9.359122e-02	2.591415e-01	1.983976e+00	-1.074917e-01	1.945847e+00	7.628865e-01	1.238360e+00	-3.276848e-01	5.777109e-01	1.032769e+00	2.297483e+00	8.585023e-01	2.162784e+00	-3.390883e-01	4.210623e-01	5.299626e-01	-1.528410e+00	1.313334e+00	8.735517e-01	-8.683285e-02	-7.936375e-01	7.395208e-01	1.361923e+00	8.278148e-01	-8.285657e-01	-5.380666e-01
1.905282e+00	7.681569e-01	-2.703245e-01	9.517932e-01	2.507918e+00	-6.488272e-01	1.200711e-02	1.169832e+00	5.292326e-01	1.797093e+00	1.828281e-01	1.355937e+00	1.647866e+00	-7.554378e-01	-3.547396e-01	9.498862e-01	9.351988e-01	6.128290e-01	1.123429e+00	1.601929e+00	1.529458e+00	-1.045406e+00	9.501530e-01	3.841408e-01	2.291827e-01	3.705454e-01	1.641157e+00	-4.214278e-01	1.454556e+00	-1.533733e-01	5.225705e-01	1.022155e+00	4.751327e-01	-2.367518e-01	4.679333e-01	1.563722e+00	1.645952e+00	-1.874837e-01	-1.275492e+00	7.286693e-01
6.621137e-01	1.240721e-01	6.889762e-01	4.027207e-01	1.271708e+00	-6.688143e-01	1.600314e+00	-5.703562e-01	-5.801995e-02	1.223523e+00	1.367677e+00	2.313415e+00	1.504857e+00	6.314290e-01	1.279250e+00	1.341371e+00	4.724607e-01	7.009890e-01	1.080136e+00	-2.036996e-01	5.576257e-01	2.603776e-01	5.827211e-01	7.024051e-01	3.474873e-02	-1.565842e+00	2.508922e+00	5.045210e-01	1.552601e+00	4.994565e-01	-1.259981e-02	8.263309e-01	2.242087e-01	5.328766e-01	-9.309122e-01	3.903901e-01	7.214357e-01	1.084765e+00	1.133707e+00	-1.439315e-02
1.883339e+00	6.517107e-01	3.041078e+00	2.757274e-01	-2.827761e-01	-8.791741e-03	8.312624e-01	2.108058e-01	-1.631580e+00	5.295220e-01	2.519114e+00	2.754808e+00	1.822260e+00	3.049564e+00	-2.256671e-01	-2.077778e-02	-1.990776e-01	1.559270e+00	2.250289e+00	8.252907e-01	-8.994089e-02	-1.763156e+00	-6.815656e-01	1.098582e+00	-1.051547e+00	-7.035683e-01	9.458020e-01	-8.710718e-01	8.055143e-01	-7.441367e-01	5.665082e-01	-1.754376e-01	-3.647214e-01	2.200723e+00	-2.376316e+00	1.483646e+00	2.659134e+00	-2.797034e-01	-8.265141e-01	3.288775e-01
5.268549e-01	1.239429e+00	2.348554e-01	2.510936e-01	1.370829e+00	2.487297e-02	8.146062e-01	8.988420e-01	7.577351e-01	3.985250e-01	1.552047e+00	9.530796e-01	1.062300e+00	-4.489792e-01	3.933710e-01	3.716271e-01	1.127561e+00	2.285743e-01	-5.968163e-01	7.311723e-01	4.458843e-01	4.552451e-01	-1.061409e+00	3.273274e-01	5.646955e-01	-1.287545e+00	1.077905e+00	1.062626e+00	1.841654e+00	5.302859e-01	1.622538e+00	1.601847e+00	1.349409e+00	8.924401e-01	9.882088e-01	1.998038e+00	4.718238e-01	7.765626e-01	3.383780e-02	4.160828e-01
1.988409e+00	1.069222e-01	7.414255e-01	1.621390e+00	6.594780e-01	-1.387288e-01	1.242855e+00	4.800356e-01	-7.814350e-01	1.240096e+00	8.567892e-01	3.026501e+00	2.618387e+00	1.277699e+00	1.309927e+00	9.540017e-01	2.806434e+00	2.719372e-01	-3.317439e-02	7.006245e-01	2.217304e+00	-6.065953e-02	1.539989e+00	1.176464e+00	4.566828e-01	-1.569520e+00	2.251320e+00	1.668477e-01	1.448387e+00	1.651235e+00	-8.402124e-01	8.100766e-02	-3.489309e-01	-1.358701e+00	-1.287445e+00	-9.318447e-01	1.175184e+00	3.486050e-01	-1.900382e-02	-2.492519e+00
