-6.973283e-03	-2.301449e-03	-1.028209e-03	9.091396e-04	3.797980e-03	3.709669e-04	2.845909e-03	-2.124893e-03	2.048421e-03	8.456920e-03	1.794337e-03	7.093841e-04	-2.316611e-03	5.329570e-03	-5.579681e-04	-1.070337e-03	-1.497739e-05	6.460966e-05	-3.356103e-03	-1.104449e-02	5.025897e-03	-1.352097e-03	-7.708209e-04	2.209920e-03	-2.586612e-03	8.734227e-03	-2.703191e-03	-3.303812e-03	2.599811e-03	-1.978879e-03	3.637761e-03	-3.895757e-03	-6.241303e-03	7.863125e-03	2.517026e-03	-6.512186e-03	2.559027e-03	-1.587393e-03	-2.741956e-03	5.873747e-03
-7.132014e-03	-1.645971e-03	-1.002775e-03	6.794367e-04	3.539142e-03	5.016327e-04	3.028428e-03	-2.171036e-03	1.942843e-03	8.421663e-03	1.899296e-03	5.759907e-04	-2.534891e-03	5.479905e-03	-2.919565e-04	-1.335236e-03	-4.873598e-04	3.803686e-05	-3.029698e-03	-1.120995e-02	4.878281e-03	-1.193261e-03	-7.878177e-04	1.720181e-03	-2.326028e-03	8.746028e-03	-2.832416e-03	-3.512679e-03	2.680852e-03	-1.756911e-03	3.868244e-03	-3.866789e-03	-6.660118e-03	7.766032e-03	1.980157e-03	-6.503417e-03	2.931020e-03	-1.104769e-03	-2.256161e-03	5.912472e-03
-6.877623e-03	-1.836396e-03	-9.230229e-04	8.243495e-04	3.690058e-03	2.659797e-04	3.215475e-03	-2.017497e-03	1.985943e-03	8.716526e-03	1.902733e-03	7.361337e-04	-2.724719e-03	5.456228e-03	-2.672668e-04	-1.362336e-03	-3.717455e-04	-2.160359e-05	-2.786011e-03	-1.146058e-02	5.120694e-03	-8.872089e-04	-7.971319e-04	1.674014e-03	-2.420104e-03	8.795151e-03	-3.061277e-03	-3.612070e-03	2.648771e-03	-2.028168e-03	4.047187e-03	-4.225761e-03	-6.709648e-03	7.843391e-03	1.982840e-03	-6.632133e-03	3.003805e-03	-1.526691e-03	-2.370751e-03	5.949952e-03
-7.497232e-03	-1.573656e-03	-1.260286e-03	3.629706e-04	4.347477e-03	-3.285673e-04	3.345218e-03	-1.965547e-03	2.396522e-03	9.574373e-03	2.249430e-03	7.762016e-04	-2.804227e-03	5.824163e-03	-7.411992e-04	-1.135368e-03	-2.069129e-04	1.015603e-04	-3.435092e-03	-1.251724e-02	5.574203e-03	-1.292015e-03	-1.236561e-03	2.386607e-03	-2.160449e-03	9.099133e-03	-3.004778e-03	-3.646342e-03	3.032648e-03	-2.200853e-03	4.386872e-03	-4.680474e-03	-6.849635e-03	8.835830e-03	2.563471e-03	-7.348093e-03	3.176682e-03	-2.124474e-03	-3.372355e-03	6.265551e-03
-7.013416e-03	-1.316998e-03	-1.121656e-03	6.403386e-04	3.818531e-03	1.301088e-04	3.480400e-03	-1.734126e-03	2.005409e-03	9.258778e-03	1.384202e-03	6.384849e-04	-2.774607e-03	5.690132e-03	-7.534581e-04	-1.410711e-03	-2.986331e-04	-3.532824e-05	-3.208088e-03	-1.175961e-02	5.353787e-03	-1.418672e-03	-1.071691e-03	2.142774e-03	-2.205916e-03	8.334827e-03	-2.828376e-03	-3.420324e-03	3.011116e-03	-1.870181e-03	4.418970e-03	-4.345068e-03	-6.728165e-03	8.383258e-03	2.265907e-03	-6.879222e-03	2.851357e-03	-1.783362e-03	-2.866398e-03	5.953607e-03
-8.071523e-03	3.430666e-05	-1.071218e-03	-1.400558e-03	6.292134e-03	-1.395095e-03	5.614657e-03	-1.481846e-03	1.897063e-03	1.299557e-02	1.910148e-03	1.337034e-03	-4.607149e-03	6.955830e-03	-1.832025e-03	-2.010114e-03	6.703441e-04	-7.446268e-04	-3.094706e-03	-1.534112e-02	6.961895e-03	-2.083691e-03	-1.485667e-03	3.819629e-03	-1.381805e-03	8.132507e-03	-2.853951e-03	-3.302194e-03	4.298699e-03	-2.193315e-03	6.734593e-03	-8.290366e-03	-6.637243e-03	1.172177e-02	2.770479e-03	-8.876511e-03	2.657640e-03	-3.214117e-03	-5.945931e-03	5.430496e-03
-8.165577e-03	1.660444e-04	-1.318874e-03	-1.480258e-03	5.927894e-03	-1.531606e-03	5.674648e-03	-1.104587e-03	1.246332e-03	1.265150e-02	1.970355e-03	1.114158e-03	-4.297309e-03	6.980549e-03	-2.206287e-03	-2.213929e-03	5.311537e-04	-7.187627e-04	-3.505474e-03	-1.547135e-02	7.391940e-03	-1.668504e-03	-1.310117e-03	3.799549e-03	-1.555303e-03	8.349622e-03	-2.974570e-03	-3.397493e-03	4.516176e-03	-2.489900e-03	7.127830e-03	-7.658094e-03	-6.150873e-03	1.187003e-02	3.076069e-03	-9.230409e-03	2.712974e-03	-3.180780e-03	-6.223775e-03	5.644792e-03
-7.741071e-03	-4.235274e-04	-7.634209e-04	-1.124694e-03	6.324067e-03	-1.059843e-03	5.272789e-03	-5.058938e-04	1.283259e-03	1.219140e-02	1.746462e-03	7.581308e-04	-4.010522e-03	6.314894e-03	-1.880065e-03	-2.182405e-03	7.868088e-04	-2.809426e-04	-3.091654e-03	-1.494674e-02	7.445622e-03	-1.792729e-03	-9.588192e-04	3.700192e-03	-1.467716e-03	7.676011e-03	-3.009627e-03	-2.926619e-03	4.347621e-03	-2.751383e-03	6.639180e-03	-7.882916e-03	-5.839347e-03	1.121756e-02	2.993452e-03	-8.623360e-03	2.519761e-03	-3.370941e-03	-6.537599e-03	4.835637e-03
-8.142934e-03	-3.021957e-04	-7.299644e-04	-1.048302e-03	6.259320e-03	-1.057451e-03	5.339316e-03	-5.025063e-04	1.163282e-03	1.244753e-02	1.790469e-03	7.621982e-04	-3.955737e-03	6.330422e-03	-1.611764e-03	-2.327665e-03	6.377593e-04	-4.205723e-04	-3.285270e-03	-1.517618e-02	7.282425e-03	-1.541863e-03	-1.043228e-03	3.513257e-03	-1.457293e-03	7.449744e-03	-3.009697e-03	-2.906425e-03	4.086901e-03	-2.595359e-03	6.996188e-03	-7.991286e-03	-5.775951e-03	1.134525e-02	2.904783e-03	-8.690459e-03	2.797248e-03	-3.080023e-03	-6.464496e-03	4.934052e-03
-7.930811e-03	-2.913048e-07	-9.576558e-04	-1.257578e-03	6.334186e-03	-1.455033e-03	5.322208e-03	-6.770629e-04	1.289426e-03	1.300019e-02	1.996338e-03	8.094489e-04	-4.397440e-03	6.581679e-03	-2.095687e-03	-1.958430e-03	8.121355e-04	-2.421871e-04	-3.381693e-03	-1.539638e-02	7.345304e-03	-1.877649e-03	-1.247624e-03	3.638168e-03	-1.163310e-03	7.602000e-03	-2.913397e-03	-3.332487e-03	4.234978e-03	-2.302201e-03	6.936969e-03	-8.086061e-03	-5.710131e-03	1.153097e-02	3.082917e-03	-8.610269e-03	2.691046e-03	-3.439136e-03	-6.841457e-03	4.982165e-03
-8.449461e-03	2.249338e-06	-7.924792e-04	-1.306885e-03	6.560845e-03	-1.451409e-03	5.499709e-03	-5.828834e-04	4.510913e-04	1.293945e-02	1.870979e-03	7.815043e-04	-4.507422e-03	6.310242e-03	-2.210311e-03	-2.156525e-03	1.010113e-03	-2.718326e-04	-3.906109e-03	-1.579841e-02	7.244421e-03	-1.510856e-03	-8.354639e-04	3.769039e-03	-1.514953e-03	7.992203e-03	-2.696599e-03	-3.096797e-03	4.419120e-03	-2.495246e-03	7.368006e-03	-7.972103e-03	-5.903368e-03	1.205568e-02	3.191101e-03	-9.388555e-03	3.288697e-03	-3.491388e-03	-6.792201e-03	5.328645e-03
-8.316567e-03	7.914876e-04	-1.034055e-03	-2.180907e-03	6.528854e-03	-1.523327e-03	5.605961e-03	-9.146373e-04	6.627423e-04	1.364954e-02	1.811249e-03	9.080847e-04	-5.126097e-03	7.226973e-03	-2.897367e-03	-2.178819e-03	9.385227e-04	-5.047811e-04	-3.449969e-03	-1.559341e-02	7.338037e-03	-1.525392e-03	-1.247475e-03	3.612162e-03	-8.289349e-04	7.309327e-03	-1.913731e-03	-3.882415e-03	3.877312e-03	-1.774600e-03	7.474845e-03	-8.048453e-03	-6.076596e-03	1.219073e-02	2.438298e-03	-8.848409e-03	2.651972e-03	-3.212365e-03	-6.409859e-03	5.410096e-03
-8.147352e-03	1.558036e-05	-1.248142e-03	-2.225285e-03	7.685321e-03	-2.435299e-03	5.279373e-03	-1.573445e-04	1.330241e-03	1.481912e-02	2.079797e-03	7.159521e-04	-5.166849e-03	7.472631e-03	-3.730504e-03	-1.694031e-03	1.397780e-03	-2.806388e-04	-3.812657e-03	-1.634431e-02	7.718684e-03	-2.019666e-03	-1.559937e-03	4.380992e-03	-6.118913e-04	7.698813e-03	-2.084325e-03	-3.790380e-03	3.688401e-03	-1.410715e-03	7.394375e-03	-9.345756e-03	-5.807258e-03	1.274033e-02	3.360228e-03	-8.583181e-03	2.559751e-03	-4.755048e-03	-7.405805e-03	5.199953e-03
-7.375285e-03	-2.123138e-04	-1.612712e-03	-2.126225e-03	7.568156e-03	-2.706875e-03	4.119467e-03	1.025644e-03	2.120151e-03	1.455475e-02	2.116419e-03	2.501357e-04	-4.452551e-03	6.843387e-03	-3.779017e-03	-1.809677e-03	8.811128e-04	2.411304e-04	-3.731438e-03	-1.571407e-02	8.081859e-03	-2.030270e-03	-1.467208e-03	5.216787e-03	-3.361762e-04	7.349584e-03	-2.519128e-03	-3.711548e-03	3.438164e-03	-2.248151e-03	6.881578e-03	-8.689063e-03	-5.026010e-03	1.232730e-02	3.814187e-03	-8.125778e-03	2.197462e-03	-5.968316e-03	-7.609754e-03	5.176184e-03
-6.835570e-03	-5.343882e-04	-2.049569e-03	-2.122088e-03	7.514034e-03	-2.897533e-03	4.031696e-03	9.666763e-04	2.528261e-03	1.423704e-02	2.381638e-03	4.027953e-04	-4.246575e-03	7.146817e-03	-3.850555e-03	-1.651184e-03	1.084959e-03	5.495824e-04	-3.705952e-03	-1.551205e-02	7.599275e-03	-2.424471e-03	-1.744854e-03	5.675189e-03	-1.791602e-04	7.066430e-03	-2.386808e-03	-3.266513e-03	3.471210e-03	-2.734277e-03	6.663372e-03	-8.721297e-03	-4.330019e-03	1.175236e-02	3.808268e-03	-7.584181e-03	1.977263e-03	-6.192900e-03	-8.098946e-03	5.101533e-03
-6.745652e-03	-7.864744e-04	-2.233488e-03	-1.482634e-03	7.338263e-03	-2.981137e-03	3.339360e-03	1.097319e-03	2.998232e-03	1.379838e-02	2.513171e-03	7.768760e-04	-3.209249e-03	6.551601e-03	-3.182786e-03	-1.345278e-03	1.146864e-03	7.755701e-04	-4.630396e-03	-1.526260e-02	6.686803e-03	-2.799176e-03	-1.470426e-03	6.276710e-03	-2.886279e-04	6.723468e-03	-2.865804e-03	-2.106409e-03	3.842580e-03	-3.666313e-03	6.272569e-03	-8.280506e-03	-3.944023e-03	1.119385e-02	4.139628e-03	-7.738813e-03	2.402001e-03	-6.929203e-03	-8.219275e-03	5.115448e-03
-6.791603e-03	-2.524402e-04	-2.469691e-03	-2.150785e-03	7.461649e-03	-3.631291e-03	2.895091e-03	1.597721e-03	3.207645e-03	1.426531e-02	2.597790e-03	7.859189e-04	-3.359802e-03	6.916680e-03	-3.723587e-03	-1.204837e-03	1.135541e-03	6.703133e-04	-4.886840e-03	-1.573457e-02	6.892309e-03	-2.760825e-03	-1.500260e-03	6.710319e-03	-2.744614e-05	6.836153e-03	-2.181550e-03	-2.455999e-03	3.387794e-03	-3.690802e-03	6.508053e-03	-8.452870e-03	-3.937825e-03	1.187393e-02	4.110992e-03	-7.758931e-03	2.578184e-03	-7.576431e-03	-8.359650e-03	5.245422e-03
-4.713893e-03	-1.305102e-03	-4.727573e-03	-2.489515e-03	7.339417e-03	-5.475589e-03	-4.737322e-04	4.237626e-03	6.716870e-03	1.415082e-02	3.706036e-03	1.271733e-03	-2.395846e-03	8.246040e-03	-5.934657e-03	1.274800e-03	2.244001e-03	2.094950e-03	-7.622471e-03	-1.617175e-02	4.826567e-03	-5.292312e-03	-3.506134e-03	1.042197e-02	3.267931e-03	4.702005e-03	-2.545251e-03	-1.707716e-04	3.619080e-03	-6.063302e-03	5.254029e-03	-8.033951e-03	-4.341550e-04	1.030454e-02	5.952889e-03	-6.746980e-03	3.178654e-03	-1.264939e-02	-9.960506e-03	6.596493e-03
-4.006580e-03	-1.328200e-03	-4.443313e-03	-2.151909e-03	6.915845e-03	-5.170717e-03	-7.282313e-04	4.055005e-03	6.786846e-03	1.365341e-02	3.542464e-03	1.208790e-03	-2.200206e-03	7.738087e-03	-5.880094e-03	1.159595e-03	2.118792e-03	2.237190e-03	-7.537933e-03	-1.558238e-02	4.692368e-03	-5.311092e-03	-3.083351e-03	1.043479e-02	3.053883e-03	4.504393e-03	-2.409919e-03	-1.973780e-04	3.197099e-03	-5.741329e-03	4.918476e-03	-8.058111e-03	-3.695919e-04	9.775208e-03	6.079551e-03	-6.073611e-03	3.197227e-03	-1.263828e-02	-9.932616e-03	6.212247e-03
-4.027099e-03	-1.409841e-03	-4.841896e-03	-2.134758e-03	7.120055e-03	-5.614503e-03	-9.605585e-04	4.764666e-03	7.519550e-03	1.400714e-02	3.669558e-03	1.294029e-03	-2.058096e-03	7.670633e-03	-6.298595e-03	1.336170e-03	2.002283e-03	2.359911e-03	-7.736745e-03	-1.636337e-02	4.421878e-03	-5.694681e-03	-3.120239e-03	1.088781e-02	3.308445e-03	4.517656e-03	-2.162401e-03	-3.441227e-05	3.205743e-03	-6.278831e-03	4.994797e-03	-7.865176e-03	-1.420805e-04	9.860298e-03	6.075148e-03	-6.283101e-03	3.677827e-03	-1.334786e-02	-1.013085e-02	6.473101e-03
-3.765914e-03	-1.744710e-03	-4.597440e-03	-2.013983e-03	6.923155e-03	-5.419413e-03	-1.038925e-03	4.477220e-03	7.505994e-03	1.367547e-02	3.565671e-03	1.098678e-03	-2.101343e-03	7.771270e-03	-6.258165e-03	1.141039e-03	2.335584e-03	2.457869e-03	-7.808221e-03	-1.580721e-02	4.344712e-03	-5.601924e-03	-3.086857e-03	1.103088e-02	3.396964e-03	4.317314e-03	-2.133959e-03	-6.248139e-05	2.915301e-03	-5.945921e-03	5.066706e-03	-8.092774e-03	-1.629482e-05	9.653748e-03	6.344913e-03	-5.522709e-03	3.146919e-03	-1.286257e-02	-1.055928e-02	5.974370e-03
-3.165634e-03	-2.420552e-03	-5.134225e-03	-1.782726e-03	7.336835e-03	-6.409394e-03	-1.601256e-03	5.459070e-03	8.433256e-03	1.404864e-02	3.911955e-03	1.320084e-03	-2.038929e-03	7.837483e-03	-7.614274e-03	1.978248e-03	2.865195e-03	2.305193e-03	-9.018127e-03	-1.626282e-02	4.577292e-03	-6.034987e-03	-3.622976e-03	1.239592e-02	4.107893e-03	3.991857e-03	-2.292259e-03	3.481437e-04	3.063382e-03	-6.471990e-03	4.927890e-03	-8.528512e-03	1.831112e-03	1.014126e-02	7.185332e-03	-5.099951e-03	2.987372e-03	-1.512109e-02	-1.176479e-02	5.945195e-03
-3.318337e-03	-2.127323e-03	-4.887913e-03	-2.328658e-03	6.935692e-03	-6.255246e-03	-1.902831e-03	5.554355e-03	7.871861e-03	1.324700e-02	3.534288e-03	1.236368e-03	-1.412139e-03	7.376163e-03	-7.124634e-03	1.540463e-03	2.567508e-03	2.562134e-03	-8.584313e-03	-1.574002e-02	4.024659e-03	-5.421601e-03	-3.034166e-03	1.178800e-02	3.805951e-03	3.947169e-03	-1.707942e-03	6.146432e-04	2.946527e-03	-6.160390e-03	4.771158e-03	-7.872821e-03	1.365620e-03	9.386596e-03	6.804458e-03	-5.065301e-03	3.088918e-03	-1.454040e-02	-1.104161e-02	6.152540e-03
-2.518713e-03	-2.376945e-03	-4.796959e-03	-1.753111e-03	6.817242e-03	-5.996241e-03	-2.204293e-03	5.718261e-03	8.038879e-03	1.257658e-02	3.179313e-03	1.096813e-03	-1.090761e-03	7.062903e-03	-7.339698e-03	1.788321e-03	2.718238e-03	2.421676e-03	-8.473864e-03	-1.465850e-02	3.802421e-03	-5.806581e-03	-3.261517e-03	1.199554e-02	4.036496e-03	3.301806e-03	-1.622830e-03	9.951084e-04	2.698921e-03	-5.946316e-03	4.142182e-03	-7.553605e-03	1.928457e-03	8.899062e-03	6.652775e-03	-4.273110e-03	2.578871e-03	-1.455792e-02	-1.110705e-02	5.394378e-03
-2.686755e-03	-2.324831e-03	-4.600390e-03	-1.396236e-03	7.163192e-03	-6.030811e-03	-2.572501e-03	5.438419e-03	8.056040e-03	1.272207e-02	3.443725e-03	9.139992e-04	-1.366926e-03	7.018079e-03	-6.999534e-03	1.807407e-03	2.862360e-03	2.598223e-03	-8.836038e-03	-1.508578e-02	3.996790e-03	-5.652062e-03	-2.842246e-03	1.176258e-02	3.771596e-03	3.514758e-03	-1.165170e-03	8.377357e-04	2.374365e-03	-5.823564e-03	4.218817e-03	-7.778695e-03	1.777530e-03	8.906102e-03	6.772658e-03	-4.185662e-03	2.901082e-03	-1.457818e-02	-1.149824e-02	5.052832e-03
-2.599835e-03	-3.011825e-03	-4.178198e-03	-1.220260e-03	7.561711e-03	-6.035124e-03	-2.866288e-03	6.390855e-03	7.630173e-03	1.282969e-02	3.192750e-03	5.104575e-04	-1.789614e-03	7.040703e-03	-7.740211e-03	1.712336e-03	3.233570e-03	2.746769e-03	-8.586133e-03	-1.502839e-02	4.260896e-03	-5.247657e-03	-2.768793e-03	1.171303e-02	3.925758e-03	3.385362e-03	-7.875905e-04	4.761812e-04	1.883923e-03	-5.056356e-03	4.151479e-03	-8.085442e-03	2.553018e-03	8.809948e-03	6.939807e-03	-3.372588e-03	2.677079e-03	-1.504288e-02	-1.220731e-02	4.543548e-03
-2.626878e-03	-2.913080e-03	-4.030963e-03	-1.109937e-03	6.673793e-03	-5.460499e-03	-3.359483e-03	6.183022e-03	7.682977e-03	1.205056e-02	3.171286e-03	4.039073e-04	-1.413957e-03	6.442433e-03	-6.637469e-03	1.403898e-03	3.222041e-03	2.917920e-03	-8.772377e-03	-1.422383e-02	3.925857e-03	-5.731455e-03	-1.943450e-03	1.101129e-02	3.738210e-03	2.876701e-03	-3.988747e-04	1.386965e-03	1.622728e-03	-5.397550e-03	4.140391e-03	-7.541296e-03	2.466117e-03	8.206992e-03	6.769257e-03	-3.108155e-03	2.790630e-03	-1.441236e-02	-1.179433e-02	4.376327e-03
-2.991277e-03	-3.085939e-03	-4.074636e-03	-8.355647e-04	7.058407e-03	-5.899788e-03	-3.192033e-03	6.268245e-03	7.192626e-03	1.255048e-02	3.070434e-03	-1.708400e-04	-1.855229e-03	6.563978e-03	-7.130146e-03	1.334826e-03	3.825389e-03	2.874445e-03	-8.871152e-03	-1.480157e-02	4.798752e-03	-5.070781e-03	-2.175861e-03	1.107279e-02	3.804947e-03	3.853393e-03	1.017973e-04	8.048663e-04	1.438581e-03	-4.770484e-03	4.245257e-03	-8.001091e-03	2.080453e-03	8.936690e-03	7.121498e-03	-3.052563e-03	2.754183e-03	-1.486648e-02	-1.248920e-02	4.192385e-03
-1.797327e-03	-3.208798e-03	-3.316091e-03	5.964462e-05	5.927437e-03	-5.023398e-03	-3.534445e-03	6.283173e-03	7.373365e-03	1.062450e-02	2.799633e-03	-2.737223e-04	-1.564718e-03	5.140299e-03	-6.622557e-03	1.273165e-03	3.866138e-03	2.851151e-03	-8.667149e-03	-1.331290e-02	4.121109e-03	-4.667867e-03	-1.908024e-03	1.034584e-02	4.156854e-03	2.611011e-03	1.987541e-04	1.366639e-03	1.166492e-03	-4.510002e-03	3.574809e-03	-7.220588e-03	3.194580e-03	7.438573e-03	6.462207e-03	-1.849089e-03	2.601931e-03	-1.416367e-02	-1.246725e-02	3.218177e-03
-1.698092e-03	-5.728546e-03	5.850508e-04	4.748492e-03	4.668339e-03	-2.867891e-03	-5.232530e-03	7.501307e-03	6.129303e-03	5.086337e-03	1.594534e-03	-4.194239e-03	-3.629563e-04	-1.373321e-06	-3.560265e-03	2.772140e-04	4.953738e-03	3.965778e-03	-8.119190e-03	-1.047335e-02	4.438458e-03	-3.545477e-03	1.114960e-03	7.932567e-03	1.774437e-03	1.891962e-03	2.958797e-03	4.140824e-03	-2.992166e-03	-2.611702e-03	2.366721e-03	-5.440713e-03	3.676101e-03	5.134840e-03	5.643476e-03	1.264155e-03	4.010487e-03	-1.242119e-02	-1.347879e-02	-5.443767e-04
-1.256478e-03	-5.942234e-03	1.043131e-03	5.046184e-03	4.339617e-03	-2.463670e-03	-5.883230e-03	8.071734e-03	6.452844e-03	4.133896e-03	1.292926e-03	-4.393181e-03	-2.034795e-04	-4.670912e-04	-3.248031e-03	4.193769e-05	4.991460e-03	3.858237e-03	-8.142028e-03	-9.526194e-03	4.267358e-03	-3.637152e-03	1.741692e-03	7.583243e-03	1.721292e-03	1.138779e-03	3.357551e-03	4.600374e-03	-3.675057e-03	-2.330037e-03	1.785777e-03	-4.939790e-03	3.920732e-03	4.630786e-03	5.462928e-03	1.804169e-03	4.073268e-03	-1.219252e-02	-1.348900e-02	-1.032410e-03
-1.520277e-03	-5.741192e-03	1.077427e-03	5.112964e-03	4.216017e-03	-2.241732e-03	-5.615862e-03	7.450550e-03	6.401835e-03	3.996939e-03	1.609757e-03	-4.726901e-03	-3.883298e-04	-5.563272e-04	-3.119923e-03	-3.502493e-05	4.707915e-03	3.905324e-03	-8.045868e-03	-9.986723e-03	4.579367e-03	-3.288642e-03	1.747428e-03	7.310832e-03	1.569223e-03	1.593219e-03	3.523291e-03	4.467608e-03	-3.778157e-03	-2.590208e-03	2.079795e-03	-4.842613e-03	3.703027e-03	4.529351e-03	5.107823e-03	1.827877e-03	4.275478e-03	-1.170604e-02	-1.337155e-02	-6.897198e-04
-7.290689e-04	-7.184104e-03	1.233572e-03	5.664059e-03	4.758387e-03	-2.706779e-03	-6.281955e-03	8.654030e-03	7.011401e-03	4.784639e-03	1.420509e-03	-4.541408e-03	-4.901599e-04	-8.044060e-04	-3.997664e-03	1.280122e-04	5.506972e-03	3.754532e-03	-8.616893e-03	-9.934743e-03	4.187989e-03	-3.696586e-03	2.170180e-03	8.209505e-03	1.791276e-03	1.114312e-03	3.794680e-03	4.898897e-03	-4.217852e-03	-2.344764e-03	1.545928e-03	-5.369702e-03	4.809447e-03	4.652652e-03	5.838077e-03	2.471385e-03	4.245021e-03	-1.350638e-02	-1.459070e-02	-1.103337e-03
-5.837414e-04	-6.965134e-03	1.529318e-03	5.342371e-03	4.623539e-03	-2.284161e-03	-6.092315e-03	8.191529e-03	6.285727e-03	3.690757e-03	1.107985e-03	-4.963647e-03	-4.734388e-04	-8.841003e-04	-3.435230e-03	-1.194559e-04	5.019539e-03	4.014590e-03	-7.480719e-03	-9.156586e-03	4.358374e-03	-3.443073e-03	2.360955e-03	7.533483e-03	1.615095e-03	9.235910e-04	3.814980e-03	4.473515e-03	-4.417001e-03	-1.839603e-03	1.552840e-03	-4.914144e-03	4.286548e-03	3.921381e-03	5.239688e-03	2.690678e-03	4.077736e-03	-1.220345e-02	-1.366879e-02	-1.203076e-03
-5.593866e-04	-8.608639e-03	1.607244e-03	5.718321e-03	5.989989e-03	-3.403537e-03	-6.997502e-03	9.712058e-03	6.531580e-03	4.347664e-03	6.814001e-04	-5.564526e-03	-5.987821e-04	-1.232544e-03	-4.499601e-03	2.606762e-04	5.555621e-03	4.361016e-03	-8.029729e-03	-9.002803e-03	4.540960e-03	-3.366351e-03	2.533157e-03	8.210604e-03	2.117497e-03	9.588805e-04	4.348666e-03	4.803503e-03	-4.874217e-03	-1.373828e-03	9.308805e-04	-5.131863e-03	5.537975e-03	4.741019e-03	5.912474e-03	3.302928e-03	3.951638e-03	-1.418747e-02	-1.501843e-02	-1.736594e-03
-8.955372e-04	-8.143575e-03	1.706997e-03	5.720632e-03	5.850717e-03	-3.213100e-03	-6.698603e-03	9.223057e-03	6.124895e-03	4.291382e-03	8.089812e-04	-5.490438e-03	-6.008235e-04	-9.871799e-04	-4.304804e-03	1.147569e-04	5.372910e-03	4.438164e-03	-7.375491e-03	-8.797937e-03	4.340272e-03	-3.106888e-03	2.242002e-03	7.867378e-03	2.306854e-03	9.745855e-04	3.915019e-03	4.210866e-03	-4.741845e-03	-1.380222e-03	9.918041e-04	-4.940166e-03	5.026338e-03	4.530510e-03	5.839410e-03	3.202971e-03	3.778475e-03	-1.323496e-02	-1.468805e-02	-1.730139e-03
-6.864841e-04	-7.807165e-03	1.938471e-03	5.758710e-03	5.235817e-03	-2.586079e-03	-6.366412e-03	8.778593e-03	6.086524e-03	4.086487e-03	1.026533e-03	-5.344617e-03	-6.984522e-04	-1.194166e-03	-3.725179e-03	-1.178489e-04	5.334441e-03	4.148196e-03	-7.333597e-03	-8.562550e-03	4.335602e-03	-3.321757e-03	2.393429e-03	7.458427e-03	1.750733e-03	7.778003e-04	3.611079e-03	4.472094e-03	-4.759709e-03	-1.386795e-03	1.360462e-03	-4.943053e-03	4.553656e-03	4.021703e-03	5.548723e-03	2.946673e-03	3.926113e-03	-1.270497e-02	-1.394463e-02	-1.466850e-03
3.560695e-04	-7.305484e-03	2.505749e-03	5.633798e-03	4.868785e-03	-2.207129e-03	-6.096843e-03	8.128605e-03	5.602846e-03	3.821669e-03	1.255384e-03	-5.924519e-03	-8.546667e-04	-1.721399e-03	-4.100438e-03	-5.366892e-04	4.863427e-03	4.385133e-03	-6.035457e-03	-7.501379e-03	4.818329e-03	-2.857351e-03	2.440736e-03	7.172503e-03	1.996509e-03	5.104597e-04	3.646927e-03	3.672844e-03	-4.914016e-03	-3.704336e-04	7.314647e-04	-4.920380e-03	3.907565e-03	3.330142e-03	4.641802e-03	3.677766e-03	3.109113e-03	-1.241975e-02	-1.312450e-02	-1.613819e-03
1.426667e-03	-8.000996e-03	3.142552e-03	5.722063e-03	4.702951e-03	-1.647243e-03	-5.957643e-03	7.775256e-03	5.093402e-03	1.000744e-03	5.845383e-04	-5.956508e-03	8.161657e-04	-3.028489e-03	-3.070211e-03	-1.975030e-04	4.806686e-03	4.234019e-03	-4.938251e-03	-3.477305e-03	3.595343e-03	-2.921308e-03	2.099992e-03	6.506004e-03	1.190284e-03	-1.469398e-03	2.677436e-03	5.303193e-03	-4.931206e-03	-2.731834e-04	-1.144139e-03	-3.669708e-03	4.372902e-03	1.809413e-03	4.213431e-03	4.536261e-03	1.941689e-03	-1.117636e-02	-1.095503e-02	-2.489225e-03
2.008027e-03	-8.485965e-03	3.474309e-03	5.370450e-03	5.300246e-03	-1.837905e-03	-5.765783e-03	7.321055e-03	5.253718e-03	9.907941e-04	2.486992e-04	-5.806080e-03	1.117802e-03	-3.685399e-03	-3.491970e-03	-9.410795e-05	4.128655e-03	4.519477e-03	-4.557607e-03	-2.985786e-03	3.279087e-03	-2.629850e-03	1.797933e-03	6.145608e-03	1.094271e-03	-7.229188e-04	2.764540e-03	5.063821e-03	-5.208595e-03	-3.933850e-05	-1.363133e-03	-3.821233e-03	4.245217e-03	1.577725e-03	4.470043e-03	4.857299e-03	1.525157e-03	-1.051143e-02	-1.057284e-02	-2.839424e-03
1.496148e-03	-9.232244e-03	3.626028e-03	5.034303e-03	5.941055e-03	-1.813143e-03	-5.611350e-03	7.923490e-03	4.680896e-03	1.091386e-03	-2.431293e-04	-5.853686e-03	1.065126e-03	-3.251156e-03	-3.553257e-03	4.314484e-05	3.971411e-03	4.685147e-03	-3.942703e-03	-2.674725e-03	3.614393e-03	-3.012594e-03	1.798392e-03	6.082362e-03	1.439750e-03	-1.112028e-03	2.531182e-03	4.640560e-03	-4.890856e-03	5.327379e-04	-1.572493e-03	-3.912824e-03	4.345120e-03	1.239186e-03	4.967441e-03	4.816884e-03	1.133167e-03	-1.070216e-02	-1.042558e-02	-2.702236e-03
2.369967e-03	-1.058342e-02	6.141158e-03	2.731001e-03	7.380313e-03	-1.218224e-03	-4.111687e-03	5.850968e-03	2.176610e-03	1.475146e-04	-9.346996e-04	-5.334356e-03	1.239591e-03	-4.905724e-03	-2.808835e-03	-1.394798e-03	1.973655e-03	4.170820e-03	8.578696e-04	3.356726e-03	3.577124e-03	-2.750864e-03	2.393721e-03	2.928594e-03	1.242133e-03	-2.073644e-03	-8.134188e-04	3.123744e-03	-4.357308e-03	2.213416e-03	-3.308311e-03	-3.193581e-03	3.715854e-03	-1.918469e-03	4.733386e-03	5.810981e-03	-2.156559e-03	-6.794283e-03	-4.843031e-03	-2.552341e-03
2.158939e-03	-1.039760e-02	5.703955e-03	2.176709e-03	7.424639e-03	-1.713879e-03	-3.673025e-03	5.668598e-03	1.598461e-03	-9.947684e-06	-1.581298e-03	-4.804652e-03	1.552269e-03	-4.941528e-03	-2.775630e-03	-1.188833e-03	1.683189e-03	3.820641e-03	1.117819e-03	3.832311e-03	3.701440e-03	-2.642707e-03	2.210695e-03	2.619918e-03	1.248290e-03	-1.637066e-03	-9.896870e-04	2.579644e-03	-4.004864e-03	2.418262e-03	-3.330648e-03	-2.949475e-03	3.542604e-03	-1.056805e-03	5.010716e-03	5.365350e-03	-2.475092e-03	-6.570640e-03	-4.255220e-03	-2.470974e-03
2.542445e-03	-1.110892e-02	6.176884e-03	2.648804e-03	7.916453e-03	-1.888616e-03	-3.966615e-03	6.316698e-03	1.884010e-03	6.993426e-04	-1.547483e-03	-5.067658e-03	1.410062e-03	-5.323113e-03	-3.479304e-03	-1.357082e-03	1.867532e-03	4.400283e-03	1.032759e-03	3.839698e-03	3.860034e-03	-2.719764e-03	2.465018e-03	3.078368e-03	1.568427e-03	-2.446252e-03	-1.421123e-03	2.447378e-03	-4.551100e-03	2.613567e-03	-3.299183e-03	-3.395462e-03	3.947260e-03	-1.121353e-03	5.411449e-03	6.176261e-03	-2.734257e-03	-7.529039e-03	-4.723251e-03	-2.559390e-03
2.587038e-03	-1.117757e-02	6.599744e-03	2.634854e-03	7.898940e-03	-1.662009e-03	-3.578018e-03	6.494420e-03	1.293678e-03	3.074049e-04	-1.516648e-03	-5.836769e-03	1.188408e-03	-5.373566e-03	-3.355955e-03	-1.551371e-03	1.568396e-03	4.261938e-03	1.872732e-03	4.650146e-03	4.346757e-03	-2.605145e-03	2.669587e-03	2.546918e-03	1.419692e-03	-2.459160e-03	-1.505615e-03	2.075203e-03	-4.700989e-03	2.994558e-03	-3.303725e-03	-3.331210e-03	3.562111e-03	-1.431845e-03	5.292636e-03	6.293775e-03	-3.115827e-03	-6.832557e-03	-4.089267e-03	-2.988391e-03
2.349983e-03	-1.054118e-02	5.996363e-03	1.848962e-03	7.889961e-03	-1.857631e-03	-3.734426e-03	6.413590e-03	1.568913e-03	6.735296e-04	-1.704514e-03	-5.007663e-03	1.243710e-03	-4.941158e-03	-3.558546e-03	-1.507661e-03	1.789574e-03	3.983553e-03	1.437445e-03	4.167078e-03	4.116739e-03	-2.676681e-03	2.318946e-03	2.766602e-03	1.156396e-03	-1.690484e-03	-1.397023e-03	2.180228e-03	-4.296780e-03	2.958404e-03	-3.188569e-03	-3.537415e-03	3.129442e-03	-9.307419e-04	5.500328e-03	5.915500e-03	-3.076094e-03	-6.649867e-03	-4.122064e-03	-2.851501e-03
1.956301e-03	-1.119678e-02	5.718085e-03	1.677613e-03	8.641051e-03	-2.488555e-03	-4.136737e-03	6.875134e-03	1.969987e-03	1.531885e-03	-1.830393e-03	-4.968857e-03	1.253376e-03	-4.434532e-03	-4.059387e-03	-1.447457e-03	2.028490e-03	4.325812e-03	1.056750e-03	3.534426e-03	4.047219e-03	-2.912936e-03	2.301097e-03	3.270278e-03	1.685422e-03	-2.052390e-03	-8.394503e-04	1.941848e-03	-4.529155e-03	3.245080e-03	-3.324957e-03	-3.583316e-03	3.601064e-03	-4.035855e-04	5.859215e-03	6.259455e-03	-2.853240e-03	-7.691371e-03	-4.915551e-03	-3.008522e-03
1.972473e-03	-1.127992e-02	5.898630e-03	1.955929e-03	8.343681e-03	-2.029444e-03	-3.817875e-03	6.849944e-03	1.722938e-03	1.341621e-03	-1.885587e-03	-4.804222e-03	9.386341e-04	-4.675246e-03	-3.587315e-03	-1.693836e-03	1.300256e-03	4.084854e-03	1.356703e-03	3.631943e-03	4.167695e-03	-2.606596e-03	2.717970e-03	2.414493e-03	1.593014e-03	-1.820446e-03	-1.488308e-03	1.746642e-03	-4.665007e-03	3.411843e-03	-2.852526e-03	-3.607094e-03	3.357319e-03	-8.156023e-04	5.709270e-03	5.941155e-03	-2.438994e-03	-6.704340e-03	-4.495004e-03	-2.969634e-03
2.815379e-03	-1.147847e-02	6.738638e-03	2.283084e-03	8.250476e-03	-1.542250e-03	-3.312642e-03	6.077090e-03	9.588317e-04	4.265584e-04	-1.655978e-03	-5.370063e-03	1.039220e-03	-5.262416e-03	-3.301881e-03	-1.550053e-03	1.345412e-03	4.048643e-03	2.109928e-03	5.379804e-03	3.747723e-03	-2.768650e-03	2.800234e-03	2.097175e-03	8.319464e-04	-2.213214e-03	-1.952482e-03	2.185919e-03	-4.301373e-03	3.575846e-03	-3.658391e-03	-3.426481e-03	3.609225e-03	-1.786924e-03	5.182770e-03	6.057061e-03	-3.409414e-03	-5.820872e-03	-3.634905e-03	-3.034495e-03
2.493072e-03	-1.164387e-02	6.455997e-03	2.133864e-03	8.370510e-03	-2.085865e-03	-3.225243e-03	6.370032e-03	1.480832e-03	1.142502e-03	-1.334478e-03	-5.080572e-03	1.242230e-03	-5.106207e-03	-3.663239e-03	-1.515907e-03	1.501045e-03	4.012652e-03	1.718451e-03	4.581693e-03	4.046303e-03	-2.810795e-03	2.691365e-03	2.438657e-03	1.076986e-03	-2.137697e-03	-2.168564e-03	2.371558e-03	-4.385762e-03	3.355046e-03	-3.488222e-03	-3.887460e-03	3.736869e-03	-1.476145e-03	5.527869e-03	6.069013e-03	-3.299463e-03	-6.563607e-03	-3.862740e-03	-2.981010e-03
2.735276e-03	-1.186435e-02	6.447154e-03	2.206393e-03	7.813016e-03	-1.491138e-03	-2.791518e-03	6.037904e-03	9.180341e-04	4.172915e-04	-1.393588e-03	-4.737867e-03	1.021817e-03	-4.338089e-03	-3.508957e-03	-1.111747e-03	1.080833e-03	3.948939e-03	2.446168e-03	5.637033e-03	3.245780e-03	-3.467021e-03	2.504298e-03	1.740790e-03	6.513782e-04	-2.563876e-03	-2.378366e-03	2.074439e-03	-4.596180e-03	4.349012e-03	-3.162315e-03	-3.047985e-03	3.686181e-03	-2.558017e-03	5.024349e-03	5.997466e-03	-3.113997e-03	-5.119569e-03	-3.163264e-03	-3.405497e-03
2.477168e-03	-1.145771e-02	6.129944e-03	1.946468e-03	7.961769e-03	-1.369081e-03	-2.624980e-03	5.919470e-03	1.314762e-03	8.454515e-04	-1.576518e-03	-4.677004e-03	5.676313e-04	-3.645963e-03	-3.777268e-03	-1.112680e-03	5.671004e-04	3.947097e-03	2.261103e-03	5.443020e-03	3.734318e-03	-3.768791e-03	2.130859e-03	1.634100e-03	5.101394e-04	-2.131974e-03	-2.411683e-03	1.873783e-03	-4.351596e-03	3.958085e-03	-2.626713e-03	-3.362796e-03	3.091579e-03	-2.179763e-03	4.965321e-03	5.806727e-03	-3.093105e-03	-4.627515e-03	-2.870735e-03	-3.221701e-03
2.731554e-03	-1.161446e-02	6.063466e-03	1.694637e-03	7.738602e-03	-1.649948e-03	-2.461941e-03	5.902864e-03	1.497454e-03	6.184344e-04	-1.334520e-03	-4.170238e-03	5.936190e-04	-3.290856e-03	-3.807557e-03	-1.212913e-03	3.740774e-04	3.606137e-03	2.146757e-03	5.856307e-03	3.477115e-03	-3.440235e-03	2.313988e-03	1.367881e-03	2.783216e-04	-2.358535e-03	-2.880458e-03	1.964983e-03	-4.777765e-03	4.007190e-03	-2.427334e-03	-2.976346e-03	3.683948e-03	-2.416861e-03	4.956665e-03	6.160156e-03	-2.995857e-03	-4.845649e-03	-2.615930e-03	-3.564938e-03
3.370068e-03	-7.212901e-03	4.855602e-04	2.349396e-03	3.973681e-03	3.138250e-03	1.057140e-03	3.275379e-03	1.036949e-03	-3.579845e-03	-1.603811e-03	-1.024422e-04	1.431141e-03	5.294820e-03	-2.101700e-03	9.981145e-04	-4.058462e-03	7.809786e-04	4.379590e-03	1.009473e-02	-1.178232e-03	-5.001611e-03	-1.106324e-03	-2.233942e-03	-2.514159e-03	-6.272651e-03	-3.851261e-03	9.798394e-04	-5.869356e-03	3.627878e-03	1.427859e-03	1.380224e-04	1.355276e-03	-7.336042e-03	-8.260218e-04	6.232683e-03	-8.897798e-04	5.432303e-03	2.288460e-03	-4.955941e-03
3.387906e-03	-7.265286e-03	6.569099e-04	2.342510e-03	3.822584e-03	2.875615e-03	1.068428e-03	3.170393e-03	1.328574e-03	-3.775539e-03	-1.703589e-03	-6.170016e-05	1.587758e-03	5.156962e-03	-1.980532e-03	1.143929e-03	-4.186346e-03	4.901713e-04	4.696781e-03	1.081464e-02	-1.409389e-03	-4.873600e-03	-1.117886e-03	-2.374178e-03	-2.674670e-03	-6.141089e-03	-3.953966e-03	1.299043e-03	-6.076753e-03	3.527507e-03	8.764794e-04	3.225087e-04	1.504976e-03	-7.565641e-03	-1.028690e-03	6.400795e-03	-9.596750e-04	5.620343e-03	2.770116e-03	-5.360441e-03
3.569187e-03	-7.404387e-03	7.197966e-04	2.299994e-03	3.785012e-03	3.078450e-03	1.367931e-03	3.206852e-03	1.056083e-03	-3.387053e-03	-1.691908e-03	-2.344677e-04	1.506189e-03	5.004403e-03	-1.977142e-03	1.247042e-03	-4.414645e-03	5.451899e-04	4.891034e-03	1.054098e-02	-1.427281e-03	-5.057461e-03	-9.332415e-04	-2.148721e-03	-2.708327e-03	-6.175742e-03	-4.077483e-03	1.219082e-03	-5.759392e-03	3.883339e-03	8.413420e-04	3.376823e-04	1.487159e-03	-7.750602e-03	-7.880557e-04	5.832739e-03	-9.470564e-04	5.691418e-03	2.536770e-03	-5.351529e-03
3.534995e-03	-7.536026e-03	8.041678e-04	2.035926e-03	3.846298e-03	3.091913e-03	1.480467e-03	3.353009e-03	1.357109e-03	-3.580145e-03	-1.802347e-03	-4.012775e-05	1.508433e-03	5.164397e-03	-1.925834e-03	1.097643e-03	-4.179343e-03	6.049699e-04	4.813706e-03	1.044245e-02	-1.598238e-03	-5.061379e-03	-1.042713e-03	-2.116001e-03	-2.705778e-03	-6.352553e-03	-3.853632e-03	1.219291e-03	-6.269218e-03	3.701285e-03	1.164592e-03	1.393273e-04	1.442652e-03	-7.502782e-03	-8.499087e-04	6.084926e-03	-9.303114e-04	5.556260e-03	2.559122e-03	-5.182093e-03
3.497241e-03	-6.973091e-03	6.955696e-04	2.155264e-03	3.456593e-03	3.408915e-03	1.349766e-03	3.099286e-03	1.072841e-03	-3.939985e-03	-1.598839e-03	-1.004085e-04	1.437496e-03	5.362570e-03	-1.726917e-03	1.030831e-03	-4.404795e-03	5.228519e-04	4.925020e-03	1.053050e-02	-1.442107e-03	-5.101919e-03	-1.044128e-03	-2.332243e-03	-2.805509e-03	-6.334468e-03	-3.799946e-03	1.175151e-03	-5.840584e-03	3.647132e-03	9.885964e-04	4.342445e-04	1.417311e-03	-8.001657e-03	-1.268838e-03	5.908693e-03	-8.520437e-04	6.086540e-03	2.752808e-03	-4.985048e-03
3.853670e-03	-7.366883e-03	6.403129e-04	2.210425e-03	3.636102e-03	3.196853e-03	1.286166e-03	3.328361e-03	1.016767e-03	-3.867053e-03	-1.733778e-03	-2.528950e-04	1.537045e-03	5.059952e-03	-2.112180e-03	9.098419e-04	-4.516473e-03	4.736114e-04	4.834868e-03	1.110181e-02	-1.683903e-03	-4.905577e-03	-9.899837e-04	-2.501464e-03	-2.791329e-03	-6.361294e-03	-3.765096e-03	1.152196e-03	-6.130762e-03	4.066123e-03	9.058272e-04	4.462485e-04	1.649209e-03	-7.824375e-03	-8.607760e-04	6.402783e-03	-8.520464e-04	5.948455e-03	2.647775e-03	-5.394434e-03
3.462064e-03	-7.154433e-03	5.410155e-04	2.268256e-03	3.708177e-03	3.011751e-03	1.071706e-03	3.240336e-03	1.148550e-03	-3.563155e-03	-1.842246e-03	-2.517844e-05	1.571501e-03	5.210936e-03	-2.083549e-03	1.066090e-03	-4.221693e-03	7.194390e-04	4.576939e-03	1.003219e-02	-1.562706e-03	-5.075649e-03	-1.035757e-03	-1.986336e-03	-2.578123e-03	-6.255214e-03	-3.863904e-03	1.335637e-03	-5.910311e-03	3.648757e-03	1.233325e-03	4.098227e-04	1.301914e-03	-7.270538e-03	-1.002613e-03	5.966837e-03	-5.974223e-04	5.620056e-03	2.390309e-03	-5.088529e-03
