0	0	0	3.963808e-01
0	0	1	9.739704e-01
0	0	2	9.279632e-01
0	0	3	8.701197e-01
0	0	4	8.376259e-01
0	0	5	8.462290e-01
0	0	6	9.458058e-01
0	0	7	3.088460e-01
0	0	8	9.229919e-02
0	0	9	7.981747e-01
0	1	0	5.737749e-01
0	1	1	1.940025e-01
0	1	2	3.484511e-01
0	1	3	3.559096e-01
0	1	4	2.506995e-02
0	1	5	8.350995e-01
0	1	6	3.947415e-01
0	1	7	8.228901e-01
0	1	8	7.713746e-01
0	1	9	1.876273e-01
0	2	0	1.876937e-01
0	2	1	9.352912e-01
0	2	2	2.348916e-01
0	2	3	1.600361e-01
0	2	4	5.762479e-01
0	2	5	7.306311e-01
0	2	6	2.776600e-01
0	2	7	5.740034e-01
0	2	8	3.829946e-01
0	2	9	1.388728e-01
0	3	0	5.744333e-01
0	3	1	7.793754e-01
0	3	2	1.128433e-01
0	3	3	5.023965e-01
0	3	4	6.494951e-01
0	3	5	9.504692e-01
0	3	6	3.486255e-01
0	3	7	5.953009e-01
0	3	8	2.593151e-01
0	3	9	4.409247e-01
0	4	0	3.934756e-01
0	4	1	8.330901e-01
0	4	2	6.349272e-01
0	4	3	7.419267e-01
0	4	4	1.889996e-01
0	4	5	6.599971e-01
0	4	6	5.770262e-01
0	4	7	5.837412e-01
0	4	8	4.828872e-01
0	4	9	3.484007e-01
0	5	0	7.713685e-01
0	5	1	6.705809e-01
0	5	2	2.836919e-01
0	5	3	6.260035e-03
0	5	4	8.306170e-01
0	5	5	8.599399e-01
0	5	6	7.368911e-01
0	5	7	1.082770e-01
0	5	8	4.339432e-01
0	5	9	1.198858e-01
0	6	0	2.471498e-01
0	6	1	8.376508e-03
0	6	2	8.992612e-01
0	6	3	3.599931e-01
0	6	4	5.107730e-01
0	6	5	5.487562e-01
0	6	6	3.104623e-01
0	6	7	8.593985e-01
0	6	8	1.440571e-01
0	6	9	5.697774e-01
0	7	0	3.003232e-01
0	7	1	5.375327e-01
0	7	2	4.028675e-01
0	7	3	9.352504e-01
0	7	4	2.794594e-01
0	7	5	5.918671e-01
0	7	6	5.952475e-01
0	7	7	8.564856e-01
0	7	8	1.756083e-01
0	7	9	7.813470e-02
0	8	0	2.048863e-01
0	8	1	9.469768e-01
0	8	2	7.487156e-01
0	8	3	4.885782e-01
0	8	4	9.532368e-01
0	8	5	5.793326e-01
0	8	6	3.485181e-01
0	8	7	6.901279e-01
0	8	8	6.876096e-01
0	8	9	7.824613e-01
0	9	0	8.100137e-01
0	9	1	9.347595e-01
0	9	2	7.908378e-01
0	9	3	7.092749e-01
0	9	4	2.947526e-01
0	9	5	3.016108e-01
0	9	6	2.580311e-01
0	9	7	6.052148e-01
0	9	8	1.610093e-01
0	9	9	4.020883e-01
1	0	0	1.749922e-01
1	0	1	4.613326e-01
1	0	2	9.396210e-01
1	0	3	5.778597e-01
1	0	4	3.965829e-01
1	0	5	2.190803e-01
1	0	6	1.697268e-01
1	0	7	9.918304e-01
1	0	8	7.556589e-02
1	0	9	3.453351e-01
1	1	0	6.996510e-02
1	1	1	2.804522e-01
1	1	2	2.923119e-01
1	1	3	8.186807e-01
1	1	4	7.690304e-01
1	1	5	2.455486e-01
1	1	6	3.980134e-01
1	1	7	1.175485e-01
1	1	8	9.356766e-01
1	1	9	8.562301e-02
1	2	0	9.000099e-01
1	2	1	7.456903e-01
1	2	2	2.038247e-02
1	2	3	6.908477e-01
1	2	4	4.549652e-01
1	2	5	3.151350e-01
1	2	6	9.924586e-01
1	2	7	7.129963e-01
1	2	8	9.203498e-01
1	2	9	1.534679e-01
1	3	0	1.150845e-01
1	3	1	9.534206e-02
1	3	2	6.148005e-01
1	3	3	5.470549e-02
1	3	4	6.732018e-01
1	3	5	1.138339e-02
1	3	6	2.737858e-01
1	3	7	8.429286e-01
1	3	8	3.213795e-03
1	3	9	3.493517e-01
1	4	0	1.882637e-01
1	4	1	7.317890e-02
1	4	2	6.298039e-01
1	4	3	4.805755e-01
1	4	4	8.918596e-01
1	4	5	3.988343e-01
1	4	6	7.261242e-01
1	4	7	2.898730e-01
1	4	8	5.163828e-01
1	4	9	6.618007e-01
1	5	0	3.754960e-01
1	5	1	4.163927e-01
1	5	2	4.074910e-01
1	5	3	3.958785e-01
1	5	4	1.072404e-01
1	5	5	8.624562e-01
1	5	6	7.110135e-01
1	5	7	9.969899e-02
1	5	8	5.754525e-01
1	5	9	6.313634e-01
1	6	0	2.531669e-01
1	6	1	6.905370e-01
1	6	2	7.267055e-01
1	6	3	8.679673e-01
1	6	4	7.452425e-01
1	6	5	3.999072e-01
1	6	6	8.793507e-01
1	6	7	1.902831e-02
1	6	8	2.428358e-01
1	6	9	8.825645e-01
1	7	0	3.683800e-01
1	7	1	4.310995e-01
1	7	2	9.557434e-01
1	7	3	9.981839e-01
1	7	4	9.116751e-01
1	7	5	8.476031e-01
1	7	6	3.970182e-01
1	7	7	6.377992e-01
1	7	8	1.374761e-01
1	7	9	9.134011e-01
1	8	0	2.996000e-01
1	8	1	5.129721e-01
1	8	2	3.297938e-01
1	8	3	7.070910e-01
1	8	4	9.088507e-01
1	8	5	4.370342e-01
1	8	6	5.695472e-01
1	8	7	6.198642e-01
1	8	8	5.367332e-01
1	8	9	1.449996e-01
1	9	0	2.512276e-01
1	9	1	7.899001e-01
1	9	2	8.355366e-01
1	9	3	9.779331e-01
1	9	4	6.578674e-01
1	9	5	5.807791e-01
1	9	6	3.778403e-01
1	9	7	5.372182e-01
1	9	8	5.998074e-01
1	9	9	6.206761e-01
2	0	0	4.197827e-01
2	0	1	9.681874e-01
2	0	2	5.177560e-02
2	0	3	3.755261e-01
2	0	4	9.663713e-01
2	0	5	9.634506e-01
2	0	6	2.231292e-01
2	0	7	3.633896e-01
2	0	8	6.012499e-01
2	0	9	3.606053e-01
2	1	0	2.767906e-01
2	1	1	9.008499e-01
2	1	2	8.735775e-01
2	1	3	6.065844e-01
2	1	4	6.079409e-01
2	1	5	7.824281e-01
2	1	6	4.361864e-02
2	1	7	1.774880e-01
2	1	8	4.022923e-01
2	1	9	5.803519e-01
2	2	0	3.224877e-01
2	2	1	6.535199e-01
2	2	2	3.702519e-01
2	2	3	1.580243e-01
2	2	4	6.314530e-01
2	2	5	2.811939e-02
2	2	6	7.388034e-01
2	2	7	9.293259e-03
2	2	8	5.653376e-01
2	2	9	3.386109e-01
2	3	0	6.299693e-01
2	3	1	9.851203e-01
2	3	2	3.067983e-01
2	3	3	6.817449e-01
2	3	4	3.606464e-01
2	3	5	2.731697e-01
2	3	6	6.451956e-01
2	3	7	5.837756e-01
2	3	8	6.365592e-01
2	3	9	2.464455e-01
2	4	0	9.443809e-01
2	4	1	9.133499e-01
2	4	2	1.472953e-01
2	4	3	8.179584e-01
2	4	4	5.199343e-01
2	4	5	7.552362e-01
2	4	6	6.003865e-01
2	4	7	5.635529e-01
2	4	8	9.327242e-01
2	4	9	2.678804e-03
2	5	0	1.439048e-01
2	5	1	2.552119e-01
2	5	2	6.561987e-01
2	5	3	5.141567e-01
2	5	4	4.132362e-01
2	5	5	2.876517e-01
2	5	6	5.422761e-01
2	5	7	1.520397e-01
2	5	8	2.969450e-01
2	5	9	1.076137e-01
2	6	0	4.906505e-01
2	6	1	9.269143e-01
2	6	2	9.273395e-02
2	6	3	7.974488e-01
2	6	4	6.086593e-01
2	6	5	4.533804e-01
2	6	6	7.061849e-02
2	6	7	2.538549e-01
2	6	8	3.715596e-02
2	6	9	7.071777e-01
2	7	0	5.003003e-01
2	7	1	9.815369e-01
2	7	2	6.205276e-01
2	7	3	6.475957e-01
2	7	4	7.994952e-01
2	7	5	1.404618e-01
2	7	6	4.028319e-01
2	7	7	3.998817e-01
2	7	8	7.040148e-01
2	7	9	3.355561e-01
2	8	0	4.025605e-01
2	8	1	8.479195e-01
2	8	2	5.907680e-01
2	8	3	5.875924e-02
2	8	4	3.620762e-01
2	8	5	4.004227e-03
2	8	6	3.464110e-01
2	8	7	9.043524e-01
2	8	8	1.560439e-01
2	8	9	6.433559e-01
2	9	0	1.196603e-02
2	9	1	6.466944e-01
2	9	2	5.702703e-01
2	9	3	1.047000e-01
2	9	4	4.441432e-01
2	9	5	1.789295e-01
2	9	6	5.580803e-01
2	9	7	5.147617e-01
2	9	8	4.327844e-01
2	9	9	5.952363e-01
3	0	0	2.219394e-01
3	0	1	9.330847e-01
3	0	2	5.767732e-01
3	0	3	8.424670e-01
3	0	4	5.806804e-01
3	0	5	3.762684e-01
3	0	6	9.829288e-01
3	0	7	9.835123e-01
3	0	8	7.761501e-01
3	0	9	6.869436e-01
3	1	0	3.190684e-01
3	1	1	1.787106e-01
3	1	2	5.348631e-01
3	1	3	9.098364e-01
3	1	4	2.374698e-01
3	1	5	8.969394e-01
3	1	6	9.138406e-01
3	1	7	5.838808e-01
3	1	8	8.012917e-01
3	1	9	6.988449e-02
3	2	0	2.272367e-01
3	2	1	8.132577e-01
3	2	2	7.165789e-01
3	2	3	7.975070e-01
3	2	4	9.179577e-01
3	2	5	1.607222e-01
3	2	6	9.764365e-01
3	2	7	4.760381e-01
3	2	8	6.754839e-01
3	2	9	4.092209e-01
3	3	0	7.127435e-02
3	3	1	8.974233e-01
3	3	2	3.423056e-01
3	3	3	6.480475e-01
3	3	4	7.398903e-01
3	3	5	9.229860e-01
3	3	6	2.431589e-02
3	3	7	7.228192e-01
3	3	8	9.064983e-01
3	3	9	8.004660e-01
3	4	0	4.097627e-01
3	4	1	2.255667e-01
3	4	2	9.791765e-01
3	4	3	9.446259e-01
3	4	4	1.354031e-01
3	4	5	2.166464e-01
3	4	6	8.415652e-01
3	4	7	4.924369e-02
3	4	8	8.005271e-01
3	4	9	6.428569e-01
3	5	0	1.191282e-01
3	5	1	2.776383e-02
3	5	2	4.561146e-01
3	5	3	8.357071e-01
3	5	4	8.252708e-01
3	5	5	3.740724e-01
3	5	6	9.964292e-01
3	5	7	8.017073e-01
3	5	8	8.501104e-01
3	5	9	6.719131e-01
3	6	0	2.109282e-01
3	6	1	9.213848e-01
3	6	2	5.693365e-01
3	6	3	5.532338e-01
3	6	4	5.694323e-01
3	6	5	3.092268e-01
3	6	6	4.762199e-01
3	6	7	5.937482e-01
3	6	8	3.204593e-02
3	6	9	3.827182e-01
3	7	0	3.942142e-01
3	7	1	4.418087e-01
3	7	2	6.082849e-01
3	7	3	3.733907e-01
3	7	4	3.864345e-01
3	7	5	7.436880e-01
3	7	6	5.900371e-01
3	7	7	2.279997e-01
3	7	8	7.929317e-01
3	7	9	3.905642e-01
3	8	0	8.708566e-01
3	8	1	9.120599e-01
3	8	2	4.183280e-01
3	8	3	3.269713e-01
3	8	4	7.477670e-01
3	8	5	2.435988e-01
3	8	6	7.010436e-01
3	8	7	7.441962e-01
3	8	8	4.530610e-02
3	8	9	5.511541e-01
3	9	0	4.161093e-01
3	9	1	2.562343e-01
3	9	2	4.725388e-01
3	9	3	9.854458e-01
3	9	4	8.094681e-01
3	9	5	4.197113e-02
3	9	6	2.946726e-01
3	9	7	2.856879e-01
3	9	8	6.357193e-01
3	9	9	3.267185e-01
4	0	0	6.684061e-01
4	0	1	2.993347e-02
4	0	2	7.685272e-01
4	0	3	2.766910e-01
4	0	4	4.033242e-01
4	0	5	1.549617e-01
4	0	6	2.037897e-02
4	0	7	9.933612e-01
4	0	8	3.829614e-01
4	0	9	8.133106e-01
4	1	0	3.839254e-01
4	1	1	2.538181e-01
4	1	2	7.253705e-01
4	1	3	8.022535e-01
4	1	4	5.807893e-01
4	1	5	4.731374e-01
4	1	6	4.585229e-02
4	1	7	2.818330e-01
4	1	8	2.173336e-01
4	1	9	9.115839e-02
4	2	0	8.329870e-01
4	2	1	6.334430e-01
4	2	2	3.473927e-01
4	2	3	3.055259e-01
4	2	4	6.188887e-01
4	2	5	1.568607e-01
4	2	6	3.474970e-01
4	2	7	9.135613e-01
4	2	8	4.425487e-01
4	2	9	9.832163e-01
4	3	0	2.402798e-01
4	3	1	1.109548e-01
4	3	2	1.314981e-02
4	3	3	8.806935e-03
4	3	4	3.876458e-01
4	3	5	4.164740e-01
4	3	6	1.637686e-01
4	3	7	4.080247e-01
4	3	8	4.098352e-01
4	3	9	5.467300e-01
4	4	0	2.213354e-01
4	4	1	7.937607e-01
4	4	2	8.005481e-01
4	4	3	9.467059e-01
4	4	4	5.960141e-01
4	4	5	3.813374e-01
4	4	6	4.198433e-01
4	4	7	6.418664e-01
4	4	8	6.631704e-01
4	4	9	6.371770e-01
4	5	0	7.330248e-01
4	5	1	4.961574e-01
4	5	2	2.706199e-01
4	5	3	8.041748e-02
4	5	4	8.016833e-01
4	5	5	8.895087e-01
4	5	6	2.372782e-01
4	5	7	1.491803e-01
4	5	8	8.030699e-01
4	5	9	6.798269e-01
4	6	0	1.323967e-01
4	6	1	4.334972e-02
4	6	2	7.907816e-01
4	6	3	1.455465e-01
4	6	4	5.215665e-02
4	6	5	1.784274e-01
4	6	6	5.620205e-01
4	6	7	2.159253e-01
4	6	8	5.864521e-01
4	6	9	9.718557e-01
4	7	0	7.626553e-01
4	7	1	8.077875e-01
4	7	2	7.656164e-01
4	7	3	5.632034e-01
4	7	4	7.544934e-01
4	7	5	3.616305e-01
4	7	6	9.445408e-01
4	7	7	1.743367e-01
4	7	8	3.496975e-03
4	7	9	6.077112e-01
4	8	0	8.115137e-01
4	8	1	7.365218e-01
4	8	2	1.038687e-01
4	8	3	8.213357e-02
4	8	4	8.169393e-01
4	8	5	9.055520e-01
4	8	6	9.716422e-01
4	8	7	5.421748e-02
4	8	8	5.473231e-02
4	8	9	7.747122e-01
4	9	0	7.340444e-01
4	9	1	1.871290e-01
4	9	2	8.180619e-01
4	9	3	5.248260e-01
4	9	4	3.326755e-01
4	9	5	8.702185e-01
4	9	6	7.032534e-01
4	9	7	8.946959e-01
4	9	8	8.614380e-02
4	9	9	2.897055e-01
5	0	0	8.665517e-01
5	0	1	8.487991e-01
5	0	2	9.749306e-02
5	0	3	6.321680e-01
5	0	4	4.120025e-01
5	0	5	8.519865e-01
5	0	6	9.937986e-01
5	0	7	3.565434e-01
5	0	8	2.632315e-02
5	0	9	9.972956e-01
5	1	0	9.642546e-01
5	1	1	8.378368e-01
5	1	2	7.338174e-01
5	1	3	6.812324e-02
5	1	4	9.199704e-01
5	1	5	5.507566e-01
5	1	6	9.736752e-01
5	1	7	8.916126e-01
5	1	8	6.049741e-01
5	1	9	2.840753e-02
5	2	0	6.663248e-01
5	2	1	3.390185e-01
5	2	2	2.155365e-01
5	2	3	4.843866e-01
5	2	4	8.638445e-01
5	2	5	5.482120e-01
5	2	6	3.546052e-01
5	2	7	5.670979e-01
5	2	8	4.429079e-01
5	2	9	4.407490e-01
5	3	0	8.568034e-01
5	3	1	3.094596e-01
5	3	2	2.895481e-01
5	3	3	9.542965e-01
5	3	4	9.416276e-01
5	3	5	7.015506e-01
5	3	6	8.062829e-01
5	3	7	9.354262e-01
5	3	8	5.809398e-02
5	3	9	8.326061e-01
5	4	0	9.327218e-01
5	4	1	2.234856e-02
5	4	2	6.704429e-01
5	4	3	6.665391e-01
5	4	4	9.047180e-02
5	4	5	5.904133e-01
5	4	6	2.172958e-01
5	4	7	6.414702e-02
5	4	8	4.820259e-01
5	4	9	8.222699e-01
5	5	0	9.255455e-02
5	5	1	1.483506e-01
5	5	2	1.612883e-01
5	5	3	3.080911e-01
5	5	4	6.327373e-01
5	5	5	2.513280e-02
5	5	6	8.563030e-01
5	5	7	9.873424e-01
5	5	8	5.922307e-01
5	5	9	2.992110e-01
5	6	0	4.280914e-01
5	6	1	4.490341e-01
5	6	2	6.086705e-01
5	6	3	7.176395e-01
5	6	4	4.033306e-01
5	6	5	5.502982e-01
5	6	6	4.191902e-01
5	6	7	2.096135e-01
5	6	8	4.857244e-01
5	6	9	4.772841e-01
5	7	0	4.221955e-02
5	7	1	4.184461e-01
5	7	2	4.996327e-01
5	7	3	7.126624e-01
5	7	4	8.498526e-02
5	7	5	5.901045e-01
5	7	6	3.030757e-01
5	7	7	3.022810e-01
5	7	8	6.542515e-01
5	7	9	7.851016e-01
5	8	0	1.245509e-01
5	8	1	7.468061e-01
5	8	2	9.334522e-01
5	8	3	2.858392e-01
5	8	4	5.489713e-02
5	8	5	5.661895e-01
5	8	6	3.109720e-01
5	8	7	9.112002e-01
5	8	8	5.535319e-01
5	8	9	9.032027e-01
5	9	0	2.104111e-01
5	9	1	9.816233e-01
5	9	2	3.522368e-01
5	9	3	8.190817e-01
5	9	4	6.992629e-01
5	9	5	7.555673e-01
5	9	6	3.693798e-01
5	9	7	1.184530e-01
5	9	8	9.651808e-01
5	9	9	8.551042e-01
6	0	0	5.957372e-01
6	0	1	7.400339e-03
6	0	2	2.735504e-01
6	0	3	9.536985e-02
6	0	4	7.200628e-01
6	0	5	3.585356e-01
6	0	6	6.854743e-01
6	0	7	2.313848e-02
6	0	8	6.608166e-01
6	0	9	3.397259e-01
6	1	0	8.082401e-01
6	1	1	7.853675e-01
6	1	2	8.653193e-02
6	1	3	7.416922e-01
6	1	4	7.120673e-02
6	1	5	1.414291e-01
6	1	6	3.078817e-01
6	1	7	3.821787e-01
6	1	8	5.262923e-02
6	1	9	8.614136e-01
6	2	0	2.853814e-01
6	2	1	2.630404e-01
6	2	2	8.430370e-01
6	2	3	6.376182e-01
6	2	4	8.212206e-02
6	2	5	5.422998e-01
6	2	6	3.931855e-01
6	2	7	4.515019e-01
6	2	8	6.607529e-01
6	2	9	3.583663e-01
6	3	0	3.066061e-01
6	3	1	2.564900e-01
6	3	2	3.657666e-01
6	3	3	5.801565e-01
6	3	4	3.518599e-01
6	3	5	8.582940e-02
6	3	6	9.386921e-01
6	3	7	3.733421e-02
6	3	8	1.089679e-01
6	3	9	5.995087e-01
6	4	0	3.770601e-01
6	4	1	9.172079e-01
6	4	2	3.848762e-01
6	4	3	4.635920e-01
6	4	4	6.589002e-01
6	4	5	4.560830e-01
6	4	6	6.050210e-01
6	4	7	9.667819e-01
6	4	8	8.382617e-01
6	4	9	6.576503e-01
6	5	0	8.281955e-01
6	5	1	1.236431e-01
6	5	2	9.206907e-01
6	5	3	6.712325e-01
6	5	4	7.612613e-01
6	5	5	2.812719e-03
6	5	6	2.135323e-01
6	5	7	1.544468e-01
6	5	8	4.543146e-01
6	5	9	8.742852e-01
6	6	0	5.128131e-01
6	6	1	7.609208e-01
6	6	2	1.307752e-01
6	6	3	8.785797e-01
6	6	4	3.410772e-01
6	6	5	4.826351e-01
6	6	6	9.644091e-01
6	6	7	2.797693e-01
6	6	8	5.199693e-01
6	6	9	7.337701e-02
6	7	0	8.792781e-01
6	7	1	8.970294e-01
6	7	2	9.905849e-01
6	7	3	2.641543e-01
6	7	4	3.606214e-01
6	7	5	6.494851e-01
6	7	6	7.202373e-01
6	7	7	9.656424e-01
6	7	8	6.162670e-01
6	7	9	5.584990e-01
6	8	0	6.232927e-01
6	8	1	4.444626e-01
6	8	2	6.821421e-01
6	8	3	5.439833e-01
6	8	4	1.156951e-01
6	8	5	4.434035e-01
6	8	6	5.467961e-01
6	8	7	3.292274e-01
6	8	8	5.978503e-01
6	8	9	1.110688e-03
6	9	0	2.035126e-01
6	9	1	1.106634e-01
6	9	2	7.620314e-01
6	9	3	3.342879e-01
6	9	4	9.892431e-01
6	9	5	1.031087e-01
6	9	6	8.169230e-01
6	9	7	9.536522e-01
6	9	8	3.828780e-01
6	9	9	3.368923e-01
7	0	0	2.702923e-02
7	0	1	2.621561e-01
7	0	2	2.339216e-01
7	0	3	1.761417e-02
7	0	4	5.263104e-01
7	0	5	5.945430e-01
7	0	6	6.670993e-01
7	0	7	2.465477e-01
7	0	8	5.601854e-01
7	0	9	2.833663e-01
7	1	0	8.050467e-01
7	1	1	1.834781e-01
7	1	2	7.278289e-01
7	1	3	4.871888e-01
7	1	4	7.274614e-01
7	1	5	8.435240e-01
7	1	6	9.305923e-01
7	1	7	2.742575e-01
7	1	8	1.727514e-01
7	1	9	5.284426e-01
7	2	0	2.753682e-01
7	2	1	3.762640e-01
7	2	2	6.391060e-01
7	2	3	3.739961e-02
7	2	4	7.105519e-01
7	2	5	6.283491e-01
7	2	6	1.405083e-01
7	2	7	5.274748e-01
7	2	8	5.820013e-01
7	2	9	5.233863e-01
7	3	0	8.643671e-01
7	3	1	6.090305e-01
7	3	2	7.855425e-01
7	3	3	9.828871e-02
7	3	4	6.266447e-01
7	3	5	3.118529e-01
7	3	6	6.928317e-01
7	3	7	2.937440e-01
7	3	8	5.584006e-01
7	3	9	2.530171e-01
7	4	0	5.771103e-01
7	4	1	3.634474e-01
7	4	2	4.364951e-01
7	4	3	3.049392e-01
7	4	4	8.506362e-01
7	4	5	1.639566e-01
7	4	6	1.484632e-01
7	4	7	7.812285e-01
7	4	8	4.382140e-01
7	4	9	3.212145e-01
7	5	0	3.096711e-01
7	5	1	7.135822e-01
7	5	2	6.974785e-01
7	5	3	9.487770e-01
7	5	4	7.509818e-01
7	5	5	4.080304e-01
7	5	6	5.771261e-01
7	5	7	8.914901e-01
7	5	8	9.355052e-01
7	5	9	1.591274e-01
7	6	0	4.148764e-01
7	6	1	7.998723e-01
7	6	2	7.681579e-01
7	6	3	2.004189e-01
7	6	4	8.981610e-01
7	6	5	3.948025e-01
7	6	6	5.122718e-01
7	6	7	5.909927e-01
7	6	8	6.885465e-01
7	6	9	7.067244e-02
7	7	0	8.440098e-01
7	7	1	2.656568e-01
7	7	2	4.341198e-01
7	7	3	2.805049e-01
7	7	4	5.705960e-01
7	7	5	2.847560e-01
7	7	6	4.444615e-01
7	7	7	7.190592e-01
7	7	8	6.598450e-02
7	7	9	8.826755e-01
7	8	0	4.027373e-02
7	8	1	3.756556e-01
7	8	2	5.962577e-01
7	8	3	7.377523e-01
7	8	4	3.244326e-01
7	8	5	3.472395e-01
7	8	6	1.457827e-01
7	8	7	9.015587e-01
7	8	8	2.387296e-01
7	8	9	8.128792e-02
7	9	0	6.068608e-02
7	9	1	6.536060e-01
7	9	2	8.811602e-01
7	9	3	8.288439e-01
7	9	4	8.540249e-01
7	9	5	7.793213e-01
7	9	6	2.236465e-01
7	9	7	3.662967e-01
7	9	8	3.703140e-01
7	9	9	9.121930e-01
8	0	0	4.369692e-01
8	0	1	2.143237e-01
8	0	2	1.778498e-01
8	0	3	8.710889e-01
8	0	4	4.948287e-01
8	0	5	7.484458e-01
8	0	6	1.558449e-01
8	0	7	9.392902e-01
8	0	8	4.675050e-01
8	0	9	2.218294e-01
8	1	0	8.219657e-01
8	1	1	5.077787e-01
8	1	2	5.974850e-01
8	1	3	4.182234e-01
8	1	4	2.455310e-01
8	1	5	9.219177e-01
8	1	6	7.654628e-01
8	1	7	3.913137e-01
8	1	8	8.234764e-01
8	1	9	4.192410e-03
8	2	0	4.726016e-01
8	2	1	8.841625e-01
8	2	2	6.577984e-01
8	2	3	3.537618e-01
8	2	4	7.130064e-01
8	2	5	5.118233e-01
8	2	6	1.330831e-01
8	2	7	9.366529e-01
8	2	8	8.781200e-01
8	2	9	5.033970e-01
8	3	0	8.488458e-01
8	3	1	3.150892e-01
8	3	2	7.177208e-01
8	3	3	2.669562e-02
8	3	4	1.861781e-01
8	3	5	2.125495e-01
8	3	6	7.751414e-01
8	3	7	3.420231e-01
8	3	8	1.518396e-01
8	3	9	2.426464e-01
8	4	0	5.638525e-01
8	4	1	9.738053e-01
8	4	2	7.504251e-01
8	4	3	1.613375e-01
8	4	4	3.920287e-01
8	4	5	9.959561e-01
8	4	6	8.325520e-02
8	4	7	1.574915e-01
8	4	8	3.872698e-01
8	4	9	9.067316e-01
8	5	0	1.616839e-01
8	5	1	8.598714e-01
8	5	2	7.908940e-01
8	5	3	8.194823e-01
8	5	4	2.136332e-01
8	5	5	5.039004e-01
8	5	6	3.313056e-01
8	5	7	3.467163e-01
8	5	8	4.405533e-01
8	5	9	2.094257e-01
8	6	0	8.501133e-01
8	6	1	2.893991e-01
8	6	2	5.245148e-01
8	6	3	5.678341e-01
8	6	4	3.160947e-01
8	6	5	7.106929e-01
8	6	6	7.803836e-01
8	6	7	9.123616e-02
8	6	8	5.271601e-02
8	6	9	9.322232e-01
8	7	0	3.338826e-01
8	7	1	6.165685e-01
8	7	2	9.060285e-01
8	7	3	8.430768e-02
8	7	4	7.779061e-01
8	7	5	2.980572e-01
8	7	6	8.026378e-02
8	7	7	8.611613e-01
8	7	8	4.555487e-01
8	7	9	4.675336e-01
8	8	0	7.678928e-01
8	8	1	6.172326e-01
8	8	2	3.274049e-01
8	8	3	5.587869e-01
8	8	4	4.367150e-01
8	8	5	5.410381e-01
8	8	6	6.268727e-02
8	8	7	7.680206e-01
8	8	8	8.877544e-01
8	8	9	5.032405e-01
8	9	0	9.774463e-01
8	9	1	7.378677e-01
8	9	2	7.926397e-01
8	9	3	5.019611e-01
8	9	4	3.057019e-01
8	9	5	1.087344e-01
8	9	6	2.126540e-01
8	9	7	8.608543e-02
8	9	8	1.999706e-01
8	9	9	2.653700e-01
9	0	0	1.830864e-02
9	0	1	5.338531e-01
9	0	2	8.819385e-01
9	0	3	9.243372e-01
9	0	4	6.181608e-01
9	0	5	6.598446e-01
9	0	6	2.223943e-01
9	0	7	6.984246e-01
9	0	8	5.210059e-01
9	0	9	6.779430e-01
9	1	0	1.659581e-01
9	1	1	2.888987e-01
9	1	2	2.951757e-01
9	1	3	4.933631e-01
9	1	4	8.476856e-01
9	1	5	7.318906e-01
9	1	6	3.440120e-02
9	1	7	9.103728e-01
9	1	8	4.999112e-01
9	1	9	9.221556e-01
9	2	0	4.136134e-01
9	2	1	4.773575e-01
9	2	2	6.600234e-01
9	2	3	2.062530e-01
9	2	4	9.793186e-01
9	2	5	9.657252e-01
9	2	6	3.149874e-01
9	2	7	1.919726e-01
9	2	8	5.181064e-02
9	2	9	5.149580e-01
9	3	0	4.573426e-01
9	3	1	7.011928e-02
9	3	2	4.881112e-02
9	3	3	3.392812e-01
9	3	4	9.944564e-01
9	3	5	6.669719e-01
9	3	6	9.991258e-01
9	3	7	2.168508e-01
9	3	8	3.653965e-01
9	3	9	5.201316e-01
9	4	0	8.947938e-01
9	4	1	5.313546e-01
9	4	2	8.090303e-01
9	4	3	1.899695e-01
9	4	4	2.471769e-02
9	4	5	6.567159e-01
9	4	6	9.218601e-01
9	4	7	5.911889e-02
9	4	8	5.670887e-01
9	4	9	4.217713e-01
9	5	0	9.812745e-01
9	5	1	9.807021e-01
9	5	2	8.991288e-01
9	5	3	6.412979e-01
9	5	4	1.869551e-01
9	5	5	8.784473e-01
9	5	6	6.070231e-01
9	5	7	5.019426e-01
9	5	8	7.041991e-02
9	5	9	6.588337e-01
9	6	0	1.690059e-02
9	6	1	5.277625e-01
9	6	2	7.289530e-01
9	6	3	6.571172e-02
9	6	4	8.670437e-01
9	6	5	7.234094e-01
9	6	6	7.326836e-01
9	6	7	8.661694e-01
9	6	8	9.402602e-01
9	6	9	9.808013e-02
9	7	0	3.863011e-01
9	7	1	8.350540e-01
9	7	2	6.294348e-01
9	7	3	1.953314e-01
9	7	4	2.502344e-02
9	7	5	6.541525e-01
9	7	6	8.520473e-01
9	7	7	9.468835e-01
9	7	8	7.132713e-01
9	7	9	4.191360e-01
9	8	0	3.686548e-01
9	8	1	6.945459e-01
9	8	2	3.998381e-01
9	8	3	2.677836e-01
9	8	4	3.358437e-01
9	8	5	5.867933e-01
9	8	6	1.462309e-01
9	8	7	9.428668e-01
9	8	8	8.873585e-02
9	8	9	2.166508e-01
9	9	0	6.017005e-01
9	9	1	1.056364e-01
9	9	2	7.444133e-01
9	9	3	3.306535e-01
9	9	4	1.713482e-01
9	9	5	6.114570e-01
9	9	6	5.406290e-02
9	9	7	9.040318e-01
9	9	8	4.776264e-01
9	9	9	9.943231e-01
