3.039344e+00	-1.649042e+00	1.634141e+00	8.794959e-01	1.727114e+00	1.570974e+00	2.934972e+00	-3.363248e+00	-5.145818e-01	-4.398713e-03
-1.782898e+00	-7.002367e-01	3.524227e-01	3.456698e+00	-5.854978e-01	-4.184749e+00	8.972424e-03	1.817041e+00	2.229430e+00	1.875449e+00
3.579617e+00	-2.284727e+00	1.356630e+00	-1.049580e+00	-7.266274e-01	2.530849e+00	2.452942e+00	-1.859586e+00	7.358879e-01	-9.892733e-02
4.207203e+00	-3.666194e-01	-1.413304e+00	-1.769500e+00	1.761659e+00	8.998319e-01	-1.903862e+00	-3.777874e-02	-1.105582e+00	2.375758e+00
1.617461e+00	-3.803598e-01	1.438009e+00	-1.397080e+00	6.260563e-01	6.239486e-01	3.755512e+00	-2.101092e+00	1.304833e-01	7.011251e-02
2.855692e+00	1.586927e+00	-2.739351e+00	1.350988e+00	-3.620006e-02	3.107910e+00	3.772831e+00	-3.901055e+00	-1.155785e+00	-1.392024e-01
1.201307e-01	-3.633737e-01	-8.286794e-01	6.780475e-01	-2.202489e-01	1.337346e+00	3.067320e+00	-1.205984e+00	1.066690e+00	-1.248661e-03
-2.503742e+00	3.784955e+00	-2.459237e+00	3.300728e+00	3.212519e+00	7.362525e-01	-1.654822e-01	2.636518e+00	3.001484e+00	-3.283067e+00
6.622694e+00	-1.780279e+00	-1.579420e-01	3.057836e+00	-9.466610e-01	2.297982e+00	1.663635e+00	-4.580023e+00	-2.080453e+00	-5.599510e-01
1.319686e+00	-1.228616e+00	-1.388182e+00	-1.905363e+00	5.064386e-01	4.504370e-01	1.858233e+00	-7.771374e-01	3.206572e+00	-1.908534e+00
1.407249e+00	-1.079280e+00	2.450459e+00	-1.029732e+00	-2.275642e+00	1.990128e+00	5.481400e-02	3.742222e+00	-1.317409e+00	2.305570e+00
8.033374e+00	4.757582e+00	-2.627102e+00	-6.476025e+00	-4.436339e+00	1.720608e+00	-4.144413e+00	3.563409e+00	-1.315735e+00	2.298812e+00
-5.073477e-01	2.841781e+00	1.606379e+00	2.461528e-01	-3.212701e-01	2.608254e-01	1.638143e+00	3.945731e-01	-1.550794e-01	2.861586e-01
4.163505e+00	1.186614e+00	-4.996171e-01	-1.552776e+00	2.569548e+00	3.686775e-01	1.065586e+00	-2.516306e+00	-8.350838e-01	3.356124e+00
2.003282e-01	1.277896e+00	1.788618e+00	2.440939e-01	-4.917585e-02	5.794988e-01	1.876392e-01	1.567657e-01	6.878717e-01	1.602078e-01
-5.034358e-01	2.807576e+00	-7.353361e-01	-3.362414e-01	-1.659041e+00	1.201448e+00	1.596183e-01	2.196319e+00	3.415181e+00	-9.468178e-01
2.625651e+00	-1.753088e+00	-1.935070e+00	3.667563e+00	-2.120643e+00	7.705133e-01	5.313650e+00	1.454758e-01	-2.272039e+00	-2.299531e+00
2.787467e+00	-3.381634e-01	1.297065e+00	4.182083e+00	6.636392e-01	-2.709609e-02	-3.014831e+00	-8.737833e-01	9.164187e-01	-5.854127e-01
-1.997768e+00	-1.947529e+00	-2.338415e+00	4.540873e+00	6.462408e-01	2.856992e+00	1.945992e+00	-2.905395e-01	2.716813e+00	-2.869823e+00
-4.567336e+00	-4.459796e+00	-1.122206e+00	3.377236e+00	4.440702e+00	3.135641e+00	3.355411e+00	-1.939326e+00	3.594569e+00	-1.700253e+00
-9.271747e-02	1.503569e+00	1.726940e-01	9.158512e-01	1.096342e+00	9.240095e-03	-9.738547e-02	-1.452209e+00	-1.894495e+00	3.318003e+00
6.025434e-01	2.625509e-01	3.572614e+00	-8.519517e-01	-6.451579e-01	-4.951711e-01	-8.852530e-01	1.526564e+00	-1.417424e+00	2.701329e+00
9.183400e-01	4.251004e-01	4.302431e+00	6.322336e+00	6.441914e-01	-1.181416e+00	-3.631579e+00	-1.062400e+00	1.581686e+00	-4.807763e-01
8.014110e+00	1.311270e-01	-4.419511e-01	-2.249706e+00	-3.384460e+00	4.599153e+00	-8.104558e-01	5.412066e+00	-1.861281e+00	-3.717808e+00
3.786395e-01	3.070245e-01	3.181382e-01	1.216350e+00	-7.546700e-01	-1.324680e+00	-1.696073e-01	1.982205e+00	2.011239e+00	-4.066993e-01
-4.128330e+00	6.936736e-01	1.769848e+00	-1.312205e+00	3.081003e+00	7.546353e-01	7.282932e-01	-1.283083e+00	-1.226522e+00	3.475144e+00
1.764715e+00	-5.728435e-01	-5.566632e-01	1.153457e+00	6.972798e-01	3.849627e-01	8.604047e-02	2.075157e+00	-2.458934e+00	1.924442e+00
2.313252e+00	6.330111e-02	2.320935e+00	9.070544e-01	-2.148404e-01	-8.066917e-01	-3.239460e+00	-8.877107e-01	1.094793e+00	2.387788e+00
6.358195e-01	1.385990e-02	-8.718558e-03	8.685507e+00	-6.768811e-01	-2.796944e+00	-2.486786e+00	7.747699e-01	1.594854e+00	-1.128412e+00
-3.876185e-01	1.693894e-02	9.817158e-01	-2.500116e-01	2.515609e-01	-1.540581e+00	1.308558e+00	-3.928427e-02	-1.403374e+00	3.067349e+00
1.024168e+00	3.184903e+00	1.433199e+00	1.063747e+00	-1.987834e+00	6.322210e+00	9.490802e-01	1.553919e-01	9.362828e-01	-4.223358e+00
2.209430e+00	1.661969e+00	3.433970e+00	2.546796e-01	9.122322e-01	-1.365922e+00	-6.201077e-02	-1.160691e+00	-4.622409e+00	3.891394e+00
3.463995e+00	-1.718849e+00	3.076658e+00	1.134642e-02	-2.699005e-01	-2.188263e+00	3.757707e-01	1.157327e+00	-2.953288e+00	2.314376e+00
1.155496e+00	1.798108e+00	8.262259e-01	2.122247e+00	-3.067622e+00	-2.652236e+00	6.211818e-01	1.102775e+00	4.473560e+00	-5.812827e-01
1.184181e+00	-2.654542e-01	9.543477e-01	-2.447100e-01	-5.786304e-01	1.699094e+00	2.406534e+00	4.714851e-01	-5.107904e-01	7.334949e-01
1.418654e+00	3.660494e-01	-2.885448e+00	-5.741336e-01	1.555237e+00	8.949000e-01	-7.489531e-01	-1.167606e+00	2.795123e+00	1.638556e+00
3.427231e-01	2.384242e+00	2.732202e-01	6.190930e-01	-2.284061e+00	5.326933e-01	-3.113662e+00	6.098107e+00	6.108845e-02	4.760678e-01
2.739711e-01	1.944875e+00	-4.787923e-01	2.253347e-02	-1.598406e-01	7.196615e-01	1.806312e+00	-9.559962e-02	1.842647e+00	9.829440e-01
4.756118e+00	-2.187111e+00	6.401529e-01	-6.942927e-02	1.727951e-01	-2.104216e+00	4.566873e+00	-3.511513e+00	-1.320198e+00	2.317738e+00
-6.204606e+00	4.304808e+00	3.353212e+00	-3.472149e+00	6.425741e+00	1.217917e+00	-4.914926e+00	-2.851518e+00	-1.378470e+00	6.582594e+00
-4.903598e-01	-1.003801e-01	2.354702e+00	4.411851e-01	7.196099e-01	2.334232e+00	1.677621e+00	-4.906457e-01	-5.930192e-01	-1.455605e-01
7.942538e-01	9.777757e-01	-3.336686e+00	-5.700307e+00	2.712503e+00	1.227115e+00	4.280211e+00	-2.461303e+00	-2.229354e+00	3.154205e+00
-3.367771e+00	4.145745e+00	-8.023747e-01	2.548565e+00	-1.441012e+00	8.906421e-01	-1.020647e-01	5.104841e+00	2.943092e+00	-3.504969e+00
-1.447153e+00	1.972042e-01	8.538356e-01	1.115473e+00	3.455937e-02	3.124892e-01	1.490171e+00	6.509711e-01	1.453032e+00	1.257969e+00
3.724957e+00	-1.112023e+00	-5.781432e-01	9.876228e-01	-5.862397e-01	-1.223494e+00	2.615672e+00	-8.071783e-01	3.804991e-02	-3.469220e-01
-1.122068e-01	-5.468755e-02	3.774150e-01	-2.367456e-01	3.103364e-01	1.630142e+00	7.115825e-01	4.208617e-01	1.641088e+00	1.049195e+00
-5.814735e-01	2.336793e+00	1.763530e-01	-6.245025e-01	-1.739380e+00	8.502750e-02	8.838084e-01	2.533070e+00	1.894636e+00	-4.833566e-01
1.282169e-01	6.751567e-01	9.993588e-01	1.498930e+00	-1.044541e+00	7.815446e-02	-2.587014e-01	1.124038e+00	1.271348e+00	1.234364e+00
-2.483782e+00	2.828735e+00	4.941617e-01	-1.247808e+00	4.883266e-01	-7.693129e-01	2.664902e+00	-8.080700e-01	-4.308803e-01	1.640661e+00
1.336984e-01	1.900158e+00	-3.744103e-01	1.170973e+00	-9.702417e-01	-3.891685e-01	2.560074e+00	-7.350287e-01	-1.382522e-01	2.261888e-01
1.690483e+00	-4.633705e+00	4.111278e+00	3.240379e+00	-2.570874e+00	-3.053350e+00	-3.778964e+00	7.342141e+00	-2.541122e+00	1.951514e+00
2.213279e+00	3.138117e+00	4.797408e-02	-3.644272e+00	-8.564668e-01	1.200682e+00	-7.427809e-01	4.049695e-01	-1.144574e+00	1.729796e+00
-3.255823e+00	-2.731295e+00	1.013191e-01	6.638134e+00	-1.134452e+00	1.689332e+00	-7.737960e-01	4.098852e+00	3.070861e+00	-2.344683e+00
1.591195e+00	-4.345398e-01	2.784842e+00	-4.161706e-01	-6.779296e-01	5.329659e-02	1.714512e+00	-9.859766e-01	-1.169764e+00	2.271050e+00
-1.623261e+00	1.083814e+00	2.239167e+00	1.735312e+00	4.633961e-01	1.411255e+00	1.415862e+00	7.931779e-01	-5.860247e-01	-1.593424e+00
-1.472677e+00	3.258679e+00	-6.156669e-01	1.184891e+00	-6.197370e-02	1.545585e+00	-1.191732e+00	3.212040e+00	2.118448e+00	6.523682e-01
1.003140e+00	2.796282e+00	-2.767407e+00	3.791121e+00	-3.211720e+00	2.407758e-01	-9.429475e+00	1.587292e+00	4.792969e+00	2.568107e+00
4.410117e-01	1.078352e-01	-1.756575e+00	-3.740339e+00	2.252367e+00	-9.915526e-02	1.548193e+00	-9.582681e-01	2.103114e+00	3.519433e-01
2.641545e+00	2.010899e-01	-1.425847e+00	4.327635e-01	2.974432e+00	-1.302095e+00	5.598777e-01	-7.256650e+00	-3.365670e+00	5.956103e+00
1.054533e+00	4.107111e-01	2.820653e-01	1.466871e-01	-7.166444e-01	-1.319320e+00	2.760499e+00	-8.321557e-01	1.713523e+00	-5.039210e-01
3.612040e+00	7.707613e-01	-2.649842e+00	5.718995e-01	3.689098e+00	3.695716e-01	2.996913e+00	-6.092339e+00	-2.292486e+00	2.467732e+00
-2.833703e+00	-2.170283e-01	2.470538e+00	4.975601e+00	3.461501e+00	-2.148521e+00	-3.092452e+00	-2.129305e+00	1.831491e+00	2.810699e+00
4.618712e-01	-9.935208e-01	-1.612967e+00	6.702935e-01	1.403396e+00	-1.657238e-02	2.219486e+00	9.934659e-01	-1.988727e+00	-1.662662e+00
1.427297e+00	-7.137386e+00	4.571157e+00	-1.322018e+00	-3.253439e+00	-2.378479e+00	6.139806e-01	4.018725e+00	7.455513e-01	5.980900e+00
6.075108e+00	1.870427e+00	-5.001289e+00	-4.114662e-01	3.402172e-01	-3.129308e-01	7.484897e-01	-4.305647e+00	-5.186851e+00	4.373853e+00
-2.053427e+00	-3.225191e+00	-4.945261e-01	2.953530e+00	5.385133e-01	2.546921e+00	4.521488e-01	2.202679e+00	1.666575e+00	-1.146318e+00
-2.925380e+00	-4.952067e-01	5.195875e-01	3.650789e+00	-3.091621e+00	-2.885468e+00	1.193706e+00	4.494453e+00	2.913835e+00	3.879144e-01
-3.537120e+00	-1.369431e+00	2.133987e+00	4.607238e+00	1.683613e+00	6.258129e-01	1.896594e+00	3.380450e+00	3.804521e+00	-5.793158e+00
2.503585e-01	-2.262937e+00	1.801874e+00	-1.501993e+00	1.038229e+00	-2.051012e-01	1.205302e+00	2.004782e+00	-2.936011e+00	3.683708e+00
-1.972758e+00	8.401694e-01	-1.313677e+00	-6.416583e+00	4.366998e+00	-1.734582e+00	3.304530e+00	-2.983145e+00	-6.047798e-01	4.952385e+00
-3.938749e+00	-3.330727e+00	-4.868493e-01	1.956543e+00	4.501328e+00	2.182663e+00	3.579693e+00	-8.472967e-01	2.588543e+00	-2.335833e+00
1.756630e+00	-1.207096e+00	4.032222e+00	5.563218e-01	1.576858e+00	9.038593e-01	-3.400020e+00	2.622723e-01	-3.637201e+00	5.733372e+00
6.164762e+00	-1.593669e+00	1.616764e+00	-1.679476e+00	1.415587e-01	2.877634e+00	6.853786e-01	-3.802824e-01	-3.034842e+00	6.478090e-01
-6.406533e-01	2.732218e+00	-1.807862e+00	2.555226e-01	-3.480838e-01	1.512506e+00	6.449749e-01	2.404717e+00	1.525858e+00	7.746325e-01
-1.539145e+00	1.833263e+00	1.220391e-01	2.222735e+00	-1.127098e+00	-9.139241e-01	7.635592e-01	8.316999e-01	1.476667e+00	-8.332371e-01
-6.741522e-01	-7.930992e-01	2.071974e+00	-1.644794e+00	2.610688e+00	2.210795e+00	3.423446e+00	-2.557235e+00	3.348153e-01	6.863974e-01
5.586837e-01	-1.079487e+00	1.480547e+00	-1.568095e+00	-1.675415e-01	7.440594e-01	2.452109e+00	-3.228498e-01	3.584497e-01	1.117106e+00
5.065183e-01	1.420457e+00	6.327806e-01	-1.955904e-01	-4.836258e-01	1.174503e+00	3.625151e-01	-3.331719e-01	9.195394e-02	1.706213e+00
1.615091e+00	1.039080e+00	2.306643e+00	-1.067045e+00	-2.043027e-01	8.091125e-01	1.209221e+00	-4.345435e-01	-1.318880e+00	1.409615e+00
-8.588816e-01	-2.598125e-02	1.346629e+00	3.812197e-01	1.838116e+00	2.643577e+00	7.971359e-01	-9.410805e-01	1.114230e+00	9.191300e-01
1.812173e+00	2.648236e+00	-2.473395e+00	-2.182359e+00	1.216243e+00	-6.239643e-01	1.390742e-01	2.795170e+00	-1.308617e+00	1.157645e+00
-1.721227e+00	-2.270565e-01	2.275855e+00	1.703518e-01	1.076103e+00	1.560812e+00	2.050834e+00	-3.677792e-01	6.660608e-01	1.160291e+00
3.895791e-01	-7.038048e-01	-2.648892e-01	1.962496e-01	7.289233e-02	2.065021e+00	2.144177e+00	-8.999254e-01	5.223469e-01	1.990693e+00
1.211661e+00	9.293192e-01	1.027017e+00	2.123056e+00	-1.405047e+00	7.428746e-01	2.076456e+00	3.197140e-01	-1.319463e+00	8.353444e-01
2.506036e+00	-1.240390e+00	1.000270e+00	7.563601e+00	-9.993197e-01	-3.982323e+00	-1.812522e+00	-1.014169e+00	2.554668e+00	-4.735388e-01
-5.662731e+00	2.690439e+00	1.855749e+00	5.189380e+00	-4.956976e-01	9.332456e-01	1.346983e+00	2.468746e+00	3.140904e+00	-3.980462e+00
1.543294e+00	1.637035e+00	1.519622e+00	-1.712948e+00	3.371668e-02	1.063186e+00	1.375237e+00	-4.069905e-01	-1.595323e+00	1.475637e+00
6.911522e+00	-3.952261e+00	3.730261e+00	-4.870399e+00	-1.061892e+00	6.068170e-02	-3.620307e+00	1.112975e+00	-2.355322e+00	4.230588e+00
1.504112e+00	1.780572e+00	1.176831e-01	1.593893e+00	-1.438118e+00	-4.460348e+00	1.256039e+00	7.073645e+00	1.214688e-01	-2.797695e+00
-6.029390e-01	1.457467e+00	-1.398432e+00	-2.371022e-01	2.554465e+00	1.407078e+00	-1.006051e+00	2.310913e+00	2.200360e+00	-7.338208e-01
2.923595e+00	7.739823e-02	1.771131e-01	-1.344885e+00	-2.238750e+00	2.147786e+00	2.901612e-01	8.218849e-02	1.826049e+00	7.085934e-01
-3.301416e+00	6.464820e-01	2.810612e+00	-3.709129e-01	1.995275e+00	1.193350e+00	-1.971342e-01	-1.104970e-01	-1.388412e+00	2.445548e+00
2.990379e-01	6.208218e-01	-3.276668e+00	1.758970e+00	7.287729e-01	-4.227719e+00	4.785928e+00	4.368660e-01	-2.093937e-01	7.260891e-01
7.190068e+00	-1.327988e+00	-5.623177e+00	9.114301e-02	-5.559777e+00	-2.995232e+00	9.547962e+00	9.277300e-01	1.427257e+00	-3.880835e+00
1.049849e+00	-4.660172e-01	-1.040074e+00	-2.765428e+00	4.659373e+00	6.414267e-01	-4.429218e-01	-3.357504e-01	1.106964e+00	8.881876e-01
5.506615e-01	-6.812022e+00	1.748442e+00	3.151591e+00	2.570039e+00	2.219224e+00	1.522966e+00	-1.135516e+00	-2.814847e+00	2.083365e+00
1.271570e+00	-2.445886e+00	7.850601e-01	-2.409908e-02	-7.738534e-01	2.766739e+00	3.876244e+00	9.671895e-01	2.757265e+00	-4.091830e+00
5.649977e-01	6.320876e-01	5.115719e-01	9.245849e-02	1.822317e+00	2.213771e+00	2.076937e+00	-1.217482e+00	2.371048e-02	1.122444e+00
2.377715e+00	-6.170945e-02	-9.658419e+00	-2.925431e+00	-3.066529e+00	-6.304540e+00	1.100154e+01	-1.901024e+00	4.979502e+00	-1.830768e+00
-1.005725e+00	1.136148e+00	-2.873674e+00	-5.791512e+00	7.460523e-01	1.412215e+00	5.284077e+00	1.877079e-02	-1.014792e+00	1.616878e+00
1.516270e+00	-3.965750e+00	3.810563e+00	1.950232e+00	2.955389e+00	-2.270745e+00	2.873642e+00	-4.428840e+00	-1.941957e+00	5.889959e+00
9.808884e-01	1.159154e-01	-1.408053e+00	-9.983733e-01	-1.220910e-01	-1.312724e-01	2.259556e+00	-3.171270e-01	-4.688546e-01	3.286077e+00
1.235704e+00	1.371966e+00	-1.739164e-02	-2.302220e+00	2.997918e+00	-1.643827e+00	2.732959e-01	-8.516044e-02	7.153103e-01	-1.529035e-01
1.425544e+00	1.896321e+00	-1.046871e+00	-3.468268e-01	1.046822e+00	-4.185415e-01	1.055490e+00	-1.849674e+00	3.545778e-01	1.912910e+00
8.325839e-01	-1.901614e+00	1.937786e+00	1.616871e+00	-3.073026e+00	1.340308e+00	-2.498130e-01	2.998062e+00	-2.025604e+00	1.056254e+00
1.978300e+00	1.328548e+00	-3.145061e+00	-1.156417e+00	2.372649e+00	2.000407e+00	8.358791e-01	-1.456777e+00	1.692498e+00	-1.812141e-01
-2.044644e+00	1.615829e-01	3.145155e+00	5.492024e+00	4.022946e+00	-8.369557e-01	-5.648809e+00	-2.398758e+00	1.137348e+00	3.183631e+00
1.705081e-01	4.876066e-02	2.416326e+00	1.026702e+00	-7.695854e-01	-6.606091e-01	2.045223e+00	2.562842e+00	-9.383569e-01	5.973664e-03
-6.642346e-01	-2.525037e+00	-5.246550e-01	2.297644e+00	-1.953694e+00	-4.967331e-01	1.866794e+00	-7.631193e-01	1.599526e+00	3.338440e+00
-8.601029e-01	-1.354622e+00	1.521498e+00	2.117010e+00	1.449623e-01	7.952733e-01	2.047783e-01	2.533606e+00	3.236961e+00	-3.272516e+00
-4.838342e+00	2.786481e-01	2.657992e+00	-4.700493e-01	3.383560e+00	1.309532e+00	-1.088084e-01	-9.136910e-01	-2.067130e+00	3.413951e+00
6.118753e-01	-5.824790e-01	1.405071e+00	5.202973e+00	3.192656e-01	-3.030112e+00	-3.161986e+00	-7.813312e-01	1.860567e+00	1.789762e+00
-2.717083e+00	-2.811573e+00	2.848024e+00	-1.073827e+00	6.752279e+00	5.075617e+00	1.100355e+00	-3.406419e+00	-5.873594e+00	4.002912e+00
2.068131e+00	4.169956e+00	-2.361110e+00	2.877041e+00	-4.768455e+00	-3.965225e-01	-5.767191e+00	1.152400e+00	5.643948e+00	-1.310182e+00
1.668449e+00	-2.985910e+00	1.198810e+00	-7.597231e-02	4.968954e-01	2.100076e+00	-4.749754e-01	1.000430e+00	-7.837182e-01	4.380581e+00
2.873244e+00	2.844707e+00	-3.390589e+00	7.852777e-01	-3.272817e+00	3.543433e+00	-1.191887e+00	4.370552e+00	2.139192e+00	-2.932366e+00
-2.344681e+00	-3.934426e-01	-2.094964e+00	3.401023e+00	-8.840139e-01	2.525498e-01	3.256197e+00	-1.842467e+00	2.947494e+00	-6.558133e-01
-2.040327e+00	-2.513162e+00	-1.339961e+00	2.810158e+00	1.315404e+00	1.931581e+00	2.310395e+00	3.171061e-01	2.399303e+00	-2.907205e+00
1.293696e+00	2.361211e+00	-2.741030e+00	1.221822e+00	2.881873e-01	-1.255431e+00	3.572723e+00	8.027820e-01	-2.998528e-01	3.028657e-01
-3.503695e-01	-1.561603e+00	2.118679e-01	-4.995711e-01	3.184099e+00	-1.069546e+00	2.661215e+00	2.022984e+00	-1.961381e+00	-2.289825e+00
-1.001146e+00	-6.177075e+00	3.336403e+00	-2.796341e-01	1.971864e+00	1.494604e+00	1.457140e-01	-5.235547e-01	-3.785760e+00	6.421876e+00
-2.693314e+00	-1.844638e+00	-1.074258e+00	6.564401e+00	-2.229329e+00	2.521448e+00	6.048656e-01	3.662424e+00	2.216698e+00	-3.477746e+00
-5.745725e-01	2.105928e+00	5.011946e-01	-1.168292e+00	3.894152e-03	-9.557483e-01	-1.469980e-01	-2.166142e-01	-8.977660e-01	3.000044e+00
-1.724782e+00	2.702404e+00	-1.122276e+00	-5.452552e-01	-3.208939e-01	9.773714e-01	1.020741e+00	2.493686e+00	2.912092e+00	-6.324873e-01
1.931320e+00	-4.336886e-01	1.649504e+00	1.219266e+00	2.588465e-01	-2.155079e+00	-5.885959e+00	-1.762167e-01	1.289253e+00	4.440960e+00
-4.342540e-01	9.998501e-01	1.101275e+00	6.252425e-01	-4.551057e-01	-8.857573e-01	1.431003e+00	1.399742e+00	-4.380323e-01	1.105788e+00
1.273725e+00	5.332370e-01	-1.732805e+00	-1.970941e+00	3.691792e+00	1.974279e-01	-6.493902e-01	1.388271e+00	7.413048e-01	1.234963e-01
1.554506e+00	-5.706513e+00	4.029941e-01	5.418041e+00	-3.369270e+00	-1.828664e+00	4.156803e+00	9.666341e-01	5.899542e+00	-2.128182e+00
2.065080e+00	2.081343e+00	1.582911e+00	-9.371780e-01	-1.632245e-02	-2.502366e+00	2.489956e+00	5.333376e-01	-3.332417e+00	1.602974e+00
2.712007e+00	3.603959e-01	1.002101e-01	1.014312e+00	-1.969778e+00	6.441809e-01	7.317934e-01	7.550503e-01	7.434307e-01	-2.196540e-02
-1.253132e+00	-2.028790e+00	-7.962932e-01	5.513648e-01	-2.475388e-01	5.376260e-01	2.565985e+00	-5.095150e-01	-1.089111e+00	4.559668e+00
2.487958e-01	-2.451369e-01	-2.694217e+00	-3.365337e-01	-1.492172e+00	-2.836228e+00	4.599508e+00	1.298331e-01	5.049580e+00	-2.427306e+00
-8.696267e-01	7.980168e-01	1.627656e+00	5.919595e-01	-6.855312e-01	-7.372582e-01	1.160008e+00	3.619796e-01	-3.463103e-01	1.488634e+00
5.298681e-01	-6.388619e+00	1.804816e+00	-1.882465e+00	2.709126e+00	-4.298439e+00	5.878750e+00	-3.048782e+00	-2.355660e+00	2.525100e+00
-5.773094e+00	2.769440e+00	4.776210e+00	3.575732e+00	3.832302e+00	1.996335e+00	-1.379065e+00	-7.463740e-01	3.403287e-01	-8.020582e-02
1.202077e-01	2.955167e+00	-5.442736e-02	6.972585e-01	-4.462346e-01	1.173303e+00	-1.622308e+00	2.906922e+00	7.177728e-01	1.485244e+00
-4.422925e+00	-3.876207e+00	-1.257123e+00	3.212731e+00	4.601094e+00	3.416724e+00	4.046067e+00	-2.439082e+00	3.485950e+00	-1.876994e+00
-3.427401e-01	2.438639e+00	-2.924728e+00	7.502022e-01	5.198133e-01	-1.614504e+00	8.221215e-01	-1.135475e+00	4.432424e+00	9.861952e-01
4.187060e-01	-1.456662e+00	-4.140519e-01	2.653743e-01	-2.579054e+00	2.106550e+00	1.331194e+00	2.163409e+00	2.265347e+00	3.566499e-01
1.014507e+00	-3.902934e-01	1.604295e+00	-2.031330e+00	-3.740206e-01	1.434976e+00	6.130500e-01	8.543284e-01	7.597205e-01	1.072040e+00
-7.318781e-01	1.458601e+00	-2.331981e+00	7.879611e-01	3.172826e+00	1.155812e+00	-6.646957e-01	7.495944e-01	2.537140e+00	-6.863630e-01
1.060982e+00	1.557240e+00	2.498029e+00	-6.166622e-01	-1.760356e-01	-8.191043e-01	5.039278e-01	8.651925e-01	4.296180e-01	9.469533e-01
1.475704e+00	-2.282665e-01	2.229694e-01	-2.402604e+00	-7.838919e-01	3.620807e+00	-2.904300e+00	4.076233e+00	-2.774850e+00	4.861126e+00
-4.696480e-02	-7.466414e-01	1.917662e+00	-6.134685e-01	-1.097262e+00	6.394306e-01	5.485274e-02	2.624927e+00	2.703415e+00	6.243189e-02
4.106160e+00	3.023307e+00	-3.767475e+00	-2.708134e+00	-1.090722e+00	-2.620389e+00	-3.879626e-02	3.846136e+00	-3.311182e+00	9.729809e-01
2.772333e+00	1.663024e+00	-1.734889e+00	-1.687760e+00	-1.522201e+00	-1.485604e+00	2.137631e+00	3.590999e+00	-1.756380e-01	-2.102740e+00
-3.072902e+00	2.232851e+00	3.259355e+00	2.874580e+00	4.790019e-01	-2.233910e-01	-3.842089e-02	1.559529e+00	3.019636e-01	-8.746795e-01
-6.748082e-01	-3.493876e+00	1.225446e+00	4.065610e-01	2.683370e+00	-1.191551e+00	3.051021e+00	6.583938e-01	-1.692661e+00	-2.302815e+00
-2.096261e+00	-3.111644e+00	8.350977e-01	2.461477e+00	1.332420e+00	-1.576684e+00	4.758347e+00	-2.931486e+00	2.444110e-01	2.396126e+00
-3.949328e-01	8.916527e-01	3.124106e+00	2.217758e+00	-1.448653e+00	-1.437973e-01	7.822272e-02	3.682127e+00	-2.025884e-01	-4.891848e-01
-2.552575e-01	-5.274518e-01	-1.831690e+00	1.473936e-02	2.308395e-04	-1.411881e+00	2.894608e+00	-1.301500e+00	-3.748749e-01	2.499219e+00
-1.244884e+00	-3.148687e-01	2.758386e+00	8.771782e-01	2.508312e-01	8.472626e-01	2.300776e+00	1.948032e-01	2.718685e-01	3.705891e-01
1.863036e+00	6.233033e-02	-2.208205e+00	-7.208819e-01	1.051887e+00	5.345761e-01	3.707515e+00	-2.135922e+00	2.471903e+00	-1.626326e+00
-3.361301e+00	-6.599083e-01	-4.471579e-02	-9.720381e-01	1.632926e+00	-1.287599e+00	3.303505e+00	1.265713e+00	-2.083390e+00	2.243797e+00
2.849367e-01	6.168760e-01	-5.462810e-01	-2.061483e+00	3.178432e+00	5.560284e-01	-1.285803e+00	2.172637e+00	1.667351e+00	7.281266e-03
-6.202276e-01	7.543594e-01	1.519625e+00	-1.811528e+00	1.265392e+00	1.564904e+00	2.151828e+00	-6.210067e-01	1.804543e+00	-3.651974e-01
-1.680643e+00	6.427573e-01	-6.351786e-01	1.346762e+00	2.117180e-01	3.722707e+00	1.724600e+00	-9.735138e-01	2.692003e+00	8.055863e-01
-5.440829e-01	9.405333e-02	3.186813e+00	-3.086906e+00	1.394885e+00	-1.040028e+00	1.379759e+00	3.415588e+00	-2.018886e+00	-6.564034e-02
-8.992000e-01	-3.152307e-02	9.377900e-01	1.222396e+00	3.142564e-01	9.633661e-01	4.010549e+00	-1.275321e+00	1.215429e+00	-7.073068e-01
1.152510e+00	4.076058e-01	2.477372e-01	4.547008e-01	-1.332943e+00	6.732753e-01	9.888642e-01	1.349036e+00	1.287271e+00	3.719118e-02
-2.798466e+00	-1.671324e+00	-2.034401e-01	3.624200e+00	6.839553e-01	2.156600e+00	1.599245e-01	2.914675e+00	3.699745e+00	-2.859378e+00
4.183276e+00	1.784726e+00	-1.969226e+00	-3.652405e+00	-1.333273e+00	4.280094e-02	-5.023906e+00	6.472290e+00	2.556966e-01	8.315985e-01
1.434035e+00	-1.677791e+00	-2.293976e+00	-3.219332e+00	1.630840e-01	3.074780e+00	-3.952555e+00	5.874685e+00	-1.603172e+00	3.014469e+00
9.968086e-01	1.483525e+00	-1.394562e+00	-4.350597e+00	6.881147e-01	1.139502e+00	-1.127454e+00	2.513597e+00	2.089950e-01	1.560160e+00
-5.336286e-01	8.031449e-01	1.315437e+00	6.344379e+00	4.788223e-02	-2.923934e+00	-3.896500e+00	1.014030e+00	3.483170e+00	3.853831e-01
1.992563e+00	1.986426e+00	2.699963e+00	-1.814302e+00	2.715781e-01	5.810350e-02	1.156655e+00	2.651929e-01	-2.181447e+00	9.288914e-01
7.614984e+00	-4.512906e+00	1.988209e+00	-3.622226e+00	-1.463863e+00	2.289209e+00	-3.443593e-01	2.291442e+00	-3.087399e+00	1.737181e+00
7.395193e-01	1.459995e+00	1.304044e+00	-1.367855e+00	4.054138e+00	1.849720e+00	-5.032895e-01	-1.827801e+00	-2.723874e+00	2.986350e+00
9.478233e-01	-2.750813e+00	1.269702e+00	-1.306111e-02	-1.286626e+00	3.684897e-02	2.316133e+00	7.660952e-01	-1.088045e+00	4.179740e+00
1.670488e+00	-2.043634e+00	5.670051e+00	9.984918e-01	1.418134e+00	6.816779e-01	-7.578706e+00	1.310074e-01	-2.613587e+00	5.688297e+00
-1.810042e+00	8.488128e-01	4.287777e-01	6.406938e-01	-9.887183e-01	1.349291e-01	1.070628e+00	3.229870e+00	7.837688e-01	2.354247e-01
-2.773812e+00	3.180515e+00	6.051069e+00	-3.435270e+00	4.829630e+00	4.479344e+00	-6.263982e+00	-6.579194e-01	-2.069976e+00	3.859061e+00
5.392266e-01	1.258813e+00	1.156984e+00	3.654992e-01	2.419143e-02	5.852031e-02	6.958066e-01	-3.402192e-01	1.706857e+00	-2.401428e-01
1.305495e+00	-1.299356e+00	4.992462e-01	9.429989e-01	-6.430718e-01	6.003187e-01	1.470471e+00	1.022057e+00	2.964247e+00	-1.421292e+00
9.013166e-01	3.994872e+00	9.815789e-01	1.173992e+00	-1.285339e+00	-2.151091e+00	-7.373734e+00	2.491281e+00	3.689122e+00	2.047873e+00
2.131680e+00	-1.101759e+00	2.144102e+00	4.794568e+00	-1.224814e+00	-1.356494e+00	-2.447635e+00	-1.264022e-01	1.772225e+00	3.982102e-01
2.947452e+00	-1.795109e+00	9.726182e-01	-1.165967e+00	-1.633476e-01	-2.014240e+00	1.764272e+00	-8.615002e-01	8.227536e-02	4.616094e+00
2.277460e+00	-2.041930e+00	5.457069e-01	-2.421493e-02	1.739135e+00	1.627541e+00	3.101347e+00	-3.800667e+00	-8.045392e-01	2.467740e+00
-7.726051e-02	1.586409e+00	-1.289654e+00	1.698577e+00	-1.733336e+00	-4.497670e-01	1.061035e+00	1.034023e+00	2.856737e+00	-3.054759e-01
1.291728e+00	-5.028949e+00	4.498322e+00	4.174151e+00	7.541374e-02	1.043560e+00	1.284068e+00	-1.746669e+00	7.321602e-01	1.682442e-01
