-6.191456e-03	-3.432137e-02	6.734972e-02	-6.825305e-02	4.349381e-02	2.843974e-02	1.889931e-02	-4.638211e-02	-3.821577e-02	6.385185e-02
8.254286e-03	-1.293597e-02	5.352635e-02	-6.097608e-02	1.115097e-02	4.878451e-03	3.046046e-02	-3.413749e-02	-4.059481e-02	6.435388e-02
-1.073716e-03	-2.237288e-02	3.407738e-02	-5.186084e-02	1.859657e-02	1.568766e-02	5.078418e-02	-3.191205e-02	-5.068871e-02	6.351269e-02
2.737457e-02	-1.149320e-02	2.002753e-02	-2.995148e-02	6.755905e-03	-5.361555e-03	6.144182e-02	-3.058845e-02	-8.363122e-02	6.941037e-02
4.812747e-02	-2.633002e-02	2.026571e-02	-7.089258e-02	2.460637e-02	3.482774e-02	5.547062e-02	-3.471305e-02	-9.476854e-02	7.166375e-02
8.165572e-02	2.358644e-03	8.110657e-03	-8.856498e-02	1.029369e-05	7.888306e-03	5.550135e-02	-8.946259e-03	-9.648888e-02	6.997591e-02
8.321963e-02	-6.032438e-03	1.220707e-03	-8.364617e-02	1.263772e-02	5.385929e-03	5.046565e-02	9.761367e-03	-1.017285e-01	6.307136e-02
9.440787e-02	-8.417689e-03	-5.528892e-03	-6.813671e-02	4.852232e-03	-1.117717e-02	5.356889e-02	3.630657e-03	-1.035138e-01	7.650919e-02
1.063661e-01	-2.997178e-02	-8.746879e-03	-1.029473e-01	3.109246e-02	3.350538e-02	4.666796e-02	-5.632704e-03	-9.390234e-02	6.427216e-02
1.195238e-01	-3.936298e-03	-2.272818e-03	-1.172013e-01	1.023091e-03	1.783738e-03	4.904843e-02	1.179617e-02	-7.466549e-02	5.811125e-02
9.999633e-02	-1.417579e-02	2.966424e-03	-1.077773e-01	2.015192e-02	4.112379e-03	4.184969e-02	1.971320e-02	-7.786553e-02	5.830435e-02
1.002128e-01	-1.705640e-02	2.759816e-03	-8.028891e-02	1.113775e-02	-2.013775e-02	3.699793e-02	8.087538e-03	-5.580585e-02	6.120042e-02
1.056999e-01	-3.156260e-02	-2.020729e-03	-1.221047e-01	3.054424e-02	3.515282e-02	2.559768e-02	-9.349512e-03	-2.940982e-02	4.658666e-02
1.100265e-01	-1.571563e-03	1.866924e-03	-1.349716e-01	5.681356e-03	1.111572e-02	2.368664e-02	2.877149e-03	-2.567074e-02	5.559542e-02
9.376731e-02	-1.391467e-02	-6.036549e-03	-1.371042e-01	2.963195e-02	1.961622e-02	2.724901e-02	-7.236133e-04	-3.756429e-02	7.757809e-02
8.719601e-02	-1.627477e-02	-1.358168e-02	-1.078691e-01	2.500689e-02	4.758905e-03	3.158559e-02	-2.745680e-02	-3.291521e-02	9.957766e-02
9.163303e-02	-2.416321e-02	-2.107884e-02	-1.437899e-01	4.340874e-02	6.709220e-02	3.325330e-02	-4.973732e-02	-3.388152e-02	8.944264e-02
1.079295e-01	1.053163e-02	-1.901343e-02	-1.588372e-01	7.387441e-03	3.390804e-02	3.959571e-02	-2.973029e-02	-2.343623e-02	8.446077e-02
8.036164e-02	2.536883e-03	-1.499327e-02	-1.366753e-01	2.964039e-02	3.491703e-02	4.117070e-02	-2.368705e-02	-3.906598e-02	8.098244e-02
8.173829e-02	7.278527e-03	-2.335678e-02	-1.011125e-01	1.392660e-02	1.279171e-02	4.575303e-02	-3.887786e-02	-3.730753e-02	9.105474e-02
8.174104e-02	3.980609e-04	-2.780460e-02	-1.242404e-01	2.923196e-02	6.722620e-02	4.204000e-02	-5.253516e-02	-2.534499e-02	6.138783e-02
9.730426e-02	3.699661e-02	-2.409330e-02	-1.419185e-01	-8.353628e-03	3.914835e-02	4.431400e-02	-3.154268e-02	-1.760115e-02	5.907847e-02
6.396425e-02	2.920046e-02	-1.674071e-02	-1.212237e-01	1.961582e-02	4.177427e-02	3.485398e-02	-2.287227e-02	-3.243665e-02	5.995054e-02
6.475801e-02	3.128009e-02	-1.428920e-02	-8.969823e-02	5.413569e-03	1.615438e-02	3.353244e-02	-4.274795e-02	-3.018486e-02	8.104643e-02
5.248482e-02	2.629812e-02	-2.384235e-02	-1.210851e-01	2.448964e-02	8.973729e-02	6.140556e-03	-5.244082e-02	-2.729553e-02	7.392602e-02
4.855512e-02	6.178282e-02	-1.606782e-02	-1.352251e-01	-1.750655e-02	6.013267e-02	3.399093e-03	-3.457877e-02	-8.154095e-03	8.600062e-02
1.206590e-02	4.629212e-02	-1.550911e-02	-1.198401e-01	1.076844e-02	6.916224e-02	-7.009307e-03	-2.411911e-02	-2.060570e-02	9.805531e-02
1.481934e-02	4.365536e-02	-2.560076e-02	-8.416837e-02	-1.186208e-02	4.417889e-02	-7.977674e-04	-4.041366e-02	-1.287419e-02	1.178452e-01
1.274617e-02	3.291997e-02	-2.460902e-02	-1.078526e-01	5.060805e-03	1.036385e-01	-2.573169e-02	-3.655417e-02	-5.941482e-03	8.735161e-02
1.406444e-02	6.705912e-02	-2.217816e-02	-1.234231e-01	-4.602021e-02	7.246416e-02	-1.770787e-02	-1.505181e-02	2.175688e-02	9.184517e-02
-1.308592e-02	4.843074e-02	-3.357361e-02	-1.011540e-01	-1.870090e-02	7.764336e-02	-1.083697e-02	-6.536595e-03	2.127796e-03	1.026464e-01
6.069544e-03	4.414260e-02	-5.095734e-02	-6.601231e-02	-3.810062e-02	4.790236e-02	6.832582e-03	-2.298400e-02	1.003566e-03	1.174933e-01
