7.170063e-01	2.710940e-01	3.569034e-01	7.583593e-01	5.975014e-01	8.195369e-01	3.934605e-01	5.208833e-01	5.441834e-01	6.573501e-01
-2.190562e-01	4.130842e-01	2.111992e-02	1.797762e-01	2.189447e-01	9.231586e-01	3.765796e-01	5.957888e-01	3.453893e-01	6.297666e-01
7.562705e-01	3.553507e-01	3.916760e-01	7.321264e-01	6.856877e-01	7.831402e-01	4.527532e-01	5.700745e-01	5.457196e-01	8.183904e-01
8.706082e-01	8.612024e-01	1.006074e+00	1.378537e+00	3.405766e-01	9.658828e-01	-5.671708e-01	4.754940e-01	8.666146e-01	2.246794e-01
6.647621e-01	5.640764e-01	-1.537992e-02	9.820288e-01	1.274064e+00	8.514588e-01	2.409304e-01	2.321827e-01	-4.367628e-01	4.122638e-01
5.540319e-02	6.371998e-01	4.058211e-01	3.329639e-01	9.921094e-02	9.566567e-01	1.630749e-01	1.685229e-01	3.983884e-01	8.483316e-01
3.680461e-01	7.357786e-01	2.864682e-01	1.078206e+00	1.433356e+00	9.899227e-01	8.853320e-01	3.999615e-01	3.708878e-01	5.701987e-01
3.673183e-01	3.622226e-01	1.186473e+00	1.641104e+00	6.569466e-01	6.997329e-01	8.299684e-01	2.077781e-02	1.019237e+00	7.808065e-01
7.206858e-01	1.181775e+00	1.208830e+00	5.147066e-01	6.570213e-01	-4.729225e-01	-4.306078e-02	6.043405e-01	1.247654e+00	1.091626e+00
2.923478e-02	3.317629e-01	3.399362e-01	8.178722e-02	4.184272e-01	1.002234e+00	6.865873e-01	3.809449e-01	6.489431e-01	3.314241e-01
-2.007944e-01	3.820485e-01	5.695892e-01	1.038331e-01	7.934072e-01	1.078018e+00	9.976780e-02	6.955076e-01	-1.253705e-01	8.457374e-01
8.111524e-01	5.129189e-01	5.660630e-01	8.981184e-01	6.964229e-01	8.170435e-01	4.975428e-01	6.322416e-01	5.051513e-01	7.776657e-01
-2.407931e-01	9.984186e-01	7.972124e-01	4.096878e-01	7.091824e-01	2.445092e-01	5.454943e-01	3.180498e-01	1.199047e+00	1.244371e+00
4.418725e-01	4.891106e-01	3.728271e-01	6.735206e-01	9.146505e-01	7.751187e-01	6.504183e-01	5.311029e-01	4.325365e-01	3.778346e-01
2.556018e-01	6.012575e-01	1.561140e+00	3.410124e+00	1.510399e-01	9.411438e-01	-8.800641e-01	1.839210e+00	-6.604637e-01	-8.569226e-02
5.518110e-01	5.106440e-01	1.305437e-01	9.544176e-01	7.984067e-01	9.624901e-01	7.254491e-01	8.768101e-01	8.091232e-01	2.768654e-01
5.107245e-01	4.244236e-01	1.034128e-01	4.921716e-01	6.024769e-01	7.083297e-01	8.547023e-01	5.438378e-01	7.029255e-01	5.538599e-01
3.235009e-01	4.341098e-01	1.389114e+00	1.678637e+00	6.135477e-01	6.273100e-01	8.832242e-01	-3.913770e-02	1.159813e+00	8.288078e-01
7.422039e-01	3.876004e-01	5.310714e-01	7.192290e-01	7.503431e-01	9.189836e-01	5.832760e-01	5.680912e-01	5.698434e-01	6.773428e-01
4.118956e-01	5.219871e-01	2.480874e-01	1.530290e+00	9.498345e-01	1.149142e+00	-2.866814e-01	4.246870e-01	7.372630e-01	-4.003408e-01
2.473737e-01	6.624813e-01	-3.140382e-02	4.136369e-01	9.059316e-01	5.991788e-01	9.076267e-01	5.593624e-01	5.659501e-01	7.903930e-01
7.617575e-01	8.291194e-02	6.183102e-01	1.407852e+00	8.873516e-01	8.779698e-01	3.397018e-01	1.553023e-01	1.103093e+00	4.230817e-01
6.200255e-01	1.168003e+00	1.221544e+00	5.057336e-01	6.945842e-01	-3.307590e-01	-5.957651e-02	5.740690e-01	1.170403e+00	1.018255e+00
5.804564e-01	1.965642e-01	7.697175e-01	1.411611e+00	9.509975e-01	8.192056e-01	4.617583e-01	3.973515e-02	1.003435e+00	3.709189e-01
5.187195e-01	2.503345e-01	3.995454e-01	1.371387e+00	9.448520e-01	1.114928e+00	-2.921617e-01	5.804102e-01	7.132631e-01	-1.360596e-01
7.214279e-01	1.184231e-01	7.053542e-01	1.427224e+00	1.002267e+00	8.641934e-01	3.156612e-01	1.424624e-01	1.163123e+00	4.094939e-01
4.359811e-01	3.012165e-01	5.475656e-01	1.556168e+00	8.327540e-01	9.795678e-01	-4.354905e-01	5.151685e-01	6.053739e-01	-1.828194e-01
2.830913e-01	3.594574e-01	2.005966e-01	4.222106e-01	2.072726e-01	8.003528e-01	5.861365e-01	3.627467e-01	8.054178e-01	3.409739e-01
9.326765e-02	1.169664e+00	3.423808e-01	3.849879e-01	8.074781e-01	2.952483e-01	8.895298e-01	2.706357e-01	1.328965e+00	2.326383e-01
7.927238e-03	8.563810e-01	2.785383e-01	5.515612e-01	1.077096e+00	3.254829e-01	1.025316e+00	2.651094e-01	1.213516e+00	4.427215e-01
6.137166e-01	1.076480e+00	1.208144e+00	4.974940e-01	6.484477e-01	-3.574304e-01	-9.077577e-02	6.088541e-01	1.201471e+00	1.094788e+00
8.002634e-01	3.678172e-01	4.574485e-01	6.751913e-01	5.702984e-01	7.318259e-01	3.291892e-01	5.013068e-01	5.578573e-01	7.269532e-01
-1.742623e-01	9.432821e-01	-3.197285e-01	1.283121e+00	7.719002e-01	1.452088e+00	1.361025e+00	-1.613440e-01	8.186260e-01	1.191952e+00
4.708226e-01	3.940843e-01	5.006358e-01	1.035541e+00	7.995338e-01	1.254356e+00	5.763582e-01	6.814744e-01	4.183052e-01	5.086956e-02
3.431409e-01	5.665475e-01	2.047861e-01	-2.157437e-02	1.801579e-01	5.668934e-01	3.219228e-01	4.280305e-01	8.577589e-01	6.054848e-01
8.132729e-01	-3.975329e-02	6.694789e-01	9.711481e-01	1.417140e+00	1.160821e+00	5.837160e-01	2.449499e-01	5.099150e-03	2.561538e-02
7.192738e-01	8.192981e-02	6.553657e-01	1.347648e+00	9.767367e-01	7.979017e-01	3.768096e-01	2.327950e-01	1.136531e+00	4.840757e-01
8.346414e-01	8.512185e-01	1.156457e+00	1.447542e+00	5.283538e-01	1.094976e+00	-6.886007e-01	4.845402e-01	8.013613e-01	-2.390188e-02
6.930140e-01	1.236731e+00	1.248199e+00	4.471294e-01	5.385455e-01	-5.543050e-01	-7.001934e-02	5.772193e-01	1.347559e+00	1.149899e+00
7.174817e-01	1.650613e-01	6.530656e-01	1.393056e+00	8.918777e-01	8.215604e-01	3.131509e-01	1.068315e-01	1.063372e+00	3.834938e-01
6.841685e-01	7.025236e-01	6.216303e-01	8.924355e-01	4.325617e-02	9.416886e-01	5.945816e-01	1.864926e-01	1.343363e+00	1.383488e-01
3.477993e-01	4.252989e-01	4.608069e-01	1.327464e+00	7.630658e-01	9.238375e-01	-1.377211e-01	4.911225e-01	6.565330e-01	-1.213271e-01
8.488362e-01	4.551597e-01	3.015684e-01	7.307745e-01	6.400973e-01	5.498333e-01	6.000578e-01	5.832489e-01	6.830011e-01	7.995092e-01
8.150682e-01	4.187269e-01	2.588483e-01	6.630709e-01	7.204152e-01	5.479584e-01	6.344362e-01	5.925358e-01	6.475537e-01	7.831025e-01
1.138767e-01	6.043674e-01	4.040306e-01	7.059665e-01	1.090390e+00	2.038326e+00	8.130089e-01	7.682366e-01	3.989997e-01	3.096472e-01
4.281749e-01	9.116499e-01	1.017828e-01	4.562944e-01	1.013879e+00	5.215111e-01	1.106232e+00	6.245329e-01	3.672441e-01	6.580350e-01
3.884969e-01	4.775713e-01	4.682547e-01	5.412601e-01	6.683921e-01	1.240074e+00	4.622001e-01	8.002668e-01	6.808510e-01	3.854070e-01
1.146684e+00	1.501633e+00	-8.922189e-01	5.800861e-01	1.284887e+00	5.867935e-01	4.709652e-01	9.373013e-01	1.772692e+00	-3.077029e-01
3.690329e-01	6.832107e-01	7.533327e-02	3.880269e-01	2.951468e-01	8.464116e-01	7.428136e-01	4.239763e-01	4.788818e-01	2.283035e-01
7.660672e-02	7.130536e-01	2.882462e-01	5.761160e-01	1.060239e+00	2.780546e-01	1.005628e+00	3.456279e-01	9.827391e-01	4.778962e-01
8.730643e-01	1.190968e+00	1.053295e+00	1.251607e+00	3.304509e-01	1.123711e+00	-8.373058e-01	4.165205e-01	6.199890e-01	4.363859e-01
8.182897e-01	4.155642e-01	4.871665e-01	7.655594e-01	7.171649e-01	8.014589e-01	5.469462e-01	5.801423e-01	6.118921e-01	7.485910e-01
1.451551e-01	3.668504e-01	6.053192e-01	2.346770e-01	1.477801e-01	8.939554e-01	2.923343e-01	4.406150e-01	5.568240e-01	6.551074e-01
3.871665e-01	6.196343e-01	3.372716e-01	3.345306e-01	3.333240e-01	6.765465e-01	2.989166e-02	2.215539e-01	7.289468e-01	1.147605e+00
2.534021e-01	4.490568e-01	4.410291e-01	1.438172e+00	7.647201e-01	8.459464e-01	-1.189801e-01	4.445482e-01	6.293073e-01	-1.471322e-01
9.139185e-01	4.091406e-01	3.252403e-01	7.526102e-01	6.850668e-01	5.633146e-01	5.298021e-01	5.756809e-01	6.623443e-01	7.680856e-01
1.129296e+00	1.386253e+00	1.375668e-01	7.892603e-01	2.920607e-01	5.806603e-02	1.498156e+00	4.249970e-01	1.611572e+00	4.301866e-01
4.885422e-01	4.014752e-01	2.118764e-01	6.434404e-01	7.739316e-01	7.596609e-01	6.461766e-01	4.290237e-01	6.793344e-01	4.101482e-01
7.982607e-01	2.772818e-01	3.398629e-01	7.669605e-01	6.862539e-01	8.322666e-01	3.911071e-01	5.566983e-01	6.215352e-01	7.005739e-01
6.826386e-01	5.432142e-01	1.939232e-02	9.632577e-01	1.227562e+00	8.185416e-01	2.676211e-01	2.559292e-01	-4.345031e-01	4.275896e-01
7.769892e-01	5.200423e-01	4.574928e-01	1.017166e+00	3.662296e-01	4.427650e-01	4.530591e-01	2.557707e-01	6.375525e-01	3.779520e-01
1.793405e-01	3.769080e-01	6.040807e-01	7.579665e-01	8.807587e-01	1.454162e+00	4.851074e-01	6.778779e-01	2.638313e-01	2.510730e-01
4.574859e-01	3.576571e-01	1.831112e-01	6.281523e-01	6.821903e-01	8.157997e-01	6.488838e-01	4.282932e-01	5.649296e-01	4.303750e-01
2.744344e-01	4.280301e-01	1.427168e+00	1.699076e+00	6.723217e-01	6.249251e-01	8.378624e-01	-8.859174e-02	1.097727e+00	7.365867e-01
8.028240e-01	3.605863e-01	4.273965e-01	8.012417e-01	7.080031e-01	8.021636e-01	4.995708e-01	5.618676e-01	6.139749e-01	6.344579e-01
-9.367316e-02	6.281178e-01	1.941361e-01	1.037376e-01	7.184370e-02	6.086000e-01	5.980365e-01	8.515944e-01	1.039636e+00	7.314314e-01
5.946378e-02	5.192414e-01	1.690018e-01	2.872658e-01	3.840283e-01	8.874819e-01	6.193069e-01	4.745660e-01	5.382051e-01	5.503116e-01
-3.338501e-01	3.503551e-01	5.038986e-01	4.685173e-01	5.719914e-01	1.215511e+00	3.367022e-01	6.532451e-01	-3.868470e-02	5.393829e-01
1.304488e-01	9.799155e-01	2.263379e-01	8.779941e-01	1.350496e+00	9.802319e-01	1.077493e+00	4.707589e-01	4.564078e-01	7.221991e-01
-2.683817e-01	6.858745e-01	4.757627e-01	8.976913e-02	2.888349e-01	9.203657e-01	6.217810e-01	4.971329e-01	3.113314e-01	3.751060e-01
1.792966e-01	4.984969e-01	4.026586e-01	7.305696e-01	7.915769e-01	1.171724e+00	5.973955e-01	6.512437e-01	4.188491e-01	4.009621e-01
-2.601865e-02	5.341973e-01	4.728896e-01	3.581039e-01	3.622606e-01	1.165693e+00	1.390652e-01	1.759855e-01	2.224213e-01	3.862446e-01
7.474403e-01	1.250557e+00	1.125587e+00	1.235274e+00	3.887627e-01	1.235384e+00	-8.273281e-01	5.146140e-01	6.758424e-01	3.193816e-01
6.689258e-02	6.059293e-01	1.175233e-01	5.812745e-01	1.369452e+00	5.040395e-01	1.043436e+00	1.003157e-01	7.831517e-01	5.174136e-01
1.919102e-01	3.115909e-01	1.346029e-01	6.940632e-01	6.815702e-01	7.839397e-01	5.799511e-01	7.322355e-01	5.607308e-01	9.349991e-01
6.499885e-02	4.860082e-01	1.000815e-01	1.419800e-01	3.396459e-01	9.422028e-01	6.727796e-01	5.112473e-01	4.547290e-01	5.528054e-01
8.473101e-01	1.315987e+00	1.146156e+00	1.378336e+00	4.488659e-01	1.185659e+00	-1.019829e+00	5.832614e-01	7.158974e-01	4.677093e-01
6.769473e-01	1.585605e-01	7.102945e-01	1.408912e+00	9.706907e-01	8.083465e-01	3.276537e-01	9.637489e-02	1.170198e+00	3.978215e-01
2.961157e-01	4.565810e-01	1.326128e+00	1.669780e+00	5.976791e-01	6.199044e-01	8.724163e-01	-5.452602e-02	1.081541e+00	7.780840e-01
1.820802e-01	9.732791e-01	2.957049e-01	1.152258e+00	1.307350e+00	1.316157e+00	1.032064e+00	2.910755e-01	2.770122e-01	3.331284e-01
7.237904e-01	5.680687e-01	-3.552781e-03	1.031693e+00	1.194519e+00	8.397898e-01	1.588829e-01	2.269062e-01	-3.552741e-01	4.380136e-01
1.823032e-01	3.560902e-01	4.851573e-01	3.134618e-01	8.032994e-02	8.670358e-01	4.423496e-01	4.104526e-01	7.975544e-01	3.543916e-01
1.160198e-01	8.758788e-01	-1.654125e-01	6.776167e-01	1.310784e+00	5.328918e-01	1.108322e+00	4.886458e-01	1.048789e+00	5.309631e-01
6.164918e-01	8.954579e-01	1.138654e+00	1.345520e+00	3.935847e-01	1.017539e+00	-5.607831e-01	5.139177e-01	7.806653e-01	2.433438e-01
3.968855e-01	2.452805e-01	3.197079e-01	8.405336e-01	6.001574e-01	7.217609e-01	5.385546e-01	7.017297e-01	7.456670e-01	5.536829e-01
7.256942e-01	5.245690e-01	8.290104e-02	9.651631e-01	1.168768e+00	7.625857e-01	1.901494e-01	2.256029e-01	-3.747632e-01	3.828617e-01
1.961289e-01	5.928939e-01	-7.341483e-02	8.069466e-01	1.227217e+00	6.404631e-01	1.016979e+00	1.850498e-01	9.451091e-01	1.627720e-02
4.356690e-01	4.159793e-01	1.420508e+00	1.730928e+00	6.422420e-01	5.743314e-01	9.249954e-01	-2.461819e-02	1.253566e+00	9.428463e-01
9.115666e-01	9.909494e-01	7.363553e-01	1.224385e+00	6.773947e-01	2.427006e-01	8.014576e-01	4.344254e-01	8.332464e-01	6.678942e-01
-6.131809e-02	2.223079e-01	3.445361e-01	4.954961e-01	-1.731501e-01	1.101182e+00	5.584566e-01	7.182556e-01	6.102771e-01	1.988045e-01
5.783752e-01	4.265396e-01	1.360785e+00	1.756189e+00	6.717191e-01	7.332290e-01	9.021412e-01	1.350613e-01	1.229503e+00	9.986607e-01
4.868107e-01	2.372721e-01	1.245119e-01	1.042866e+00	1.518942e+00	1.293411e+00	7.210560e-01	2.359363e-01	-8.147577e-02	-2.547647e-04
3.265826e-01	4.049419e-01	7.158912e-01	5.758504e-01	8.079754e-01	1.560591e+00	3.482682e-01	7.077985e-01	4.999255e-01	2.357740e-01
-9.494232e-02	3.890016e-01	4.923029e-02	1.025769e+00	1.094005e-01	1.368923e+00	4.780907e-01	1.068704e-01	2.733715e-01	6.128371e-01
4.140809e-01	5.202107e-01	3.476098e-01	1.380347e+00	7.699889e-01	7.493342e-01	-1.123596e-01	4.624766e-01	7.807388e-01	-8.833718e-02
4.203343e-02	2.427711e-01	2.420169e-01	3.196900e-01	4.206818e-01	1.116370e+00	3.520912e-01	3.879737e-01	5.919032e-01	5.080962e-01
7.701776e-02	1.072334e+00	4.993094e-01	1.619923e+00	1.481253e+00	1.289131e+00	5.046219e-01	1.590283e-01	8.991223e-02	6.621178e-03
1.603714e-01	7.755829e-01	1.184256e-01	6.240536e-01	1.248894e+00	4.312739e-01	1.156957e+00	2.852549e-01	9.635368e-01	3.049513e-01
6.293412e-01	-2.028925e-02	8.399104e-01	1.806986e+00	1.018412e+00	1.162682e+00	5.883833e-01	-2.627886e-02	1.102550e+00	5.727011e-01
7.652550e-01	3.634143e-01	3.877345e-01	7.934750e-01	6.526049e-01	5.550705e-01	4.179884e-01	5.417122e-01	5.518027e-01	8.689902e-01
4.592848e-02	4.205192e-01	3.858069e-01	3.242662e-01	3.792120e-01	9.440175e-01	7.713456e-01	2.325460e-01	5.593260e-01	5.525074e-01
5.056572e-01	3.349548e-01	5.337105e-01	1.236062e+00	8.885551e-01	8.196514e-01	-4.044084e-01	4.676372e-01	7.138581e-01	-7.076351e-02
3.981364e-01	2.716457e-01	6.804867e-02	7.026336e-01	7.988185e-01	8.332434e-01	6.467232e-01	4.305654e-01	6.586452e-01	3.716098e-01
8.325720e-01	4.128582e-01	3.468885e-01	7.527303e-01	6.850075e-01	6.355374e-01	4.257603e-01	5.714255e-01	5.614448e-01	9.393450e-01
7.648059e-01	9.979747e-02	4.237004e-01	9.999740e-01	6.366001e-01	6.344642e-01	3.549071e-01	2.855865e-01	2.804587e-01	1.201136e-01
-1.221153e-01	3.914886e-01	3.063370e-01	4.357666e-01	4.199011e-01	1.255901e+00	2.352315e-01	2.532050e-01	3.993170e-01	7.727642e-01
4.924108e-03	4.857081e-01	4.996720e-01	3.595653e-01	2.791984e-01	1.104019e+00	2.024353e-01	3.651235e-01	2.128919e-01	5.348263e-01
5.784560e-01	1.269117e-01	5.820580e-01	1.447622e+00	8.069841e-01	1.091926e+00	-2.295234e-01	5.601838e-01	5.885365e-01	2.511225e-02
6.336784e-01	6.860565e-02	2.541281e-01	7.966231e-01	1.770039e+00	8.822403e-01	4.980866e-01	5.889820e-01	-8.733763e-02	-2.327504e-02
6.516094e-01	1.145113e+00	1.395447e-01	4.737530e-01	3.086089e-01	4.151171e-01	1.430509e+00	3.850881e-01	1.290389e+00	5.996391e-01
-1.147054e-02	6.152257e-01	1.566080e-01	2.169851e-01	1.876782e-01	9.422707e-01	6.552127e-01	5.998714e-01	4.161487e-01	4.325437e-01
-2.062931e-01	2.837080e-01	4.675715e-01	2.745432e-01	5.783918e-01	1.336092e+00	4.828790e-01	4.520118e-01	-3.588033e-01	2.911145e-01
3.112714e-01	3.106332e-01	3.066988e-01	7.877024e-01	6.867548e-01	7.121036e-01	5.494578e-01	7.427499e-01	7.645905e-01	8.167064e-01
6.355325e-01	7.036441e-01	3.248507e-01	6.791808e-01	5.564720e-01	6.964457e-01	5.994260e-01	8.501487e-01	1.009319e+00	2.262960e-01
8.525212e-01	9.123877e-01	1.178919e+00	1.357818e+00	3.510785e-01	1.035971e+00	-6.451454e-01	4.890689e-01	7.882421e-01	2.407050e-01
-2.410476e-01	1.382835e+00	1.445665e-01	4.941223e-01	9.987636e-01	1.169569e-01	1.525709e+00	2.404797e-01	1.362210e+00	3.908631e-01
6.708637e-01	8.415056e-01	3.860297e-01	9.559788e-01	4.730335e-01	7.155645e-01	7.599722e-01	5.845954e-01	8.779683e-01	6.069930e-01
-8.454031e-01	-4.954647e-02	8.612866e-01	7.884003e-01	1.224521e-01	1.361242e+00	8.731274e-01	3.527849e-01	-9.744002e-02	8.319740e-01
6.622339e-01	3.309393e-01	4.470722e-01	6.531029e-01	7.474878e-01	9.391414e-01	4.930083e-01	5.343598e-01	5.713142e-01	6.762263e-01
7.329258e-01	4.930002e-01	3.491419e-01	5.612930e-01	9.529335e-01	4.359442e-01	7.613218e-01	2.941239e-01	5.847644e-01	4.391651e-01
8.885095e-01	4.478462e-01	3.915563e-01	7.527415e-01	5.948586e-01	3.820058e-01	3.951131e-01	4.481082e-01	5.512013e-01	8.352186e-01
6.528181e-01	1.069298e+00	7.817544e-01	1.247219e+00	1.001064e+00	1.645391e-01	7.869337e-01	3.132813e-01	5.118367e-01	8.799532e-01
5.158894e-01	1.193632e+00	6.415167e-01	8.262497e-01	3.202038e-01	1.053903e+00	1.563983e+00	1.695032e-01	1.229262e+00	-1.523088e-01
1.156679e+00	-1.709871e-01	1.300738e+00	1.435772e+00	1.175004e+00	1.033954e+00	1.402031e-01	1.510580e-01	1.423387e+00	4.315725e-01
4.758155e-01	3.669149e-01	1.402497e-01	5.822560e-01	7.120578e-01	8.063513e-01	7.285972e-01	3.920022e-01	6.507664e-01	5.331608e-01
8.027355e-01	3.454394e-01	4.470375e-01	8.303164e-01	6.704734e-01	8.061599e-01	4.691408e-01	5.632075e-01	5.853195e-01	5.863617e-01
2.497326e-01	2.018677e-01	1.272478e+00	1.797394e+00	9.285208e-01	1.107678e+00	3.313617e-01	-2.659657e-01	6.481168e-01	2.150965e-01
-1.689359e-01	1.367043e+00	-3.523437e-01	6.574812e-01	1.472130e+00	6.070957e-01	1.443755e+00	5.746480e-01	9.755007e-01	4.024567e-01
3.598586e-01	6.004255e-01	-1.041854e-02	9.445780e-01	1.366111e+00	9.965537e-01	1.703563e-01	2.899790e-01	-7.848371e-01	6.321035e-01
1.037649e-01	4.244294e-01	8.287296e-01	2.938723e-01	1.064069e-01	7.152570e-01	2.535881e-01	3.646540e-01	7.905770e-01	3.590898e-01
6.866110e-01	5.218108e-01	5.616041e-02	9.723042e-01	1.236002e+00	8.492753e-01	1.694771e-01	2.314762e-01	-4.095067e-01	4.004132e-01
7.573379e-01	1.266901e-01	7.065444e-01	1.475671e+00	9.503669e-01	8.171059e-01	3.167685e-01	1.433261e-01	1.073052e+00	3.903219e-01
1.581773e+00	6.161729e-01	-6.861257e-01	4.544795e-01	2.234347e-01	5.039620e-01	3.041627e-01	1.095439e+00	1.120622e+00	2.326710e-01
6.346494e-01	5.954827e-01	5.574604e-01	1.642113e+00	6.213953e-01	8.209443e-01	-4.606898e-02	4.752986e-01	6.793876e-01	-2.957259e-01
1.052492e-01	2.468738e-01	5.302529e-01	8.288898e-01	1.137717e+00	1.386390e+00	4.962274e-01	7.122527e-01	3.324139e-02	3.309378e-01
6.573207e-01	3.573576e-01	4.934814e-01	6.885357e-01	8.518546e-01	7.316625e-01	3.053513e-01	4.985583e-01	4.906955e-01	8.299307e-01
7.461855e-01	3.223361e-01	4.060182e-01	8.831966e-01	6.798869e-01	8.329993e-01	3.715133e-01	4.734689e-01	5.774371e-01	5.599012e-01
7.414044e-01	3.070400e-01	3.779456e-01	8.318201e-01	6.292669e-01	7.978945e-01	4.416487e-01	5.206616e-01	5.667047e-01	6.100468e-01
1.049374e+00	5.574209e-01	1.025091e+00	5.745776e-01	2.039322e-02	-1.475010e-01	-7.060971e-02	-4.139884e-01	1.484092e+00	3.632570e-01
-1.504165e-01	1.508882e+00	2.055011e-01	7.572443e-01	1.044875e+00	-7.815654e-02	1.228433e+00	5.249907e-01	1.079821e+00	5.559295e-01
8.557627e-01	1.202341e+00	9.202405e-01	1.288771e+00	5.690461e-01	9.216279e-01	-7.496923e-01	6.343537e-01	7.227871e-01	2.018311e-01
4.858587e-01	4.879247e-01	8.299766e-01	1.492108e+00	1.641102e+00	5.768473e-01	-1.131002e+00	1.674349e-01	3.491876e-01	-2.139951e-01
4.594705e-01	3.336980e-01	2.443160e-01	6.280313e-01	7.125493e-01	8.898488e-01	5.190371e-01	3.559182e-01	5.317037e-01	2.879002e-01
1.101225e+00	-3.206266e-02	7.178416e-01	1.316668e+00	1.349653e+00	1.107773e+00	3.796385e-01	1.415696e-01	1.539220e+00	6.008472e-01
2.733707e-01	3.081759e-01	2.009377e-01	7.639612e-01	6.916938e-01	8.110130e-01	6.122442e-01	7.690920e-01	6.976937e-01	8.983107e-01
7.441815e-01	1.040213e+00	1.249217e+00	1.410800e+00	4.249743e-01	1.196148e+00	-7.180837e-01	4.449359e-01	6.351000e-01	1.288590e-01
7.723047e-01	3.737147e-01	5.602142e-01	7.712712e-01	7.414006e-01	9.168958e-01	5.283858e-01	5.631439e-01	5.569830e-01	6.773342e-01
8.750224e-01	3.251138e-01	3.948951e-01	8.348691e-01	5.851142e-01	6.912652e-01	4.025271e-01	5.100984e-01	6.158476e-01	7.154197e-01
5.338694e-01	-1.734753e-01	7.017887e-01	1.600657e+00	8.720326e-01	1.173063e+00	5.147918e-01	3.954391e-01	1.335840e+00	3.012850e-01
3.172269e-01	7.776303e-01	1.658461e+00	1.114391e+00	2.436412e+00	1.142601e+00	2.848336e-01	-3.530804e-01	-5.767224e-01	2.673195e-01
8.937374e-01	3.507832e-01	4.089659e-01	7.888710e-01	6.763663e-01	6.122932e-01	4.271630e-01	4.350268e-01	6.497173e-01	7.597350e-01
5.677990e-01	-2.162859e-02	7.848286e-01	1.726041e+00	8.827510e-01	1.043048e+00	4.507569e-01	2.006428e-01	1.245129e+00	2.011208e-01
7.191644e-01	3.000648e-01	4.216318e-01	8.178259e-01	6.748247e-01	8.023443e-01	3.651684e-01	5.381344e-01	5.138716e-01	5.963567e-01
7.630676e-01	3.805582e-01	5.334486e-01	7.186277e-01	7.622149e-01	9.632119e-01	5.482323e-01	5.729690e-01	6.251551e-01	7.461839e-01
6.922580e-01	4.133417e-01	5.008846e-01	7.226599e-01	7.855953e-01	8.266923e-01	5.405298e-01	5.886110e-01	5.880385e-01	7.071778e-01
-2.400315e-01	2.634761e-01	-4.251990e-02	8.014491e-01	2.423087e-01	1.776343e+00	2.944417e-01	8.389471e-01	3.198931e-01	3.640768e-01
7.070983e-01	2.674569e-01	3.910505e-01	8.484476e-01	6.332669e-01	8.054361e-01	3.919172e-01	5.039626e-01	5.462146e-01	6.022808e-01
7.904509e-01	5.125427e-01	8.061346e-01	5.033234e-01	1.874583e+00	1.150143e+00	1.370435e+00	-1.639164e-01	2.567756e-01	-2.101422e-01
1.106242e+00	1.436068e-01	7.760699e-01	8.720832e-01	1.278990e+00	2.794039e-01	6.662732e-01	3.929398e-01	3.735237e-01	2.586382e-01
7.753133e-01	1.093939e+00	1.171938e+00	1.458525e+00	3.496517e-01	1.117857e+00	-7.893147e-01	4.776353e-01	7.843725e-01	3.687980e-01
7.171826e-01	3.858465e-01	4.149354e-01	7.219503e-01	7.043645e-01	6.777066e-01	3.352057e-01	6.052208e-01	6.193044e-01	8.780969e-01
4.228026e-01	8.966769e-02	6.576300e-01	1.008066e+00	1.066084e+00	1.330025e+00	-4.907754e-01	6.124721e-01	4.599068e-01	-2.157066e-01
6.823911e-01	5.830224e-01	2.624779e-03	1.020275e+00	1.261727e+00	8.610636e-01	1.787184e-01	2.134404e-01	-3.825851e-01	3.757982e-01
7.572950e-01	1.546889e-01	-1.509950e-01	2.360582e+00	1.001353e+00	2.054074e-02	-8.545086e-01	2.342609e-01	1.298507e+00	3.171928e-01
-1.325141e-01	2.290131e-01	-6.720112e-01	8.338438e-01	1.629807e+00	1.575048e+00	1.418456e+00	4.101936e-01	-5.208346e-02	2.844527e-01
2.380488e-01	6.593085e-01	6.032511e-01	8.231392e-01	4.631045e-01	6.658826e-01	4.995840e-01	2.836402e-01	5.728057e-01	6.258102e-01
8.078694e-02	6.584904e-01	1.938295e-01	1.164893e+00	1.677196e+00	3.911435e-01	1.283846e+00	3.475202e-01	6.777248e-01	4.614587e-01
1.646080e-01	4.726225e-01	1.371202e+00	1.633651e+00	4.919832e-01	6.732968e-01	8.387534e-01	-1.281035e-01	1.002390e+00	6.396324e-01
7.392747e-01	8.963570e-01	5.550775e-01	1.195045e+00	4.813234e-01	2.937836e-01	8.180222e-01	4.100297e-01	7.782837e-01	7.567538e-01
5.982363e-01	5.982202e-01	2.801205e-01	2.309441e+00	7.193935e-01	4.278788e-01	-1.511007e-01	-1.140451e-01	8.072729e-01	1.264547e-01
1.806406e-04	8.303602e-01	-3.948153e-02	1.370866e+00	2.231466e+00	1.413030e+00	-6.926096e-01	4.889341e-02	-5.801271e-01	1.396045e-01
5.529863e-01	2.268175e-01	4.594243e-01	1.382250e+00	1.023811e+00	1.087044e+00	-6.313537e-01	6.152849e-01	5.533658e-01	-3.569834e-01
6.049841e-01	9.730049e-01	1.110072e+00	1.237829e+00	4.605152e-01	1.023070e+00	-5.979253e-01	5.450916e-01	7.609283e-01	2.783730e-01
