-4.968354e-03	2.193837e-02	-1.661321e-02	1.584816e-02	2.314135e-02	-7.115061e-03	-3.849570e-03	-1.994077e-03	-1.971956e-02	2.275808e-02	-1.444602e-02	-1.174973e-02	1.443355e-02	1.153825e-02	1.467623e-02	-7.380014e-03	-1.286557e-02	9.619443e-03	2.784269e-02	-4.880161e-02
-2.478158e-03	2.000054e-02	-1.958639e-02	1.442784e-02	1.686731e-02	-2.662359e-03	-3.541894e-03	8.583633e-03	-3.609622e-02	2.253179e-02	-1.685121e-02	-6.031786e-03	1.771196e-02	1.137147e-02	1.585741e-03	-1.411190e-03	-5.556649e-03	8.385194e-03	2.878776e-02	-4.400577e-02
-3.632475e-03	2.400944e-02	-2.260006e-02	1.504834e-02	2.218325e-02	-1.236156e-03	-3.585337e-04	5.748406e-03	-3.195741e-02	2.067616e-02	-1.779344e-02	-1.473913e-02	1.848419e-02	9.439062e-03	1.296243e-02	-1.528314e-03	-6.025224e-03	8.098729e-03	2.800050e-02	-5.341077e-02
-4.389113e-03	2.411465e-02	-2.036664e-02	1.720708e-02	2.441582e-02	9.113277e-04	4.846867e-03	5.431060e-03	-3.321485e-02	2.175720e-02	-1.802922e-02	-1.846255e-02	1.765791e-02	5.966761e-03	1.556375e-02	-1.771728e-03	-6.958996e-03	5.352071e-03	2.466540e-02	-5.370422e-02
-4.377361e-03	2.633227e-02	-1.775902e-02	1.727954e-02	2.773234e-02	-1.015763e-04	4.653580e-03	3.755536e-03	-3.087376e-02	2.402161e-02	-1.823457e-02	-2.119633e-02	1.704984e-02	5.415360e-03	1.869806e-02	-2.756278e-03	-1.018814e-02	4.364848e-03	2.339156e-02	-5.630730e-02
-1.673383e-03	2.745508e-02	-2.778037e-02	2.014995e-02	2.015119e-02	-1.521061e-03	6.300574e-05	8.728654e-03	-4.923110e-02	2.323945e-02	-2.278975e-02	-1.587723e-02	2.410112e-02	1.267378e-02	8.839021e-03	4.950010e-03	-7.448970e-03	8.899024e-03	3.430939e-02	-5.595060e-02
-5.797608e-03	2.577232e-02	-2.448708e-02	1.589458e-02	2.475524e-02	1.079229e-03	5.846174e-03	7.742502e-03	-3.610217e-02	2.149465e-02	-2.008513e-02	-2.209711e-02	1.947478e-02	8.260530e-03	1.658599e-02	1.649191e-03	-2.383866e-03	7.316899e-03	2.493317e-02	-5.856196e-02
-5.804091e-03	2.635835e-02	-2.124124e-02	1.809684e-02	2.826034e-02	2.819155e-03	9.586708e-03	8.662390e-03	-3.800669e-02	2.398765e-02	-2.081339e-02	-2.570307e-02	1.788110e-02	3.341702e-03	1.751255e-02	1.897187e-03	-2.844885e-03	4.690244e-03	2.257075e-02	-5.998618e-02
-6.146871e-03	2.829901e-02	-1.811425e-02	1.799655e-02	3.130130e-02	2.771587e-03	9.477251e-03	6.566511e-03	-3.514894e-02	2.627307e-02	-2.072376e-02	-2.953595e-02	1.678545e-02	1.532401e-03	2.096857e-02	1.279777e-03	-5.918059e-03	3.198001e-03	2.075473e-02	-6.065364e-02
-5.214376e-03	2.580085e-02	-2.326904e-02	1.811468e-02	2.601280e-02	5.872784e-03	1.175576e-02	1.516583e-02	-4.962377e-02	2.677922e-02	-2.375116e-02	-2.703764e-02	2.018574e-02	3.688742e-03	1.220419e-02	5.229841e-03	4.509612e-04	1.593629e-03	2.278205e-02	-5.557672e-02
-8.232761e-03	2.796025e-02	-2.535849e-02	1.620885e-02	3.028540e-02	4.563737e-03	1.261976e-02	1.131048e-02	-3.925505e-02	2.481393e-02	-2.204007e-02	-3.079529e-02	1.891433e-02	3.987076e-03	1.928415e-02	4.208931e-03	2.422875e-03	2.868875e-03	2.041145e-02	-6.267213e-02
-7.318915e-03	2.728495e-02	-2.181953e-02	1.758697e-02	3.271639e-02	3.891081e-03	1.610545e-02	1.049717e-02	-3.921171e-02	2.587423e-02	-2.307104e-02	-3.067847e-02	1.645378e-02	1.235160e-03	1.890316e-02	3.802259e-03	1.343820e-03	1.425027e-03	1.817232e-02	-6.159629e-02
-6.963171e-03	3.010545e-02	-1.659974e-02	1.667435e-02	3.650141e-02	3.294542e-03	1.621335e-02	8.769513e-03	-3.499536e-02	2.924676e-02	-2.381137e-02	-3.405620e-02	1.386379e-02	-3.229935e-03	2.242066e-02	2.431797e-03	-2.321997e-03	-1.299158e-03	1.584112e-02	-6.106302e-02
-7.143570e-03	2.715081e-02	-2.399427e-02	1.738177e-02	2.846067e-02	6.226025e-03	1.585407e-02	1.743234e-02	-4.975535e-02	2.764891e-02	-2.682246e-02	-2.846420e-02	1.886308e-02	8.175809e-04	1.140082e-02	8.143139e-03	4.609514e-03	-9.162046e-04	1.871993e-02	-5.448567e-02
-7.650454e-03	2.837275e-02	-2.323509e-02	1.536954e-02	3.214545e-02	5.384208e-03	1.771282e-02	1.370927e-02	-4.026589e-02	2.489879e-02	-2.537631e-02	-3.259421e-02	1.645309e-02	-1.440258e-03	1.985016e-02	5.503137e-03	6.615326e-03	-3.781413e-04	1.572705e-02	-5.962187e-02
-7.629290e-03	2.852028e-02	-2.016699e-02	1.815304e-02	3.446877e-02	5.222284e-03	2.106025e-02	1.278709e-02	-3.985786e-02	2.639569e-02	-2.646124e-02	-3.317424e-02	1.444138e-02	-5.389483e-03	2.152784e-02	5.010263e-03	5.303665e-03	-2.889995e-03	1.233570e-02	-5.854465e-02
-8.555480e-03	3.224659e-02	-1.622802e-02	1.788911e-02	3.903642e-02	4.060889e-03	2.024474e-02	1.058640e-02	-3.641914e-02	2.923081e-02	-2.807901e-02	-3.505384e-02	1.271005e-02	-7.890182e-03	2.408747e-02	4.882978e-03	1.092186e-03	-4.961867e-03	9.606227e-03	-5.796771e-02
-7.909240e-03	2.857184e-02	-2.135836e-02	1.757064e-02	3.004560e-02	7.556740e-03	1.984769e-02	1.985523e-02	-5.225285e-02	2.785573e-02	-3.070348e-02	-2.917815e-02	1.791411e-02	-4.476639e-03	1.224664e-02	9.580274e-03	7.733262e-03	-5.258359e-03	1.279621e-02	-4.984988e-02
-8.631150e-03	3.028088e-02	-2.141529e-02	1.472992e-02	3.293738e-02	6.821865e-03	2.039094e-02	1.484657e-02	-4.107063e-02	2.441797e-02	-2.886945e-02	-3.325570e-02	1.668483e-02	-5.681213e-03	2.199074e-02	6.550497e-03	9.081401e-03	-2.685189e-03	9.840861e-03	-5.613925e-02
-9.537653e-03	2.973070e-02	-1.980738e-02	1.924296e-02	3.585552e-02	8.321837e-03	2.435573e-02	1.506361e-02	-3.871425e-02	2.590135e-02	-2.966463e-02	-3.455202e-02	1.462986e-02	-1.046782e-02	2.371646e-02	5.963398e-03	7.300254e-03	-6.507091e-03	5.173046e-03	-5.519043e-02
-9.839994e-03	3.508435e-02	-1.567038e-02	2.039666e-02	4.053503e-02	5.195165e-03	2.117086e-02	1.128114e-02	-3.679475e-02	2.892016e-02	-3.152203e-02	-3.532516e-02	1.395756e-02	-1.153810e-02	2.700593e-02	4.940978e-03	1.518348e-03	-8.456359e-03	5.076072e-03	-5.567602e-02
-9.134463e-03	3.130832e-02	-1.997942e-02	1.973445e-02	3.188101e-02	9.117398e-03	2.161334e-02	2.140555e-02	-5.401417e-02	2.785283e-02	-3.456524e-02	-2.994069e-02	1.817546e-02	-8.739592e-03	1.474486e-02	1.038344e-02	9.639823e-03	-8.208016e-03	7.747085e-03	-4.842850e-02
-1.070104e-02	3.299880e-02	-2.090641e-02	1.761040e-02	3.548655e-02	8.135160e-03	2.163804e-02	1.692596e-02	-4.070620e-02	2.384538e-02	-3.270821e-02	-3.204867e-02	1.656897e-02	-1.043227e-02	2.349689e-02	8.110361e-03	1.017300e-02	-7.601440e-03	4.081122e-03	-5.359186e-02
-1.222457e-02	3.313293e-02	-1.961504e-02	2.164587e-02	3.796109e-02	7.159924e-03	2.406509e-02	1.554206e-02	-3.789966e-02	2.451893e-02	-3.469369e-02	-2.966176e-02	1.486754e-02	-1.356413e-02	2.392728e-02	5.483586e-03	8.639248e-03	-1.004724e-02	1.372331e-03	-5.018913e-02
-1.158385e-02	3.601489e-02	-1.460836e-02	2.195777e-02	4.131013e-02	3.948715e-03	2.130621e-02	1.239535e-02	-3.251473e-02	2.714050e-02	-3.579122e-02	-2.925173e-02	1.173234e-02	-1.641732e-02	2.685714e-02	3.937153e-03	4.408307e-03	-1.240276e-02	-1.900951e-03	-4.653504e-02
-1.005345e-02	3.189187e-02	-1.967241e-02	2.125277e-02	3.047474e-02	6.359496e-03	2.026795e-02	2.224655e-02	-4.823327e-02	2.477590e-02	-3.846598e-02	-2.175912e-02	1.713882e-02	-1.251554e-02	1.228917e-02	9.808686e-03	1.264114e-02	-1.247090e-02	1.759662e-03	-3.761458e-02
-1.183488e-02	3.465777e-02	-2.160969e-02	1.937650e-02	3.416103e-02	4.417204e-03	1.922097e-02	1.680787e-02	-3.697946e-02	2.172823e-02	-3.685591e-02	-2.333980e-02	1.562545e-02	-1.163589e-02	2.166767e-02	6.161064e-03	1.273998e-02	-1.032519e-02	2.763900e-04	-4.375687e-02
-1.348753e-02	3.452479e-02	-1.767468e-02	2.283224e-02	3.646689e-02	3.324147e-03	2.127010e-02	1.535938e-02	-3.269852e-02	2.206294e-02	-3.904837e-02	-2.020360e-02	1.287311e-02	-1.469902e-02	2.225526e-02	4.001733e-03	1.024844e-02	-1.401656e-02	-4.904997e-03	-3.854528e-02
-1.370900e-02	3.751628e-02	-1.339736e-02	2.301932e-02	3.938803e-02	-2.112503e-05	1.773799e-02	1.204375e-02	-2.623346e-02	2.426668e-02	-3.901905e-02	-1.924289e-02	9.895242e-03	-1.635237e-02	2.502399e-02	2.108168e-03	4.887882e-03	-1.597406e-02	-6.120953e-03	-3.641768e-02
-1.193679e-02	3.333544e-02	-1.868641e-02	2.078736e-02	2.985568e-02	3.531807e-03	1.848124e-02	2.262183e-02	-4.456043e-02	2.333410e-02	-4.093277e-02	-1.483908e-02	1.594525e-02	-1.096695e-02	1.083041e-02	7.272993e-03	1.251719e-02	-1.461822e-02	-1.461062e-03	-3.048569e-02
-1.351099e-02	3.635564e-02	-1.871833e-02	1.901068e-02	3.432344e-02	3.825777e-03	1.939797e-02	1.802406e-02	-3.342359e-02	1.956774e-02	-4.038681e-02	-1.864707e-02	1.449464e-02	-1.359657e-02	2.069756e-02	5.222082e-03	1.272362e-02	-1.408615e-02	-4.431882e-03	-3.713283e-02
-1.402006e-02	3.681568e-02	-1.787342e-02	2.395492e-02	3.602318e-02	5.120395e-03	2.282069e-02	1.628791e-02	-3.425641e-02	2.042259e-02	-4.161963e-02	-1.961355e-02	1.391905e-02	-1.680365e-02	2.342658e-02	5.658667e-03	9.862025e-03	-1.638948e-02	-6.574429e-03	-3.760658e-02
