-7.493334e-01	4.584351e-01	5.644804e-01	1.989637e+00	3.715696e-01	5.834606e-01	1.568016e+00	-1.513527e+00	1.374126e+00	-5.444486e-01	5.983017e-01	1.886803e-01	2.260515e-01	4.594317e-01	1.596515e+00	7.656238e-01	-2.973450e-01	1.507606e-01	-3.106741e-01	1.461899e-01
-6.399303e-02	2.018407e-01	6.551384e-01	4.499751e-01	2.421143e-01	-1.365208e-01	5.437256e-01	-5.357217e-01	-6.414199e-01	3.402189e-01	3.935717e-01	-7.161089e-03	4.240893e-01	2.294482e-01	5.950127e-01	8.104806e-01	-1.112201e-01	-4.213871e-01	-1.204469e+00	-1.372920e+00
3.434493e-04	-1.469568e-01	9.303623e-01	-3.871969e-01	1.638676e-01	1.028492e+00	-3.925668e-01	1.271523e-01	7.098357e-01	9.861496e-02	5.054348e-01	3.156101e-01	-6.474383e-01	6.041984e-01	6.581591e-01	6.808505e-01	3.783709e-01	9.827378e-01	1.214513e+00	6.658142e-01
6.874441e-01	4.754971e-01	5.657924e-01	1.199085e+00	5.609974e-01	6.918575e-02	-1.425174e+00	2.080080e-01	-2.271115e-02	1.744193e-01	6.711316e-01	-7.218295e-02	4.891671e-01	8.342268e-01	-1.095394e-01	1.879896e-01	8.625563e-01	-4.607190e-01	-1.230473e-01	9.637909e-01
2.535150e-01	8.900728e-02	5.688484e-01	1.275947e+00	8.895804e-01	-1.531952e-01	4.811947e-01	-4.680140e-02	4.375447e-02	1.218192e+00	4.511910e-01	1.497532e-01	1.358909e+00	2.599549e-01	-4.986555e-01	4.811841e-01	1.518527e+00	-2.106235e-01	4.941405e-01	3.684168e-01
7.292884e-01	8.790383e-03	2.865681e-01	-7.175057e-01	-6.766209e-02	4.677111e-01	1.604311e+00	7.236875e-01	-1.599116e-01	7.971981e-01	-4.467335e-01	7.385415e-01	-6.001806e-01	-3.922370e-01	5.164260e-01	8.853720e-02	6.696349e-03	3.413566e-01	5.020007e-01	-1.002000e+00
6.866374e-01	9.646538e-02	-1.241118e-01	1.228762e+00	5.922217e-01	-2.159717e-01	2.254019e+00	3.440351e-01	-3.780607e-01	-6.520386e-02	-2.987839e-01	-1.022395e-01	1.088760e+00	-7.878445e-01	3.600918e-01	6.185682e-02	-2.225351e-01	1.421980e-01	-2.254675e+00	-5.695620e-01
-1.396498e-02	2.706425e-01	1.022256e+00	-3.557782e-01	-4.747588e-01	1.368947e+00	-1.926736e+00	-1.084045e+00	1.789378e+00	5.773878e-01	8.357171e-01	2.308044e-01	-8.594844e-01	1.478282e+00	1.634327e+00	1.043462e+00	1.246269e+00	3.531505e-01	2.727247e+00	-1.712490e-02
7.011033e-01	-1.454654e-01	-1.750633e-01	1.032920e+00	6.697223e-01	-5.153544e-01	2.300096e+00	8.257638e-01	-6.241819e-01	-2.249490e-01	-2.666053e-01	-2.681598e-01	9.016132e-01	-6.951156e-01	-1.108694e-01	-1.341261e-01	1.715206e-02	6.767099e-02	-2.384436e+00	-4.454761e-01
6.542418e-01	-7.360995e-02	-1.446537e-01	1.071531e+00	6.605690e-01	-4.757326e-01	2.389098e+00	7.450726e-01	-6.943568e-01	-2.392404e-01	-3.421889e-01	-2.617048e-01	8.482696e-01	-7.006268e-01	-8.167799e-02	-1.459567e-01	-6.081356e-02	2.786787e-02	-2.440896e+00	-5.144884e-01
4.288897e-01	-5.585961e-02	6.500942e-01	3.394957e-02	2.074004e-01	4.158479e-01	-2.127798e-01	4.445816e-01	5.552574e-02	4.700882e-01	4.038652e-01	-1.734986e-01	-3.203291e-02	6.085329e-01	4.535137e-01	3.721810e-01	7.082184e-01	-2.424834e-01	2.993094e-01	-2.441053e-01
3.969978e-01	2.670005e-01	5.558267e-01	-4.125967e-01	4.816179e-02	3.609038e-01	-1.174320e+00	3.956516e-01	2.850303e-01	6.873210e-01	7.361996e-01	5.457409e-01	-2.356620e-01	7.601576e-01	6.870213e-01	6.331983e-01	2.946688e-01	4.086094e-01	1.571122e+00	3.821420e-01
-1.012335e+00	1.521313e-01	1.512567e+00	6.816860e-01	2.229403e+00	2.442047e-01	1.080824e+00	2.365136e+00	-5.560978e-01	-2.741858e-01	2.118183e+00	1.296195e+00	1.306782e+00	1.832927e+00	7.213194e-01	1.340157e+00	-1.017580e+00	2.726034e-01	6.906089e-02	1.882818e+00
2.688619e-01	4.555201e-01	-5.930181e-01	1.316358e+00	2.477116e-01	8.331292e-01	2.272674e-01	9.335049e-02	-1.070577e-01	6.946130e-01	-1.377689e-02	-3.609922e-01	9.795517e-01	1.614455e-01	8.340247e-01	2.647705e-01	-7.053417e-02	-6.715432e-02	-8.400348e-01	-3.895991e-01
1.959443e+00	4.700280e-02	2.954885e-02	-7.193089e-01	6.580135e-02	6.331333e-01	1.623564e+00	8.211666e-01	2.199494e+00	2.828566e-01	4.948437e-01	1.782795e+00	-2.768786e-01	-6.055612e-01	1.388355e-01	2.803676e-01	6.196712e-01	1.131800e+00	1.960313e+00	1.569405e+00
1.842749e+00	3.869985e-02	-3.056286e-01	-3.960668e-01	1.026918e-01	3.402222e-01	1.322153e+00	9.687274e-01	1.982205e+00	2.312304e-01	6.090775e-01	1.684261e+00	1.658035e-01	-6.073303e-01	1.075908e-01	3.894728e-01	3.837941e-01	1.206726e+00	1.396994e+00	1.212045e+00
5.156793e-01	7.104502e-01	5.460410e-01	8.382828e-01	-4.506033e-01	-3.508514e-02	-4.605028e-01	7.555057e-01	2.476783e+00	-1.235699e+00	-1.461620e+00	1.737160e+00	7.226931e-01	-5.752501e-01	1.019787e+00	8.596313e-01	-3.524261e-01	2.096536e+00	5.859543e-01	6.037178e-01
-1.303219e+00	-3.764212e-01	4.375199e-01	1.116248e+00	1.085584e+00	-4.519356e-01	-1.729543e+00	6.072294e-01	-1.803635e+00	9.118067e-01	4.741074e-01	-7.487703e-01	2.097135e-01	1.248596e+00	9.037899e-01	3.761417e-01	3.037395e-02	-4.676929e-01	-1.087655e+00	-1.889797e+00
2.228783e+00	-6.202830e-02	1.721958e-01	-1.072284e+00	-1.183720e-02	4.503956e-01	1.745588e+00	1.188272e+00	2.438581e+00	1.799887e-01	9.858860e-01	1.769715e+00	-1.672288e-01	-3.027300e-01	-1.323247e-01	5.981794e-01	1.011369e+00	1.262914e+00	2.110175e+00	1.977854e+00
