7.893925e-01	-2.197016e+00	2.279449e+00	5.829652e-01	1.808685e-01	8.037704e-01	8.602839e-02	-1.275367e+00	3.635304e+00	-3.754864e+00	1.123907e+00	4.443720e+00	1.813654e+00	-1.406754e+00	-1.942942e+00	1.637769e+00	1.871617e+00	2.122835e+00	5.123731e-01	-7.517890e-01
3.324761e+00	1.954541e+00	-3.108447e-01	-7.874634e-01	-9.099850e-01	4.169654e+00	-5.598303e-01	-5.487477e-01	-6.689019e-01	3.111645e+00	1.307416e+00	3.493375e+00	-3.106955e+00	-6.621796e-01	3.608453e+00	5.531789e+00	4.520049e-01	-3.345586e+00	2.245809e+00	-2.908270e+00
4.072568e+00	3.638604e-01	6.685710e-01	2.325979e+00	-1.507427e+00	-6.758137e-01	-2.954432e+00	-6.028184e-01	4.194261e+00	-3.434086e+00	1.782192e+00	2.921018e+00	4.818632e-01	8.739023e-01	1.559195e+00	1.729527e+00	2.120016e+00	4.920325e-01	-9.853222e-01	-1.162373e+00
-7.399753e-02	9.773692e-01	1.446098e+00	3.312402e+00	2.816617e+00	8.442882e-01	1.852032e+00	-3.526792e-02	-2.093921e+00	7.691751e-01	-1.518116e+00	1.937128e+00	-2.939847e+00	-1.979518e+00	3.263756e+00	-2.307495e+00	2.794788e-01	-1.502836e+00	5.093021e-01	8.874184e-01
2.511550e+00	6.668322e-01	7.760615e-01	2.080903e+00	6.145975e-01	-1.644573e+00	-2.829886e+00	-1.032552e+00	4.757943e+00	-1.391721e+00	2.364467e+00	1.451692e+00	1.038095e+00	-3.527364e+00	2.020427e+00	-2.733747e-01	3.461761e+00	-4.449854e-01	-4.054287e-01	-5.540513e-01
1.524615e+00	3.542907e+00	-1.059440e+00	2.175671e+00	2.653084e+00	2.113354e+00	6.509053e-01	-1.319210e+00	-3.072975e+00	2.649892e+00	-1.504338e+00	1.151733e+00	-4.665196e+00	-2.656416e+00	5.753305e+00	-9.340695e-01	1.130495e+00	-3.511918e+00	1.577080e+00	1.742615e+00
3.739760e+00	9.368209e-01	1.862402e+00	2.812431e+00	6.179079e-01	-8.006085e-01	-3.787994e+00	-1.374311e+00	4.376801e+00	-6.717046e-01	1.203278e+00	3.555699e+00	-1.386417e-04	-3.558259e+00	3.032191e+00	1.989616e+00	8.336228e-01	3.069233e-02	-6.336069e-01	1.974440e-03
-9.013411e-01	1.729119e+00	2.949858e+00	2.850590e+00	2.603540e+00	4.148887e+00	2.799052e+00	-1.029204e+00	-1.071550e+00	1.661850e+00	-5.065435e+00	1.792026e+00	-4.110899e+00	-3.278328e+00	1.671041e+00	-1.846466e+00	-5.021907e+00	-5.935269e-01	2.099024e+00	5.427787e+00
6.787868e-01	-1.572962e+00	-7.498338e-01	-5.291876e+00	-2.455761e-01	7.747897e+00	3.759974e+00	1.976744e+00	-4.547141e+00	2.465296e+00	-3.774207e+00	2.989616e+00	-1.495956e+00	2.686206e+00	-1.372154e+00	5.751770e+00	5.586235e-01	4.699200e-01	4.361867e+00	7.514919e-01
2.829185e+00	4.501922e-01	1.677086e+00	4.534143e+00	4.007407e-01	-2.647628e+00	-3.614434e+00	-1.355884e+00	6.498581e+00	-5.741590e+00	1.187835e+00	3.063227e+00	2.490336e+00	-2.826238e+00	2.142271e-01	-3.163414e+00	5.203880e-01	9.562717e-01	-9.711097e-01	9.209124e-01
-6.971471e-01	7.117352e-01	5.822382e-01	-4.319169e-01	2.054447e+00	1.882535e+00	-3.762802e-01	5.325284e-01	-1.126893e+00	-1.503810e+00	7.329994e-01	9.414831e-01	5.429127e-01	-3.242597e+00	6.317428e-02	6.081229e-01	4.157442e+00	2.844583e-01	1.667369e+00	1.411975e+00
2.791002e+00	2.283367e+00	-1.925629e-01	6.042074e-01	1.324587e+00	2.889213e+00	-5.281919e-02	-1.813443e+00	-1.534917e+00	1.684810e-01	9.137789e-01	1.436302e+00	-1.986175e+00	-1.725804e+00	2.914685e+00	4.166581e-01	2.388347e+00	-1.714241e+00	1.402820e+00	-2.469943e-02
3.927833e+00	2.385664e+00	2.224626e+00	2.831450e+00	2.858270e-01	-6.056082e-01	-5.576880e+00	-1.167078e+00	5.054354e+00	-6.804097e-01	2.788162e+00	1.429184e+00	7.848875e-01	-5.060941e+00	2.817886e+00	2.207207e+00	7.842261e-01	3.860463e-01	-4.056848e-01	2.579485e-01
-1.332634e+00	4.727484e-01	2.350256e+00	3.369098e+00	1.337582e+00	4.610854e-01	1.264345e+00	-6.016421e-02	-1.872997e+00	2.706822e+00	-2.429680e+00	-1.479203e+00	-1.833340e+00	-2.191477e-02	1.947716e+00	-1.836416e+00	-1.304501e+00	7.784296e-01	8.600298e-01	4.280581e+00
8.065440e-01	1.924322e+00	2.075614e+00	1.435350e-01	1.235039e+00	3.443254e-01	5.617114e-01	-1.245874e+00	1.024013e+00	3.522969e+00	-1.121337e+00	1.607303e+00	-2.646792e+00	2.072821e-01	4.261082e+00	3.591725e+00	-2.095241e+00	8.320889e-01	1.307185e+00	3.877260e+00
4.992137e-01	2.458155e+00	-8.252053e-02	1.667174e+00	1.737147e+00	1.384603e+00	1.329186e+00	-7.896486e-01	-1.140552e+00	-6.462345e-01	1.216583e+00	1.575107e+00	-1.138252e+00	-2.706231e+00	2.574859e+00	-1.078403e+00	1.024088e+00	-1.110582e+00	2.133247e+00	-1.091772e-01
3.138922e+00	2.836127e+00	-9.579138e-01	3.658774e-01	9.875126e-01	2.663456e+00	2.296114e-01	-1.651537e+00	-1.832622e+00	4.798638e-01	-4.241591e-01	9.924643e-01	-2.590070e+00	8.477954e-01	4.161304e+00	5.893152e-01	1.811334e+00	-1.571368e+00	1.469915e+00	1.734177e+00
1.098151e+00	-2.135623e+00	2.597686e+00	-4.395577e+00	-1.537344e+00	7.877212e+00	4.906498e+00	-4.986524e-01	-2.520626e+00	3.127335e+00	-2.966730e+00	3.819741e+00	-2.295563e+00	3.315985e+00	-1.053924e+00	4.207871e+00	-1.563493e+00	-5.588426e-01	3.264840e+00	1.192815e+00
-7.362466e-02	3.494714e+00	3.148794e+00	6.183083e+00	2.934123e+00	1.075695e+00	3.813650e+00	-3.084045e+00	-9.698200e-01	4.208482e+00	-5.009640e+00	1.255704e+00	-5.475213e+00	-1.986888e+00	4.667817e+00	-6.385781e+00	-5.225669e+00	-3.818473e+00	5.433474e-01	5.302994e+00
-3.661160e-01	2.564706e+00	1.854532e+00	2.635021e+00	4.828548e-01	1.044311e+00	4.741045e+00	-1.569584e+00	-1.312279e+00	1.959800e+00	-2.960158e+00	-1.456774e-01	-3.066444e+00	2.391934e+00	3.000261e+00	-5.912985e+00	-2.959552e+00	-2.235788e+00	1.302726e+00	4.267820e+00
2.517334e+00	3.568525e-01	3.501284e-01	1.692892e+00	2.925173e+00	1.258716e+00	-9.760363e-02	-6.306064e-01	8.766909e-01	6.567758e-01	-5.059215e-01	3.663570e+00	-2.337939e+00	-5.378703e+00	3.875338e+00	-2.053869e-01	3.000618e+00	-3.337907e+00	1.276882e+00	-9.092356e-01
3.228525e+00	1.929036e+00	-3.636091e-01	-6.102359e-01	-1.001892e+00	3.969008e+00	-6.974884e-01	-1.229744e+00	-1.575381e+00	-2.164776e-01	1.734520e+00	1.328506e+00	-1.432541e+00	-3.533344e-01	2.371544e+00	2.480221e+00	3.257014e+00	-2.691394e+00	2.917888e+00	-1.296273e+00
1.747052e+00	-5.881041e-01	-3.946073e-01	-5.204545e+00	1.540985e+00	7.071472e+00	4.144355e+00	6.836029e-01	-3.175637e+00	2.654040e+00	-1.354422e+00	3.875514e+00	-2.614717e+00	-6.312975e-01	1.770973e+00	3.210402e+00	3.120779e+00	-2.829193e+00	3.449327e+00	-8.816412e-01
1.896548e+00	1.882976e+00	-2.923541e-01	4.994050e-02	1.227884e+00	1.284528e+00	-9.900919e-01	-1.442037e-01	1.080720e+00	1.187010e+00	-1.473605e+00	2.668767e+00	-1.008056e+00	-7.827715e-01	3.495668e+00	3.881958e+00	-1.225663e+00	5.354193e-01	1.433219e+00	2.337508e+00
1.804095e+00	6.516390e+00	6.315673e-01	1.745615e+00	8.751905e-01	4.332411e+00	6.320497e-01	-3.073056e+00	-2.201261e+00	2.818415e+00	-4.257858e-01	-9.845685e-01	-3.810192e+00	-3.107117e+00	3.569003e+00	-3.118510e+00	-4.703220e-01	-4.889746e+00	2.608097e+00	2.903979e+00
1.543747e+00	6.437832e-01	-6.516468e-01	4.220102e+00	2.569037e+00	-2.177868e+00	2.344765e+00	1.607898e-01	3.113465e-01	-1.467438e+00	1.371084e-01	1.559536e+00	-6.241399e-01	-3.712437e-01	3.282683e+00	-4.500748e+00	5.092351e+00	-3.544546e+00	-2.660246e-01	-2.473481e+00
1.254704e+00	5.088313e+00	3.874113e-01	3.368307e+00	1.984328e+00	1.213212e+00	9.739855e-01	-3.005002e+00	-1.377100e+00	2.199372e+00	-2.891923e-01	6.892462e-02	-3.516074e+00	-2.064093e+00	5.564351e+00	-4.005222e+00	-1.424337e-02	-3.658433e+00	1.632570e+00	2.862293e+00
2.004383e+00	-2.100076e+00	9.976201e-01	-4.136704e+00	-1.142206e+00	7.291253e+00	4.371962e+00	2.229464e-01	-2.368976e+00	2.746255e-01	-8.118575e-01	4.837911e+00	-2.699067e+00	1.893572e+00	-5.911997e-01	4.196855e+00	1.840728e+00	-1.454137e+00	2.959420e+00	-2.076963e+00
1.152668e+00	-6.749391e-01	-6.890263e-01	-3.380182e+00	4.027438e+00	8.482936e+00	2.913068e+00	1.394706e+00	-4.691577e+00	5.647669e+00	-5.053641e+00	2.801144e+00	-3.957932e+00	-4.381898e+00	1.137141e+00	5.467053e+00	3.239965e-01	-1.253523e+00	4.327472e+00	1.101524e+00
1.569343e+00	4.910819e+00	-4.136871e-01	4.963800e-01	1.293692e+00	2.957376e+00	2.989934e+00	-1.713534e+00	-2.961202e+00	3.241780e+00	-1.804872e+00	8.350031e-02	-4.026433e+00	1.691772e+00	5.705404e+00	-2.088056e+00	-1.155448e+00	-3.507232e+00	2.411406e+00	3.236740e+00
-3.373218e+00	-8.807250e+00	7.224524e+00	3.197468e+00	-7.595993e+00	-1.077124e+01	9.956989e+00	-1.712165e-01	-8.193310e-01	-1.096215e+01	1.002679e+01	8.762280e+00	5.079761e+00	9.740268e+00	-5.548393e+00	-1.390674e-01	1.700605e+00	4.266604e-01	3.020183e+00	-9.593643e+00
1.252590e-01	4.389476e+00	4.545289e-01	2.639536e+00	4.573928e+00	3.230295e+00	1.832842e+00	-2.325158e+00	-3.510583e+00	6.989591e+00	-2.567881e+00	1.660895e+00	-6.954375e+00	-4.793760e+00	6.517774e+00	-2.461053e-01	-1.668069e+00	-3.647606e+00	1.311097e+00	2.579405e+00
2.495164e+00	6.186491e-02	2.181714e+00	-4.084427e-01	2.347281e+00	3.910989e+00	-3.090947e+00	1.104742e+00	1.774658e+00	-6.855146e-01	4.653568e-01	3.014089e+00	-2.690804e-01	-6.930759e+00	6.012285e-01	4.399999e+00	8.014947e-01	8.321975e-01	1.269872e+00	5.744968e-01
4.180907e+00	-2.136623e-01	4.300716e-01	-2.540911e+00	-2.468294e+00	4.347989e+00	-2.198812e+00	1.640161e-01	1.710127e+00	-1.053097e+00	2.261991e+00	3.422578e+00	-3.225960e-01	3.471580e-01	1.796690e-01	7.322923e+00	2.609405e+00	7.307411e-01	8.174369e-01	-2.278954e+00
2.018561e+00	-2.743197e-01	1.579725e+00	1.050034e+00	8.232474e-01	9.424524e-01	-2.612314e+00	9.507553e-01	3.492174e+00	-1.851992e+00	1.065314e+00	3.405772e+00	4.299156e-01	-4.543467e+00	5.982768e-01	3.265117e+00	8.212970e-01	1.561699e+00	5.578509e-01	-6.048903e-01
1.177662e+00	6.734102e+00	-8.707564e-02	5.741081e+00	1.377981e+00	2.882009e-01	-1.018090e+00	-3.009645e+00	5.130687e-01	-4.850044e-01	-5.199372e-01	-2.509733e+00	-4.364579e-01	-2.482627e+00	2.209046e+00	-6.064815e+00	-8.924298e-01	-2.739156e+00	1.984087e+00	3.674293e+00
-1.316800e+00	3.567689e+00	1.606366e+00	3.729326e+00	2.072655e+00	1.029256e+00	1.139016e+00	-1.680344e+00	-1.268318e+00	7.529677e-02	-7.509460e-02	4.935200e-01	-1.417179e+00	-3.584485e+00	1.715896e+00	-2.642302e+00	-1.065539e+00	-1.526126e+00	2.516882e+00	1.771804e+00
9.854829e-01	1.501779e+00	1.056155e+00	-6.724132e-01	1.440945e+00	2.510767e+00	-2.780167e+00	1.916028e+00	6.688123e-01	3.236222e+00	8.278196e-01	-1.189052e+00	-1.068896e+00	-4.003486e+00	1.981480e+00	3.960377e+00	2.744918e-01	2.031891e+00	2.275043e-01	1.744536e+00
-1.574869e+00	5.442273e+00	-6.128104e-01	1.293991e+00	2.383423e+00	3.674740e+00	1.279346e+00	5.117496e-01	-3.890261e+00	2.843155e+00	-2.787114e+00	-2.594788e+00	-3.680088e+00	-3.168262e+00	2.030888e+00	-1.357313e+00	-9.587401e-01	-1.165335e+00	3.075395e+00	4.908434e+00
1.389712e+00	-7.607592e-01	-2.446191e+00	2.188291e-01	2.749989e+00	7.735541e-01	2.051344e+00	1.074924e+00	-7.704180e-01	4.486505e-01	-8.843675e-01	2.752457e+00	-3.453994e-01	-1.365176e+00	2.464364e+00	-3.471462e-01	4.751879e+00	-9.501466e-01	1.171290e+00	-2.430356e+00
1.871844e+00	4.387657e+00	-1.694939e+00	1.535261e+00	3.023298e+00	2.798707e+00	-6.375375e-01	-8.219717e-01	-1.495671e+00	1.527668e+00	-6.554159e-01	7.949236e-01	-1.995600e+00	-3.839973e+00	3.886545e+00	-5.195790e-02	-1.433722e-01	-1.336503e+00	2.042272e+00	1.196853e+00
-2.430128e+00	4.290154e-01	1.032635e+00	2.831704e+00	2.906198e+00	3.244168e-01	4.325557e+00	7.554985e-01	-1.086968e+00	9.874058e-01	-3.913854e+00	2.395103e+00	-2.073773e+00	-1.499765e+00	7.021387e-01	-5.231518e+00	-1.737579e+00	-7.986539e-01	1.335314e+00	3.360855e+00
4.411805e+00	-1.378897e-01	8.063147e-01	2.024878e+00	-3.395117e-01	-3.663874e-01	-3.839644e+00	-9.047520e-01	4.282535e+00	-3.144070e+00	1.680908e+00	3.537818e+00	4.272378e-01	-1.065620e+00	1.932071e+00	2.067310e+00	2.625349e+00	6.150838e-01	-9.775769e-01	-1.268899e+00
3.317724e+00	9.115512e-01	2.720136e+00	1.985227e+00	2.450659e+00	2.543233e+00	-3.662518e+00	-6.975750e-01	3.482387e+00	2.540485e+00	1.057452e+00	3.336845e+00	-1.924791e+00	-8.111328e+00	2.772608e+00	3.509308e+00	-3.074455e-01	-1.105775e-01	-5.976331e-01	-7.495869e-01
-1.767107e-01	-2.338060e-01	8.453487e-01	-8.396381e-02	1.183419e+00	1.368991e+00	3.130793e+00	9.892257e-01	-2.618474e+00	2.157022e+00	-1.532287e+00	2.292390e+00	-1.431662e+00	6.509254e-01	2.646324e+00	1.753254e-01	1.550815e+00	-2.303023e+00	2.689194e+00	3.224764e-01
6.011259e-01	3.444030e+00	1.846372e+00	2.178426e+00	2.187325e+00	3.600167e+00	1.210036e-01	-7.595946e-01	-1.507297e+00	3.780368e+00	4.577240e-02	5.987306e-01	-3.939740e+00	-4.978925e+00	2.764700e+00	6.464463e-01	-7.467931e-01	-2.396136e+00	1.168061e+00	7.123411e-01
2.445188e+00	4.479450e+00	-7.711810e-01	7.908843e-01	1.988454e+00	3.489046e+00	1.386331e+00	-2.119400e+00	-2.462532e+00	2.988098e+00	7.936303e-02	1.416029e+00	-4.175686e+00	-2.231972e+00	5.537616e+00	-1.161873e+00	7.171335e-01	-4.381161e+00	2.153738e+00	6.168065e-01
8.252962e-01	4.636270e+00	1.233261e+00	1.175657e+00	2.345636e+00	4.529134e+00	7.830194e-01	-2.169278e+00	-3.692404e+00	3.282228e+00	3.137783e-01	-2.144570e-01	-3.936324e+00	-5.076714e+00	3.331902e+00	-9.230515e-01	2.762038e-01	-3.152878e+00	2.823991e+00	1.551256e+00
4.817854e-01	1.306658e+00	-7.319171e-01	1.566514e+00	2.137106e+00	1.617993e+00	2.564893e+00	-5.869965e-01	-4.400551e+00	2.837417e+00	-4.572976e-01	2.201181e+00	-2.323787e+00	-1.982590e+00	3.081055e+00	-2.244091e+00	3.723032e+00	-5.386314e+00	3.009755e+00	-1.396711e+00
1.690588e+00	-5.451485e-01	1.182865e+00	3.356824e+00	2.068568e-01	-6.768421e-02	-1.374899e-01	-9.454565e-01	-1.315137e-01	-6.660112e-01	1.100774e+00	1.072278e+00	-1.141091e-01	-9.456383e-01	1.265558e+00	-1.220672e+00	2.023393e+00	4.077900e-01	8.047496e-02	-5.101952e-01
-2.673252e-01	-2.388860e-01	1.126827e+00	4.612753e-01	4.411530e+00	3.801227e+00	2.438013e+00	1.356864e+00	-1.457622e+00	2.686176e+00	-5.293854e+00	2.839517e+00	-3.820774e+00	-4.431310e+00	2.848070e+00	5.085304e-01	-2.483118e+00	7.826973e-01	1.852607e+00	3.898050e+00
1.626502e-01	-2.012885e+00	-2.108630e-01	2.367392e+00	5.748054e+00	-1.689253e-01	-6.133261e-01	6.891658e-01	1.634389e+00	-7.023190e-01	-1.784730e+00	4.191516e+00	-6.820194e-01	-8.293867e+00	1.851623e+00	-7.759852e-01	3.669451e+00	-9.117765e-03	1.324474e-01	-5.174524e-01
-4.745428e-01	4.692651e+00	1.120850e+00	5.685895e+00	1.124457e+00	1.494659e+00	3.635607e+00	-2.225402e+00	-2.049832e+00	3.916900e+00	-5.084346e+00	-1.500563e+00	-3.637107e+00	7.903743e-01	3.214580e+00	-6.003989e+00	-5.544944e+00	-2.121037e+00	1.851474e+00	5.157551e+00
1.536513e+00	2.563047e+00	3.628768e-01	3.583611e+00	-6.092769e-02	4.436674e-01	3.234469e-01	-2.377847e+00	-1.442683e+00	-2.790209e-01	1.422702e+00	3.952974e-01	-1.507296e+00	-3.749397e-01	2.313933e+00	-1.650674e+00	2.404424e+00	-2.751757e+00	1.496954e+00	-6.218939e-01
1.954616e+00	1.349327e+00	5.260971e-01	2.617127e+00	-5.977978e-01	-3.020642e-01	4.122512e-01	-1.821417e+00	4.673223e-01	-1.695379e+00	6.285613e-02	1.873278e+00	-1.209134e+00	2.023967e+00	1.997460e+00	-1.442872e+00	1.647009e+00	-1.492348e+00	6.197166e-01	5.198474e-01
1.663664e+00	5.354991e+00	1.988524e+00	3.906284e+00	2.566638e-01	8.374438e-01	-1.015041e+00	-3.271437e+00	1.465897e+00	-4.134919e-01	1.337536e+00	-6.297913e-01	-1.550738e+00	-2.735084e+00	2.573151e+00	-3.679184e+00	-1.191696e-01	-2.835974e+00	1.091739e+00	2.822306e+00
1.941026e+00	5.396866e+00	9.028621e-01	-6.591895e-01	-1.908301e-01	6.489258e+00	2.472018e+00	-1.900746e+00	-2.136067e+00	4.118707e+00	-1.446854e+00	-3.888653e-02	-5.070537e+00	-7.299461e-01	3.922250e+00	-4.556038e-01	-2.219271e+00	-4.632770e+00	3.531435e+00	3.133027e+00
9.850804e-01	4.902871e+00	1.537155e+00	6.085417e+00	7.105814e-01	-2.078289e+00	3.824304e-01	-3.598652e+00	1.676348e+00	2.537566e-01	6.798480e-01	-3.071577e-01	-1.877179e+00	-5.794909e-01	3.993683e+00	-6.203606e+00	-7.364030e-01	-3.484267e+00	4.502909e-01	2.341324e+00
2.698658e+00	1.457271e-02	1.946929e-01	-6.124513e+00	1.385665e+00	1.039413e+01	4.251824e+00	6.274917e-01	-2.926674e+00	3.468880e+00	-2.549346e+00	3.585012e+00	-4.188140e+00	-2.093210e+00	1.046642e+00	2.997678e+00	1.480990e+00	-3.443690e+00	3.678241e+00	4.054700e-01
2.679673e+00	8.051283e-01	-1.895135e+00	1.730111e+00	2.772726e+00	-7.655851e-01	-1.921176e+00	-1.116937e-01	1.725808e+00	-1.875205e+00	2.832694e-01	1.899312e+00	1.178623e+00	-3.574129e+00	2.267530e+00	-4.592141e-01	4.433412e+00	8.531308e-02	5.249037e-01	-4.990277e-01
1.742621e+00	2.528476e+00	-6.802286e-01	2.383469e+00	-1.610419e+00	-2.577637e-01	4.223159e-01	-1.018436e+00	8.371229e-02	-5.271063e-01	4.028623e-01	7.018244e-01	-1.816687e+00	3.662354e+00	3.826469e+00	-8.108808e-02	8.740601e-01	-1.897483e+00	1.284176e+00	1.758451e-01
-4.793448e-01	-9.917782e-01	1.302034e+00	-4.969630e+00	1.509552e-01	8.589650e+00	4.362639e+00	1.982497e+00	-2.873626e+00	2.932139e-01	-9.407418e-02	2.833500e+00	-1.947335e+00	-1.777090e+00	-2.067647e+00	3.908885e+00	1.619944e+00	-2.086823e-01	4.219781e+00	-1.261281e+00
-2.315862e-01	2.619353e+00	5.614741e-01	6.588750e+00	1.022574e+00	-5.746590e-01	-5.545099e-01	-2.261280e+00	-5.980500e-01	1.759637e+00	-2.665394e+00	5.445191e-02	-2.052299e+00	-9.276848e-01	1.663009e+00	-1.529674e+00	-2.251577e+00	-1.570594e+00	1.625331e+00	2.096145e+00
1.675109e+00	4.727703e-01	9.467747e-01	4.708297e-01	1.342024e+00	3.000346e+00	-3.104851e-01	-1.557623e-01	-7.861600e-01	-2.677672e-01	7.629009e-01	1.239449e+00	-1.315965e+00	-3.200915e+00	1.558075e+00	1.305707e+00	2.277959e+00	-6.370852e-01	1.478251e+00	4.323771e-01
1.777790e+00	-2.808938e-01	1.240735e+00	2.125749e-01	1.069350e+00	2.610061e+00	1.401380e+00	-7.799338e-02	7.681853e-01	1.230260e+00	-7.507269e-01	2.585890e+00	-1.919038e+00	-2.766584e+00	2.087424e+00	-5.937695e-01	1.215445e+00	-2.690215e+00	1.961815e+00	-3.333722e-01
1.580081e-02	2.603174e+00	3.353911e+00	5.211943e+00	3.794632e+00	1.870020e+00	3.632755e+00	-2.701999e+00	-2.712082e+00	4.843143e+00	-4.804423e+00	1.935542e+00	-5.274577e+00	-3.565946e+00	4.599673e+00	-4.591302e+00	-4.438502e+00	-3.394623e+00	1.480204e+00	4.837620e+00
6.683547e-01	4.175544e+00	9.123149e-01	1.557151e+00	3.943405e+00	4.109862e+00	4.350221e-01	-1.407451e+00	-1.787618e+00	4.727186e+00	-2.454957e+00	-8.011215e-01	-4.659558e+00	-6.240633e+00	4.182985e+00	-1.177317e+00	1.031517e+00	-3.326215e+00	1.839511e+00	4.077832e+00
-1.077374e+00	1.320513e-01	-4.025268e-01	4.213795e+00	-3.512645e+00	-5.461093e+00	7.493815e+00	-1.992154e+00	-1.125378e+00	1.844917e-01	-3.655980e+00	4.026852e+00	-3.992788e+00	1.448549e+01	4.131949e+00	-8.152293e-01	-2.315159e+00	-1.448323e+00	-6.184697e-02	8.627653e-01
2.295543e+00	4.298919e+00	-2.621238e-01	2.185295e+00	2.541148e+00	2.652646e+00	-2.105737e-02	-2.536359e+00	-1.537147e+00	1.798200e+00	8.551811e-01	1.111175e+00	-3.096694e+00	-4.588681e+00	4.320753e+00	-2.062498e+00	2.105589e+00	-4.520869e+00	1.836617e+00	3.563536e-01
1.691098e+00	-1.390387e-01	1.074861e+00	2.807992e+00	2.538702e+00	2.381467e-01	2.274000e+00	-1.218471e+00	1.007492e+00	9.143354e-01	-2.215759e+00	4.002935e+00	-2.410403e+00	-3.865719e+00	2.996483e+00	-4.144583e+00	1.226186e+00	-4.288091e+00	1.197971e+00	4.819981e-01
-6.566532e-01	2.775458e+00	2.235188e+00	3.718367e+00	1.433769e+00	8.495988e-01	3.593583e+00	-2.387891e+00	-1.428972e+00	3.377994e+00	-2.226251e+00	1.019199e+00	-4.346466e+00	-1.772826e-01	4.505175e+00	-3.113863e+00	-2.495864e+00	-2.526395e+00	1.338628e+00	3.099315e+00
-3.875981e-01	3.780768e+00	-1.465727e-01	1.863383e+00	3.658071e+00	3.252162e+00	3.387265e+00	-7.201767e-01	-3.958816e+00	2.178084e+00	-2.129884e+00	1.553628e+00	-5.158490e+00	-3.626487e+00	4.700449e+00	-1.591364e+00	3.394536e-01	-3.971012e+00	2.766049e+00	2.788965e+00
2.486526e+00	5.868069e-01	-3.301571e-01	-9.081326e-01	1.609211e-01	2.884615e+00	-6.731933e-01	8.413444e-01	-8.931731e-01	5.478940e-01	2.778942e-01	8.205447e-01	-1.153335e+00	2.913480e-01	2.985022e+00	3.356560e+00	1.877940e+00	4.527286e-01	1.166870e+00	2.698622e-01
8.301801e-01	5.070936e+00	1.619760e+00	3.836661e+00	1.087220e+00	1.905744e+00	-8.219526e-01	-2.826525e+00	-8.478810e-01	1.733503e+00	1.408028e+00	-7.096188e-02	-2.880194e+00	-5.112407e+00	2.948309e+00	-1.332577e+00	2.037305e-01	-4.133225e+00	2.093329e+00	1.430839e+00
5.308156e+00	-1.724895e+00	-7.550490e-02	1.435456e+00	-8.807000e-01	-7.918468e-01	-4.407117e+00	-4.677239e-01	3.975793e+00	-3.531045e+00	2.206325e+00	3.608125e+00	2.006469e+00	-5.023167e-01	9.575522e-01	3.819196e+00	4.394293e+00	7.516114e-01	-7.964234e-01	-2.807563e+00
-1.068004e+00	3.916240e+00	3.026303e+00	1.081206e+00	1.671361e+00	3.638751e+00	7.573723e-01	3.082834e-01	-1.552795e+00	5.564263e+00	-3.448050e-01	-1.864862e+00	-4.257795e+00	-3.792629e+00	3.069066e+00	1.657151e+00	-3.723487e+00	9.341411e-02	1.776174e+00	3.736130e+00
2.017351e+00	4.555819e+00	1.764352e+00	1.130455e+00	1.631699e+00	3.991570e+00	-1.259263e+00	-1.810458e+00	-9.524773e-01	3.227909e+00	2.217874e+00	-4.009427e-01	-2.277698e+00	-5.540045e+00	2.892737e+00	6.070152e-01	-5.970464e-01	-2.209925e+00	1.853891e+00	-8.065400e-02
2.946285e-01	7.821308e-01	7.591740e-01	3.559728e+00	1.268143e+00	-2.949204e-01	2.053576e+00	-1.022361e+00	-1.423041e+00	-6.952070e-01	-3.301335e-01	2.028612e+00	-1.711775e+00	3.852767e-02	2.022838e+00	-3.629540e+00	2.904437e+00	-2.695851e+00	8.172584e-01	-8.142231e-02
2.951725e+00	3.652615e+00	-1.055331e+00	3.182497e-01	1.066307e+00	2.947212e+00	2.164862e-01	-1.636707e+00	-1.595522e+00	2.233766e-01	-1.400161e-01	2.271365e-01	-2.168935e+00	-7.053833e-01	3.701864e+00	-5.077299e-01	2.776648e+00	-2.534258e+00	1.668826e+00	1.764950e+00
-1.306860e+00	5.023396e+00	2.184454e+00	1.456504e+00	1.719565e+00	3.616822e+00	1.858596e+00	-1.498405e+00	-3.205039e+00	5.112185e+00	3.067779e-01	-1.801774e+00	-4.154297e+00	-2.838883e+00	2.541261e+00	-1.574783e-01	-1.427840e+00	-1.555973e+00	1.979545e+00	2.680956e+00
-7.402771e-01	6.037983e+00	-4.898921e-01	5.881109e+00	2.123453e+00	-3.300846e-01	1.367914e+00	-2.775989e+00	-1.568524e+00	2.087355e+00	-2.575154e+00	-1.212482e+00	-2.673395e+00	-1.059083e+00	3.433403e+00	-5.456385e+00	-2.462660e+00	-3.247228e+00	1.996481e+00	4.113229e+00
3.151274e+00	1.618781e+00	2.511976e+00	1.921596e+00	1.090075e+00	2.496491e+00	-3.503979e+00	-5.933278e-01	2.879340e+00	1.185185e+00	2.155347e+00	2.443559e+00	-1.260235e+00	-5.889513e+00	1.811013e+00	3.562897e+00	1.398710e-01	1.505325e-01	-4.849324e-01	-1.509538e+00
1.723224e+00	-1.823129e-01	2.126297e+00	8.800865e-01	3.499140e+00	2.354816e+00	-2.335357e+00	4.975525e-01	-1.285423e-02	4.121141e+00	-5.753567e-01	1.916841e+00	-2.398834e+00	-6.100268e+00	2.846500e+00	5.090246e+00	-4.885325e-02	1.181354e+00	5.238510e-01	8.085031e-01
1.482945e+00	5.881440e+00	-1.221979e+00	3.040744e+00	4.654479e+00	2.650398e+00	-2.802628e-01	-1.656891e+00	-2.160445e+00	4.057200e+00	-4.081069e+00	9.430520e-01	-4.604631e+00	-4.952334e+00	6.418949e+00	-8.446291e-01	-2.508855e+00	-1.940595e+00	1.875240e+00	4.813464e+00
-6.828013e-01	-1.099962e+00	1.491166e+00	-4.374991e+00	2.958032e+00	9.475332e+00	4.713204e+00	2.024802e+00	-4.284118e+00	3.743716e+00	-4.387647e+00	5.373374e+00	-4.997351e+00	-4.252509e+00	5.407774e-01	5.199943e+00	-1.558806e+00	-1.463578e+00	4.172872e+00	1.410910e+00
2.927817e+00	2.911075e+00	-1.267374e-01	3.121464e+00	6.393525e-01	1.325049e+00	4.780369e-01	-2.478684e+00	-1.337258e+00	5.132075e-02	4.594156e-01	6.310220e-01	-2.269045e+00	6.254274e-02	3.487484e+00	-2.186860e+00	2.075623e+00	-3.216713e+00	1.664096e+00	-1.415181e-01
7.421432e-01	6.183001e-01	4.725573e-01	8.379933e-01	3.754765e+00	2.458126e+00	1.042959e+00	-6.956527e-01	-2.378234e+00	3.444564e+00	-1.512324e-01	3.888811e+00	-2.378565e+00	-4.763318e+00	3.853086e+00	1.340930e+00	2.041299e+00	-2.773283e+00	1.539753e+00	-1.027594e+00
1.198590e+00	-1.061152e+00	1.169537e+00	-6.289464e+00	-2.970740e-01	9.483971e+00	5.413300e+00	2.179538e-02	-4.094932e+00	3.750244e+00	-1.948025e+00	4.745097e+00	-4.348585e+00	7.690315e-01	7.295003e-01	5.709459e+00	-3.042711e-01	-2.139046e+00	4.414031e+00	-2.616292e-01
-9.808693e-02	3.638855e+00	7.148575e-01	1.198771e+00	3.740620e+00	3.489095e+00	1.855385e+00	-1.023205e+00	-3.022676e+00	6.076692e+00	-4.204864e+00	-5.264767e-01	-5.341732e+00	-3.942347e+00	4.206469e+00	-6.521087e-01	-4.571729e-01	-3.269947e+00	2.163788e+00	5.312355e+00
-6.091584e-01	4.668035e+00	2.267660e+00	4.144346e+00	2.312095e+00	7.581017e-01	2.270462e+00	-3.173796e+00	-1.102654e+00	1.794838e+00	-1.950834e+00	2.148806e-01	-3.552979e+00	-1.204652e+00	4.012808e+00	-4.665065e+00	-1.974735e+00	-3.509647e+00	1.516596e+00	4.434395e+00
2.343188e-01	4.487940e+00	2.972345e+00	7.215493e-01	3.868038e+00	5.641332e+00	1.533919e-01	-4.560912e-01	-3.775428e+00	5.191737e+00	-3.215074e-01	-1.060202e+00	-4.016454e+00	-7.743278e+00	2.695839e+00	6.639626e-01	-2.362226e+00	-1.250902e+00	2.324206e+00	2.480020e+00
1.115916e+00	2.437485e-01	-4.190017e-01	-1.724315e-01	4.110806e+00	2.224108e+00	2.712279e+00	-1.659257e-01	-1.704592e+00	2.605369e+00	-1.248414e+00	3.169057e+00	-2.874014e+00	-3.865085e+00	4.260126e+00	-5.585388e-01	3.482991e+00	-2.371592e+00	1.079361e+00	-1.613069e-01
2.357381e+00	9.522607e-01	1.274369e+00	2.951673e+00	-2.720064e-01	-1.873431e-03	-1.125865e+00	-3.613823e-01	3.504673e+00	-6.310372e-01	7.179559e-01	2.959617e+00	-1.303092e+00	-2.762036e+00	2.127688e+00	-1.393674e+00	3.827217e-01	-2.597802e+00	3.560190e-01	-6.809330e-01
1.782936e+00	4.317529e-01	1.841878e+00	2.025112e+00	-2.998908e+00	1.904939e-01	-1.288911e+00	-4.531327e-01	3.291482e+00	-3.763816e+00	2.957160e+00	4.950180e-01	1.382096e+00	1.788220e+00	-9.974902e-01	-8.891942e-02	2.420591e+00	-4.231137e-01	5.103448e-01	-1.648623e+00
4.590769e-01	2.610969e-01	2.893692e+00	7.874570e-01	1.848382e+00	3.469060e+00	4.131314e-01	-1.003919e+00	1.144899e-01	-1.322610e+00	2.248702e-01	2.348051e+00	-1.277478e+00	-4.138479e+00	4.140562e-01	-5.238365e-01	1.547681e+00	-1.302302e+00	1.562152e+00	9.674798e-01
-8.279877e-01	3.781535e+00	2.298660e+00	3.751058e+00	2.184304e+00	2.840383e+00	1.874665e+00	-3.315410e+00	-2.217169e+00	6.704712e+00	-4.795267e+00	4.689623e-01	-6.788740e+00	-2.510092e+00	4.654315e+00	-7.926081e-01	-3.806023e+00	-3.387846e+00	2.039542e+00	6.094297e+00
1.608860e+00	4.610508e+00	1.311576e+00	3.435422e+00	-1.014357e+00	-5.249725e-01	8.026955e-01	-3.836215e+00	9.919566e-01	-2.826319e-01	-1.735638e-01	-3.873891e-01	-1.031195e+00	2.986312e+00	2.777144e+00	-4.470928e+00	-1.665081e+00	-2.141662e+00	9.515326e-01	4.027159e+00
6.099359e-01	4.696583e+00	2.330825e-01	3.054925e+00	2.538958e+00	1.083623e+00	2.012101e+00	-3.126097e+00	-2.540918e+00	4.007265e+00	-1.100322e+00	1.262944e+00	-4.456824e+00	-1.737396e+00	5.932246e+00	-1.949730e+00	-3.588700e-01	-4.252051e+00	1.956208e+00	2.180552e+00
6.813079e-01	-5.038845e-01	-3.404915e-01	3.969352e+00	2.584880e+00	-2.905785e+00	3.703678e-01	2.400368e+00	3.519552e+00	-3.581883e+00	-2.248258e+00	6.393520e-01	1.582575e+00	-1.249278e+00	1.674121e+00	-7.166983e+00	1.104435e+00	5.436184e-01	-7.914215e-01	2.589337e+00
2.194970e+00	8.101125e-01	3.158911e+00	4.842020e+00	2.243551e+00	-2.427837e+00	-2.905291e+00	-4.279305e-01	5.130128e+00	9.157778e-01	-6.070653e-01	2.202914e+00	-1.055064e+00	-5.765611e+00	3.565311e+00	-1.345907e+00	-1.918167e+00	8.290315e-01	-1.206377e+00	2.913045e+00
1.085674e+00	-1.165104e+00	2.953599e+00	4.398594e+00	2.800856e+00	-1.926737e+00	-2.020679e+00	4.422749e-01	2.284386e+00	4.175447e+00	-3.422776e+00	3.627142e+00	-3.168524e+00	-5.347007e+00	4.289493e+00	3.581913e+00	-1.984269e+00	1.916814e-01	-1.634400e-02	2.761520e+00
2.170328e+00	2.715464e+00	-1.761490e+00	2.266715e+00	1.834754e+00	1.082143e-01	2.349642e-01	-4.687625e-02	8.583104e-01	7.190654e-01	-3.121559e+00	1.751365e+00	-1.202947e+00	-8.708982e-01	4.044260e+00	-1.674090e+00	-3.681861e-01	-1.470375e+00	1.256003e+00	2.328903e+00
2.033625e+00	3.762346e-01	1.297238e+00	4.929485e+00	1.462176e+00	-2.056863e-01	-1.129919e+00	-1.429503e+00	1.182679e+00	-3.058838e-01	-2.892508e-02	3.136984e+00	-2.480228e+00	-4.052214e+00	2.844558e+00	-3.597480e-01	1.295864e+00	-2.690913e+00	2.548609e-01	-9.316039e-01
1.181196e+00	5.967609e+00	5.451287e-03	2.426130e+00	1.649811e+00	2.111055e+00	1.049861e+00	-2.621767e+00	-1.251081e+00	3.659776e+00	-9.907968e-01	1.532594e-01	-4.543420e+00	-1.760041e+00	5.765766e+00	-1.782160e+00	-6.250100e-01	-4.430578e+00	1.701510e+00	3.116776e+00
1.805577e-01	-1.365403e+00	3.390473e+00	6.063543e+00	3.775956e+00	-2.077500e+00	-1.504709e+00	-1.012016e+00	3.009168e+00	-1.806509e-01	-2.891557e+00	5.434461e+00	-2.435683e+00	-6.375910e+00	3.062357e+00	7.357364e-02	-1.880792e+00	4.556955e-01	-1.089448e+00	2.325695e+00
2.092451e+00	1.191291e+00	5.354384e+00	6.637905e+00	-3.008417e-01	-1.658469e+00	-4.340838e+00	-3.351888e+00	6.161602e+00	-1.976052e-01	2.632709e-01	2.643645e+00	-5.374762e-01	-4.696755e+00	9.213673e-01	8.596762e-01	-3.008851e+00	1.674757e-01	-7.393538e-01	2.646737e+00
-8.492041e-02	-1.957641e+00	3.545291e-01	-5.304774e+00	1.718628e+00	9.972378e+00	5.936781e+00	4.193642e-01	-4.435377e+00	3.411833e+00	-3.773928e+00	5.360629e+00	-4.000460e+00	-1.450869e+00	-5.513096e-01	5.012746e+00	8.480564e-02	-1.535094e+00	4.474766e+00	-4.716985e-01
9.255907e-01	5.567632e+00	-1.111706e+00	1.901684e+00	2.647045e+00	1.130927e+00	4.092801e-01	-2.331838e+00	-3.634790e+00	2.564996e+00	-6.825286e-01	-8.609656e-01	-2.531128e+00	-1.422267e+00	5.593757e+00	-1.989023e+00	2.196691e+00	-4.261533e+00	2.411285e+00	2.844849e+00
-1.387686e+00	6.493193e-01	2.119560e+00	9.069006e-01	1.450337e+00	7.795865e-01	9.671835e-01	3.006526e-01	1.536293e-01	1.714307e+00	7.440190e-01	8.372940e-01	-3.402330e-01	-2.843238e+00	1.006568e+00	-2.249209e-01	2.684899e+00	-1.341171e+00	1.497207e+00	7.545310e-01
4.837371e-01	2.688354e+00	2.504184e+00	3.838297e+00	-2.022870e+00	-4.094049e-01	1.232333e+00	-2.767535e+00	-5.588201e-01	1.402956e+00	1.213886e+00	-5.207737e-01	-7.799269e-01	2.649600e+00	2.067858e+00	-1.722288e+00	-2.388483e+00	-1.732195e+00	2.093953e+00	8.912638e-01
2.007479e-01	1.089219e+00	-7.602102e-01	7.748181e-01	5.718084e+00	1.615348e+00	3.194956e+00	-2.970803e-01	-3.119901e+00	3.251958e+00	-2.695112e+00	2.983051e+00	-3.552669e+00	-4.876180e+00	5.319230e+00	-2.906273e+00	3.015580e+00	-3.736523e+00	1.471708e+00	1.578811e+00
1.640575e+00	-5.557717e-01	-4.358936e-01	-6.175888e+00	1.167933e+00	9.680138e+00	5.217516e+00	9.541049e-01	-5.505172e+00	3.619489e+00	-6.340834e-01	3.189190e+00	-3.269350e+00	-2.321231e-02	1.078717e+00	5.052536e+00	3.947834e+00	-3.496376e+00	4.491466e+00	-2.718280e+00
4.290131e-01	5.471502e+00	1.007670e-01	5.487011e+00	1.970217e+00	-1.623051e+00	2.013969e+00	-2.787404e+00	-5.584424e-01	2.124512e+00	-1.356720e+00	-3.010950e-01	-3.442283e+00	-4.049045e-01	5.462623e+00	-6.169263e+00	-5.334765e-01	-4.814888e+00	7.542174e-01	3.054354e+00
2.994341e+00	-3.975867e-01	1.984085e-01	-1.923334e+00	9.483777e-01	5.554176e+00	3.372390e+00	1.640538e-01	-5.932615e-01	1.643592e+00	-1.465093e+00	4.272553e+00	-3.115272e+00	-1.070461e+00	2.485581e+00	8.584302e-01	7.117534e-01	-3.218426e+00	2.028842e+00	-1.329980e+00
-2.961201e+00	-8.301510e-02	3.809849e+00	2.565228e+00	2.923632e+00	1.887855e+00	2.691959e+00	-1.999566e-01	-4.932374e-01	1.171640e+00	-3.833245e+00	3.019740e+00	-2.346957e+00	-3.390580e+00	-7.081372e-02	-1.120345e+00	-3.017221e+00	4.090516e-01	1.219755e+00	4.191544e+00
1.502416e+00	4.266558e-01	1.303971e+00	7.524849e-01	4.122821e+00	2.272172e+00	6.485862e-02	-1.242739e+00	5.605099e-02	1.329797e+00	-9.490151e-01	3.665320e+00	-2.285436e+00	-5.337813e+00	3.152734e+00	1.711470e+00	2.326304e+00	-1.224361e+00	8.408145e-01	8.986675e-01
-4.055763e-01	3.851930e-01	1.258475e+00	2.317818e+00	1.859679e+00	-6.249669e-01	2.050832e+00	-5.917604e-01	-8.926242e-01	1.263719e+00	-4.815835e-01	3.005149e+00	-1.353846e+00	-9.935196e-01	2.844622e+00	-2.325327e+00	1.623427e+00	-2.165765e+00	1.178517e+00	3.482270e-01
-4.948800e-01	2.983688e+00	3.338599e+00	4.555323e+00	-9.569587e-02	1.003414e+00	3.026069e+00	-3.497459e+00	-2.205727e+00	2.241191e+00	-5.268032e-01	5.871575e-01	-3.187912e+00	5.350916e-01	2.729881e+00	-2.261517e+00	-2.769603e+00	-2.830851e+00	2.480392e+00	2.117154e+00
1.418597e+00	4.391237e+00	1.489099e+00	2.614459e+00	4.624259e+00	4.928840e+00	-3.149219e-01	-1.145014e+00	-3.138838e+00	5.083435e+00	-1.659998e+00	-9.574070e-01	-4.996954e+00	-8.006815e+00	4.203913e+00	-1.801347e+00	-1.520998e+00	-2.197605e+00	1.208159e+00	2.999963e+00
5.559831e-01	1.362043e+00	2.700388e+00	3.297112e+00	-2.741785e-01	2.195175e+00	2.501237e+00	-3.827921e+00	-1.608007e+00	3.110166e+00	-1.966437e+00	2.273103e+00	-4.048491e+00	8.712974e-01	2.224376e+00	-8.481174e-02	-2.338221e+00	-2.941235e+00	2.492584e+00	1.695781e+00
1.427258e+00	-6.072441e-01	4.796470e-01	2.770634e+00	3.918772e-01	-1.703894e-01	-1.401790e+00	-6.831211e-02	1.453223e+00	-2.422256e-01	1.485662e+00	3.150109e+00	-1.322908e+00	-2.210744e+00	2.421217e+00	1.155648e+00	1.802531e+00	-8.753055e-01	-2.584292e-01	-2.533729e+00
-3.812263e-01	2.282096e+00	1.924548e+00	4.839201e+00	2.930408e+00	1.242896e+00	3.162268e+00	-1.390970e+00	-1.983504e+00	3.452409e+00	-4.890668e+00	3.578286e-01	-5.158182e+00	-1.346762e+00	4.409557e+00	-4.383859e+00	-3.299237e+00	-1.949255e+00	2.546579e-01	5.060995e+00
6.297486e-01	-1.568789e+00	2.989318e-01	1.581926e+00	2.033223e+00	-5.169667e-01	2.138042e+00	-2.299214e-01	-2.783356e-01	6.547761e-01	3.242358e-01	3.148118e+00	-7.974516e-01	-2.045604e+00	2.280539e+00	-8.638326e-01	3.939443e+00	-1.939983e+00	9.793684e-01	-2.323224e+00
3.453096e+00	1.957844e+00	2.700438e+00	9.789927e-01	2.762644e+00	4.460161e+00	-3.377585e+00	-5.113323e-01	5.246358e-01	2.790572e+00	1.499694e+00	2.535104e+00	-2.009551e+00	-8.705562e+00	2.369024e+00	4.106868e+00	-2.687754e-01	-4.543982e-01	6.961763e-01	-1.369891e+00
1.800029e+00	-4.608209e-01	6.217757e-01	-4.323327e+00	3.359788e-01	8.448140e+00	4.903865e+00	1.607226e-01	-3.042636e+00	2.729917e+00	-1.689387e+00	3.718429e+00	-4.370075e+00	-7.561922e-01	6.340742e-01	3.615376e+00	2.053302e+00	-3.098461e+00	3.462057e+00	-8.400626e-01
1.476873e+00	3.291451e+00	8.977529e-01	1.365239e+00	3.428400e+00	1.485458e+00	9.260401e-01	-9.542269e-01	-1.216358e+00	5.137452e+00	-4.271686e+00	1.983419e+00	-4.879363e+00	-2.751671e+00	6.974472e+00	1.165779e+00	-2.612378e+00	-1.982041e+00	1.617420e+00	5.420454e+00
-1.103773e+00	3.721268e+00	2.171987e+00	4.079776e+00	-4.216277e-01	7.131171e-01	1.552881e+00	-2.220611e+00	5.355666e-01	-7.743435e-01	-1.317366e+00	-1.512181e-01	-1.179983e+00	5.535264e-01	5.440318e-01	-3.019635e+00	-3.469613e+00	-7.736268e-01	2.240883e+00	3.858850e+00
-1.609095e+00	-8.987237e-01	3.512020e+00	2.067149e+00	1.733268e+00	1.517287e+00	2.203143e+00	-4.705591e-02	1.351358e+00	-1.712480e+00	-1.585241e+00	3.267033e+00	-9.143373e-01	-2.382162e+00	-7.667545e-01	-1.997955e+00	-6.833509e-01	-2.784994e-01	1.120938e+00	1.780436e+00
1.240038e+00	3.799846e+00	-1.973967e-01	9.618442e-02	3.902356e+00	4.731495e+00	1.227013e+00	-1.886033e+00	-3.158285e+00	5.570097e+00	-1.171703e+00	9.549578e-01	-3.957086e+00	-4.544910e+00	4.005321e+00	-1.635319e-01	1.297516e+00	-3.872100e+00	1.698972e+00	1.049802e+00
-1.537193e+00	-9.458057e-01	1.688480e+00	-2.597950e-01	3.726780e+00	3.230698e+00	1.662078e+00	6.423229e-01	-1.786591e+00	2.420725e-01	-1.613218e+00	4.200925e+00	-1.516721e+00	-4.842490e+00	1.129210e+00	2.055332e+00	1.635571e+00	5.998640e-01	1.446518e+00	1.193753e+00
1.638305e+00	6.131274e-01	2.566363e+00	4.463891e+00	2.680822e+00	7.654765e-01	-1.858480e+00	2.755139e-01	2.343602e-01	1.622659e+00	-5.913114e-01	2.173055e+00	-2.881148e+00	-5.651865e+00	3.045423e+00	1.302827e+00	-9.761250e-01	-4.867884e-01	1.045920e-01	3.193475e-01
1.611558e+00	2.629661e-01	-3.676590e-01	2.280612e+00	3.118784e+00	6.041815e-01	-8.910910e-01	3.936654e-01	1.857710e+00	-2.062543e+00	3.202319e-01	2.071771e+00	1.157358e+00	-4.262776e+00	6.195849e-01	-1.685444e+00	2.586794e+00	9.539783e-02	6.993553e-01	-1.389763e+00
8.281708e-01	2.480065e+00	-2.338106e+00	1.566203e+00	2.063716e+00	1.401063e+00	3.174961e+00	1.611064e-01	-3.946828e+00	2.060320e+00	-1.146819e+00	9.346978e-01	-4.260514e+00	-6.498241e-01	5.371506e+00	-2.561417e+00	3.033476e+00	-4.752714e+00	1.995977e+00	-6.177367e-01
-2.373381e+00	1.622400e+00	1.835543e+00	1.922407e+00	3.989797e+00	1.572417e+00	1.924444e+00	1.483474e+00	-2.088249e+00	2.811432e+00	-3.357664e+00	2.202728e-01	-2.717127e+00	-4.071960e+00	1.696227e+00	-2.510131e-01	-4.143047e-01	-9.922072e-01	2.700180e+00	4.547120e+00
1.347705e+00	-6.049311e-01	-2.926267e-01	-2.588038e+00	3.080908e+00	5.103522e+00	2.262502e+00	7.336780e-01	-2.723726e+00	3.134872e+00	-7.706730e-01	3.466324e+00	-2.275614e+00	-4.154048e+00	2.099951e+00	2.052180e+00	4.073231e+00	-2.714128e+00	2.175425e+00	-1.332362e+00
1.633770e-01	4.722595e+00	1.563398e+00	3.419457e+00	2.179373e+00	1.464025e+00	2.023650e+00	-3.270823e+00	-1.539096e+00	2.680298e+00	-4.875506e-01	5.664851e-01	-3.789004e+00	-2.473117e+00	4.580628e+00	-3.507647e+00	-4.816291e-01	-3.951765e+00	1.981464e+00	2.513633e+00
7.103245e-02	5.626990e+00	-4.581318e-01	3.071154e+00	1.003750e-01	1.093048e+00	-5.793766e-01	-5.797618e-01	-1.044230e+00	8.370023e-01	7.330960e-01	-4.170999e+00	-6.228518e-01	-5.152279e-01	2.151392e+00	-2.229675e+00	-2.159388e-01	-2.870996e-01	2.363434e+00	2.911016e+00
7.178418e-01	5.127081e-01	1.456690e+00	2.153608e+00	2.234925e+00	1.411543e+00	1.943579e+00	-1.474465e-01	-4.769529e-01	1.174532e+00	-4.167450e-01	3.238753e+00	-2.169520e+00	-3.517196e+00	2.475144e+00	-2.470156e+00	1.269961e+00	-3.550122e+00	1.491676e+00	-6.768345e-01
3.153488e+00	2.145330e+00	2.841206e+00	1.693958e+00	2.450367e+00	3.871246e+00	-3.554638e+00	-8.003481e-01	8.510003e-01	3.047744e+00	1.434010e+00	2.392878e+00	-2.049563e+00	-8.771668e+00	2.470192e+00	3.669162e+00	-8.111924e-01	-4.360724e-01	3.732530e-01	-1.196751e+00
3.131978e+00	1.637954e+00	2.185715e+00	1.310085e+00	8.160073e-01	3.178945e+00	-3.333908e+00	-1.285278e+00	1.494236e+00	3.739871e-01	2.996312e+00	2.358344e+00	-4.221884e-01	-5.248679e+00	1.528577e+00	2.704149e+00	1.058090e+00	-7.086654e-01	4.718940e-01	-2.305562e+00
7.894920e-01	1.015891e+00	2.652803e+00	4.208224e+00	-4.962630e-01	-2.848023e-01	-1.219789e-01	-1.891034e+00	1.018122e+00	4.617997e-01	-8.536951e-01	2.651321e+00	-2.334377e+00	4.411909e-01	2.720707e+00	1.909591e-01	-1.802841e+00	-1.224018e+00	7.219304e-01	1.581457e+00
2.655221e+00	1.155912e+00	1.692883e+00	1.602852e+00	1.169824e+00	1.309498e+00	-3.699493e+00	3.808977e-01	3.006980e+00	2.689091e+00	1.527377e+00	2.026837e+00	-1.450868e+00	-5.331668e+00	2.798131e+00	4.809283e+00	2.704198e-01	4.308374e-01	-6.046777e-01	-1.107056e+00
6.579545e-01	2.343244e+00	7.375560e-01	2.042155e+00	7.523438e-01	1.336672e+00	2.037863e+00	-2.447734e+00	-1.300539e+00	5.710647e-01	-1.226150e+00	6.389855e-01	-2.502009e+00	7.435944e-01	2.398628e+00	-2.132545e+00	6.416993e-01	-1.758220e+00	9.915148e-01	2.825023e+00
1.345971e+00	8.774455e-01	4.078674e-01	2.932403e+00	1.593263e+00	4.002655e-01	-8.699117e-01	-9.877521e-01	2.659500e+00	-2.431467e+00	4.254818e-01	2.512714e+00	1.132228e+00	-3.392360e+00	2.824933e-01	-1.132519e+00	1.685144e+00	-1.786429e-01	9.210152e-01	-6.455274e-01
1.609689e+00	1.185804e+00	2.698979e+00	3.950665e+00	-6.080272e-01	1.525922e+00	-8.421717e-01	-2.874824e+00	1.172989e+00	-1.039500e+00	1.457523e-01	3.019478e+00	-1.548294e+00	-2.185250e+00	7.363512e-01	7.105949e-01	-6.634813e-01	-1.749506e+00	1.657640e+00	7.548252e-01
8.144140e-01	3.998631e+00	5.636900e-01	2.792043e+00	1.238498e+00	2.138983e-02	-9.816685e-01	-1.260750e+00	-1.041970e-01	1.788533e+00	4.105467e-01	-1.147743e+00	-1.993478e+00	-2.798960e+00	3.170311e+00	-1.819631e+00	3.814851e-01	-1.996006e+00	1.147162e+00	2.725352e+00
1.611336e+00	-7.437505e-02	-8.192960e-02	2.112653e+00	9.056275e-01	-1.051629e+00	-8.530155e-02	-5.469395e-01	-3.763164e-01	-1.165141e+00	7.553462e-01	2.683155e+00	-4.480224e-01	-3.528743e-01	2.092371e+00	-1.767250e-02	4.239055e+00	-8.353257e-01	4.906898e-01	-5.628597e-01
-1.141017e+00	1.802487e+00	2.608392e+00	5.083684e+00	1.677888e+00	6.696199e-01	1.004405e+00	-2.022117e+00	-2.885757e-01	3.537184e+00	-4.230398e+00	8.494942e-01	-4.052634e+00	-2.466104e+00	1.688247e+00	-9.771704e-02	-4.565829e+00	-7.921177e-01	1.714016e+00	4.687587e+00
1.511049e+00	4.174198e-01	1.724997e+00	-3.325650e+00	-2.472859e-01	8.003053e+00	2.427316e+00	-6.155756e-02	-1.949452e+00	2.191118e+00	1.900179e+00	2.777630e+00	-2.316486e+00	-3.429700e+00	-1.176679e-01	4.242109e+00	2.352930e+00	-3.190864e+00	3.750210e+00	-2.842878e+00
2.596679e+00	3.825693e+00	-1.795475e-01	1.659576e+00	1.559707e+00	1.020889e+00	-1.483913e+00	-2.108079e+00	-4.676932e-01	1.914852e+00	-2.096068e-01	1.652567e+00	-2.297784e+00	-1.836603e+00	5.019217e+00	1.100974e+00	9.916232e-01	-2.598768e+00	1.307045e+00	1.916919e+00
2.404580e-01	5.064943e+00	-3.963211e-01	2.212600e+00	2.689857e-01	-1.118825e-01	2.603880e+00	-2.272432e+00	-3.539988e+00	3.124077e+00	-3.699070e-01	-8.859648e-01	-2.729192e+00	2.859951e+00	5.145138e+00	-2.268888e+00	-4.729457e-01	-4.013532e+00	2.915141e+00	2.410092e+00
8.908724e-01	3.778712e-01	7.074522e-01	1.833321e+00	2.134811e+00	-4.994122e-01	-1.268419e+00	-3.041729e-01	2.886599e+00	-2.113596e+00	4.868443e-01	2.725120e+00	8.563386e-01	-3.736673e+00	1.262186e+00	4.216284e-01	9.338825e-01	2.350178e+00	1.088420e-01	7.021190e-01
-6.088398e-01	2.821656e-01	1.511207e+00	5.258146e-02	2.595960e+00	2.655548e+00	1.510541e+00	6.597795e-01	1.046407e+00	7.397766e-01	-1.547775e+00	2.459341e+00	-1.452590e+00	-3.881721e+00	9.092070e-01	8.355652e-01	-6.254009e-01	1.251652e+00	1.317095e+00	2.051729e+00
2.644501e+00	8.233110e-01	-2.788087e-01	5.611966e+00	1.528323e+00	-4.523431e+00	-1.877480e+00	-4.849341e-01	3.703842e+00	-7.604861e-01	4.608033e-01	3.048050e+00	-4.786534e-01	-2.367936e+00	4.840043e+00	-2.505011e+00	2.749966e+00	-2.494926e+00	-1.124154e+00	-9.907260e-01
7.668788e-01	5.423497e+00	1.221205e+00	3.965462e+00	2.278038e+00	2.552262e+00	1.641161e+00	-3.804963e+00	-2.817470e+00	2.240394e+00	-1.832543e+00	8.567919e-01	-4.852058e+00	-3.089825e+00	4.489677e+00	-2.922055e+00	-6.780447e-01	-5.691931e+00	2.938694e+00	3.827487e+00
1.575336e+00	3.469188e+00	1.413808e+00	-5.845766e-02	1.030165e+00	4.201909e+00	-8.299772e-01	-1.385450e+00	-1.694169e-01	3.104081e+00	2.062308e+00	-1.043658e-01	-1.685647e+00	-4.034535e+00	1.901552e+00	9.981792e-01	2.504897e-01	-1.356338e+00	1.118785e+00	-6.845495e-01
2.817008e-01	5.097070e+00	1.889972e+00	7.180059e-01	2.444062e+00	4.391890e+00	2.953780e-01	-3.931286e-01	-2.958873e+00	4.385227e+00	5.540579e-01	-1.895998e+00	-3.191710e+00	-4.776136e+00	3.431396e+00	1.003885e-02	-1.951793e+00	-1.789918e+00	2.302047e+00	2.174565e+00
-1.567327e-01	3.136360e+00	1.469387e+00	6.797395e-01	2.927533e+00	3.317568e+00	2.332002e+00	-1.721050e+00	-1.584040e+00	4.500191e+00	-1.062117e+00	1.356121e+00	-4.166182e+00	-2.464858e+00	3.669986e+00	-4.898807e-01	-7.747521e-01	-1.807277e+00	1.029344e+00	2.215212e+00
-1.284029e-01	4.764621e+00	1.613779e+00	6.714099e-01	1.585021e+00	3.310133e+00	-3.853826e-02	-8.152348e-01	-1.963526e+00	3.544679e+00	1.345367e+00	-2.412482e+00	-2.165917e+00	-3.086293e+00	2.167851e+00	-1.222223e-01	-4.468022e-01	-7.611312e-01	1.555518e+00	2.238209e+00
4.417953e+00	9.349401e-01	4.964045e-01	2.025920e+00	1.496120e+00	2.216322e-01	-3.209289e+00	-1.411806e+00	3.184382e+00	-1.377229e-01	-1.129235e-01	4.487442e+00	-1.060068e+00	-3.074164e+00	4.115758e+00	2.088914e+00	8.144258e-01	-7.891744e-01	-5.827627e-01	2.304581e-01
-1.306452e+00	2.494154e+00	3.009288e+00	4.680128e+00	3.954751e+00	3.045642e+00	4.186504e+00	-2.626968e+00	-5.566110e+00	3.592355e+00	-4.086534e+00	9.073123e-01	-5.138631e+00	-3.234936e+00	2.544491e+00	-3.677536e+00	-2.182913e+00	-3.929455e+00	3.170026e+00	3.810874e+00
-5.219324e-01	-3.995994e-01	2.180986e+00	2.141860e+00	2.504237e+00	8.517546e-01	9.747505e-01	1.532498e+00	3.572111e-01	-1.034247e+00	-2.077777e+00	1.908474e+00	-1.732741e+00	-3.324462e+00	1.834480e+00	7.367656e-02	-5.942957e-01	1.937842e-01	1.744179e+00	1.801802e+00
9.825461e-01	1.672085e+00	3.158572e+00	2.664428e+00	2.569999e+00	2.242581e+00	-2.742592e+00	-7.601989e-01	1.157751e+00	3.347180e+00	5.964323e-01	1.484240e+00	-2.598349e+00	-7.026411e+00	2.173047e+00	2.941482e+00	-1.179186e+00	2.198087e-01	-3.857628e-02	3.222030e-01
2.712129e-01	-8.962177e-01	3.668425e+00	4.160602e+00	1.309753e+00	-1.087157e+00	-2.509176e+00	5.435609e-01	4.273933e+00	-2.596892e+00	4.954186e-03	3.016829e+00	2.554507e-01	-5.785724e+00	7.980623e-01	-5.990549e-01	-1.562196e+00	2.088792e+00	-2.479291e-01	1.760808e+00
1.133303e+00	1.041590e-01	1.828177e+00	-4.229798e+00	5.057561e-01	9.028068e+00	3.543135e+00	3.034458e-01	-3.436361e+00	3.179421e+00	-6.352259e-01	3.962131e+00	-3.580841e+00	-2.478647e+00	6.797565e-02	4.133375e+00	1.235897e+00	-2.885016e+00	3.782041e+00	-8.988588e-01
2.629661e+00	1.693260e+00	-2.983832e+00	2.383250e+00	1.573526e+00	-1.340567e+00	-2.383013e+00	2.671079e-01	1.548610e+00	-6.629156e-01	3.574133e-01	2.126657e+00	9.650758e-01	-1.766553e+00	2.479203e+00	1.187641e+00	2.818710e+00	-2.496478e-01	3.004783e-01	-8.947487e-01
2.574908e+00	-5.146465e-01	-1.939741e-01	8.052266e-01	1.544972e+00	1.076005e+00	-4.226325e-01	6.830766e-01	-1.067256e+00	-7.117906e-01	-6.912600e-02	1.225965e+00	-1.542952e-03	-2.040654e-01	2.622932e+00	5.234739e-01	3.174605e+00	5.069526e-01	5.349485e-01	3.621029e-01
1.716004e+00	4.812541e+00	-1.025648e+00	1.081054e+00	4.013546e-02	3.191814e+00	-1.005311e+00	-9.061241e-01	-1.837311e+00	-1.755744e-01	2.201263e+00	-2.223904e+00	-8.605144e-02	-1.962593e+00	1.673352e+00	2.514315e-01	1.819127e+00	-9.654188e-01	3.214926e+00	1.097605e-01
2.051615e+00	3.332888e+00	-1.451045e-01	3.610128e+00	2.187868e+00	1.707803e-01	6.400191e-01	-2.204168e+00	-6.783132e-01	1.928562e+00	-1.604250e+00	2.283966e+00	-3.867564e+00	-2.653143e+00	6.006007e+00	-2.421640e+00	-4.634774e-02	-4.156364e+00	1.278116e+00	1.781038e+00
1.054444e+00	-1.975715e+00	1.627710e+00	-3.252560e+00	-3.391409e-01	7.116891e+00	4.278385e+00	1.637889e-01	-3.576626e+00	2.091663e+00	-1.797925e+00	4.290132e+00	-3.202603e+00	1.228042e+00	-5.409797e-01	4.569136e+00	1.532290e+00	-1.929362e+00	3.238493e+00	-1.250507e+00
1.187313e+00	6.818023e+00	1.427669e+00	5.227770e+00	1.787615e+00	2.121235e-01	-6.912345e-01	-4.188214e+00	-2.261697e-01	1.414892e+00	2.155093e-01	-8.910603e-01	-2.848116e+00	-3.116664e+00	4.626090e+00	-4.889482e+00	-1.018363e+00	-3.754157e+00	1.095080e+00	3.869327e+00
4.070887e+00	1.642995e-01	1.832795e+00	8.610363e-01	-9.967662e-01	1.802634e+00	-3.114744e+00	-1.947992e+00	3.387952e+00	-7.508959e-01	1.548401e+00	4.408813e+00	-1.401503e-01	-1.882205e+00	1.485546e+00	4.620361e+00	5.281567e-01	2.151446e-01	-3.166034e-02	-9.103703e-01
3.564360e+00	-1.202767e-01	2.276921e+00	-1.411142e+00	-9.336325e-01	3.480287e+00	-1.070937e+00	2.218927e-01	3.567533e+00	3.782884e-01	-1.118185e+00	4.153342e+00	-1.938346e+00	-4.480922e-01	1.655069e+00	4.350742e+00	-1.832394e+00	1.512483e+00	-3.637603e-02	1.901092e+00
-6.400686e-01	-6.198030e-01	1.282027e+00	2.163867e+00	3.898788e+00	8.074102e-01	1.210778e+00	3.205506e-01	5.730931e-01	-1.088399e+00	-8.234570e-01	3.746704e+00	-1.375883e+00	-6.085150e+00	1.260694e+00	-9.205992e-01	1.524953e+00	-1.078375e+00	1.432523e+00	4.881374e-01
2.741107e+00	-6.895250e-01	5.317307e-01	-6.744812e+00	-8.669732e-01	1.093372e+01	4.222214e+00	-4.773325e-01	-3.381841e+00	3.174690e+00	2.421795e-02	4.585473e+00	-3.352921e+00	-5.284948e-01	1.206257e-01	6.021349e+00	2.399018e+00	-3.849796e+00	4.655304e+00	-2.981417e+00
1.582487e+00	-1.521679e+00	1.084405e+00	-6.547914e+00	-1.161049e-01	9.134931e+00	4.470444e+00	8.730623e-01	-4.211527e+00	2.883335e+00	-6.022210e-01	4.935494e+00	-2.383650e+00	3.395875e-01	-2.757318e-01	6.171828e+00	2.353300e+00	-1.596790e+00	3.928303e+00	-1.888646e+00
1.075877e-01	8.969238e-01	1.176149e+00	9.153357e-01	2.222579e+00	2.582442e+00	2.684864e+00	-6.382916e-01	-1.485528e+00	1.915926e+00	-1.167172e+00	3.838585e+00	-3.157214e+00	-2.095227e+00	3.303464e+00	-1.172193e+00	8.291926e-01	-2.640107e+00	1.297990e+00	3.904772e-01
-1.267315e-01	4.552630e+00	2.794271e+00	1.385220e+00	6.431863e-01	3.423652e+00	-8.995993e-01	-8.295363e-01	-1.069236e+00	4.859174e+00	1.959862e+00	-2.484566e+00	-2.846447e+00	-3.594238e+00	2.656259e+00	2.403650e+00	-2.178553e+00	2.365759e-01	1.698563e+00	1.825899e+00
9.077437e-01	1.286694e+00	1.096644e+00	1.714376e+00	2.706352e+00	1.009449e+00	-2.270038e-01	-2.867563e-01	6.352985e-01	-3.579800e-01	8.565279e-02	3.493815e+00	-1.308821e+00	-4.405763e+00	2.874556e+00	1.543516e+00	-6.246094e-01	-2.647140e-02	1.399826e+00	4.174568e-01
3.115441e+00	-1.478849e-01	9.193329e-01	-7.497541e+00	1.707793e-01	1.131537e+01	3.095555e+00	7.747578e-02	-3.181509e+00	2.709855e+00	4.954799e-01	3.949778e+00	-2.787795e+00	-2.166827e+00	9.014532e-02	7.251390e+00	2.997863e+00	-2.029664e+00	4.357575e+00	-2.130014e+00
