1.528844e+00	9.684627e-02	-5.473720e-01	-1.182611e-01	3.974073e-01	8.584083e-01	6.511144e-01	1.357665e+00	-6.501006e-02	-1.041006e+00	1.328612e+00	1.983886e-01	1.019611e+00	-5.471615e-01	8.399491e-02	2.079829e-02	6.265901e-01	-2.875003e-02	-1.474504e+00	9.413373e-01
2.835494e-01	-1.004294e+00	1.088069e+00	-1.364027e+00	-4.672982e-01	1.053018e+00	9.768314e-01	5.709445e-01	-1.118081e+00	-1.572806e+00	3.678026e-01	-1.684460e-01	1.981280e+00	-7.955421e-01	-5.293540e-01	-2.180839e-01	-2.154343e-01	2.790843e-01	-2.991449e+00	1.150056e-01
-1.099423e+00	8.916986e-01	2.836333e-01	6.815010e-01	1.143992e+00	2.248418e-01	6.261516e-01	-7.734022e-01	1.596902e+00	1.912597e+00	-7.111003e-02	2.985280e-01	-3.164591e-01	-7.096936e-01	-2.821949e-01	4.581039e-01	7.034105e-01	-1.049755e+00	2.027366e+00	-2.042980e-01
1.481092e+00	2.133819e+00	-3.517682e-01	1.425093e+00	-3.553076e-01	1.517252e+00	9.912694e-01	4.293271e-01	9.822335e-01	-4.537947e-01	1.505500e+00	9.319757e-01	2.708443e-01	2.288428e+00	2.084855e+00	6.758814e-02	-1.038104e-01	-2.134775e-01	8.379301e-01	1.261101e+00
-4.202376e-01	2.908723e+00	1.578833e+00	9.858547e-01	-1.738067e-02	7.794694e-01	3.279090e-01	1.029714e+00	-7.715563e-01	-1.113396e+00	1.601556e+00	-6.346335e-01	1.119905e+00	1.600686e+00	1.443923e+00	-5.438739e-01	-2.786383e-01	-4.349137e-01	1.052409e+00	1.087353e+00
-5.798683e-01	-8.268889e-01	1.342787e+00	-1.087732e+00	1.382722e-01	-6.143772e-01	2.883015e-01	8.959463e-01	-3.276741e-01	6.872299e-01	-3.670069e-01	1.391263e-02	1.311661e+00	-8.999854e-01	-1.210583e+00	-2.869280e-01	3.045939e-01	1.367791e+00	3.050529e-01	4.719218e-01
1.869441e+00	-9.177837e-01	-1.961190e+00	1.146822e-01	-5.728166e-01	-1.275201e-01	-8.360353e-01	2.082370e+00	3.337073e-01	-6.783214e-01	7.549934e-01	3.382792e-01	1.053517e+00	-1.158145e+00	2.191951e+00	4.385546e-01	-4.576596e-01	-1.266979e-01	-3.472584e+00	1.850317e+00
-9.657532e-01	4.292649e-01	3.951194e+00	-8.999206e-01	8.328424e-01	1.031131e+00	1.735699e+00	-8.300693e-01	-3.695647e-01	7.361924e-01	3.886864e-01	7.741978e-01	5.434050e-01	7.345352e-01	-2.111979e+00	-1.329828e+00	1.395084e+00	8.937231e-01	3.448681e+00	-1.876739e+00
1.835621e+00	-8.717684e-01	-2.153508e+00	1.093650e-02	-7.880594e-01	1.000446e-01	-7.940438e-01	1.957888e+00	4.092353e-01	-1.047274e+00	6.683056e-01	3.772415e-01	9.101653e-01	-9.868574e-01	2.563551e+00	5.872487e-01	-8.034561e-01	9.040352e-03	-3.554270e+00	1.826402e+00
1.894960e+00	-9.014306e-01	-2.191735e+00	-1.020801e-02	-8.570721e-01	1.046622e-01	-8.180443e-01	2.015996e+00	3.213627e-01	-1.099870e+00	6.837005e-01	3.509995e-01	9.719122e-01	-9.539371e-01	2.559629e+00	5.641994e-01	-8.702553e-01	1.869094e-03	-3.640955e+00	1.878159e+00
-5.507495e-02	1.377245e-01	1.601863e+00	-7.135951e-01	-1.030025e-01	9.574464e-01	1.260469e+00	3.556547e-01	3.983187e-01	-7.254755e-01	3.239172e-01	3.995759e-01	1.095675e+00	2.108342e-01	-1.879268e-01	-3.509729e-01	2.111833e-01	7.849833e-01	5.944321e-02	3.779888e-01
7.107952e-01	-4.396704e-01	5.999375e-01	5.594050e-01	3.020702e-01	5.112906e-01	1.004922e+00	9.040197e-02	6.317444e-01	5.438813e-01	2.607528e-01	1.211562e-01	9.113221e-01	-1.516854e-01	-7.789533e-01	6.764296e-01	3.545626e-01	4.624369e-01	9.913980e-01	1.711287e-01
-9.767201e-01	2.315464e+00	-2.204129e+00	3.134910e+00	1.188063e+00	1.484007e+00	3.000570e+00	-3.156195e-02	2.335987e+00	1.038756e+00	4.434464e-01	-4.759399e-02	1.192071e+00	-1.592195e+00	1.756878e-01	1.582068e+00	-4.063196e-01	-1.314551e+00	2.793334e-01	2.110921e+00
-7.762808e-02	-4.025810e-01	-1.018925e+00	-2.502045e-01	1.618577e-01	5.416644e-01	8.749528e-01	4.049588e-01	-5.149617e-01	-6.915437e-01	1.704510e+00	7.960960e-01	1.165348e+00	-3.740447e-01	-3.387437e-02	-8.626609e-01	-1.139511e+00	-2.144758e-01	-8.866879e-01	1.422307e+00
1.695641e+00	1.339664e+00	1.675001e-01	1.931354e+00	1.380345e+00	-2.301259e+00	-2.044378e+00	1.535145e+00	2.493184e+00	3.006809e+00	-5.450110e-01	5.734152e-01	-1.415446e+00	1.324165e+00	1.060417e+00	7.653961e-01	2.908314e+00	1.356343e+00	2.998085e+00	1.751311e+00
2.113684e+00	6.416743e-01	-9.297271e-02	1.455166e+00	1.384121e+00	-2.381748e+00	-2.133144e+00	1.344830e+00	2.434096e+00	2.826226e+00	-1.536119e-01	9.301789e-01	-1.132035e+00	8.392594e-01	8.618569e-01	1.145817e+00	2.417783e+00	1.103885e+00	2.202582e+00	1.338776e+00
1.793471e+00	-6.013521e-01	-1.330199e+00	1.823912e+00	6.838280e-01	-1.845391e-01	-6.924141e-01	8.143704e-01	-2.574687e-01	3.179965e+00	1.601144e+00	7.664141e-01	5.652469e-01	1.001752e+00	2.503683e+00	1.952344e+00	4.470406e-01	-2.447150e-01	1.414517e-01	-2.633922e+00
-6.771960e-01	-1.409808e+00	1.201524e+00	-1.890519e+00	-7.872405e-01	2.260210e+00	3.552253e+00	-8.069171e-01	-1.362698e+00	-2.671533e+00	1.489850e+00	5.951660e-01	3.478292e+00	-2.950983e+00	-1.770549e+00	-2.044026e-01	-2.918431e+00	-7.038248e-01	-2.967721e+00	-9.847075e-01
1.338143e+00	1.709076e+00	4.394935e-01	2.081048e+00	1.463950e+00	-2.339896e+00	-2.584855e+00	1.502258e+00	2.990225e+00	3.289453e+00	-4.333522e-01	4.658423e-01	-2.085557e+00	2.028071e+00	1.131690e+00	9.268954e-01	3.202992e+00	1.434831e+00	3.482390e+00	1.738518e+00
