9.355389e-03	-3.261636e-02	-6.887113e-03	-3.050221e-02	-1.253975e-02	-1.904801e-02	8.508037e-03	7.313666e-04	1.743975e-02	-5.204831e-03	1.084792e-02	1.937285e-02	6.058082e-04	1.426522e-03	-1.429419e-02	2.778340e-02	-2.881197e-03	2.121927e-02	4.983891e-02	-3.431155e-02
2.306382e-02	-3.673740e-02	-1.497975e-02	-2.401154e-02	-8.788023e-03	-2.850297e-03	1.164336e-02	1.172264e-02	1.779772e-02	-8.275413e-03	7.804557e-03	1.745506e-02	-1.863451e-02	-1.167148e-02	-2.780643e-03	2.182030e-02	3.939233e-03	5.846754e-03	4.366044e-02	-2.993997e-02
2.081267e-02	-5.195144e-02	-1.078812e-02	-2.790069e-02	-1.107865e-02	-3.564175e-03	1.162962e-02	2.406899e-02	2.714357e-02	-4.689091e-03	-4.026787e-03	2.338113e-02	-1.714528e-02	-1.538271e-02	-5.323937e-03	2.935609e-02	-9.767747e-04	2.522459e-02	4.389941e-02	-4.636468e-02
2.149013e-02	-5.158072e-02	-1.055086e-02	-2.904252e-02	-1.240659e-02	-7.031385e-03	1.046380e-02	2.211543e-02	2.471946e-02	-5.271101e-03	-3.220040e-03	2.256984e-02	-1.437993e-02	-1.437817e-02	-2.554765e-03	2.626204e-02	1.732014e-03	2.701156e-02	4.600954e-02	-4.558832e-02
2.015954e-02	-5.524202e-02	-1.191288e-02	-2.948626e-02	-1.315244e-02	-1.164855e-02	1.206366e-02	2.445532e-02	2.575543e-02	-3.482241e-03	-3.647770e-03	2.436671e-02	-1.159789e-02	-1.376360e-02	-4.822260e-03	2.625537e-02	4.999724e-03	3.582032e-02	4.475608e-02	-5.258174e-02
2.777338e-02	-4.669484e-02	-1.494389e-02	-2.709873e-02	-8.874355e-03	-1.442169e-03	1.420847e-02	1.498997e-02	1.766751e-02	-9.033862e-03	1.664478e-03	2.287525e-02	-2.026322e-02	-1.656082e-02	1.954970e-03	2.384333e-02	6.325576e-03	8.323714e-03	4.927410e-02	-3.882872e-02
2.332660e-02	-5.590742e-02	-1.060731e-02	-2.571289e-02	-9.466554e-03	-3.387626e-03	1.091686e-02	2.906373e-02	2.569770e-02	-5.943293e-03	-8.682735e-03	2.542024e-02	-1.719412e-02	-1.912374e-02	-2.459280e-03	3.021895e-02	-1.673430e-03	2.775023e-02	4.313815e-02	-4.959073e-02
2.639706e-02	-5.879656e-02	-1.179719e-02	-2.578725e-02	-1.117488e-02	-7.791667e-03	1.110703e-02	3.182265e-02	2.642510e-02	-3.886040e-03	-9.202762e-03	2.516778e-02	-1.599365e-02	-2.131322e-02	-7.015311e-04	2.611450e-02	3.134050e-03	3.282268e-02	4.262735e-02	-5.249237e-02
2.242702e-02	-5.590033e-02	-1.023667e-02	-2.404299e-02	-1.057829e-02	-1.031383e-02	1.161436e-02	2.824854e-02	2.388940e-02	-4.367170e-03	-6.990400e-03	2.504129e-02	-1.130597e-02	-1.952670e-02	-4.008441e-03	2.343088e-02	4.779414e-03	3.694157e-02	4.269401e-02	-5.443937e-02
3.039952e-02	-5.097973e-02	-1.383673e-02	-1.541137e-02	-6.960534e-03	-7.742271e-05	1.164600e-02	2.873692e-02	2.023200e-02	-7.869750e-03	-3.143692e-03	2.174606e-02	-2.244942e-02	-2.759874e-02	4.810723e-03	1.818080e-02	6.747410e-03	1.540707e-02	3.989207e-02	-4.412668e-02
2.351982e-02	-5.396091e-02	-8.428597e-03	-1.999083e-02	-6.233727e-03	-4.575880e-03	1.019336e-02	3.041569e-02	2.573960e-02	-6.359003e-03	-1.017229e-02	2.513904e-02	-1.672225e-02	-2.260121e-02	-1.560701e-03	2.719496e-02	-4.701184e-03	2.857195e-02	4.012734e-02	-4.945367e-02
2.540513e-02	-5.733660e-02	-1.069628e-02	-1.873237e-02	-8.445242e-03	-8.836139e-03	8.217405e-03	3.398037e-02	2.654906e-02	-2.822678e-03	-9.634104e-03	2.595624e-02	-1.512794e-02	-2.327260e-02	-1.736819e-03	2.348525e-02	-8.830896e-04	3.286981e-02	3.924917e-02	-5.112545e-02
2.263874e-02	-6.064438e-02	-1.150672e-02	-1.851282e-02	-1.063902e-02	-1.117311e-02	9.653191e-03	3.660448e-02	2.714796e-02	-2.271128e-04	-9.181514e-03	2.701769e-02	-1.156511e-02	-2.394500e-02	-4.239146e-03	2.045294e-02	4.113534e-03	4.230880e-02	3.807516e-02	-5.815180e-02
3.056323e-02	-5.045650e-02	-1.437792e-02	-9.219146e-03	-5.032707e-03	-1.408276e-03	9.180325e-03	3.294736e-02	2.162896e-02	-5.495940e-03	-4.447202e-03	2.189803e-02	-2.155979e-02	-2.816980e-02	4.859585e-03	1.647377e-02	4.859551e-03	1.402924e-02	3.313887e-02	-4.360552e-02
2.625146e-02	-6.126964e-02	-1.086811e-02	-1.319234e-02	-6.404474e-03	-2.619852e-03	9.105882e-03	4.199140e-02	3.036887e-02	-1.138580e-03	-1.507653e-02	2.694043e-02	-1.900993e-02	-2.919080e-02	-1.446420e-05	2.373190e-02	-1.758787e-03	3.220947e-02	3.150693e-02	-5.507241e-02
2.751547e-02	-6.264657e-02	-1.147624e-02	-1.264352e-02	-9.008242e-03	-6.235889e-03	8.228599e-03	4.222667e-02	2.916487e-02	7.192540e-04	-1.363838e-02	2.719724e-02	-1.615969e-02	-2.897059e-02	-2.723834e-05	2.057398e-02	1.255815e-03	3.595766e-02	3.173688e-02	-5.659084e-02
2.466816e-02	-6.406769e-02	-1.143947e-02	-1.113115e-02	-1.098882e-02	-8.039126e-03	7.206515e-03	4.341960e-02	2.932411e-02	1.691203e-03	-1.208274e-02	2.882487e-02	-1.008805e-02	-2.842111e-02	-5.010130e-03	1.769884e-02	3.860610e-03	4.265223e-02	3.057347e-02	-6.047776e-02
3.273078e-02	-5.300012e-02	-1.518661e-02	-2.175222e-03	-4.500915e-03	2.568833e-03	7.517800e-03	3.819177e-02	2.274556e-02	-3.854153e-03	-7.345824e-03	2.335984e-02	-2.005654e-02	-3.254460e-02	5.358158e-03	1.169753e-02	6.299286e-03	1.202346e-02	2.718861e-02	-4.520035e-02
2.719786e-02	-6.493699e-02	-1.020502e-02	-8.042479e-03	-6.385036e-03	2.756603e-03	7.833341e-03	4.791903e-02	3.213745e-02	-6.832149e-04	-1.896202e-02	2.844414e-02	-1.763023e-02	-3.279036e-02	4.157903e-04	2.232949e-02	-3.438674e-03	3.142075e-02	2.722484e-02	-5.848438e-02
2.856835e-02	-6.544011e-02	-1.003522e-02	-8.181659e-03	-1.007408e-02	-4.066827e-03	6.831057e-03	4.612209e-02	3.229146e-02	1.271508e-03	-1.768017e-02	2.825342e-02	-1.358999e-02	-3.117506e-02	1.748655e-03	1.975135e-02	7.105287e-04	3.462895e-02	2.771006e-02	-6.036625e-02
2.389691e-02	-6.412747e-02	-8.883176e-03	-6.207319e-03	-1.201017e-02	-7.550060e-03	6.016550e-03	4.373544e-02	2.974190e-02	1.697629e-03	-1.359810e-02	2.966873e-02	-5.883233e-03	-2.881799e-02	-3.977641e-03	1.833652e-02	3.037946e-03	3.918773e-02	2.721886e-02	-6.338874e-02
3.409123e-02	-5.649730e-02	-1.431149e-02	2.588018e-03	-6.799045e-03	5.390381e-03	7.065404e-03	4.401286e-02	2.525285e-02	-3.026519e-03	-1.010093e-02	2.498463e-02	-1.871432e-02	-3.750451e-02	5.924979e-03	1.227383e-02	6.668061e-03	1.261058e-02	2.327017e-02	-5.127578e-02
2.753136e-02	-6.499871e-02	-8.264065e-03	-3.458013e-03	-7.852933e-03	1.505309e-03	6.791840e-03	4.946940e-02	3.365408e-02	4.613849e-04	-2.044462e-02	2.876607e-02	-1.439159e-02	-3.441708e-02	7.861862e-04	2.182130e-02	-2.734885e-03	3.138536e-02	2.305715e-02	-6.207355e-02
2.714327e-02	-6.351799e-02	-7.826346e-03	-1.490071e-03	-1.125606e-02	-3.796417e-03	3.858475e-03	4.786617e-02	3.250905e-02	3.668208e-03	-1.793555e-02	3.020860e-02	-8.991756e-03	-3.169585e-02	-4.099695e-04	1.855686e-02	-2.475727e-04	2.952554e-02	2.225147e-02	-6.098348e-02
2.141134e-02	-6.223759e-02	-7.493140e-03	1.699234e-03	-1.267106e-02	-7.389469e-03	2.488451e-03	4.571813e-02	3.193770e-02	5.702224e-03	-1.440705e-02	3.054663e-02	-1.418228e-03	-2.819073e-02	-5.353746e-03	1.597672e-02	2.065935e-03	3.456346e-02	1.995752e-02	-6.429278e-02
3.261712e-02	-5.608723e-02	-1.387163e-02	9.436638e-03	-8.206672e-03	5.976152e-03	3.428815e-03	4.627998e-02	2.769094e-02	1.020283e-03	-9.859473e-03	2.498240e-02	-1.528238e-02	-3.560358e-02	5.749817e-03	1.218709e-02	5.932980e-03	7.100021e-03	1.559867e-02	-5.295368e-02
2.305427e-02	-6.311711e-02	-7.690101e-03	2.298941e-03	-9.620729e-03	3.442877e-03	2.209214e-03	4.951773e-02	3.535217e-02	3.634421e-03	-1.935468e-02	3.063433e-02	-8.943856e-03	-3.184718e-02	-1.431381e-03	2.309389e-02	-5.581941e-03	2.195308e-02	1.853261e-02	-5.941767e-02
2.287134e-02	-6.154227e-02	-8.555457e-03	3.791384e-03	-1.347689e-02	-2.983416e-03	-4.191359e-04	4.917421e-02	3.543408e-02	7.365722e-03	-1.657777e-02	3.083028e-02	-3.642601e-03	-2.789451e-02	-2.344382e-03	1.856616e-02	-2.187145e-03	2.287087e-02	1.490821e-02	-5.856836e-02
1.732776e-02	-5.962033e-02	-7.902720e-03	2.948565e-03	-1.416972e-02	-8.126668e-03	-2.487688e-04	4.498885e-02	3.489724e-02	9.074649e-03	-1.426617e-02	3.203239e-02	3.210064e-03	-2.483235e-02	-7.932011e-03	1.644880e-02	6.566097e-04	2.880095e-02	1.584414e-02	-5.984026e-02
2.700228e-02	-4.865147e-02	-1.178017e-02	1.252476e-02	-8.692640e-03	6.398950e-03	5.023721e-04	4.216075e-02	2.861542e-02	2.073070e-03	-8.025283e-03	2.595206e-02	-1.121753e-02	-3.346338e-02	2.571112e-03	1.128407e-02	2.227461e-03	-2.460262e-03	1.395571e-02	-4.466703e-02
2.144211e-02	-6.003624e-02	-5.634377e-03	6.177889e-03	-9.800908e-03	3.139384e-03	-2.995346e-04	5.089277e-02	3.897730e-02	6.315884e-03	-2.049030e-02	3.127099e-02	-7.047583e-03	-3.220613e-02	-2.271759e-03	2.042422e-02	-6.724383e-03	1.784076e-02	1.195342e-02	-5.690119e-02
2.267946e-02	-6.136705e-02	-6.356775e-03	3.418021e-03	-1.367410e-02	-1.062924e-03	-7.640648e-04	4.914447e-02	3.719175e-02	6.900230e-03	-1.852731e-02	3.154651e-02	-4.455293e-03	-3.072983e-02	1.640971e-04	1.690948e-02	-1.209170e-03	2.048677e-02	1.524948e-02	-5.812104e-02
