-3.628506e-01	-7.445144e-01	4.401536e+00	3.421980e+00	-1.943752e+00	2.557866e+00	1.281115e+00	-1.271769e+00	3.042622e-01	1.982587e-01	1.767076e-01	-2.705984e-01	7.434784e-01	1.920412e+00	7.309521e-01	2.653869e+00	4.863583e-01	8.889160e-03	1.253833e-01	-1.530905e-01
1.689070e+00	4.859354e-01	1.683156e+00	2.123791e+00	-5.674891e-01	2.096404e+00	5.777713e-01	-1.557098e+00	4.494632e+00	-2.794581e-01	1.533412e+00	6.414522e-01	-7.987792e-01	2.803575e+00	-2.847943e+00	-6.986870e-01	3.707455e+00	-2.684373e-01	4.036406e-01	1.100097e+00
1.033798e+00	-1.382999e-02	1.860758e+00	2.606572e+00	-3.839085e-01	2.557589e+00	-1.564179e-01	2.231909e-01	2.469528e+00	-5.623725e-01	4.838409e-01	-4.770484e-01	-4.140409e-01	1.390671e+00	-6.430478e-01	9.388408e-01	8.080474e-01	2.857913e+00	9.568716e-01	6.953421e-02
8.278073e-02	-1.557578e+00	1.912476e+00	-3.470912e-01	-6.263347e-01	3.377765e+00	4.341160e-01	-3.817180e-01	2.827614e+00	-7.114072e-01	1.521471e+00	2.699767e-01	1.637437e+00	1.325646e+00	-2.667014e-01	8.396325e-01	1.607559e+00	1.762199e+00	1.141969e+00	5.331929e-01
5.338955e-01	-3.033821e-01	1.757981e+00	3.757678e+00	5.791305e-01	1.431244e+00	-1.182938e+00	1.145228e+00	1.591836e+00	2.462054e-01	1.318724e-01	-1.058903e+00	-1.139466e+00	7.056469e-01	1.571158e+00	1.701105e+00	9.961046e-01	2.096553e+00	-2.380905e-01	-1.831034e+00
9.613420e-01	-1.179166e+00	5.470705e-01	9.023115e-01	-4.523679e-02	2.803655e+00	-1.445952e+00	-1.372331e-01	4.225816e+00	2.179753e-01	-1.349632e-01	2.062677e-01	-1.094366e-01	1.990013e+00	-1.141060e+00	2.462620e-02	2.934035e+00	3.203368e+00	2.223988e+00	1.140198e+00
7.904180e-01	-2.117870e-01	2.723367e-01	1.961780e+00	-2.019640e-01	3.174394e+00	-7.973267e-01	-4.516511e-01	4.268673e+00	-1.053374e+00	8.856691e-01	-3.132230e-01	-6.291030e-01	2.032924e+00	-9.986835e-03	1.147863e+00	2.069034e+00	3.132301e+00	-5.493855e-01	7.768183e-01
-9.139305e-01	-3.355222e+00	-1.108510e+00	-2.099971e+00	-1.045955e+00	5.114546e+00	1.089888e+00	-8.077107e-01	4.995259e+00	4.484511e-01	2.035855e+00	1.659747e+00	3.112793e+00	2.963806e+00	-2.168462e+00	5.151125e-01	1.481662e+00	5.107678e-02	5.268255e-01	4.950302e+00
-1.140426e-01	1.016471e+00	7.431019e-01	-3.514793e+00	-1.594048e+00	9.943207e-01	3.690030e+00	-9.952149e-01	6.474546e-01	4.534160e-01	1.515540e+00	4.154227e+00	-8.876052e-02	9.087953e-01	-1.684615e+00	-1.779013e+00	-3.560842e-01	-1.769588e+00	5.036468e-02	6.372569e+00
3.592101e-01	-1.975002e+00	1.761035e+00	4.545782e+00	-6.320106e-01	4.033654e+00	-1.421920e+00	-7.149481e-01	4.191195e+00	-8.929540e-01	4.123605e-01	-1.686603e+00	9.956820e-01	2.423625e+00	-6.288334e-01	2.269077e+00	6.390768e-01	2.920151e+00	3.140292e-02	7.274922e-01
-6.254500e-01	-2.241811e+00	3.633122e+00	2.638815e+00	-5.153149e-01	3.042819e+00	-6.012008e-01	4.582700e-01	2.114018e+00	4.349663e-01	6.676273e-02	-6.342235e-01	-2.348043e-01	9.856192e-01	1.763639e+00	2.367404e+00	1.500671e+00	5.141207e-01	1.559691e-01	2.404159e-01
3.563383e-01	-9.844913e-01	2.675997e+00	2.425054e+00	-1.045038e+00	3.140816e+00	-7.579289e-01	-9.301014e-01	3.588911e+00	1.504025e-01	2.393368e-01	3.745804e-01	2.232992e-01	2.123063e+00	-1.776824e+00	1.176054e+00	2.421296e+00	2.082995e+00	1.455052e+00	2.806312e-01
7.601953e-01	-7.395942e-01	-3.658493e-01	2.966738e+00	9.266618e-01	3.559895e+00	-1.450206e+00	3.040819e-01	4.525214e+00	-1.024873e+00	1.022131e+00	-8.080640e-01	-1.030408e+00	1.772959e+00	1.483608e-01	1.613279e+00	2.088050e+00	2.789095e+00	-1.512920e+00	1.903586e-01
-2.883848e-01	-1.806412e+00	-2.714004e+00	-3.346566e+00	1.180203e+00	3.467645e+00	8.330785e-01	1.184185e+00	3.552816e+00	-4.976288e-02	1.683757e+00	1.621600e+00	7.463634e-01	3.270236e-01	7.765296e-01	-1.098337e+00	-4.761561e-01	2.091016e+00	-4.625726e-01	3.558163e+00
1.115201e+00	7.973561e-01	-3.144332e+00	-3.710501e+00	7.504678e-01	4.330689e+00	2.096880e-01	9.787945e-02	6.782576e+00	-6.535071e-01	4.842746e-01	1.458362e+00	2.735728e-01	3.076834e+00	-4.963768e-01	-6.583982e-01	7.986488e-01	2.555352e+00	2.767039e-01	3.091575e+00
7.596885e-01	-1.784043e+00	3.339367e+00	3.072236e+00	-8.222634e-01	3.671914e+00	-1.517599e+00	-1.427836e+00	4.012807e+00	-1.998387e-01	9.157796e-01	-5.511887e-01	2.182417e+00	2.572779e+00	-1.968400e+00	1.050255e+00	1.904895e+00	1.772514e+00	1.747354e+00	3.866396e-01
7.825981e-01	-1.090130e+00	1.448951e+00	1.613405e+00	-1.011090e+00	3.781893e+00	-1.305251e+00	-5.565228e-01	5.539588e+00	1.041226e-01	2.894867e-02	7.056184e-01	6.339574e-01	2.468035e+00	-2.362439e+00	2.785586e-01	1.854423e+00	3.599788e+00	2.070861e+00	1.599538e+00
-2.844395e-02	7.672069e-01	2.237845e+00	-2.894723e+00	-2.323216e+00	1.581986e+00	5.160508e+00	-1.757087e+00	1.251935e+00	6.113081e-01	2.828746e+00	3.929957e+00	1.053038e-01	1.326306e+00	-1.381327e+00	-6.125607e-01	3.043217e-01	-3.215526e+00	-2.266341e-01	3.040389e+00
-4.573574e-01	-2.164608e+00	-2.267741e+00	-3.231946e+00	-1.093854e+00	4.798115e+00	4.649350e-01	-4.981095e-01	6.596630e+00	2.432889e-01	3.269041e+00	1.881331e+00	4.002637e+00	2.574457e+00	-2.497985e+00	1.691416e-01	1.010502e+00	1.696559e+00	1.463459e+00	2.549681e+00
-2.788746e-01	-1.617677e+00	-2.039208e-01	-3.040717e+00	-8.170288e-01	3.379962e+00	6.094106e-01	-1.257322e-02	5.102106e+00	3.386633e-01	2.622456e+00	1.578735e+00	3.172830e+00	2.023316e+00	-1.722516e+00	-6.993142e-01	2.381416e-02	1.193378e+00	1.888937e+00	1.685200e+00
1.308069e+00	-7.725912e-01	3.033391e+00	3.264675e+00	4.048230e-01	1.547339e+00	-2.770549e-01	2.612105e-01	1.400741e+00	-5.789828e-01	3.297491e-01	-8.152064e-01	-1.916045e-01	5.676339e-01	1.449068e+00	1.629145e+00	1.527134e+00	1.734771e+00	6.930851e-01	-1.949895e+00
7.634977e-01	-8.797298e-01	4.333834e+00	4.059203e+00	-1.100729e+00	2.247860e+00	-2.452146e-01	-9.075687e-01	2.866426e+00	3.422414e-01	1.300425e+00	7.134994e-02	-9.128436e-01	2.437892e+00	-1.827963e+00	4.666334e-01	2.671546e+00	3.578594e-01	4.595823e-01	-3.129162e-01
5.124873e-01	8.064982e-01	4.284331e+00	-2.333881e-01	-1.304593e+00	1.896986e-01	2.409919e+00	-7.122651e-01	1.140401e+00	1.894734e-01	4.187241e-01	2.397224e+00	-6.971638e-01	2.634650e-01	6.504121e-01	-1.262812e-01	1.599648e+00	-1.018153e+00	7.042586e-01	6.150940e-01
1.087572e+00	-3.564154e-02	-1.548092e+00	-4.833147e-01	-1.042731e+00	3.858641e+00	-8.607970e-01	-1.340580e+00	6.092388e+00	-5.883168e-01	-2.235308e-01	1.365671e+00	4.096204e-01	2.755939e+00	-1.098740e+00	1.483729e-01	1.901579e+00	2.826402e+00	2.309324e-01	5.045647e+00
-4.649918e-01	-2.497316e+00	6.210814e-01	1.846998e+00	-8.397039e-01	3.308008e+00	-1.761578e+00	-2.104137e-02	5.842737e+00	1.233110e+00	1.605423e+00	6.906366e-01	1.177090e+00	2.723278e+00	-3.378391e+00	8.901827e-01	3.365959e+00	1.118847e+00	1.921939e+00	6.393521e-01
2.464571e-01	-6.825561e-01	3.986328e+00	3.830159e+00	-1.005035e+00	7.847923e-01	-7.734613e-01	2.034659e+00	2.422740e-01	-2.615539e-01	1.499918e+00	-5.760717e-02	3.213179e+00	-1.766124e+00	6.321448e-01	1.529614e+00	-1.134299e+00	2.027642e+00	1.489834e+00	-3.058058e+00
3.126801e-01	-2.188877e+00	1.116207e+00	1.517676e+00	1.059207e-01	3.900877e+00	-1.668517e+00	-1.647568e-01	5.890040e+00	5.269549e-01	1.194402e+00	-5.510362e-01	7.212944e-01	3.169858e+00	-1.362542e+00	9.889959e-01	2.769889e+00	2.844730e+00	1.498288e+00	-2.062810e-01
4.133878e-01	1.030824e+00	4.637651e+00	-1.084517e-01	-2.078809e+00	8.590565e-01	3.565597e+00	-1.016531e+00	2.940483e-02	3.747270e-01	1.766018e+00	2.073129e+00	2.763509e-01	1.348057e+00	-1.287047e+00	-5.590429e-01	5.896076e-01	-2.069566e+00	1.258415e+00	4.028529e-01
-1.317273e-01	6.225699e-01	-1.343867e+00	-3.229640e+00	-5.944119e-01	1.052687e+00	2.819554e+00	-2.328543e-01	1.128278e+00	6.075035e-01	6.656747e-01	4.165794e+00	2.142348e-01	3.793236e-01	-9.389792e-01	-1.816775e+00	2.013749e-01	-1.362460e+00	-3.301857e-01	6.239870e+00
7.972519e-01	-1.377345e+00	-3.339267e-01	-1.287847e+00	-4.836001e-01	3.691751e+00	-1.464522e+00	-4.738428e-01	7.931135e+00	2.892546e-02	1.249153e+00	1.277548e+00	2.201473e+00	2.859534e+00	-2.866900e+00	-7.873456e-01	2.097270e+00	2.928879e+00	2.485478e+00	2.034897e+00
6.499219e-01	4.679162e+00	-2.445923e+00	3.187430e+00	-5.004516e+00	9.074683e-01	1.987545e+00	-5.458266e+00	1.146040e+00	-1.606231e+00	-2.958650e-01	4.768102e+00	1.433046e+00	-8.345192e-01	-1.146491e+00	-1.237093e+00	-7.485051e-01	4.690465e-01	2.669229e+00	-1.904200e+00
1.287085e-01	-6.494802e-01	-2.533385e+00	-1.311725e+00	-1.193173e-01	3.875104e+00	-1.590781e+00	-3.969369e-01	6.122117e+00	5.107350e-01	1.213234e-01	5.901051e-01	4.400735e-01	3.349817e+00	-1.390086e+00	-2.177601e-01	3.770046e+00	3.799742e+00	1.818952e+00	2.209407e+00
-1.456343e-01	-1.349252e+00	7.627879e-01	1.418959e+00	-6.178822e-01	3.846120e+00	3.780930e-01	-8.453608e-01	3.561421e+00	-9.472781e-01	-1.676035e-01	1.232467e+00	-1.697867e-01	9.803705e-01	2.156338e-01	1.035611e+00	2.354099e+00	7.042563e-01	-1.117657e+00	3.681930e+00
8.316737e-01	1.267090e+00	2.592137e+00	2.124402e+00	-1.243898e+00	1.635568e+00	1.084693e+00	-4.279316e-01	1.728256e+00	-1.067006e-01	6.337873e-01	8.149311e-01	-1.810034e+00	1.662081e+00	-1.228298e+00	-1.834334e-01	1.797959e+00	5.538983e-01	1.955996e-02	1.276002e+00
7.392967e-01	-3.506011e-01	5.737234e-01	1.817232e+00	5.958215e-02	2.950429e+00	-8.460879e-02	-4.865479e-01	2.246899e+00	-1.354865e+00	7.931815e-02	-4.902123e-01	8.754168e-02	1.426084e+00	1.157996e+00	7.545169e-01	1.009937e+00	1.429312e+00	-6.459801e-01	2.056938e+00
-7.377398e-01	-3.948044e+00	1.181109e+00	3.969996e+00	-9.269438e-01	4.608925e+00	-2.240913e+00	4.267264e-02	5.443483e+00	1.295723e+00	1.970506e+00	-5.001335e-01	3.133031e+00	3.015391e+00	-3.910340e+00	2.595138e+00	1.485899e+00	1.580104e+00	1.448182e+00	1.335411e+00
-7.647514e-02	-3.404977e+00	1.978004e+00	1.672523e+00	-4.783085e-01	4.834358e+00	-4.274607e-01	-1.288934e+00	4.421830e+00	-1.520291e-01	1.366721e+00	-6.663879e-01	2.593111e+00	3.125192e+00	-1.324679e+00	2.320928e+00	2.173313e+00	2.713434e-01	8.828552e-01	1.304980e+00
-9.852025e-01	-5.510977e-01	-3.553023e+00	-2.235237e+00	2.445094e+00	2.187946e+00	-2.446625e-01	2.401631e+00	2.852032e+00	8.472699e-02	2.060215e-03	8.113515e-01	-1.806883e+00	-1.755757e-01	2.079447e+00	-7.980461e-01	1.749522e+00	1.710164e+00	-2.139492e+00	2.870481e+00
-1.675471e+00	-3.487172e+00	-2.262256e+00	-2.213437e+00	1.312232e+00	3.830468e+00	-8.342685e-01	1.942718e+00	3.812300e+00	1.336201e+00	4.851786e-02	9.197779e-01	1.014594e+00	1.593718e+00	-1.278078e+00	5.983080e-01	2.085779e+00	8.177537e-01	1.292839e+00	4.441744e+00
6.831059e-01	8.411030e-01	3.596281e+00	9.756507e-01	2.692080e-02	-6.150682e-01	5.820542e-01	7.819978e-01	-1.877003e+00	-4.144835e-01	3.211098e-01	-2.436420e-01	8.225193e-01	-6.776467e-01	2.344320e+00	1.755449e-01	-1.225452e+00	2.106400e+00	8.429618e-01	-5.746671e-01
1.727562e-01	-1.822554e+00	-2.762153e-01	7.184423e-01	3.355382e-01	3.289293e+00	-1.702454e+00	-5.652253e-01	4.267378e+00	5.046996e-02	3.225117e-01	1.180803e-02	1.151429e+00	2.335313e+00	-2.155918e+00	4.739114e-01	2.233400e+00	2.964163e+00	1.010022e+00	3.437927e+00
-1.089769e+00	-1.743465e+00	-2.487542e-02	-3.612213e+00	2.960045e-01	3.146137e+00	1.387367e+00	-2.405193e-01	1.564239e+00	-2.118335e-01	1.156937e+00	6.060861e-01	2.383150e+00	9.747533e-01	1.595283e+00	3.048600e-01	-5.244062e-01	1.111966e+00	1.077631e+00	3.344714e+00
1.253436e+00	4.857398e-01	1.926574e+00	3.159456e+00	1.486398e-01	1.898376e+00	-1.824486e-01	1.611739e-01	1.246966e+00	-1.016022e+00	-2.543794e-02	-1.111000e+00	-1.649635e+00	1.154489e+00	9.100859e-01	1.201241e+00	6.371276e-01	3.483918e+00	1.319344e-01	-6.429563e-01
-1.374158e-01	3.369756e-01	-1.026964e+00	8.895906e-01	6.759307e-01	2.697357e+00	3.629311e-01	2.198265e-01	2.336725e+00	-5.758244e-01	1.172615e+00	8.126052e-02	-1.352816e+00	1.414213e+00	7.515851e-01	1.064290e+00	2.686669e+00	1.525190e+00	-2.120660e+00	6.681110e-01
8.933033e-01	-4.287437e-01	1.659329e+00	-2.149273e+00	-5.066726e-01	2.407961e+00	1.300216e+00	-7.470248e-01	3.744009e+00	-7.412056e-01	2.191569e+00	1.809862e+00	1.145512e+00	1.136468e+00	4.639019e-02	-5.876564e-01	8.648603e-01	3.288702e-01	7.688286e-01	1.720200e+00
-5.869590e-01	-1.342458e+00	-1.235696e+00	-5.262471e-01	5.162907e-01	3.531153e+00	-1.432100e-02	6.524540e-01	3.885418e+00	3.750912e-01	1.401646e+00	6.650085e-01	6.990060e-01	1.563746e+00	-1.017989e+00	6.703884e-01	2.796639e+00	6.791083e-01	2.459831e-01	1.223209e+00
6.559425e-01	-9.480495e-01	1.241691e+00	1.461220e+00	-4.883277e-01	2.806776e+00	-1.630828e+00	-7.176946e-01	5.919518e+00	4.258787e-01	7.723028e-01	4.920532e-01	7.123739e-01	2.784275e+00	-2.599406e+00	1.132005e-02	3.490121e+00	2.493250e+00	1.906393e+00	4.108176e-01
-6.693450e-01	-2.405509e+00	6.742269e-01	1.165049e+00	2.212164e-02	3.533368e+00	-1.112712e+00	-7.481347e-02	4.757434e+00	5.581667e-01	7.782255e-01	1.362753e-01	5.751572e-01	2.627798e+00	-1.772466e+00	1.136999e+00	3.657393e+00	1.207098e+00	1.073113e+00	2.947309e-01
1.132487e+00	-5.012286e-01	3.442317e+00	1.408650e+00	-5.485140e-05	1.181487e+00	3.209088e-01	-5.956992e-01	2.314522e+00	-2.340246e-01	1.938760e+00	-2.855784e-02	6.185587e-01	1.029289e+00	-1.801116e-01	-2.476292e-01	1.291181e+00	1.313181e-01	1.566156e+00	-1.198403e+00
2.103318e-01	-1.286330e+00	2.692953e+00	1.257553e+00	-1.976968e-01	3.014358e+00	6.450866e-01	-5.038774e-01	9.238553e-01	-1.074452e-01	2.023410e+00	1.309654e-02	8.894643e-01	8.472403e-01	-6.946778e-02	5.579270e-01	2.561612e-01	1.466160e+00	5.872878e-01	-1.359282e-01
-1.826017e-01	-6.193727e-01	-2.639776e+00	-5.392880e+00	6.493667e-01	2.736754e+00	1.718577e+00	-5.912004e-02	2.401484e+00	-5.862541e-01	4.885203e-02	2.645362e+00	5.558103e-01	8.099056e-01	1.562564e+00	-1.129195e+00	9.567477e-02	2.059427e+00	-4.358220e-02	5.944946e+00
-1.156028e+00	-4.246931e-01	8.599824e-01	1.593154e+00	-1.217282e+00	8.665842e-01	-1.194018e+00	-3.585652e-01	-9.961273e-01	-6.077681e-02	-1.802351e+00	1.105120e-01	-1.767467e-01	2.971087e-01	4.046150e+00	6.534312e-01	1.655585e+00	3.164337e+00	-4.542559e-01	2.352949e+00
-5.675085e-01	-2.224031e+00	-2.427243e+00	-3.456298e+00	-3.535719e-01	3.496961e+00	9.211077e-01	4.582283e-02	4.117559e+00	6.986825e-01	3.446199e+00	2.048229e+00	3.603214e+00	2.055510e+00	-3.135286e+00	-3.664284e-01	-5.800996e-01	1.111629e+00	1.070325e+00	4.189525e+00
9.526573e-01	-1.386730e+00	3.286938e+00	3.651245e+00	-5.738464e-01	2.886707e+00	-8.162242e-01	-3.418521e-01	2.387353e+00	2.090744e-01	1.608542e+00	-9.420478e-01	1.199597e+00	1.943909e+00	-1.938307e+00	1.280964e+00	1.065859e+00	1.733084e+00	2.080526e+00	-1.678564e+00
1.040514e+00	-7.793124e-01	2.175914e+00	2.019811e+00	-4.795753e-01	2.854472e+00	-2.596057e-01	-1.913276e-01	3.265711e+00	-4.987073e-01	7.603355e-01	-5.734383e-01	7.217948e-01	2.047552e+00	-1.085041e+00	7.380764e-01	3.150642e-01	2.616719e+00	1.870526e+00	-4.141839e-01
-1.554359e-01	-2.772449e+00	1.447705e+00	3.436849e+00	-4.793943e-01	4.507310e+00	-1.844011e+00	2.412239e-03	5.956433e+00	6.765063e-01	1.373380e+00	-7.815772e-01	1.280273e+00	3.038025e+00	-2.203010e+00	2.247890e+00	2.502351e+00	1.890132e+00	1.353941e+00	-6.019116e-01
8.210629e-02	-1.490000e+00	-2.208956e-01	-3.089164e-01	-9.152333e-01	3.317735e+00	-5.397444e-01	-5.256256e-02	7.201116e+00	1.536700e+00	2.076735e+00	1.870792e+00	1.025194e+00	3.472257e+00	-3.923499e+00	-8.774373e-01	3.517979e+00	-5.125146e-02	1.996133e+00	2.276259e+00
3.309128e-01	-2.248674e+00	6.813705e-01	2.806634e+00	2.721030e-01	4.202010e+00	-2.071982e+00	1.624565e-01	5.538770e+00	4.738796e-01	2.213932e+00	-1.182005e+00	1.888146e+00	2.867179e+00	-1.787193e+00	1.715540e+00	1.554104e+00	2.609014e+00	1.356684e+00	-1.471071e+00
6.238861e-02	1.391567e+00	1.625894e+00	-2.048221e+00	-9.738027e-01	-1.822239e-02	2.692574e+00	4.431744e-02	1.150230e+00	6.415028e-01	8.858327e-01	3.371352e+00	-5.449005e-01	1.144684e-01	2.705256e-02	-1.631513e+00	1.118487e+00	-1.253881e+00	5.229879e-01	2.072379e+00
5.404087e-01	-8.524826e-01	2.708424e+00	2.730161e+00	1.388731e-01	1.813885e+00	-7.864486e-01	2.926581e-01	1.032644e+00	-3.125845e-01	-7.901787e-01	-9.275172e-01	6.647136e-02	6.602150e-01	1.337886e+00	1.957320e+00	1.813302e-01	2.833743e+00	8.302828e-01	3.028469e-01
1.665003e+00	-7.908938e-01	1.453650e+00	1.446954e+00	-6.150920e-01	2.701419e+00	-7.250606e-01	-2.144065e-01	5.312801e+00	1.856037e-01	1.234029e+00	-5.702152e-02	6.747430e-01	3.112619e+00	-3.076783e+00	-8.951550e-01	1.581040e+00	2.078996e+00	2.398140e+00	1.142638e+00
-5.608288e-01	-4.176181e-02	4.298652e+00	-4.778474e-01	-1.195472e+00	1.239938e+00	3.410200e+00	-5.900094e-01	-9.405141e-01	4.346266e-01	1.202785e+00	1.918855e+00	3.678748e-01	8.587707e-01	6.074586e-01	1.173578e-01	1.038046e+00	-3.118349e+00	9.627279e-02	1.660006e+00
3.792054e-01	-1.478163e+00	-1.910782e+00	6.369006e-01	-4.190398e-02	3.554090e+00	1.028152e+00	-6.063128e-01	2.682683e+00	2.869903e-01	2.029525e+00	8.950603e-02	1.236941e+00	2.965672e+00	-2.604179e+00	6.524085e-01	1.529262e-01	7.363306e-01	-1.888033e-01	3.359322e+00
6.180520e-02	-1.568634e+00	2.974136e+00	1.646917e+00	-5.565185e-03	2.784421e+00	4.638941e-01	2.277072e-01	1.823595e+00	1.967316e-01	4.979450e-01	1.604037e-01	1.819071e-01	6.482098e-01	4.197051e-01	9.413506e-01	1.172102e+00	7.662577e-01	4.069841e-01	1.442636e-01
7.781122e-01	2.794376e-01	2.168508e+00	5.072241e-01	3.447195e-01	4.770361e-01	1.577667e+00	1.761476e-01	5.839639e-01	7.308101e-02	1.057438e+00	1.117361e+00	-1.069955e+00	3.830906e-01	9.839868e-01	-8.368019e-02	1.016578e+00	-4.088618e-01	9.286822e-02	-3.051797e-01
-1.951566e-01	-1.847410e+00	-1.289480e+00	-2.527186e+00	-1.316751e+00	4.947564e+00	5.604277e-01	-1.343792e+00	6.156049e+00	-1.899426e-01	3.154479e+00	2.117097e+00	3.319424e+00	2.684596e+00	-2.548336e+00	2.066292e-01	1.675244e+00	1.358071e+00	9.475653e-01	2.768188e+00
-7.176690e-01	-1.910278e+00	-1.978568e+00	-4.874781e-01	5.406645e-01	2.864774e+00	-8.836830e-01	2.048656e+00	4.677945e+00	1.719394e+00	-9.464592e-02	1.371849e+00	-4.244316e-01	1.315985e+00	-1.695217e-01	6.757685e-01	2.673678e+00	1.609653e+00	1.231970e+00	1.867200e+00
1.461352e+00	9.431517e-01	-1.023790e+00	-3.121815e+00	-2.662759e+00	3.217627e+00	3.707141e-01	-5.426291e-01	6.782327e+00	4.602870e-01	1.090417e+00	2.083113e+00	2.880965e+00	3.974347e+00	-4.870525e+00	-2.233803e+00	2.113914e-01	2.690497e+00	4.892818e+00	3.326062e+00
1.655660e-01	-1.932554e+00	2.274830e+00	3.421848e+00	-6.699046e-01	3.234969e+00	-2.295111e+00	-6.641313e-01	4.876384e+00	5.627450e-01	5.223877e-01	-7.108254e-01	8.342935e-01	2.579765e+00	-1.520018e+00	1.348660e+00	3.486653e+00	2.717388e+00	1.914822e+00	-7.025234e-01
8.969988e-01	-2.056495e-01	3.117016e+00	8.087841e-01	2.161738e-01	7.026776e-01	1.228349e+00	1.769889e-01	4.435573e-01	-4.757303e-01	1.465305e+00	-1.815857e-01	9.644509e-01	9.440930e-02	1.885905e+00	7.443095e-01	-5.516468e-01	7.742738e-01	9.960755e-01	-2.174334e+00
-9.411260e-02	-2.123144e+00	4.239395e-01	-1.167864e+00	-8.735297e-01	4.503585e+00	1.069602e-01	-3.608279e-01	5.861595e+00	4.608716e-01	2.438217e+00	4.552617e-01	2.514809e+00	3.408139e+00	-1.748805e+00	7.511163e-01	2.080473e+00	1.366531e+00	1.428405e+00	5.883304e-01
8.483496e-01	-2.270951e+00	1.230616e+00	1.324919e+00	-4.545451e-01	4.432571e+00	-1.191961e+00	-3.159566e-01	5.000224e+00	1.616556e-01	-2.367643e-01	6.366514e-02	2.141318e+00	2.151852e+00	-1.297844e+00	1.139111e+00	2.535419e+00	2.047702e+00	2.802849e+00	1.513804e+00
8.335353e-01	-6.702188e-01	-1.810197e-01	9.044440e-02	-3.643470e-01	2.607977e+00	-8.285998e-01	1.423225e-01	4.634499e+00	5.669989e-02	3.312160e-01	1.290206e+00	-3.564905e-01	1.467180e+00	-1.440084e+00	-1.239161e+00	1.930830e+00	2.566443e+00	9.445046e-01	3.202895e+00
3.864561e-01	-2.874168e+00	1.161079e+00	3.078562e+00	-7.638774e-02	4.556341e+00	-1.369323e+00	-4.839162e-01	5.581154e+00	8.348249e-01	1.693112e+00	-3.810517e-01	1.090267e+00	2.838559e+00	-2.696621e+00	1.872440e+00	3.440146e+00	2.292320e-01	1.417731e+00	1.801484e-02
1.503343e+00	1.035029e+00	2.820538e+00	4.158904e+00	-6.012916e-01	1.479023e+00	2.274527e-01	-3.040257e-01	6.248976e-01	-1.135189e+00	7.331076e-01	-6.536120e-01	-1.130410e+00	6.253850e-01	2.327820e-01	7.380771e-01	-1.755236e-01	2.060485e+00	-8.071795e-01	-5.500210e-01
-5.181993e-01	-1.379005e+00	-3.461855e+00	-2.897201e+00	2.022076e+00	4.315598e+00	2.289033e-01	1.270965e+00	5.152259e+00	4.752765e-01	1.875115e+00	1.183555e+00	4.825155e-01	1.932058e+00	-9.874710e-01	-3.077878e-01	2.364427e+00	2.092120e-01	-6.745963e-01	2.368284e+00
-2.958797e-01	-1.318832e+00	-3.098407e-01	1.288351e+00	3.060101e-01	3.398175e+00	-1.197039e+00	-4.715731e-01	5.097870e+00	-8.715919e-03	1.767549e+00	1.902833e-01	8.063934e-01	2.477695e+00	-2.312886e+00	8.496529e-01	3.188146e+00	1.075826e+00	-3.307405e-01	2.343409e-01
4.997322e-01	-6.259120e-01	3.699959e+00	1.842451e+00	-4.146090e-01	1.964294e+00	3.801188e-01	3.926043e-01	8.834366e-01	-2.459895e-01	1.632875e+00	-8.930978e-01	1.178948e+00	8.240691e-01	7.188743e-01	9.962620e-01	-3.066067e-01	1.802726e+00	1.844377e+00	-2.041921e+00
7.018791e-01	-1.208875e+00	1.993547e+00	2.157862e+00	-7.573188e-01	2.910637e+00	-1.570063e+00	2.551199e-01	4.437443e+00	4.247575e-01	2.492741e-01	5.025425e-01	6.314056e-01	1.601122e+00	-1.874202e+00	7.365638e-01	1.369240e+00	2.871716e+00	2.071591e+00	5.114241e-01
-1.231881e+00	-1.854528e+00	-2.037692e+00	-1.424896e+00	6.951157e-01	4.409570e+00	-6.742347e-01	1.002480e+00	5.214607e+00	9.423386e-01	1.319518e+00	5.389755e-01	1.250906e+00	2.478303e+00	-1.130624e+00	6.802655e-01	2.580332e+00	7.975882e-01	5.777695e-01	1.222615e+00
-4.862334e-02	-3.369658e+00	-1.473960e+00	2.836728e-01	7.064359e-02	4.916625e+00	-1.457610e+00	-7.531967e-02	6.161423e+00	9.627360e-01	1.769097e+00	-2.277933e-01	3.208897e+00	3.348630e+00	-3.689919e+00	1.303627e+00	9.730019e-01	1.906358e+00	2.076256e+00	3.091384e+00
-5.929996e-01	-3.103988e-01	-4.062063e-01	1.299619e+00	-3.030870e-01	3.325112e+00	-4.018413e-02	1.597922e-01	3.221608e+00	-3.308819e-01	1.521843e+00	2.056957e-01	-1.594642e-01	1.867644e+00	-8.529962e-01	1.215929e+00	3.078853e+00	1.222132e+00	-1.221487e+00	8.786723e-01
-6.818731e-01	-1.940081e-01	-2.484409e+00	-2.379059e+00	1.206135e+00	3.610602e+00	9.126134e-01	5.439824e-01	3.026575e+00	-6.919922e-01	7.316499e-01	1.339991e+00	-8.697572e-01	8.235590e-01	1.794480e+00	9.072079e-02	1.635333e+00	1.529957e+00	-2.373770e+00	2.868826e+00
-6.655904e-02	-1.944216e+00	-2.087830e+00	-1.609334e+00	6.669060e-02	4.188075e+00	-1.606376e+00	-2.191037e-01	5.852518e+00	3.782354e-01	5.891929e-02	8.514761e-01	9.636440e-01	3.078973e+00	-1.907637e+00	8.647817e-01	2.618410e+00	3.752636e+00	1.395218e+00	4.700720e+00
-2.099412e-01	-3.456914e-01	2.218315e-01	-3.255306e+00	-1.839743e+00	3.030267e+00	2.861243e+00	-2.034732e+00	2.773927e+00	-7.606063e-02	6.154596e-01	3.482852e+00	6.239166e-01	1.926799e+00	-5.780718e-01	-9.651261e-01	3.100330e+00	-1.924504e+00	2.300273e-01	6.387401e+00
8.943959e-01	-9.140963e-01	2.509532e+00	3.615121e+00	-1.097627e+00	2.811310e+00	-1.050285e+00	-7.094275e-01	4.241408e+00	4.759977e-02	1.176665e+00	4.269978e-01	1.008738e+00	2.239484e+00	-3.098401e+00	2.242484e-01	1.367931e+00	2.632118e+00	1.864954e+00	-1.859257e-01
8.269290e-01	3.393617e-01	2.338406e+00	7.816431e-01	-1.596705e-01	1.941293e+00	9.379171e-01	-1.290195e+00	1.150009e+00	-4.835776e-01	8.234548e-01	5.559162e-01	-1.109899e+00	7.279692e-01	1.070103e+00	1.437475e+00	2.318504e+00	1.728729e+00	-2.038026e-01	1.184369e-01
7.007679e-01	1.466595e+00	2.466083e+00	-3.287884e+00	-1.120858e+00	8.879655e-01	4.131600e+00	-1.653093e+00	1.366475e+00	1.694668e-01	1.358929e+00	3.164532e+00	-7.988028e-01	1.683701e+00	-5.751370e-01	-1.425062e+00	1.622959e+00	-2.249761e+00	6.532139e-01	2.243235e+00
-1.049448e+00	-1.286160e+00	-3.204117e+00	-2.390503e+00	3.590695e-01	2.873746e+00	-2.905637e-01	1.901423e+00	4.900671e+00	1.449618e+00	3.880924e-01	2.158357e+00	2.406676e-02	1.156261e+00	-2.551326e-01	-2.857330e-03	1.974818e+00	1.518995e+00	6.388137e-01	2.949313e+00
7.168817e-02	-2.811387e+00	6.036616e-01	3.170406e-01	-9.312209e-01	4.651913e+00	-4.990536e-01	-4.383723e-01	6.834147e+00	3.379616e-01	1.364086e+00	3.742086e-01	2.447179e+00	3.037871e+00	-2.123719e+00	1.837072e+00	2.224155e+00	1.856771e+00	1.988136e+00	6.228881e-01
-1.273862e+00	-2.287527e+00	-1.818145e+00	-1.484769e+00	6.105425e-01	4.814578e+00	-5.429773e-01	-3.816642e-01	5.850014e+00	-3.415522e-01	1.698275e+00	1.031802e+00	1.112381e+00	2.642914e+00	-1.805807e+00	6.270064e-01	3.937220e+00	4.535083e-01	-9.919449e-01	2.201872e+00
1.257391e+00	1.176385e+00	1.656936e+00	-1.415045e+00	1.551018e+00	-2.050218e-01	4.090549e-01	1.469280e+00	-1.029637e+00	-6.673058e-01	-7.619273e-02	2.379426e-02	6.917231e-02	-1.544009e+00	4.253764e+00	1.581873e-01	-1.298388e+00	3.477181e+00	1.272979e+00	-1.892795e+00
1.206122e+00	-6.923730e-01	2.789050e-01	1.732625e+00	1.025438e+00	2.409916e+00	-1.000183e-01	4.227004e-01	3.103029e+00	-3.417266e-01	1.459343e+00	-5.587411e-01	-1.388529e-01	1.348681e+00	-4.303125e-01	1.146910e-01	1.410943e+00	1.107002e+00	7.091443e-01	2.332743e-02
3.830183e-04	-1.412655e+00	2.857138e+00	3.105464e+00	-1.153336e+00	3.067402e+00	7.359986e-01	1.990060e-01	2.671741e+00	6.123000e-01	2.381267e+00	4.719237e-02	3.156615e-01	2.092077e+00	-2.133767e+00	1.283192e+00	1.594145e+00	-7.425186e-01	3.727406e-01	-1.727949e-01
-7.555102e-01	-2.537505e+00	4.652276e+00	2.922135e+00	-1.489042e+00	3.361179e+00	1.334491e+00	-4.871128e-01	2.349968e+00	3.870177e-01	1.151750e+00	-5.719940e-02	1.879805e-01	1.988992e+00	-3.918891e-01	2.447066e+00	2.676028e+00	-7.081280e-01	-3.139528e-02	-5.028221e-01
2.890901e-01	-1.219685e+00	-4.068523e+00	-2.726175e+00	-3.248114e-01	4.047277e+00	3.798232e-01	-2.532657e-01	6.108376e+00	1.269934e+00	1.253689e+00	2.082085e+00	1.601057e-01	3.442999e+00	-1.598049e+00	-8.150802e-01	2.467013e+00	1.482965e+00	1.460142e+00	4.075461e+00
3.672740e-01	-1.912329e+00	6.586207e-01	1.464341e+00	-9.364931e-01	4.463071e+00	-1.365054e+00	-6.597568e-01	7.056928e+00	5.369875e-01	1.866363e+00	-2.643123e-02	1.932461e+00	3.507579e+00	-3.303260e+00	1.316494e+00	9.700302e-01	2.441120e+00	1.947477e+00	3.297854e-01
5.993760e-01	-1.776962e+00	2.996649e-01	3.574020e-01	-4.862899e-01	4.002156e+00	-1.662520e+00	-7.395608e-01	6.880520e+00	3.084177e-01	1.201871e+00	1.691016e-01	1.860199e+00	3.202168e+00	-2.024103e+00	5.937534e-01	2.842642e+00	2.793138e+00	2.297222e+00	5.758565e-01
-3.551007e-01	-2.328086e+00	-4.478557e-01	2.579766e-01	7.253113e-01	2.623691e+00	-1.539800e+00	1.569699e+00	3.160778e+00	-6.393994e-01	1.456233e-01	-4.635314e-01	2.457650e+00	-3.020584e-01	1.810278e+00	-8.130044e-02	-7.175193e-01	3.620017e+00	4.228337e-01	2.608324e+00
6.238506e-01	-6.278885e-02	-3.288756e+00	-2.021821e+00	2.819267e+00	3.643436e+00	-6.524895e-02	1.336489e+00	2.933771e+00	-1.506546e+00	1.062670e+00	-4.139314e-01	-5.390078e-01	6.009922e-01	3.070981e+00	7.379615e-01	-2.540845e-01	3.673901e+00	-1.573464e+00	9.761677e-01
1.109848e+00	-9.054380e-02	-4.479619e+00	-3.401224e+00	1.756276e+00	4.179669e+00	7.020544e-01	6.596174e-01	4.363389e+00	-1.331141e+00	1.036960e+00	9.313762e-01	-4.727261e-01	1.345811e+00	2.050494e+00	-3.733524e-01	6.758044e-01	2.027560e+00	-1.180516e+00	3.717453e+00
5.550226e-01	-1.135566e+00	-1.758212e-01	-8.417809e-01	1.360905e-01	2.404151e+00	-1.022604e+00	2.669201e-01	3.820005e+00	-2.473992e-01	1.101643e+00	4.372724e-01	1.510525e+00	1.397406e+00	-5.451566e-01	1.983617e-01	-8.757906e-02	2.977084e+00	9.887657e-01	3.146558e+00
1.100905e+00	-8.556110e-01	2.171276e+00	3.510934e+00	-6.766916e-01	3.209624e+00	1.885903e-01	-5.151725e-01	1.987249e+00	-1.545140e-01	1.161270e+00	-5.207755e-01	2.993673e-01	1.829157e+00	-1.215655e+00	1.510014e+00	1.664767e+00	1.137416e+00	7.948345e-01	-4.661471e-01
6.494556e-01	-1.742127e+00	-1.265621e+00	2.436934e-01	-4.970982e-01	4.255728e+00	-2.260510e+00	-4.413243e-02	7.981167e+00	8.320627e-01	7.518334e-01	5.857937e-01	1.300517e+00	3.387583e+00	-2.715943e+00	3.110171e-01	3.472396e+00	2.997870e+00	2.543064e+00	1.881812e+00
8.834475e-01	-1.167290e+00	-7.963505e-01	4.314548e-01	-6.172935e-02	4.489616e+00	3.424046e-01	-7.382814e-01	2.510573e+00	-1.278659e+00	1.900895e-01	-8.703181e-01	2.453022e-01	2.039987e+00	2.007877e+00	1.971885e+00	7.933430e-01	2.743211e+00	-4.033017e-01	2.169254e+00
5.229079e-01	-1.090938e+00	-9.324125e-01	2.588027e+00	2.789075e-01	5.015411e+00	1.129847e+00	-4.501787e-01	3.266957e+00	-5.022395e-01	2.344737e+00	-5.812445e-01	-5.922241e-01	2.562631e+00	-6.684368e-02	3.053998e+00	1.140461e+00	5.649152e-01	-2.104556e+00	4.213942e-01
-3.530309e-01	4.744037e-01	2.315870e+00	-1.566133e+00	-2.786294e+00	1.132923e+00	3.582961e+00	-1.905079e+00	6.358269e-01	1.075979e+00	9.528933e-01	3.108566e+00	5.515644e-01	2.145453e+00	-1.036350e+00	-7.392238e-01	1.602506e+00	-2.723057e+00	5.905827e-01	4.263802e+00
3.797450e-01	-2.669269e+00	1.236556e-01	1.443559e+00	-8.476192e-01	3.959530e+00	-3.156373e+00	-1.129116e-01	8.003228e+00	4.097190e-01	3.868330e-01	4.106287e-01	1.386153e+00	2.521138e+00	-2.410189e+00	9.235427e-01	2.966147e+00	3.707429e+00	2.113233e+00	1.625954e+00
-6.388018e-01	-1.547060e+00	2.645873e+00	1.245217e+00	-1.484995e-01	2.226275e+00	3.971582e-01	1.113572e+00	2.091469e+00	9.625301e-01	1.659631e+00	1.560585e-01	4.667501e-02	6.365501e-01	1.652997e+00	1.704834e+00	1.743268e+00	-2.555580e-01	9.160896e-02	-9.150083e-01
6.449010e-01	-2.049211e+00	1.354256e+00	5.732109e-01	-8.516939e-01	4.367269e+00	5.676900e-01	-1.891494e+00	6.040332e+00	-1.017081e-01	3.457703e+00	7.242077e-01	2.401250e+00	3.393166e+00	-3.651818e+00	2.113329e-01	1.586948e+00	-4.160860e-01	6.496232e-01	8.769700e-01
1.471810e+00	7.285528e-01	1.268718e+00	-1.733460e+00	1.552199e+00	1.754008e-01	1.196599e-01	8.815918e-01	-6.240324e-02	-8.419446e-01	-8.227086e-02	1.556201e-01	3.148555e-01	-1.347079e+00	3.881392e+00	9.415728e-02	-9.543570e-01	3.707531e+00	1.501114e+00	-1.233304e+00
8.536429e-02	1.025700e+00	3.898685e+00	-7.044871e-01	-2.518485e+00	2.438398e-01	2.613190e+00	-7.305226e-01	1.810146e+00	7.013949e-01	1.333048e+00	3.584854e+00	7.202204e-01	4.489197e-01	-1.159906e+00	-1.230463e+00	1.895261e+00	-1.526218e+00	1.176481e+00	1.559270e+00
6.558213e-01	-2.155050e+00	-1.078033e-01	1.194735e+00	2.123921e-01	3.619269e+00	-2.278490e+00	8.425556e-01	5.924427e+00	1.493706e-01	1.333080e+00	-1.021488e+00	3.152235e+00	1.931379e+00	-1.308539e+00	1.303645e+00	7.436810e-01	3.699374e+00	2.761308e+00	-1.136354e+00
3.896734e-01	-6.416791e-02	1.457259e+00	-6.916459e-02	-1.808400e+00	1.831443e+00	1.017820e+00	-1.196404e+00	4.050391e+00	2.302242e-02	1.633338e+00	2.383948e+00	1.439519e+00	1.563101e+00	-2.016999e+00	-1.259590e+00	2.433353e+00	1.538483e-01	8.509642e-01	2.223008e+00
-1.437733e+00	-2.595675e+00	-1.025458e+00	-2.306040e+00	-1.537411e+00	4.970348e+00	1.174828e+00	-1.039477e+00	3.792969e+00	2.996917e-01	9.007487e-01	1.569312e+00	1.672685e+00	2.250269e+00	4.698974e-01	1.728770e+00	1.581043e+00	4.951540e-01	1.915745e-01	4.930615e+00
1.568106e-01	-5.403145e-01	1.748727e+00	1.374890e+00	-7.764329e-01	2.660539e+00	1.267110e-01	-5.297995e-01	2.249612e+00	-2.560952e-01	-7.193178e-01	5.936279e-01	-3.109900e-01	1.086115e+00	1.174540e+00	2.131850e+00	2.348237e+00	2.513954e+00	4.963816e-01	2.943929e-01
3.690202e-01	-8.452358e-01	2.620749e+00	-2.833260e-01	2.971783e-01	2.299745e+00	8.771432e-01	-2.161267e-01	2.198704e+00	-5.291413e-01	1.520822e+00	-1.252528e-01	3.294485e-01	1.050568e+00	1.315621e+00	7.910612e-01	1.056551e+00	1.512700e+00	8.277652e-01	-5.340129e-01
5.165062e-01	-2.345382e+00	1.549754e+00	1.048028e+00	-1.266903e+00	5.123002e+00	6.039713e-01	-1.686700e+00	5.685630e+00	1.707080e-01	3.323242e+00	5.740054e-01	2.862857e+00	3.684300e+00	-3.370810e+00	1.138985e+00	1.914543e+00	-2.177287e-01	1.098326e+00	3.447466e-01
-1.189022e+00	-1.867542e+00	-2.731212e+00	-1.123057e+00	1.435615e+00	3.092245e+00	-7.160714e-01	1.210735e+00	3.170051e+00	3.657502e-01	8.994449e-01	1.222464e+00	3.346828e-01	5.493928e-01	-6.929193e-01	2.193955e-01	2.501551e+00	2.310577e+00	-3.966913e-01	1.837793e+00
9.096847e-01	-8.590908e-01	5.113201e-02	4.723490e-01	-1.218134e+00	3.926772e+00	1.577437e+00	-1.637020e+00	4.956872e+00	2.845581e-01	2.576535e+00	8.852550e-01	1.302750e+00	4.043749e+00	-3.083627e+00	-6.237302e-02	1.271902e+00	-2.204632e-01	9.322849e-01	1.253900e+00
1.238028e+00	2.999043e-01	1.827646e+00	2.270755e+00	-1.002846e-01	1.794756e+00	4.140069e-01	-9.652953e-01	1.312866e+00	-3.702821e-01	1.123063e+00	-4.543284e-01	-1.244823e+00	1.660981e+00	-4.847790e-01	1.528903e-02	1.807700e+00	1.551957e+00	1.656592e-01	1.433362e-01
-3.436374e-01	-1.582465e+00	-1.928610e+00	-2.854546e+00	-2.936808e-01	3.293555e+00	2.582897e-01	9.033022e-01	3.630174e+00	3.545173e-01	1.451132e+00	1.349161e+00	2.279804e+00	1.002020e+00	-3.968677e-01	-1.439409e-01	3.604430e-01	2.739976e+00	1.563552e+00	2.117742e+00
1.047270e+00	7.779987e-01	3.211935e+00	3.313370e-01	3.148767e-01	1.174192e-01	1.042300e+00	4.755831e-01	-1.095894e+00	-4.684565e-01	1.034167e+00	-3.840658e-01	6.612856e-01	-3.922715e-01	2.947661e+00	3.843274e-01	-7.875250e-01	1.165193e+00	8.721987e-01	-2.562492e+00
-7.245976e-01	-5.005659e-01	-2.503871e-01	8.120684e-01	-1.137129e-01	3.199494e+00	1.371866e-01	-7.588489e-01	2.956628e+00	-1.080939e+00	1.367440e+00	7.928881e-01	-3.119797e-01	1.405805e+00	-4.150351e-01	1.398179e+00	3.614482e+00	1.065600e+00	-2.007740e+00	1.230089e+00
8.653937e-02	1.063875e+00	3.589766e+00	-8.551232e-01	-1.404478e+00	5.536424e-01	3.051029e+00	1.439964e-01	2.552417e-01	7.485478e-01	1.136113e+00	2.519327e+00	2.557354e-01	5.433192e-01	-1.744501e-01	-6.938352e-01	9.124229e-01	-1.752578e+00	1.312157e+00	3.352083e-01
1.384532e+00	-4.443732e-02	-3.417975e+00	-3.962370e+00	9.851176e-01	3.923658e+00	-5.746400e-01	1.995436e-01	6.450304e+00	-9.188517e-01	5.368581e-01	1.748697e+00	1.697968e-01	1.840426e+00	4.931462e-01	-3.028570e-01	1.232438e+00	3.697471e+00	4.224160e-01	3.522979e+00
-6.014393e-01	-3.697623e+00	1.729947e+00	1.514671e+00	-1.168930e+00	5.280672e+00	4.071900e-01	-9.565454e-01	5.056142e+00	8.121342e-01	2.072622e+00	-2.502703e-01	2.807038e+00	4.049441e+00	-3.166751e+00	2.415940e+00	1.551422e+00	-4.942339e-01	1.019712e+00	2.129964e+00
-9.938533e-01	-2.337912e+00	2.592621e+00	7.785602e-01	-1.537649e+00	3.753132e+00	1.636217e+00	-6.670876e-01	2.256252e+00	2.850647e-01	1.351299e+00	4.531582e-01	1.653992e+00	1.893200e+00	6.614850e-01	2.198027e+00	1.444986e+00	-1.079572e+00	1.234338e-01	1.339561e+00
-3.888396e-01	-4.947897e-01	-8.740866e-01	-5.158630e-02	-9.423008e-01	2.551602e+00	-9.145428e-01	-2.721744e-01	5.217943e+00	6.528101e-01	7.119271e-01	1.340485e+00	6.715805e-01	1.914298e+00	-1.551893e+00	2.996776e-01	2.756339e+00	2.105345e+00	9.247345e-01	1.617092e+00
-7.780552e-01	-2.378142e+00	1.543464e+00	5.263598e-02	-1.682048e+00	4.072489e+00	-2.783989e-01	-1.120419e+00	3.036629e+00	2.209546e-01	-1.273778e-01	7.013261e-01	6.838483e-01	1.898361e+00	1.079957e+00	1.759650e+00	3.079645e+00	1.364361e+00	6.830179e-01	3.539369e+00
3.023993e-01	-1.024525e+00	-8.410187e-01	3.713275e-01	7.828813e-01	4.132377e+00	2.319961e-01	7.078336e-02	2.772020e+00	-1.210617e+00	1.510954e+00	7.298756e-02	4.484933e-01	1.126636e+00	-8.873498e-02	7.420078e-01	1.637546e+00	1.900105e+00	-9.135574e-01	1.477593e+00
-6.857134e-01	-9.851373e-01	2.500745e+00	2.294057e+00	-4.524063e-01	1.560313e+00	-1.010484e-01	-6.997903e-02	2.121864e-01	-1.505845e-01	4.479774e-01	-2.828600e-01	1.199837e+00	6.258087e-01	6.269387e-01	1.756151e+00	3.131401e-01	1.757942e+00	-2.545523e-01	7.245081e-01
1.497455e+00	-5.392781e-01	2.545947e+00	5.216986e-01	6.122030e-01	7.452281e-01	-8.318254e-01	8.492894e-01	1.820351e+00	3.638546e-02	5.078634e-01	-5.266604e-01	1.048367e+00	5.782677e-01	1.287460e-01	-8.875103e-01	1.001223e+00	2.202941e+00	3.076447e+00	-1.379273e+00
-7.816072e-01	-2.222197e+00	-9.955355e-01	-1.906404e+00	3.978893e-01	4.852342e+00	8.335151e-01	1.068417e+00	4.380354e+00	5.117495e-02	8.878052e-01	1.341713e+00	1.606052e+00	1.122553e+00	1.182663e+00	1.061615e+00	9.559955e-01	-4.977233e-01	-3.278856e-01	3.649026e+00
-1.412052e-01	1.556088e-01	3.865323e+00	-2.243273e-02	-9.050677e-01	5.600053e-01	1.812111e+00	-2.797594e-01	3.855889e-01	3.748433e-01	8.410640e-01	2.049487e+00	-5.399398e-01	-4.665160e-01	1.207348e+00	4.106887e-01	1.797329e+00	-8.471397e-01	3.678198e-01	3.710334e-01
8.491398e-02	-2.353564e+00	9.195115e-01	5.889411e-01	-7.352508e-01	4.467478e+00	-1.249286e+00	-5.465189e-01	6.778557e+00	6.540791e-01	1.473922e+00	2.669230e-01	1.882900e+00	3.481319e+00	-1.958742e+00	1.277162e+00	2.975333e+00	2.005192e+00	2.087576e+00	2.754158e-01
-7.946808e-01	-3.018622e+00	-1.601248e-01	5.656160e-01	9.703551e-01	3.887577e+00	-1.128544e+00	1.457963e+00	4.227982e+00	1.208832e+00	1.900334e+00	6.903523e-02	1.560371e+00	2.131619e+00	-2.148571e+00	6.175392e-01	8.370975e-01	8.828935e-01	2.687583e-01	2.328955e+00
3.456615e-01	-7.646639e-01	3.174503e+00	7.239822e-01	-1.373406e-01	2.087174e+00	1.162813e+00	-4.735966e-01	1.595011e+00	-4.600837e-01	1.793670e+00	1.327893e-01	8.518854e-01	8.049240e-01	8.649013e-01	1.129780e+00	1.607102e+00	2.127403e-01	6.900965e-01	-1.162238e+00
-7.700437e-01	-9.634456e-01	-8.966982e-01	1.042456e+00	5.504600e-02	3.441915e+00	-2.790208e-01	-7.529414e-01	3.464032e+00	-9.132897e-01	1.522419e+00	4.925435e-01	-3.798750e-01	1.756594e+00	-6.583151e-01	1.380045e+00	4.114223e+00	1.034233e+00	-2.122357e+00	1.375487e+00
-6.625124e-01	-1.176746e+00	1.934192e+00	3.452150e+00	-1.257925e+00	3.233961e+00	-5.508203e-01	-1.184005e+00	3.769263e+00	-4.529416e-01	1.846758e+00	-3.043865e-01	8.366434e-02	2.467976e+00	-1.460521e+00	1.700091e+00	3.962396e+00	1.164158e+00	-1.451816e+00	-3.813827e-02
8.874263e-01	-1.655845e+00	1.306159e+00	5.335920e-01	-7.188787e-01	4.463247e+00	1.120836e+00	-1.094784e+00	5.022015e+00	-4.028188e-01	2.271929e+00	-1.698978e-01	7.973362e-01	3.471225e+00	-1.690072e+00	5.360134e-01	1.822478e+00	7.621347e-01	6.328002e-01	1.284277e+00
3.064513e-01	3.742063e-01	-1.849971e+00	4.628295e-01	1.556732e+00	2.421679e+00	-3.196764e-01	1.194073e+00	2.165507e+00	-6.061713e-01	9.115427e-01	-1.760069e-01	-1.502219e+00	5.787027e-01	1.081908e+00	6.381235e-01	1.838318e+00	2.101473e+00	-1.694898e+00	8.651517e-01
4.236481e-03	-1.147528e+00	2.810436e+00	1.167552e+00	-1.406149e+00	3.158141e+00	8.975013e-02	5.045745e-02	2.983395e+00	8.983943e-01	1.279563e+00	6.866971e-02	1.404139e+00	2.170189e+00	-1.190349e+00	1.498187e+00	5.986617e-01	1.318905e+00	1.856184e+00	-6.783180e-01
-7.229875e-02	-1.746597e+00	2.365829e+00	3.385701e+00	-8.403499e-01	2.769295e+00	-2.597188e-01	-4.784044e-01	1.597262e+00	2.863437e-01	7.058661e-01	-5.230047e-01	1.269065e+00	1.718455e+00	-6.098826e-01	2.605612e+00	9.115246e-01	1.313624e+00	4.216329e-01	1.063643e+00
9.951317e-01	-2.079182e+00	2.116995e+00	3.719836e+00	-1.117129e+00	4.828391e+00	8.417660e-01	-1.615629e+00	3.747051e+00	2.124760e-01	2.303521e+00	-3.545291e-01	7.595441e-01	3.585356e+00	-2.890869e+00	1.950909e+00	2.181967e+00	-5.463914e-01	5.538342e-01	8.548882e-01
4.266842e-01	-1.397375e+00	-1.421080e+00	2.191140e-01	1.413349e+00	3.298710e+00	-1.608802e+00	4.416562e-01	4.376741e+00	9.695598e-02	4.176285e-01	-3.495008e-01	-1.738160e-01	1.706516e+00	1.405882e-01	2.607674e-01	1.597334e+00	2.680479e+00	7.795507e-01	9.646953e-01
9.009475e-01	-3.221606e-01	3.058236e+00	2.078951e+00	-2.863323e-01	2.620653e+00	-2.671098e-01	-2.113144e-01	1.399846e+00	-3.433998e-01	6.384927e-01	-3.876983e-01	4.572708e-02	9.509392e-01	4.224339e-01	1.049118e+00	4.009807e-01	2.163574e+00	1.644226e+00	-5.426341e-01
-9.607579e-02	-2.076556e+00	-4.380117e+00	-2.822268e+00	5.751715e-02	5.252508e+00	1.087795e+00	-6.605908e-01	4.931478e+00	3.812464e-01	1.529335e+00	1.998675e+00	1.932448e+00	2.876863e+00	-2.125748e+00	-2.820134e-01	6.415677e-01	4.823008e-01	3.474430e-01	5.752253e+00
7.295390e-01	5.745494e-01	3.930067e+00	1.535019e+00	-6.134044e-01	6.070533e-01	2.361265e+00	-4.608452e-01	1.835992e-01	6.374121e-01	1.631658e+00	1.580786e+00	-4.842933e-01	4.697498e-01	-2.748984e-01	1.021457e-01	1.911096e+00	-2.450830e+00	3.944503e-01	-5.930280e-01
1.181968e+00	-6.673632e-01	5.677506e-02	1.599443e+00	-5.939278e-01	3.550603e+00	-1.805217e+00	-7.142970e-01	6.428758e+00	-1.545187e-01	3.890951e-01	2.026716e-01	-2.776345e-01	2.861313e+00	-1.556092e+00	5.358028e-01	2.640336e+00	3.111966e+00	1.104667e+00	1.662283e+00
1.559735e+00	-1.920592e+00	-6.113627e-01	-1.887250e-01	-2.379484e-01	4.530559e+00	-2.171375e+00	-1.120523e+00	8.606578e+00	-1.120647e-01	1.701177e+00	7.434411e-01	2.611759e+00	3.190348e+00	-3.655666e+00	-5.667487e-01	1.614492e+00	2.210892e+00	2.819585e+00	1.972798e+00
-2.375858e-02	-1.191833e+00	1.366637e+00	1.455370e+00	1.616775e-01	2.961247e+00	-5.416837e-01	-1.718126e-01	1.595404e+00	-4.607207e-01	-5.941073e-01	-6.622053e-01	2.626951e-01	1.372604e+00	1.298612e+00	2.255259e+00	6.175080e-01	2.898396e+00	1.253488e-01	1.407525e+00
-7.774367e-01	-5.167331e-01	7.192753e-01	-1.939261e+00	4.465938e-01	2.274119e+00	1.744204e+00	5.021593e-01	2.352311e-01	9.863544e-02	1.762803e-01	5.647539e-01	-1.322921e-02	8.891535e-01	2.524733e+00	1.380673e+00	6.076838e-01	5.127457e-01	-5.491516e-01	2.071189e+00
1.849927e+00	2.467734e-01	3.504426e-01	1.994373e+00	1.411435e+00	1.721375e+00	-1.483622e+00	1.328794e+00	2.253405e+00	-1.299760e+00	8.287673e-01	-2.003509e+00	2.699096e-01	3.299815e-01	2.275905e+00	5.153645e-01	-4.084142e-01	4.336089e+00	5.624583e-01	-1.614283e+00
6.451296e-01	-3.198394e+00	1.612399e+00	2.451836e+00	-1.148497e+00	5.413687e+00	-1.155246e+00	-1.207859e+00	6.958386e+00	6.182588e-01	1.263256e+00	1.447651e-02	2.124524e+00	3.668297e+00	-3.123081e+00	1.959278e+00	3.168768e+00	1.222387e+00	2.611637e+00	6.378506e-01
-1.066216e+00	-7.908751e-01	2.837564e-01	7.229984e-01	-5.671237e-01	1.903877e+00	-3.252736e-01	-1.615686e-01	3.590423e+00	7.412306e-01	1.347883e+00	1.058514e+00	-1.772659e-02	1.802352e+00	-1.675404e+00	5.450636e-01	3.332946e+00	4.290969e-01	-2.511592e-01	5.746468e-01
-8.542977e-01	-2.047161e+00	-1.935940e+00	-1.434184e+00	1.173724e+00	3.937780e+00	-8.391817e-01	4.787689e-01	5.408696e+00	-4.991902e-02	1.458249e+00	1.220281e+00	1.000679e+00	1.404201e+00	-1.307009e+00	5.430585e-01	3.077935e+00	9.231501e-01	-7.025573e-01	1.856096e+00
-1.011634e+00	-4.862220e-01	-8.630736e-01	-1.906638e+00	-5.549707e-01	3.165257e+00	-1.373650e-01	1.643630e-01	4.600282e+00	7.814282e-01	7.438927e-01	1.106222e+00	5.835531e-01	2.435985e+00	-2.791617e-01	5.201540e-01	2.534559e+00	2.276912e+00	8.412097e-01	1.402754e+00
-1.042921e+00	-1.708979e+00	-1.284087e+00	-2.849068e-01	8.732655e-01	3.520508e+00	-9.661717e-01	1.051266e+00	4.595484e+00	5.809492e-01	8.091845e-01	6.243851e-01	5.051638e-01	1.381915e+00	-8.649640e-01	7.423414e-01	2.203133e+00	1.129346e+00	-5.223571e-02	1.171773e+00
1.168945e+00	1.381336e-02	-1.656427e-01	1.738777e+00	-4.702150e-01	3.232099e+00	-9.724855e-01	-9.361443e-01	4.986911e+00	-9.851744e-01	3.793306e-02	2.721522e-02	-9.546376e-01	2.257732e+00	-6.293653e-01	6.820293e-01	2.356113e+00	3.837882e+00	5.862173e-02	1.961303e+00
-7.501382e-01	-3.352620e+00	6.764269e-01	-3.377509e-01	-1.998647e+00	5.735043e+00	9.364102e-01	-1.557929e+00	5.864769e+00	9.355252e-03	2.195443e+00	1.698300e+00	4.202269e+00	3.045574e+00	-3.059457e+00	1.051339e+00	1.862438e+00	-4.243029e-01	1.416211e+00	2.674680e+00
1.501199e-01	-1.865420e+00	6.118475e-01	-8.212070e-01	1.716485e-01	3.360282e+00	5.752000e-01	3.855657e-01	2.441581e+00	-7.090290e-01	6.039918e-01	5.789687e-01	1.794205e+00	1.092779e+00	1.395642e+00	6.996348e-01	6.101242e-01	4.911706e-01	-1.759174e-02	1.845178e+00
-8.048851e-01	-8.399475e-01	-2.879005e+00	-7.093508e-01	7.135273e-01	3.838904e+00	2.589244e-01	1.046181e-01	3.554480e+00	-3.451404e-01	9.888263e-01	6.542189e-01	-6.986110e-01	1.866141e+00	2.152619e-02	1.108755e+00	3.083812e+00	1.425714e+00	-1.727988e+00	2.044551e+00
1.409472e-01	-2.278675e+00	-6.879105e-01	5.499071e-01	1.091152e+00	4.239841e+00	-1.152449e-01	-1.079131e-01	2.826803e+00	-9.290747e-01	9.654208e-01	-8.508687e-01	-1.285405e-01	1.796291e+00	1.422056e+00	1.146111e+00	1.456595e+00	1.374099e+00	-1.152091e+00	2.561561e+00
-2.642345e-01	3.029947e-02	4.043715e+00	-2.804074e-01	-1.768726e+00	2.085197e+00	3.382565e+00	-1.400075e+00	1.776558e+00	3.995294e-01	2.106116e+00	2.387623e+00	-2.610058e-01	1.813211e+00	-8.618316e-01	1.967945e-01	3.172093e+00	-3.130265e+00	3.730001e-02	1.230685e+00
1.201193e+00	-2.168605e-01	3.428008e-01	2.426877e+00	6.630823e-01	2.160938e+00	-1.737848e+00	1.065865e-01	2.054048e+00	-5.846084e-01	-7.409522e-02	-1.259136e+00	6.236832e-01	7.808088e-01	2.786181e-02	6.528409e-01	-2.993478e-01	3.554937e+00	7.387809e-01	2.147450e+00
-1.119073e-01	-1.638602e+00	1.614823e+00	4.323907e-01	-5.951356e-01	3.424656e+00	-5.882884e-01	1.479458e-01	3.740304e+00	-2.992821e-01	8.203065e-01	8.036432e-01	8.290010e-01	6.266994e-01	2.616639e-01	-3.247819e-02	8.365640e-01	2.856039e+00	3.391383e-01	2.096275e+00
-4.514019e-01	-3.122802e+00	2.673031e+00	3.384333e+00	-5.018714e-01	3.678824e+00	-1.519718e+00	-1.156624e-01	4.101055e+00	1.100609e+00	1.447644e+00	-1.308926e-01	1.613604e+00	2.778774e+00	-3.576884e+00	1.076353e+00	2.336761e+00	-1.546718e-01	9.667053e-01	1.907471e+00
1.549773e+00	-1.288363e+00	6.744348e-01	1.085582e+00	2.697851e-01	2.925058e+00	-1.718787e+00	-4.667057e-01	5.124621e+00	-3.415436e-01	6.619443e-01	-4.638759e-01	6.891446e-01	2.349280e+00	-8.321071e-01	3.425934e-01	2.036715e+00	3.526833e+00	2.101499e+00	6.009923e-02
-5.788931e-02	6.418065e-01	3.805418e+00	-4.813592e-01	-2.895542e+00	1.716079e+00	3.519780e+00	-1.512858e+00	1.391068e+00	4.162636e-01	2.286101e+00	3.085561e+00	5.495999e-01	1.606445e+00	-1.863157e+00	-6.422038e-01	1.365615e+00	-2.452839e+00	7.481890e-01	1.986816e+00
1.236360e-01	-3.203200e+00	2.058329e-01	3.019813e+00	-4.003516e-01	5.361867e+00	-2.974046e+00	-4.989133e-01	7.607005e+00	4.238358e-01	1.119168e+00	-9.193477e-01	1.724817e+00	3.656375e+00	-2.986978e+00	2.403905e+00	3.004552e+00	3.473751e+00	1.966844e+00	5.728281e-02
1.174112e+00	3.621210e-01	2.956207e+00	2.947894e+00	-7.417310e-01	2.561734e+00	1.222264e+00	-1.224174e+00	1.605796e+00	-4.913504e-01	1.741375e+00	-4.096980e-01	-1.195804e+00	2.029723e+00	-5.469739e-01	1.784660e+00	1.338813e+00	7.255766e-01	-6.710115e-01	-5.565924e-01
5.278948e-01	1.332088e+00	-1.526388e+00	-2.436586e+00	3.757560e-01	2.470212e+00	1.849694e+00	1.043849e-01	2.703223e+00	-6.822613e-01	5.116565e-01	1.663081e+00	-1.933394e+00	1.496343e+00	5.178909e-01	-5.090606e-01	1.069664e+00	1.684297e+00	-6.490675e-01	3.263440e+00
9.335603e-02	-1.933583e+00	2.360945e+00	1.591935e+00	-2.256096e-01	3.493565e+00	4.996497e-01	-6.474045e-01	1.730681e+00	-3.447500e-01	-2.331023e-01	-3.528012e-01	1.195465e+00	1.175724e+00	1.446381e+00	1.999799e+00	1.247667e+00	8.022997e-01	4.947351e-01	1.168803e+00
8.197496e-01	1.930347e+00	4.682000e+00	1.060692e+00	-2.188546e+00	-6.427013e-01	3.415490e+00	-1.273966e+00	4.410057e-01	1.037085e+00	2.049851e+00	2.830229e+00	-9.623438e-01	1.408614e+00	-1.868041e+00	-1.204606e+00	1.966329e+00	-3.210029e+00	3.998593e-01	5.403400e-02
-2.615803e-02	1.070527e+00	4.252863e+00	-1.433036e+00	-2.592738e+00	1.417905e+00	3.616045e+00	-1.881167e+00	1.975437e+00	1.746951e-01	1.725618e+00	3.305834e+00	-1.948525e-01	1.635338e+00	-9.256910e-01	-6.057642e-01	2.329570e+00	-2.838076e+00	4.371644e-01	2.234378e+00
1.601376e-01	-6.269805e-01	2.096918e+00	-1.018091e+00	-6.239639e-01	2.464011e+00	8.788732e-01	-7.737724e-01	2.769336e+00	9.399138e-02	1.291314e+00	7.068342e-01	3.254540e-03	1.823904e+00	4.712377e-01	5.506959e-01	2.580978e+00	1.418885e+00	1.352817e+00	7.760286e-01
-8.346409e-01	-1.776175e+00	-2.454532e+00	-1.027006e+00	1.202038e+00	4.434632e+00	-6.369352e-01	7.799106e-01	5.402982e+00	6.749804e-01	1.879901e+00	9.460400e-01	4.717886e-01	2.398018e+00	-1.640851e+00	1.096107e-01	3.054524e+00	4.145555e-01	-7.541029e-01	1.979545e+00
7.771741e-01	-1.775980e+00	3.069950e-01	1.077249e+00	-6.207516e-01	5.015002e+00	-1.114932e+00	-1.994011e+00	5.509892e+00	-1.346813e+00	-2.679342e-02	-1.282617e-01	1.822144e+00	2.893615e+00	-8.741276e-01	1.252309e+00	2.482786e+00	2.550535e+00	5.472160e-01	3.100692e+00
1.815571e-01	1.356646e+00	3.886997e+00	2.625413e-01	-1.860223e+00	3.159627e-01	2.662306e+00	-8.889200e-01	8.897257e-01	7.380111e-01	1.099067e+00	3.315764e+00	-9.632797e-01	7.824591e-01	-9.345544e-01	-4.356224e-01	2.247586e+00	-2.076162e+00	3.383421e-01	1.013907e+00
