9.572976e-01	5.591325e-01	8.508324e-01	7.006918e-01	3.624444e-01	5.612910e-01	4.838280e-01	2.380881e-01	2.906005e-01	6.678303e-01	3.644763e-01	4.916173e-01	5.150715e-01	5.349307e-01	6.010394e-01	2.926253e-01	4.902780e-01	4.955403e-01	9.088122e-01	3.735722e-01	7.616677e-01	8.630933e-01	7.087801e-01	1.035588e+00	9.411538e-01	3.977750e-01	3.895930e-01	4.514056e-01	4.774045e-01	-8.561186e-03	8.058441e-01	5.262555e-01	5.716917e-01	1.741589e-01	5.244868e-01	1.223060e+00	1.862490e-02	8.415741e-01	6.259189e-01	7.157186e-02
-2.259864e-01	1.065522e+00	6.082928e-01	-2.396696e-02	5.048933e-01	1.781104e-02	6.380871e-01	2.630020e-01	5.715606e-01	1.338652e+00	8.149929e-01	9.120859e-01	-6.878744e-02	2.573970e-01	4.096086e-01	9.312229e-01	5.636500e-01	-2.545746e-01	-6.471143e-02	6.233048e-01	5.638790e-01	7.459885e-01	1.063308e+00	-2.527111e-01	-8.174801e-01	9.085869e-01	4.683451e-01	2.441949e-01	4.106723e-01	5.556382e-01	-2.161761e-01	1.020897e+00	7.359681e-01	6.690936e-01	-5.842064e-01	-1.210918e-01	8.248303e-01	6.120352e-01	8.885258e-01	9.022449e-01
5.853461e-01	5.786815e-01	4.403530e-01	3.502211e-01	2.366805e-01	5.151488e-01	4.227318e-01	2.731245e-01	6.747594e-01	6.526977e-01	3.762950e-01	4.883828e-01	7.314122e-01	4.792229e-01	5.547120e-01	4.289786e-01	3.898715e-01	4.904720e-01	7.801214e-01	6.538049e-01	7.271847e-01	8.505993e-01	7.840111e-01	9.770757e-01	4.480343e-01	3.481893e-01	1.102414e+00	6.366458e-01	9.248039e-02	2.841981e-01	8.040211e-01	7.724970e-01	5.074983e-01	2.519692e-01	7.927941e-01	9.697077e-01	2.445704e-02	9.124433e-01	8.163697e-01	3.519209e-01
5.478190e-01	6.218109e-01	1.561495e+00	2.698524e-01	5.610171e-01	3.710825e-01	1.119221e+00	3.908666e-01	7.925368e-01	1.166215e+00	7.925810e-01	6.771723e-01	1.146198e+00	1.895702e-01	3.762579e-01	2.417667e-01	7.959750e-01	4.458199e-01	1.076848e+00	3.443362e-01	1.776071e-01	1.693219e-01	5.359506e-01	7.113485e-01	4.077514e-01	4.682175e-01	4.058661e-01	1.070891e+00	2.397069e-01	1.038428e+00	6.752024e-01	4.969069e-01	1.174420e+00	1.014455e+00	2.151920e-01	6.286384e-01	1.163003e-01	4.636735e-01	3.593405e-01	9.536680e-01
1.180090e+00	4.570300e-01	2.837826e-01	9.060852e-01	3.610962e-01	7.381223e-01	5.611522e-01	7.840755e-01	5.707536e-01	1.076077e+00	4.197332e-01	8.193560e-01	1.942297e-01	7.427194e-01	5.177534e-01	9.190018e-01	6.990560e-01	8.377085e-01	5.454021e-01	2.894039e-01	1.026831e-01	1.171114e+00	2.819494e-01	4.399384e-01	3.870435e-01	1.539554e-01	5.088787e-01	4.599652e-01	9.848752e-01	9.059307e-01	8.785847e-01	6.210680e-01	6.006243e-01	5.693223e-01	8.317269e-01	5.156277e-01	3.351316e-01	7.127436e-01	3.271687e-02	-1.107051e-01
2.362714e-01	1.283769e-01	9.675339e-01	3.775226e-01	6.453067e-01	1.043375e+00	7.317914e-01	3.149638e-02	9.712257e-03	2.104988e-01	5.651626e-01	5.347069e-01	8.729529e-01	5.223057e-01	1.228808e+00	8.896023e-01	3.756147e-01	8.691198e-02	6.932835e-01	5.987214e-01	9.993433e-01	7.895731e-01	7.181084e-01	7.636651e-01	1.156148e-01	6.545330e-01	8.719559e-02	5.723777e-01	9.224000e-01	2.367289e-01	4.662430e-02	4.046876e-01	1.497586e-01	5.469209e-01	5.737953e-01	4.864686e-01	9.141175e-01	1.062672e+00	4.295227e-01	3.711450e-01
1.039836e+00	6.211698e-01	6.453889e-01	4.790433e-01	8.465728e-01	5.855391e-01	5.154616e-02	9.039148e-01	4.079996e-01	8.645945e-01	6.936623e-01	1.161457e+00	4.096097e-01	3.966485e-01	1.358234e-01	3.581888e-01	3.321803e-01	8.645930e-01	1.943411e-01	7.777053e-01	5.260180e-01	9.329182e-01	6.334719e-01	9.861489e-01	1.075040e+00	3.844024e-01	7.754788e-01	2.473873e-01	-1.619898e-01	9.214261e-01	-4.283137e-01	4.614319e-01	4.687611e-01	8.112657e-01	6.069089e-01	6.677078e-01	7.880209e-01	9.257047e-01	3.207326e-01	5.159706e-01
3.432737e-01	7.121357e-01	4.456277e-01	2.909683e-01	5.116668e-01	5.386238e-01	3.597204e-01	5.052702e-01	4.410038e-01	6.594824e-01	5.891994e-01	3.654341e-01	9.109390e-01	1.144309e+00	6.864104e-01	8.484759e-01	9.486631e-01	1.163410e+00	6.626989e-01	1.018719e+00	7.465873e-01	6.499718e-01	3.805618e-01	8.294655e-02	4.726520e-01	7.150906e-01	6.648005e-01	8.897626e-02	6.641977e-01	9.904777e-01	8.320824e-01	-4.356101e-01	2.797154e-01	2.973249e-01	1.258074e+00	8.911208e-01	1.034762e+00	1.876917e-01	4.395705e-01	2.507286e-01
3.584831e-01	1.305344e+00	7.954313e-01	3.409943e-01	3.120539e-01	9.313434e-01	5.357754e-01	6.091304e-01	-2.662457e-01	1.603090e-01	7.724416e-01	7.655916e-01	5.336001e-01	8.671902e-01	1.754629e-01	9.680128e-01	4.240429e-01	3.740229e-01	8.058314e-01	1.565482e+00	4.721473e-01	5.662885e-01	9.890322e-01	7.561310e-02	5.647246e-01	6.407643e-01	1.297350e+00	6.078860e-01	4.363329e-01	6.109039e-01	2.315980e-01	8.041882e-01	7.428670e-01	4.167273e-01	8.636649e-01	1.258198e+00	3.513868e-01	1.058530e+00	7.337361e-02	3.542628e-01
5.359466e-01	8.156652e-01	6.999980e-01	3.549068e-01	5.491277e-01	6.672377e-01	6.408575e-01	1.221789e+00	4.003073e-01	-2.840375e-01	1.826035e+00	6.568077e-01	5.060642e-01	1.481300e+00	5.599151e-02	4.109098e-01	6.010084e-01	-4.418596e-01	4.816305e-01	4.113722e-01	1.364742e+00	2.884978e-01	6.038269e-01	-2.597806e-01	6.724049e-01	4.595832e-02	7.716162e-01	1.027555e+00	3.961470e-01	7.111705e-01	1.134273e-01	8.537473e-01	3.652674e-01	1.075123e+00	5.704675e-01	5.823874e-01	1.321921e-01	4.837938e-01	9.309034e-01	4.562651e-01
-2.288377e-01	9.188952e-01	8.332875e-01	-3.913731e-01	9.012460e-02	6.196590e-01	1.513249e-01	6.433018e-01	9.623474e-01	1.498180e+00	-2.366817e-01	3.486721e-01	8.616081e-01	3.941127e-01	3.431538e-01	3.686913e-01	6.391103e-01	1.710863e-01	1.074528e-01	-1.580359e-01	9.014845e-02	5.373555e-01	4.072465e-01	3.567671e-01	4.138523e-01	8.280825e-01	1.011605e+00	7.030763e-01	1.994018e-01	1.097928e+00	7.324774e-02	4.160496e-01	3.499808e-01	5.511931e-01	3.326088e-01	-1.997797e-02	1.100773e+00	3.042566e-01	5.656895e-01	7.431056e-01
2.257353e-01	6.536388e-01	5.102561e-01	6.493357e-01	2.235723e-01	6.894068e-01	6.335182e-01	4.957804e-01	7.679875e-01	1.317885e+00	6.367058e-01	6.847635e-01	1.010380e+00	8.747667e-01	5.414963e-01	-1.559808e-01	-3.195114e-01	3.360323e-01	7.538093e-01	7.728885e-01	8.807777e-01	7.614724e-01	8.632300e-01	1.036590e+00	1.631140e-01	5.579262e-01	1.114864e+00	8.502282e-01	1.716591e-02	3.829898e-01	1.066084e+00	6.415914e-01	7.067236e-01	8.097403e-01	7.098186e-01	1.296675e+00	-1.468463e-01	7.129546e-01	7.190150e-01	8.138100e-01
-6.106545e-02	4.415057e-01	1.094660e+00	1.298211e-02	1.093266e+00	8.645605e-01	1.174484e+00	1.090538e+00	6.659404e-02	4.806309e-01	5.253890e-02	8.146842e-01	1.224767e+00	7.604487e-01	3.541704e-01	3.236760e-01	-1.730813e-01	1.749720e-01	3.933560e-01	6.466243e-01	7.561886e-01	5.689520e-01	-4.147075e-01	5.478488e-01	1.771530e-01	2.137792e-01	3.495810e-01	1.551768e+00	6.053636e-01	6.395100e-01	5.116568e-02	9.779205e-01	1.008238e+00	1.177383e+00	9.537626e-01	1.121204e+00	2.678504e-01	1.094277e+00	9.400297e-01	1.110560e-01
7.126124e-01	5.775308e-01	5.800999e-01	1.056656e-01	-5.357678e-02	9.464702e-01	1.803616e-01	1.983088e-01	7.329111e-01	5.669353e-01	2.092607e-01	4.343338e-01	2.429182e-01	6.008333e-01	5.757647e-01	6.424117e-01	1.056929e+00	8.987958e-01	1.016842e+00	5.869900e-01	3.386912e-01	8.385288e-01	1.287163e-01	4.952841e-01	5.712540e-01	6.561701e-01	4.916509e-01	4.664485e-01	5.819719e-01	7.971240e-01	-9.708133e-02	3.784773e-01	8.225400e-01	7.247970e-01	6.824435e-01	9.116738e-02	6.366808e-01	5.801030e-01	4.470105e-01	1.781859e-01
3.934648e-01	1.054832e+00	1.407650e+00	-5.250087e-01	8.883503e-01	8.597280e-01	1.401082e+00	1.360602e+00	-1.263854e-01	8.399963e-02	9.430235e-01	1.002106e+00	1.166477e+00	-6.385583e-01	-4.400186e-01	-8.753850e-01	8.408626e-01	1.065527e+00	1.265893e-01	7.933496e-01	1.203829e+00	-1.231357e-01	2.065528e-01	9.937382e-01	1.529343e+00	1.424775e+00	6.380174e-01	-6.849134e-01	2.314866e-01	1.830101e-01	-4.284330e-01	1.371273e+00	1.402010e+00	9.664472e-01	2.832944e-01	6.629435e-01	1.674866e+00	8.250283e-01	5.620079e-01	-2.145415e-01
8.357375e-01	7.816680e-01	7.061642e-01	7.041714e-01	7.364537e-01	4.705126e-01	9.263243e-01	7.987227e-01	8.002836e-01	8.464243e-01	4.963882e-01	3.004207e-01	-6.109203e-03	8.534981e-01	5.679844e-01	5.570688e-01	8.059694e-01	1.518718e-01	5.630041e-01	4.256410e-01	3.231615e-01	7.387024e-01	8.473322e-01	7.590765e-01	4.444891e-01	3.974977e-01	7.697508e-01	9.538664e-01	4.878683e-01	5.551178e-01	3.282501e-02	1.271870e+00	5.495386e-01	2.959166e-01	6.802470e-01	9.093078e-01	2.258266e-01	8.755524e-01	1.079117e+00	1.053014e+00
9.824892e-02	1.100417e+00	8.456824e-01	1.568964e-01	8.408830e-02	9.442577e-01	-3.072317e-01	8.299471e-01	6.554706e-01	3.389946e-01	-2.692345e-01	1.234326e-01	7.599056e-01	5.574726e-01	6.596544e-01	3.914715e-01	2.538066e-01	1.455378e-01	3.567769e-01	1.107210e+00	1.149092e+00	1.974811e-01	4.740534e-01	9.212161e-01	5.083284e-01	6.078392e-01	6.607473e-01	9.714820e-01	5.521099e-01	6.467787e-01	8.410858e-01	4.656535e-01	1.003492e+00	3.727687e-01	3.280930e-01	-9.128697e-02	8.451524e-01	4.861988e-01	3.950812e-01	2.312582e-01
1.825695e-01	4.672169e-01	6.251997e-01	4.560088e-01	4.828926e-01	4.133202e-01	3.902218e-01	5.514946e-01	4.210255e-01	8.101039e-01	4.565768e-01	1.614113e-01	9.603011e-01	1.216727e+00	8.552584e-01	7.651000e-01	8.906718e-01	1.162164e+00	4.121481e-01	9.598806e-01	5.685200e-01	4.379596e-01	7.350007e-01	-4.831050e-02	7.370403e-01	6.718192e-01	7.019047e-01	3.133070e-01	6.206216e-01	1.110179e+00	8.134101e-01	-2.222396e-01	4.370824e-01	2.759733e-01	1.093289e+00	5.410308e-01	8.665183e-01	2.499601e-01	6.748043e-01	7.429244e-01
7.727890e-01	6.245458e-01	4.747417e-01	4.589361e-01	3.196450e-01	5.267794e-01	5.034790e-01	4.430498e-01	5.320569e-01	6.893848e-01	2.934844e-01	6.031865e-01	8.510615e-01	5.979119e-01	6.857473e-01	3.085636e-01	5.017812e-01	5.772501e-01	5.918484e-01	5.784676e-01	6.041110e-01	1.186490e+00	6.964135e-01	8.921195e-01	5.366575e-01	4.278500e-01	1.049105e+00	6.114585e-01	6.144521e-02	6.616173e-01	4.955513e-01	8.928826e-01	7.030639e-01	1.454092e-01	8.207168e-01	1.114558e+00	1.120864e-01	7.509138e-01	5.363717e-01	3.846552e-01
8.794093e-01	7.458147e-01	1.166096e+00	4.060038e-01	5.633286e-01	4.551903e-01	4.644298e-01	9.813843e-01	8.630061e-01	-3.094859e-01	6.903711e-01	6.541633e-01	1.008803e+00	3.584678e-01	6.176554e-01	2.717302e-01	8.589395e-01	5.180860e-01	2.806627e-01	2.876142e-01	7.512388e-02	6.234939e-01	-1.844391e-01	5.721516e-01	7.458290e-01	4.764900e-01	7.156640e-01	1.265478e+00	5.534789e-01	8.377259e-01	4.761459e-01	5.520342e-01	8.566399e-01	7.448013e-01	1.042660e+00	6.435819e-01	3.526448e-01	4.062204e-01	7.494961e-01	9.981487e-01
3.138266e-01	8.094552e-01	7.715279e-01	-3.713110e-02	3.788539e-02	5.565509e-01	4.314323e-01	5.376971e-01	4.325615e-01	3.523854e-01	-1.271475e-01	1.556374e-01	7.089093e-01	4.506828e-01	1.046395e+00	4.512017e-01	8.940681e-01	2.446729e-01	4.305482e-01	6.897613e-01	7.649582e-01	5.650956e-01	1.382642e-01	9.392378e-01	5.977494e-01	4.313436e-01	5.137251e-01	5.952319e-01	3.543593e-01	8.557369e-01	1.773085e-01	8.759172e-01	9.411668e-01	8.069194e-01	4.265177e-01	1.752373e-01	8.602988e-01	7.223177e-01	3.414448e-01	4.072022e-01
6.366473e-01	6.326081e-01	7.715835e-01	7.530787e-01	5.864427e-01	4.918826e-01	3.208620e-01	4.735078e-01	7.910319e-01	8.344155e-01	1.008220e+00	1.031741e+00	4.338033e-01	3.343214e-01	7.431713e-01	5.922912e-01	3.189791e-02	4.826580e-01	-8.401529e-02	4.206226e-01	4.216238e-01	1.032422e+00	8.244052e-01	6.707072e-02	3.819532e-02	4.704571e-01	5.903099e-01	8.596295e-01	7.720418e-01	3.787029e-02	6.661063e-01	7.812749e-01	3.769778e-01	2.511396e-01	1.014987e+00	2.066125e-01	9.710668e-01	4.647040e-01	5.659610e-01	8.055271e-01
1.661321e-02	1.400900e+00	8.470566e-01	-4.407368e-02	3.711364e-01	1.176804e+00	3.993246e-01	2.127971e-01	-4.946275e-01	-6.647905e-02	2.730215e-01	7.720992e-01	9.481865e-01	6.357581e-01	3.322838e-01	1.191286e+00	1.634735e-01	1.709943e-01	1.089268e+00	1.351192e+00	7.366107e-01	2.490827e-01	1.084663e+00	2.470366e-01	2.486382e-01	1.716011e-01	1.573322e+00	8.593197e-01	-8.684833e-02	5.951528e-01	4.981484e-01	8.840074e-01	5.648830e-01	5.886923e-01	7.447943e-01	1.235808e+00	2.190934e-01	7.497906e-01	-2.141024e-01	2.995984e-01
5.677414e-01	4.315559e-01	5.697757e-01	8.574159e-01	1.047785e+00	6.745593e-01	4.509889e-01	7.624608e-01	7.759800e-01	4.848142e-01	1.234590e+00	1.040394e+00	6.910426e-01	6.078644e-01	1.030178e+00	6.826331e-02	2.154565e-01	3.739627e-01	-1.885638e-01	4.615836e-01	3.252606e-01	5.240456e-01	5.597194e-01	4.440839e-01	2.673544e-01	5.857647e-01	5.636775e-01	9.434111e-01	6.563938e-01	1.714656e-01	1.103234e-01	5.265716e-01	3.881701e-01	2.704723e-03	1.305102e+00	1.342456e-01	5.440426e-01	5.966369e-01	3.511315e-01	1.028303e+00
3.127936e-01	5.470654e-01	1.348101e+00	5.841240e-01	7.327675e-01	1.679870e-01	7.914450e-01	7.577553e-01	8.055615e-01	5.087867e-03	6.428589e-01	8.396077e-01	7.495250e-01	2.964540e-01	6.374742e-01	4.393771e-01	6.836811e-01	5.988575e-01	3.636643e-01	3.683619e-01	3.513598e-01	5.526898e-01	2.226041e-02	6.517796e-01	6.126573e-01	7.297643e-02	5.692955e-01	9.720080e-01	7.134600e-01	7.366376e-01	3.316437e-01	6.743500e-01	7.396974e-01	7.687332e-01	1.120379e+00	5.122788e-01	3.410646e-01	4.309808e-01	7.093986e-01	9.422406e-01
7.485034e-01	6.500073e-01	8.370548e-01	7.760886e-01	6.263080e-01	5.119087e-01	4.857444e-01	6.865653e-01	9.520471e-01	7.960283e-01	1.114311e+00	7.847976e-01	6.275570e-01	3.380547e-01	5.477998e-01	3.846045e-01	1.298461e-01	3.093626e-01	-1.159349e-01	7.795102e-01	5.610164e-01	9.090993e-01	6.999317e-01	7.008188e-01	1.729858e-01	6.912441e-01	6.265940e-01	8.540087e-01	9.758661e-01	1.864960e-01	3.835005e-01	8.186754e-01	4.990771e-01	1.167472e-01	8.739726e-01	-7.603737e-02	7.631438e-01	4.994841e-01	6.983948e-01	9.769435e-01
4.937631e-01	4.897366e-01	1.017998e+00	2.349479e-01	6.570547e-01	6.575922e-01	6.379979e-01	5.098597e-01	6.214359e-01	1.525574e-01	8.028048e-01	7.020429e-01	5.901986e-01	3.948717e-01	7.011454e-01	4.988365e-01	5.322814e-01	6.589027e-01	3.994655e-01	3.689334e-01	4.235332e-01	6.300843e-01	1.675494e-02	6.187560e-01	7.647839e-01	2.772349e-01	2.561998e-01	7.511603e-01	4.207741e-01	3.621125e-01	6.013040e-01	5.225075e-01	5.225828e-01	9.794606e-01	1.132217e+00	4.844786e-01	3.592252e-01	6.316554e-01	6.452918e-01	6.711073e-01
4.192738e-01	6.981735e-01	9.598809e-01	1.897106e-01	6.623695e-01	8.541241e-01	2.083863e-01	5.193446e-01	4.283472e-01	1.049920e-01	6.099202e-01	6.368408e-01	8.243092e-01	6.776057e-01	7.182520e-01	6.568457e-01	-1.517246e-01	1.882373e-01	5.294545e-01	2.922632e-01	8.394826e-01	6.168462e-01	2.248156e-01	1.283666e+00	7.967046e-01	3.792933e-01	5.050711e-01	2.330144e-01	3.137812e-01	3.542079e-01	4.245445e-01	7.174448e-01	3.229997e-01	8.044697e-01	4.078662e-01	7.116005e-01	9.116848e-01	1.162149e+00	7.146923e-01	7.264743e-01
2.248140e-01	4.424210e-01	1.275405e+00	-2.412179e-01	3.162557e-01	1.294255e+00	-1.903603e-01	6.872657e-02	9.875422e-01	1.422955e+00	1.324941e+00	9.143987e-01	8.923720e-01	1.639740e+00	1.131190e+00	-2.106868e-01	1.038598e+00	4.614700e-01	1.131350e+00	9.612878e-03	3.163944e-01	1.841488e+00	8.666231e-01	2.005604e-01	1.132080e+00	7.326121e-01	5.035020e-01	5.583882e-01	-3.008566e-01	5.117385e-01	1.293479e+00	4.192289e-01	1.095017e+00	9.036943e-01	7.007495e-01	3.312182e-01	7.108755e-01	1.068832e+00	9.317585e-01	-8.221900e-01
2.274522e-01	6.532633e-01	3.615419e-01	2.755209e-01	2.974641e-01	6.281380e-01	7.404841e-01	5.674795e-01	5.904432e-01	5.350398e-01	1.942239e-01	5.806834e-01	8.848122e-01	1.603904e+00	1.047226e+00	3.953180e-01	5.465548e-01	9.534878e-01	4.718943e-01	5.612720e-01	5.317347e-01	9.578098e-01	4.801734e-01	8.198680e-01	5.732975e-01	1.290353e-01	4.087947e-01	3.902412e-01	3.247286e-01	8.547045e-01	1.034890e+00	6.202273e-01	6.868766e-01	1.458821e-01	7.751770e-01	5.476184e-01	6.673136e-01	8.565808e-01	3.556876e-01	7.384240e-01
3.762264e-01	1.150484e+00	6.399211e-01	4.878217e-01	4.232516e-01	9.285683e-01	6.174741e-01	4.152000e-01	-3.631017e-02	3.396380e-01	9.253825e-01	1.010651e+00	3.614195e-01	1.028383e+00	2.075370e-01	1.111583e+00	3.356317e-01	2.662574e-01	1.050063e+00	1.264161e+00	5.952634e-01	8.129216e-01	1.280795e+00	2.603804e-01	3.766433e-01	6.186402e-01	1.027312e+00	1.450786e-01	2.002799e-01	4.635161e-01	2.471983e-01	4.232136e-01	6.914756e-01	6.608364e-01	8.863284e-01	1.218546e+00	2.498736e-01	9.932841e-01	-5.367605e-02	2.931808e-01
1.068644e+00	5.691126e-01	7.334790e-01	8.185265e-01	5.494835e-01	4.240913e-01	1.065660e-01	5.785926e-01	-1.644431e-02	8.642247e-01	1.913445e-01	4.928159e-01	6.199419e-01	4.691072e-01	3.940731e-01	2.848261e-01	6.116363e-02	6.382420e-01	4.683588e-01	6.696288e-01	6.681768e-01	1.158774e+00	5.755485e-01	8.196926e-01	2.275805e-01	2.277272e-01	7.784093e-01	4.334843e-01	1.861896e-01	6.177426e-01	5.682006e-01	1.039918e+00	1.058542e+00	1.528372e-01	9.367382e-01	1.072138e+00	1.054192e-01	5.279072e-01	6.638119e-01	5.896491e-01
7.456774e-01	-1.868792e-01	1.275524e+00	3.859952e-01	6.315108e-01	6.623247e-02	9.684503e-01	7.473909e-02	1.409752e+00	1.039474e+00	1.470026e+00	1.965504e+00	4.039310e-01	9.465048e-01	-1.670243e-01	-2.009295e-02	-7.776365e-01	-1.127375e-01	4.106930e-02	6.002034e-02	1.614217e+00	-6.452688e-02	4.812346e-01	1.545006e+00	3.700123e-01	1.175602e-01	5.560379e-01	9.846547e-01	7.466638e-01	9.002294e-01	3.838624e-01	1.095487e+00	3.233070e-01	1.526391e+00	-5.653955e-02	3.768686e-01	2.244106e-01	4.056318e-01	8.019469e-01	-4.971317e-01
9.834739e-01	6.077040e-01	9.504911e-01	8.457679e-02	3.783491e-01	7.961103e-01	6.675586e-01	7.131178e-03	1.227396e+00	2.521201e-01	8.009263e-01	1.653203e+00	3.763971e-01	6.413639e-01	6.313605e-01	2.567597e-02	6.436982e-01	3.772419e-01	9.705901e-01	5.372885e-01	3.932015e-01	6.027192e-01	2.176662e-01	5.115357e-01	4.095629e-01	1.122085e+00	2.091191e-01	9.805610e-01	-1.350904e-01	8.244833e-01	1.583328e-01	4.340089e-01	6.811818e-01	6.607787e-01	1.594627e-01	6.579339e-01	2.961230e-01	1.136416e+00	5.536633e-01	8.366893e-01
3.791784e-01	1.996885e-01	5.611763e-01	6.117055e-01	7.419260e-01	9.652435e-01	4.819139e-01	6.126535e-01	4.572257e-01	6.467623e-01	-1.868268e-01	4.374863e-01	5.589294e-01	1.793996e-01	7.448244e-01	9.714809e-01	5.639612e-01	4.492409e-02	7.309748e-01	7.720987e-01	6.574256e-01	8.677873e-01	1.082467e+00	6.933931e-01	4.377174e-01	1.086556e+00	6.829404e-01	1.454587e-01	3.872829e-01	6.931159e-01	5.764208e-01	2.791406e-01	-3.175886e-02	2.803763e-01	2.454504e-01	9.497250e-02	1.107222e+00	9.603830e-01	3.239873e-01	5.983377e-01
-4.874085e-02	1.156684e+00	5.998510e-01	-2.764010e-03	4.592105e-01	8.254126e-01	1.025352e-01	8.495089e-01	7.088811e-01	9.676909e-01	4.297519e-02	2.736075e-01	5.785776e-01	8.162215e-02	4.334833e-01	1.512638e-01	8.549814e-01	1.697688e-01	4.286753e-01	3.524037e-01	8.022014e-01	5.768102e-01	8.984039e-02	6.798874e-01	3.407313e-01	8.905923e-01	5.971764e-01	5.308764e-01	2.851545e-01	5.036053e-01	1.578907e-01	8.750900e-01	4.341453e-01	5.786438e-01	5.826205e-01	2.588792e-01	8.526685e-01	2.240985e-01	9.115965e-01	7.493737e-01
7.628453e-01	6.829611e-01	9.590879e-01	8.019665e-01	5.637907e-01	4.881661e-01	4.530529e-01	7.522400e-01	1.013644e+00	6.573063e-01	1.161255e+00	8.784384e-01	6.196136e-01	4.642384e-01	6.265500e-01	4.413595e-01	1.422246e-01	3.591472e-01	5.569948e-02	5.198634e-01	4.003897e-01	7.623864e-01	6.979678e-01	4.897019e-01	2.269849e-01	6.034433e-01	6.423728e-01	8.131537e-01	1.054068e+00	2.093112e-01	4.872263e-01	6.465615e-01	3.761352e-01	1.357029e-01	9.667650e-01	-3.657092e-02	5.738803e-01	5.128608e-01	8.090015e-01	8.051571e-01
7.747256e-01	3.866490e-01	1.622615e+00	-2.059354e-02	6.293794e-01	3.501378e-01	1.233696e+00	5.071329e-01	9.423835e-01	1.262874e+00	1.022803e+00	7.086371e-01	1.389427e+00	1.983210e-01	3.455439e-01	1.460939e-01	4.944377e-01	5.268650e-01	1.309311e+00	5.802132e-01	-6.344532e-02	2.635642e-01	5.908277e-01	9.924542e-01	3.160412e-01	5.783599e-01	4.732042e-01	1.297403e+00	1.075127e-01	1.161546e+00	9.298819e-01	5.074627e-01	1.082578e+00	8.681517e-01	1.639570e-01	7.100647e-01	2.326953e-01	3.447704e-01	3.065714e-01	1.016887e+00
4.064598e-01	1.396869e+00	1.094007e+00	6.180175e-01	2.893078e-01	9.194400e-01	4.764754e-01	6.441483e-01	-5.511010e-01	6.921143e-02	7.013391e-01	5.497912e-01	1.129995e+00	6.892167e-01	-8.709268e-02	1.227355e+00	3.424382e-01	6.266420e-01	5.752860e-01	1.808216e+00	4.791627e-01	9.628875e-01	9.273747e-01	1.397317e-01	6.377794e-01	7.540932e-01	1.392855e+00	6.779754e-01	6.512375e-01	3.303100e-01	3.899601e-01	9.413399e-01	7.777082e-01	1.991287e-01	6.130425e-01	1.012442e+00	7.924317e-01	1.266073e+00	1.046817e-01	4.859541e-01
5.699147e-01	5.545127e-01	6.130705e-01	8.320397e-01	6.442117e-01	5.620587e-01	3.653179e-01	4.448101e-01	8.723328e-01	7.649618e-01	1.011526e+00	8.399383e-01	6.496451e-01	3.974258e-01	6.231676e-01	3.474523e-01	2.000388e-01	2.231576e-01	-1.677672e-01	5.104438e-01	4.239885e-01	9.064710e-01	7.929127e-01	3.686715e-01	8.234956e-02	7.047144e-01	5.870487e-01	7.778485e-01	8.607531e-01	1.915761e-01	5.054396e-01	7.040713e-01	3.967226e-01	1.558857e-01	1.028014e+00	-2.448404e-02	8.600198e-01	3.945966e-01	6.049351e-01	9.138217e-01
5.684173e-01	1.495289e+00	5.300972e-01	8.960185e-01	1.157965e+00	7.246641e-01	1.004460e+00	1.124905e+00	5.305457e-01	-1.270016e-01	1.147175e-01	4.385677e-01	-3.490098e-01	2.157763e-01	-4.573213e-01	-4.125358e-01	1.356044e+00	1.348173e-02	1.076114e+00	9.729305e-01	-1.952439e-01	5.859732e-01	1.275225e+00	1.008239e+00	1.225998e-01	1.119788e+00	3.224829e-01	7.655891e-01	6.775068e-01	9.007622e-01	7.007773e-01	4.381591e-01	8.066224e-01	1.313200e+00	1.258105e+00	1.062816e+00	3.500012e-02	-2.726203e-01	3.761435e-01	-2.879143e-01
4.773298e-01	4.555776e-01	8.448157e-01	5.501664e-01	6.164759e-01	2.239224e-01	7.346739e-01	8.092676e-01	5.983142e-01	1.395097e-01	4.357004e-01	7.277738e-01	1.071615e+00	2.977538e-01	7.336443e-01	4.211090e-01	6.685563e-01	3.938027e-01	3.699272e-01	6.842262e-01	3.731226e-01	6.400315e-01	1.471852e-01	5.911020e-01	5.898980e-01	2.508022e-01	5.165859e-01	6.944856e-01	5.555289e-01	6.916829e-01	3.860637e-01	6.175808e-01	4.110106e-01	6.565388e-01	1.105152e+00	3.121317e-01	3.366116e-01	6.042150e-01	6.294099e-01	8.422443e-01
8.944357e-01	5.138591e-01	4.515527e-01	8.010030e-01	5.069615e-01	6.963288e-01	2.235705e-01	6.746821e-01	9.111890e-02	4.724339e-01	3.350415e-01	7.765597e-01	7.069119e-01	3.980410e-01	1.554055e-01	4.902495e-01	-1.489198e-01	5.698409e-01	5.806741e-01	8.240619e-01	6.110630e-01	7.676036e-01	5.946585e-01	7.899873e-01	4.241231e-01	3.525733e-01	1.048612e+00	6.560267e-01	4.320886e-01	4.425260e-01	5.093650e-01	8.758669e-01	7.212153e-01	1.719264e-01	7.220610e-01	9.138882e-01	1.675329e-01	6.899303e-01	6.662951e-01	5.857625e-01
9.583281e-01	7.541037e-02	6.129722e-01	4.043303e-01	7.566809e-01	7.735133e-01	5.518761e-01	5.893066e-01	4.626617e-01	6.091990e-01	5.281422e-01	5.442440e-01	2.341443e-01	4.386711e-01	5.223451e-02	2.551458e-01	6.192721e-01	7.500737e-01	7.836295e-01	7.085132e-01	3.918754e-01	9.933127e-01	8.830133e-01	4.523976e-01	7.723594e-01	8.718051e-02	4.612018e-01	4.411156e-01	2.041404e-01	7.785351e-01	-1.187379e-01	6.701086e-01	4.389527e-01	1.825195e-01	7.576836e-01	9.662762e-01	4.115677e-01	7.473658e-01	4.542432e-01	7.295609e-01
1.188555e+00	4.187803e-01	1.295246e+00	7.856967e-01	-1.030181e-01	7.001129e-01	1.215178e+00	-4.841682e-01	5.199429e-01	6.211244e-01	9.962663e-01	8.417055e-01	6.252111e-01	7.376528e-02	6.056624e-01	6.300180e-01	4.143840e-01	4.830208e-01	8.929377e-01	1.007896e+00	1.579051e-01	1.435713e+00	3.273464e-01	7.896184e-01	5.262724e-01	7.108274e-01	7.735551e-01	5.456822e-01	3.644565e-01	1.021849e+00	2.985173e-01	5.094337e-01	8.637009e-01	-3.469493e-01	5.572360e-01	-1.354174e-01	2.363668e-01	4.899020e-01	1.251604e+00	8.938041e-01
5.302504e-01	5.513447e-01	1.408318e+00	6.983002e-02	-1.949621e-01	6.639821e-01	6.707694e-01	4.250729e-01	6.309818e-01	5.458857e-01	2.935826e-01	3.377677e-03	5.622280e-01	6.134804e-01	2.157247e-01	4.249359e-01	9.272790e-01	7.386929e-01	3.441500e-01	1.505832e+00	-7.849548e-02	9.284875e-01	-3.859984e-01	1.137306e+00	8.193257e-01	6.952791e-01	5.981851e-01	1.025530e+00	6.130222e-01	1.235476e+00	-1.430209e-01	1.149211e+00	9.253687e-01	7.770531e-01	6.793905e-01	3.640968e-01	8.831008e-01	4.991473e-01	2.046412e-01	2.443165e-01
7.541873e-01	7.414641e-01	1.111790e+00	6.252215e-02	2.858114e-01	4.053703e-01	9.598877e-01	1.591225e-01	8.894555e-01	3.949509e-01	4.050834e-01	1.366312e+00	4.399243e-02	5.652686e-01	3.120466e-01	2.014609e-01	6.554228e-01	9.360676e-02	5.399254e-01	8.232855e-01	5.679488e-01	4.548137e-01	5.118471e-01	7.215493e-01	7.250153e-01	7.378961e-01	3.751115e-01	9.744486e-01	2.831392e-01	5.075352e-01	2.941912e-01	5.733323e-01	5.623687e-01	2.797711e-01	7.016010e-01	4.861140e-01	4.196452e-01	9.862102e-01	7.428839e-01	1.255887e+00
8.160505e-02	9.825130e-01	-1.102528e-01	7.220395e-01	4.455092e-01	1.414627e+00	3.355760e-02	1.487451e+00	1.154914e+00	5.888249e-01	4.794128e-01	9.590482e-01	6.110022e-01	6.724226e-01	-9.189483e-02	2.365561e-01	-3.793495e-01	1.297831e+00	7.846254e-01	8.590549e-01	3.124718e-01	4.343849e-01	1.105719e+00	4.418177e-01	9.029666e-01	5.984747e-01	8.151119e-01	1.434757e-01	-7.518116e-03	9.149517e-01	1.451594e+00	4.788890e-01	-1.019611e-01	4.061556e-01	4.472251e-01	4.713840e-01	7.117601e-01	9.459138e-01	8.163367e-01	-1.025050e-01
-1.037838e-01	7.235980e-01	2.962245e-01	-3.464857e-01	6.533889e-01	7.854282e-01	-4.608058e-01	2.343793e-01	6.527674e-01	-1.042482e-02	7.231586e-01	1.884495e-01	1.243110e+00	8.639542e-01	8.097344e-01	8.227048e-01	-1.309216e-01	5.167451e-01	1.548718e-01	-1.516033e-01	7.156532e-01	1.489118e+00	4.251269e-01	1.392340e-01	4.854729e-01	9.003226e-01	1.028411e+00	9.867401e-01	9.582369e-01	1.163969e-01	2.181224e-01	8.528488e-01	5.131987e-01	6.573408e-01	1.878732e-01	5.602693e-01	7.125775e-01	1.021223e+00	4.945436e-01	2.956115e-01
1.212837e-01	6.069104e-01	3.382294e-01	3.449661e-01	3.369076e-01	6.866394e-01	7.990859e-01	4.542678e-01	6.966686e-01	4.044368e-01	2.345055e-01	6.181667e-01	7.799064e-01	1.411893e+00	9.012677e-01	3.765802e-01	5.360202e-01	9.135813e-01	5.947602e-01	6.984789e-01	5.701990e-01	8.256636e-01	5.371350e-01	6.725701e-01	4.752940e-01	1.545699e-01	4.796673e-01	4.072259e-01	4.132675e-01	8.530345e-01	1.022295e+00	5.083662e-01	3.011238e-01	2.773429e-01	7.832373e-01	4.871619e-01	6.530340e-01	7.406375e-01	3.197302e-01	6.369655e-01
1.162083e+00	2.959589e-01	1.991665e-01	8.959003e-01	3.557245e-01	3.800832e-01	1.250082e+00	6.076056e-01	2.453929e-01	1.529990e+00	4.991465e-01	7.362003e-01	1.231726e+00	4.082114e-01	3.506166e-01	1.860426e-01	3.298672e-01	4.625698e-01	1.176608e+00	7.298316e-01	4.663385e-01	5.479630e-01	5.567188e-01	1.233431e+00	1.789832e-03	7.191556e-01	1.299066e-01	4.043051e-01	7.396485e-01	1.280389e+00	1.206892e+00	7.343981e-01	7.970191e-01	1.225749e+00	2.142536e-01	-7.976198e-02	1.080796e-01	5.389642e-01	5.998071e-01	4.067869e-01
6.653263e-01	4.947849e-01	6.379497e-01	4.938121e-01	5.653922e-01	6.641878e-01	3.524884e-01	4.981584e-01	5.978130e-01	5.472750e-01	4.572744e-01	7.189028e-01	5.511873e-01	4.582619e-01	4.224088e-01	4.882066e-01	5.243610e-01	4.275905e-01	6.089493e-01	5.811639e-01	4.254691e-01	9.334937e-01	4.419030e-01	6.898902e-01	4.496689e-01	4.401644e-01	7.864344e-01	6.940332e-01	2.505443e-01	6.206525e-01	4.372926e-01	8.856579e-01	6.321462e-01	6.557735e-02	6.372892e-01	1.108767e+00	3.148858e-01	8.626831e-01	7.636755e-01	6.296027e-01
4.637854e-01	1.758367e-01	8.240592e-01	3.170289e-01	8.688813e-01	9.876944e-01	4.586961e-01	8.166621e-01	4.026444e-01	4.762421e-01	3.268395e-01	6.597602e-01	5.794764e-01	6.697092e-01	8.699874e-01	7.241733e-01	4.220749e-01	4.074448e-01	5.800420e-01	2.977253e-01	8.354982e-01	8.168209e-01	5.907699e-01	4.800727e-01	5.097261e-01	5.984535e-01	8.133213e-01	5.532609e-01	7.280969e-01	6.405128e-01	2.270183e-01	5.196707e-01	2.392875e-01	5.377449e-01	3.945437e-01	7.059130e-01	8.351702e-01	7.659506e-01	4.729824e-01	7.073056e-01
5.131818e-01	5.546872e-01	8.193827e-01	8.444915e-01	5.496386e-01	1.209085e+00	4.554281e-01	4.533725e-01	7.571317e-01	1.062583e+00	-5.636327e-02	6.522504e-01	8.058685e-01	3.626770e-01	6.129022e-01	4.645748e-01	4.679868e-01	-1.180758e-01	5.444563e-01	8.325110e-01	9.844036e-01	5.246973e-01	5.387087e-01	1.274809e+00	2.944701e-01	1.013182e+00	6.070031e-01	2.813048e-01	7.115228e-01	9.176100e-01	3.957097e-01	2.781596e-01	4.923130e-01	5.415238e-01	4.652115e-01	6.338404e-01	1.077034e+00	9.771170e-01	2.545558e-01	4.506624e-01
3.727803e-01	5.053147e-01	7.248582e-01	4.497634e-01	8.329161e-01	3.053923e-01	7.449248e-01	7.140098e-01	6.142843e-01	-4.246496e-02	3.938939e-01	5.535699e-01	9.032924e-01	2.349172e-01	4.575129e-01	6.733760e-01	4.953966e-01	7.100014e-01	3.323454e-01	6.333836e-01	2.450320e-01	7.946180e-01	9.528219e-02	6.917228e-01	4.958057e-01	1.313854e-01	5.235546e-01	7.719440e-01	3.676042e-01	8.343336e-01	2.146990e-01	4.705702e-01	3.902172e-01	6.459053e-01	1.069400e+00	4.205306e-01	3.885576e-01	2.473483e-01	6.244343e-01	9.237472e-01
8.374013e-01	6.440641e-01	4.068484e-01	6.266733e-01	5.301510e-01	6.888622e-01	1.315982e-01	6.421147e-01	3.171855e-01	5.458773e-01	4.597520e-01	7.367340e-01	6.335981e-01	4.531601e-01	1.911756e-01	6.985017e-01	3.640568e-02	5.876540e-01	5.271301e-01	7.059024e-01	6.190025e-01	8.349008e-01	7.072725e-01	7.423209e-01	5.636228e-01	3.051539e-01	8.203028e-01	6.199025e-01	1.089736e-01	4.605793e-01	2.614231e-01	6.543135e-01	8.759823e-01	5.200188e-02	5.830722e-01	1.055623e+00	4.217058e-01	9.375683e-01	4.738173e-01	5.012098e-01
7.049512e-01	-7.519366e-02	1.401027e+00	5.170554e-01	8.064387e-01	6.489272e-01	1.450703e+00	4.187235e-01	6.668331e-01	1.988255e-01	-4.018298e-01	6.619423e-01	8.134218e-01	1.739665e-02	2.570328e-01	5.355215e-01	1.011831e+00	5.384740e-01	1.940050e+00	-8.995048e-02	4.618706e-01	2.489255e-01	1.246644e+00	1.049758e+00	-1.288484e+00	8.871905e-01	2.019194e-01	3.532762e-01	3.421923e-01	6.590705e-02	7.950143e-01	2.012599e-01	1.731895e+00	1.124790e+00	4.577469e-01	1.689748e-01	-1.872291e-01	3.063517e-01	7.551601e-01	2.265562e-01
4.365006e-01	5.566961e-01	8.825089e-01	1.308507e-01	3.474170e-01	9.869500e-01	4.269869e-01	5.163696e-01	2.931584e-01	4.490565e-01	-1.110353e-02	1.189665e-01	7.026754e-01	3.327073e-01	9.656044e-01	8.321786e-01	1.219979e+00	3.873595e-01	1.718885e-01	4.977546e-01	7.715687e-01	9.645979e-01	5.955509e-01	8.909494e-01	3.139088e-01	5.357315e-01	5.377297e-01	6.263166e-01	2.590067e-01	4.150142e-01	4.721856e-01	7.865959e-01	8.932061e-01	3.534199e-01	4.542150e-01	2.715467e-01	7.349546e-01	5.097810e-01	6.328868e-01	1.083992e-01
7.858520e-01	4.654419e-01	8.014469e-01	1.108927e+00	-3.142269e-02	7.970954e-01	5.796102e-01	3.284305e-01	2.121065e-01	7.678689e-01	3.248547e-01	3.386065e-01	2.703106e-01	1.019714e+00	6.641455e-01	3.186132e-01	2.884919e-01	5.553108e-01	1.032527e+00	3.951917e-01	5.524012e-01	8.385594e-01	8.019007e-01	1.277969e+00	6.356283e-01	1.966918e-01	4.970948e-01	6.633836e-01	7.487902e-01	-3.335745e-03	1.076819e+00	3.037862e-01	5.078316e-01	5.221754e-01	4.261017e-01	1.073287e+00	3.741450e-02	8.121390e-01	7.100481e-01	3.449864e-02
1.054099e+00	4.139420e-01	2.409331e-01	9.208337e-01	4.817464e-01	5.140629e-01	5.182362e-01	8.791235e-01	6.160288e-01	1.005304e+00	4.383322e-01	7.575569e-01	2.918442e-01	8.450424e-01	5.019454e-01	7.461354e-01	7.969811e-01	8.044268e-01	5.501205e-01	4.668062e-01	3.007709e-01	1.225198e+00	4.309282e-01	3.997911e-01	5.517665e-01	1.167543e-01	4.026246e-01	4.225754e-01	8.986851e-01	6.914942e-01	9.310304e-01	6.456929e-01	5.637012e-01	6.030524e-01	8.798716e-01	4.769515e-01	3.625665e-01	8.176249e-01	2.135838e-01	-1.268219e-01
4.826090e-01	5.717100e-01	6.739691e-01	5.522606e-01	4.651404e-01	8.555954e-01	-4.544006e-01	2.986271e-01	5.361726e-01	2.178066e-01	5.229114e-01	2.503559e-01	6.458210e-02	8.105016e-01	9.816028e-02	5.646488e-01	4.516662e-01	5.164212e-01	1.004300e+00	1.398347e+00	8.004759e-01	5.839216e-01	4.363499e-01	8.185058e-01	4.111144e-01	8.429076e-01	9.481821e-01	1.407104e+00	8.091942e-01	2.215055e-01	9.747520e-01	7.537596e-01	6.366851e-01	2.840180e-01	1.019469e+00	1.374245e+00	1.502762e-01	9.544579e-02	1.967141e-01	7.999520e-01
9.608994e-01	3.778037e-01	1.295240e+00	-1.533220e-01	3.460191e-01	4.761006e-01	8.713829e-01	1.215946e-02	7.286981e-01	4.615609e-01	6.450376e-01	1.153723e+00	6.621418e-02	4.555190e-01	4.507377e-01	2.681421e-01	5.527375e-01	1.305993e-01	7.109659e-01	4.317336e-01	1.551291e-01	7.354717e-01	5.932304e-01	5.914203e-01	5.670175e-01	7.617595e-01	2.322235e-01	8.685354e-01	1.721615e-01	5.011496e-01	3.769656e-01	6.386709e-01	6.603944e-01	3.281881e-01	4.912277e-01	6.243963e-01	5.150564e-01	1.145348e+00	5.794802e-01	1.051724e+00
7.448683e-01	7.118020e-01	7.161446e-01	7.721103e-02	2.019044e-01	7.869583e-01	2.367138e-01	4.537181e-01	3.009723e-01	3.717721e-01	9.585139e-03	2.593350e-03	5.440721e-01	6.434627e-02	1.049649e+00	5.286008e-01	9.903631e-01	5.269580e-01	2.167786e-01	3.590763e-01	5.171035e-01	8.299241e-01	6.785897e-01	1.022638e+00	3.047325e-01	5.194494e-01	7.160021e-01	5.367090e-01	2.543416e-01	4.765796e-01	4.639302e-01	8.364438e-01	7.145170e-01	6.649524e-01	5.785057e-01	7.618906e-02	6.339922e-01	5.411470e-01	8.615037e-01	3.181662e-01
1.303841e-01	7.873870e-01	2.815744e-01	2.765075e-02	5.250661e-01	8.707280e-01	5.514056e-01	4.011105e-01	2.450135e-01	6.023620e-01	3.676221e-01	-2.271681e-01	1.040324e+00	1.609561e+00	6.641163e-01	8.082125e-01	5.153868e-01	9.593725e-01	6.710033e-01	9.678138e-01	5.749039e-01	2.269110e-01	1.008839e+00	2.025561e-01	4.086727e-01	8.991187e-01	5.473492e-01	4.285168e-01	6.006228e-01	1.002341e+00	1.057967e+00	-9.787561e-02	3.823532e-01	2.728799e-01	8.659101e-01	5.583575e-01	8.512380e-01	3.678559e-01	5.012392e-01	9.160763e-01
8.208560e-01	6.078099e-01	8.464814e-01	7.541061e-01	2.776169e-01	4.809514e-01	6.297254e-01	5.197922e-01	2.045101e-01	6.616296e-01	4.367121e-01	4.324545e-01	5.139018e-01	8.112844e-01	6.337072e-01	3.544444e-01	3.550782e-01	3.972979e-01	7.693798e-01	4.546800e-01	6.867934e-01	9.341123e-01	7.238654e-01	8.270999e-01	8.171230e-01	3.953384e-01	5.926026e-01	3.274826e-01	6.708773e-01	1.228512e-01	1.004901e+00	3.827484e-01	4.912664e-01	4.434488e-01	5.067063e-01	1.103965e+00	2.225087e-01	6.186419e-01	7.705425e-01	1.650223e-01
3.363384e-01	5.973947e-01	8.324474e-01	-1.252499e-01	7.488936e-01	5.586397e-01	4.190160e-01	1.099255e+00	2.923885e-01	2.832960e-01	-7.117183e-01	1.179571e+00	4.275025e-01	-5.246643e-02	7.605362e-01	5.835775e-01	1.130004e+00	2.876599e-01	5.350836e-01	6.028143e-02	6.438636e-01	2.355455e-01	1.062040e+00	9.546321e-01	3.241954e-01	8.113125e-01	7.930074e-01	2.814986e-01	2.607026e-01	3.757858e-01	2.026581e-02	7.231567e-01	6.511310e-01	-3.295185e-01	5.537738e-01	3.482986e-01	1.512460e+00	8.481755e-01	9.788556e-01	9.390009e-01
6.047942e-01	7.508274e-01	5.954109e-01	4.880026e-01	6.324891e-01	7.428289e-01	6.038343e-01	8.812717e-01	2.371905e-01	3.833569e-01	5.023978e-01	7.624497e-01	4.778242e-01	5.666054e-01	8.386345e-01	1.021354e+00	1.208173e-02	1.790805e-02	4.023370e-01	4.260490e-01	6.062602e-01	6.267757e-01	6.947283e-01	6.142992e-01	4.895927e-01	4.162430e-01	6.378913e-01	4.507474e-01	3.855499e-01	6.356597e-01	2.511041e-01	8.595306e-01	4.203310e-01	4.727656e-01	3.539167e-01	6.079030e-01	1.026190e+00	1.068556e+00	8.369036e-01	3.138773e-01
3.465522e-01	5.587767e-01	3.270584e-01	7.463533e-01	7.099883e-01	3.729512e-01	1.033060e-01	1.158930e+00	2.637877e-01	2.718104e-01	3.247392e-02	7.268169e-01	1.078862e+00	2.199805e-01	8.629411e-01	1.005222e+00	-4.073183e-01	4.760446e-01	3.998482e-01	4.314472e-01	6.552099e-01	3.877886e-01	7.445764e-01	6.625865e-01	4.269229e-01	9.506132e-01	1.076764e+00	8.486001e-01	1.015664e+00	3.166025e-01	-4.844809e-02	7.275364e-01	5.394067e-01	2.971230e-01	5.386455e-01	1.838186e-01	9.745695e-01	9.590392e-01	6.321278e-01	2.433703e-01
8.299259e-01	1.231451e+00	6.194876e-01	7.785579e-01	8.676704e-01	2.147255e-01	6.938941e-01	6.563751e-01	8.530889e-01	7.188241e-01	6.634524e-01	6.786421e-01	1.107896e-01	4.250595e-01	-4.119471e-01	8.550787e-01	1.038271e-01	2.219168e-01	2.361840e-01	3.090538e-01	7.631799e-01	3.314516e-01	9.674804e-01	9.520884e-01	6.668571e-01	1.113306e+00	3.843860e-01	5.448004e-01	3.018958e-01	8.226172e-01	1.856992e-01	7.271121e-01	9.026682e-01	9.452356e-01	8.465450e-01	9.464078e-01	6.301926e-01	6.310971e-01	2.810260e-01	5.280564e-01
6.776296e-01	6.031539e-01	1.574185e-01	8.954376e-01	2.285681e-01	6.369894e-01	8.388553e-01	1.251840e+00	1.177824e-01	6.454606e-01	-2.037852e-01	9.349653e-01	7.644391e-01	4.751151e-01	1.007619e+00	9.533287e-01	2.897134e-01	6.405209e-01	-2.207600e-01	2.533153e-01	1.287168e+00	6.343873e-01	6.902456e-01	1.899200e-01	2.620646e-01	8.726659e-01	5.151228e-01	2.649473e-01	4.847274e-01	5.566134e-01	-5.138814e-02	5.209167e-01	5.143255e-01	4.200407e-01	3.735909e-01	4.518875e-01	1.020257e+00	6.303169e-01	5.944309e-01	-2.149378e-01
1.241135e+00	9.798915e-01	1.023740e+00	-2.963150e-01	4.361769e-01	5.351089e-01	7.219495e-01	1.460935e-01	8.937273e-01	6.295388e-01	6.571775e-01	1.312667e+00	3.774290e-01	5.260035e-01	2.634586e-01	1.680618e-02	2.965965e-01	6.891700e-02	4.161911e-01	6.566592e-01	3.120082e-01	5.922183e-01	4.460293e-01	7.900589e-01	3.876557e-01	1.348287e+00	2.369413e-01	1.100743e+00	5.883692e-02	4.074262e-01	7.480648e-01	7.440248e-01	6.704799e-01	5.506809e-01	2.936625e-01	6.863280e-01	7.909043e-01	1.123813e+00	5.014278e-01	8.394701e-01
4.402364e-01	3.759736e-01	3.305555e-01	2.495514e-01	8.461747e-01	1.080948e+00	6.344793e-01	5.305121e-01	2.986958e-01	5.870226e-01	9.120279e-02	5.347136e-01	6.658813e-01	2.221417e-01	7.372404e-01	7.282130e-01	3.405644e-01	4.057937e-01	6.862284e-01	1.763658e-01	7.869172e-01	8.615472e-01	8.256270e-01	8.765070e-01	4.166107e-01	8.143840e-01	4.965003e-01	6.087857e-01	6.161025e-01	6.465673e-01	4.037505e-01	6.877502e-01	8.884499e-02	7.050473e-01	8.107042e-01	8.186793e-01	6.960352e-01	1.160905e+00	4.842737e-01	8.408815e-01
7.720053e-01	4.899234e-01	9.380133e-01	3.799687e-01	6.604860e-01	4.502015e-01	1.060371e+00	4.819496e-01	3.084006e-01	1.501610e+00	7.686777e-01	7.019894e-01	9.882582e-01	-1.594965e-04	4.146207e-01	4.220018e-01	4.793679e-01	5.294671e-01	1.097918e+00	7.224672e-01	-7.076460e-03	1.562394e-01	5.624824e-01	6.977225e-01	2.592440e-01	6.473675e-01	4.960656e-01	5.619446e-01	3.916198e-01	1.099352e+00	9.279530e-01	5.329888e-01	8.116019e-01	7.506424e-01	1.206195e-01	4.935378e-01	3.179874e-01	5.982799e-01	5.794063e-01	8.728407e-01
2.541733e-01	4.639463e-01	5.071536e-01	4.147119e-01	5.152395e-01	4.652567e-01	8.705711e-01	2.065095e-01	6.071759e-01	2.039889e-01	1.924385e-01	2.482232e-01	7.889524e-01	1.021838e+00	1.071650e+00	2.120576e-01	6.829675e-01	9.368343e-01	6.137397e-01	9.172298e-01	3.117306e-01	6.146534e-01	5.735871e-01	9.874478e-01	6.636268e-01	5.350359e-01	7.595734e-01	2.847962e-01	5.651908e-01	8.051728e-01	9.169261e-01	5.644476e-01	2.588044e-01	2.595626e-01	8.191926e-01	6.082719e-01	6.981653e-01	6.850106e-01	4.104741e-01	8.843999e-01
7.215233e-01	6.604473e-01	7.987507e-01	4.503801e-01	9.323310e-01	4.773351e-01	1.145479e+00	5.849375e-01	5.976626e-01	9.845558e-01	5.616066e-01	2.526639e-01	-1.905052e-01	9.181409e-01	7.152524e-02	6.691568e-01	7.562437e-01	4.739645e-03	8.445931e-01	4.386878e-01	3.287068e-01	5.844189e-01	9.129116e-01	8.941915e-01	7.993073e-01	7.605975e-01	8.577624e-01	7.703144e-01	2.978131e-01	4.494678e-01	1.893793e-02	1.113693e+00	2.412044e-01	2.018698e-01	8.151483e-01	8.059301e-01	-1.255691e-01	7.096804e-01	1.349592e+00	9.066554e-01
3.239202e-01	4.362853e-01	4.051213e-01	3.676144e-01	5.687745e-01	6.747158e-01	6.083397e-01	9.408374e-01	2.205013e-01	6.512141e-01	3.136296e-01	8.420619e-01	6.932733e-02	7.127987e-01	5.147111e-01	8.817876e-01	3.120337e-01	1.694779e-01	5.092449e-01	4.109569e-01	2.750136e-01	5.326593e-01	7.892421e-01	5.295419e-01	3.267622e-01	4.690417e-01	6.938509e-01	3.392115e-01	6.302394e-01	7.438232e-01	1.744387e-01	8.967948e-01	2.620095e-01	3.452420e-01	1.838367e-01	5.236149e-01	9.383273e-01	8.233225e-01	7.321761e-01	2.876480e-01
7.411557e-01	5.480358e-01	1.184423e+00	2.426445e-01	7.519395e-01	6.138805e-01	1.035327e+00	4.302983e-01	4.191534e-01	1.463031e+00	1.115750e+00	8.710424e-01	1.389400e+00	-1.440750e-02	4.927810e-01	2.797741e-01	3.593331e-01	4.343483e-01	1.245362e+00	7.577233e-01	8.712247e-02	6.362993e-02	6.661305e-01	8.728563e-01	1.566871e-01	6.094322e-01	5.260061e-01	8.129745e-01	3.741883e-01	1.062643e+00	1.053026e+00	7.385997e-01	7.822184e-01	8.653707e-01	1.283753e-02	5.340997e-01	3.968599e-01	2.694882e-01	7.299395e-01	7.685311e-01
5.813713e-01	5.673444e-01	8.168848e-01	7.078347e-01	9.085491e-01	6.279189e-01	6.283613e-01	5.595991e-01	1.005623e+00	8.831662e-01	1.074042e+00	6.216951e-01	3.330587e-01	3.324497e-01	5.847715e-01	4.263593e-01	-9.345741e-04	2.679577e-01	-1.679440e-01	7.835020e-01	5.301580e-01	8.917527e-01	6.652121e-01	6.572210e-01	9.049295e-02	9.243830e-01	7.651915e-01	7.173769e-01	8.543070e-01	1.520461e-02	4.298772e-01	5.423917e-01	5.319318e-01	2.719973e-01	7.554255e-01	1.082650e-01	9.094681e-01	3.663024e-01	6.729723e-01	9.821550e-01
3.226489e-01	2.337761e-01	5.921795e-01	7.363619e-01	3.132814e-01	6.009125e-01	6.519888e-01	4.504210e-01	3.713505e-01	1.104843e+00	5.508931e-01	2.697996e-01	9.128952e-01	8.214798e-01	9.375107e-01	7.668902e-01	6.147166e-01	1.209044e+00	2.562921e-01	8.597989e-01	9.621222e-01	5.195512e-01	6.911448e-01	5.876031e-02	8.245419e-01	5.634757e-01	5.342722e-01	5.518998e-01	4.433865e-01	9.978614e-01	9.014177e-01	-3.231293e-02	4.891747e-01	2.711208e-01	1.244507e+00	4.598424e-01	8.845212e-01	3.448631e-01	5.827888e-01	5.906701e-01
8.776475e-01	9.084430e-01	5.073986e-01	9.527313e-01	4.188793e-01	1.321871e-01	5.991336e-01	6.304507e-01	1.600856e-01	9.291464e-01	2.854254e-01	1.027513e+00	9.721801e-04	8.902246e-01	-1.476316e-01	1.008044e+00	3.227635e-01	3.222125e-02	1.477415e-01	4.959074e-01	6.335579e-01	9.450195e-02	1.256114e+00	8.202609e-01	1.449533e-02	6.430534e-01	3.578566e-01	8.134636e-01	6.601973e-01	8.496179e-01	-8.444229e-02	4.219906e-01	4.731814e-01	2.805255e-01	1.298517e+00	8.296961e-01	2.906814e-01	6.491664e-01	2.235959e-01	6.773860e-01
6.614540e-01	3.441706e-02	1.862399e-01	1.022260e+00	2.501995e-01	5.764677e-01	4.855765e-01	8.203009e-01	5.479737e-01	9.901908e-01	4.820084e-01	8.058013e-01	3.072009e-01	4.960198e-01	6.132561e-01	9.061011e-01	5.895953e-01	7.441315e-01	5.791858e-01	5.310633e-01	5.390239e-01	1.202090e+00	3.995412e-01	3.753970e-01	4.148280e-01	2.960692e-01	8.199549e-01	3.812734e-01	8.418360e-01	9.307782e-01	8.931724e-01	4.479363e-01	5.187675e-01	4.305046e-01	9.538153e-01	5.257955e-01	8.387560e-02	7.760402e-01	1.467412e-01	1.650029e-01
2.449127e-01	9.402546e-02	6.333998e-01	2.166265e-01	9.246328e-01	9.263583e-01	4.808620e-01	8.462151e-01	5.878142e-01	6.354271e-01	1.085736e-01	6.152103e-01	5.798075e-01	2.628398e-01	7.863035e-01	5.627258e-01	5.236567e-01	4.269794e-01	6.409634e-01	2.306298e-01	4.961089e-01	6.615591e-01	6.068670e-01	5.666445e-01	3.539396e-01	7.746362e-01	8.485222e-01	2.307641e-01	2.728869e-01	6.707432e-01	1.863169e-01	6.451066e-01	2.672133e-01	5.951900e-01	4.402864e-01	6.792841e-01	9.751264e-01	6.009266e-01	6.602754e-01	7.780509e-01
3.218973e-01	7.524754e-01	6.386862e-01	1.557727e-02	2.280090e-01	7.837671e-01	8.735963e-01	5.850254e-02	4.031752e-01	3.001525e-01	2.154829e-01	8.408936e-01	6.769058e-01	8.684546e-01	8.705554e-01	5.512417e-01	6.170269e-01	9.539135e-01	1.093826e+00	1.132565e+00	5.875159e-01	1.457461e+00	6.322479e-01	8.121071e-01	1.115003e+00	4.915865e-01	1.150789e+00	2.482306e-01	2.465078e-01	7.545180e-01	1.235659e+00	7.816083e-01	2.570548e-01	4.814470e-01	5.526991e-01	2.670162e-01	7.553622e-01	6.876036e-01	4.456599e-01	2.503575e-01
5.186927e-01	5.378622e-01	1.516069e+00	3.249989e-01	5.446758e-01	4.117755e-01	1.223568e+00	4.379023e-01	8.175113e-01	1.331270e+00	8.904893e-01	7.114108e-01	1.185049e+00	2.603597e-01	3.999501e-01	2.117284e-01	7.820933e-01	2.821400e-01	1.229333e+00	3.638640e-01	2.022840e-01	2.324660e-01	4.657624e-01	8.602237e-01	4.407864e-01	4.552468e-01	4.552189e-01	1.016512e+00	3.070756e-01	9.967409e-01	6.797680e-01	5.629068e-01	1.178349e+00	9.150779e-01	1.984216e-01	6.068900e-01	1.110706e-01	4.767970e-01	4.288541e-01	9.170629e-01
8.470860e-01	6.290415e-01	8.899044e-01	3.323921e-01	6.922588e-01	5.342523e-01	9.695583e-01	6.294578e-01	7.052710e-01	9.511377e-01	5.011549e-01	2.462453e-01	2.385261e-01	1.053378e+00	4.936396e-01	5.340016e-01	6.566510e-01	2.743336e-01	5.522734e-01	4.323914e-01	2.248388e-01	6.127542e-01	7.146545e-01	7.710470e-01	6.051457e-01	6.960127e-01	8.451137e-01	9.188475e-01	2.359249e-01	3.091072e-01	5.439014e-01	1.010498e+00	4.654617e-01	2.440101e-01	6.646979e-01	1.025296e+00	1.833621e-01	9.206343e-01	1.026549e+00	8.977593e-01
1.093180e+00	3.388154e-01	2.201628e-01	9.281655e-01	3.718811e-01	4.340658e-01	3.954639e-01	7.935136e-01	6.320468e-01	1.077418e+00	3.249572e-01	7.628647e-01	1.636932e-01	7.730997e-01	5.016269e-01	9.026426e-01	7.942980e-01	6.887952e-01	5.086244e-01	2.846060e-01	2.597199e-01	1.075173e+00	4.287693e-01	4.444693e-01	4.849723e-01	1.813311e-01	4.182708e-01	4.548594e-01	9.046495e-01	7.537809e-01	9.079617e-01	6.270640e-01	5.654444e-01	4.840902e-01	8.194065e-01	4.280390e-01	3.755745e-01	8.111098e-01	2.306981e-01	1.096823e-01
1.756708e-01	7.380258e-01	6.938373e-01	5.138805e-01	4.002569e-02	4.276566e-01	5.278529e-01	4.654923e-01	3.790165e-01	1.022757e-01	4.924058e-01	7.452878e-01	8.281982e-01	4.999660e-01	1.061771e+00	7.546001e-01	5.607712e-01	2.985123e-01	8.743252e-01	1.077819e+00	7.185144e-01	8.151812e-01	8.077958e-01	3.494509e-01	1.301961e+00	2.858009e-01	7.493410e-01	-4.956574e-01	4.746882e-01	7.760882e-01	9.137051e-01	5.187341e-01	6.919957e-01	4.406879e-01	2.271543e-01	5.286615e-01	1.198289e+00	6.247553e-01	6.304955e-01	2.855667e-02
3.277387e-01	3.808552e-01	4.139498e-01	3.046717e-01	6.195867e-01	7.081080e-01	3.660255e-01	7.339271e-01	3.956445e-01	9.283475e-01	4.004876e-01	3.619989e-01	7.528183e-01	9.188060e-01	8.864425e-01	6.368451e-01	9.532327e-01	1.257979e+00	3.550829e-01	8.257662e-01	6.521996e-01	4.300390e-01	8.526964e-01	-1.344290e-01	5.737320e-01	8.925181e-01	6.564449e-01	3.343994e-01	3.190584e-01	9.644438e-01	1.090079e+00	-2.681938e-01	3.708725e-01	1.962694e-01	1.148502e+00	4.878152e-01	1.070634e+00	1.482982e-01	7.016723e-01	7.285359e-01
9.921843e-01	1.067718e+00	-2.032639e-03	2.457014e-01	7.186441e-01	-5.485984e-01	3.180280e-01	7.902384e-01	1.467173e+00	7.511679e-01	1.188321e+00	1.564481e-01	-2.986847e-01	1.651300e+00	-6.110359e-01	6.488114e-01	5.965518e-01	7.982714e-01	7.266481e-01	8.470938e-01	4.758344e-01	1.627743e+00	1.002041e+00	6.900475e-01	8.205401e-02	2.675503e-01	2.419838e-01	1.511274e+00	6.373051e-01	-1.932162e-01	4.347718e-01	1.215895e+00	4.630010e-01	3.458532e-01	1.591422e+00	1.336495e+00	2.674148e-01	5.628297e-01	6.497703e-01	2.576684e-01
4.620855e-01	7.148024e-01	8.822027e-01	2.386030e-01	7.450759e-01	4.367353e-01	6.088865e-01	9.679963e-01	7.067900e-01	6.884042e-01	-2.292462e-01	3.592678e-01	7.580709e-01	-1.713610e-01	8.600458e-01	8.055515e-01	1.101501e-01	1.388561e-01	7.363669e-01	1.426253e-01	4.962752e-01	7.589189e-01	5.043373e-01	2.797314e-01	6.291173e-01	4.203083e-01	7.309840e-01	7.378585e-01	5.493588e-01	5.011931e-01	4.839057e-01	9.863695e-01	3.908752e-01	3.058030e-01	6.688625e-01	3.132179e-01	6.675826e-01	6.376172e-01	1.003613e+00	6.116608e-01
-8.429098e-02	3.703955e-01	8.290752e-01	3.621574e-01	3.210179e-01	1.133763e+00	3.963793e-01	7.975879e-01	3.098809e-01	8.542922e-01	8.856111e-01	4.962858e-01	8.775401e-01	9.925261e-01	7.004098e-01	7.066904e-01	6.593399e-01	1.324188e+00	1.056639e+00	7.867471e-01	6.604693e-01	3.664049e-01	2.075954e-01	2.537688e-02	4.263304e-01	1.036066e+00	7.311339e-01	2.835199e-01	1.060926e-01	1.049995e+00	8.174157e-01	-2.088562e-01	6.023827e-01	-1.109434e-02	1.399915e+00	3.680582e-01	1.175144e+00	-4.880842e-03	3.035697e-01	9.555254e-01
3.117291e-01	7.537363e-01	8.742675e-02	3.943305e-01	1.024043e+00	7.894113e-01	7.820549e-01	3.838730e-01	6.403170e-01	1.099470e+00	3.115506e-01	-1.925551e-01	2.764859e-01	2.587307e-01	9.080665e-01	1.395394e+00	8.770863e-01	2.660918e-01	2.209093e-01	1.255050e+00	1.495384e+00	7.312261e-01	-5.602337e-01	1.699778e+00	5.525869e-01	-3.331612e-01	3.529773e-01	4.587280e-01	-9.376631e-02	8.838640e-01	9.351610e-01	4.036935e-01	3.825698e-01	3.613340e-01	1.108695e+00	1.188370e+00	1.018528e+00	8.466519e-01	1.006024e+00	7.082879e-01
6.566761e-01	9.593626e-01	1.144911e+00	-4.106354e-02	3.465794e-01	5.331354e-01	1.214858e+00	-3.545780e-02	4.464209e-01	5.152224e-01	5.134393e-01	1.224786e+00	-1.815231e-02	5.671381e-01	4.860127e-02	4.747041e-01	8.838135e-01	-3.454965e-01	5.079363e-01	1.140427e+00	2.404590e-01	7.858029e-01	3.590113e-01	3.954643e-01	8.844196e-01	1.070380e+00	4.926824e-01	1.371891e+00	4.228523e-01	6.476840e-01	6.319638e-01	5.897054e-01	6.101805e-01	4.538470e-01	6.707095e-01	6.570629e-01	9.298566e-01	1.058692e+00	6.965111e-01	1.393375e+00
7.331476e-01	1.511934e+00	8.101387e-01	2.547145e-01	3.320584e-01	7.872077e-02	9.258689e-01	1.809075e-01	-3.179619e-01	8.850957e-01	-3.164036e-01	1.148247e+00	7.047064e-01	6.482179e-01	6.984968e-01	1.273215e+00	3.005004e-01	4.598673e-01	6.704320e-01	1.210041e+00	1.011326e+00	-6.949610e-01	-3.466858e-01	4.154370e-01	2.498305e-01	6.824523e-01	-3.962544e-01	4.075864e-01	4.070159e-01	3.759790e-02	-2.686359e-03	5.659228e-01	7.398155e-01	4.875689e-01	3.918716e-01	5.437022e-01	6.730916e-01	7.733503e-01	8.898075e-01	8.285625e-02
4.795451e-01	5.114589e-01	7.435614e-01	5.700546e-01	5.598623e-01	2.620230e-01	8.084246e-01	7.114371e-01	6.712735e-01	6.426517e-02	3.605072e-01	6.889525e-01	1.023394e+00	3.575710e-01	7.373071e-01	2.933354e-01	6.630505e-01	2.165874e-01	4.089038e-01	6.473799e-01	3.275698e-01	6.329923e-01	1.735708e-01	6.391022e-01	6.621592e-01	2.170617e-01	4.200130e-01	7.256809e-01	5.921106e-01	6.408200e-01	4.585130e-01	6.174963e-01	3.341526e-01	6.922731e-01	1.025075e+00	3.099084e-01	3.168066e-01	5.789705e-01	6.179493e-01	9.201927e-01
6.009083e-01	4.895391e-01	7.039448e-01	5.014922e-01	4.874301e-01	9.705798e-01	6.198701e-01	7.976045e-01	6.197200e-01	3.785880e-01	5.090166e-01	7.698499e-01	7.435898e-01	1.259390e-01	7.439798e-01	8.824562e-01	1.870223e-01	1.497059e-01	2.290404e-01	5.285531e-01	1.219650e+00	4.629497e-01	4.140844e-01	3.028239e-01	5.082502e-01	4.441150e-01	6.477386e-01	7.177981e-01	1.190964e+00	9.397418e-01	8.618465e-02	9.878933e-01	-3.422857e-01	8.388601e-01	5.874467e-01	5.898391e-01	7.345018e-01	9.678006e-01	6.472790e-01	7.738461e-01
1.087906e+00	-6.919587e-02	8.799267e-01	1.503145e+00	4.207100e-01	-3.004738e-01	3.714941e-01	6.753212e-01	7.885768e-01	1.153753e+00	3.226897e-01	7.884242e-01	2.187954e-01	6.398569e-01	3.264890e-01	6.617280e-01	-4.632019e-01	7.164647e-01	2.122812e-01	3.617962e-01	3.980983e-01	1.645410e+00	8.785350e-01	6.100068e-01	-3.566645e-01	2.389783e-01	1.589847e-01	4.841814e-01	2.945255e-01	1.591742e+00	9.490116e-01	2.348196e-01	6.423601e-01	2.291779e-01	1.112744e+00	3.482143e-02	-8.796769e-01	2.993341e-01	3.491383e-01	4.977010e-01
1.486872e-01	4.164328e-01	4.538468e-01	3.717920e-01	-1.199114e-02	7.587400e-01	8.353134e-01	6.382663e-01	6.309248e-01	3.195443e-01	6.133519e-01	8.237420e-01	8.278245e-01	1.242793e+00	9.326090e-01	1.793319e-01	6.664988e-01	5.797333e-01	8.667938e-01	7.750942e-01	3.493266e-01	1.358720e+00	7.685238e-01	7.560816e-01	8.781774e-01	2.210249e-01	5.865972e-01	3.234814e-01	3.903928e-01	7.868326e-01	1.324836e+00	6.701239e-01	2.794786e-01	4.499814e-01	5.570372e-01	3.446930e-01	8.352304e-01	6.705104e-01	4.491238e-01	5.020150e-01
6.878879e-01	1.338691e+00	8.531790e-01	7.955621e-01	1.088162e+00	2.404725e-01	1.140051e+00	5.546481e-01	1.435167e+00	1.919190e+00	1.332887e+00	-3.895225e-01	-1.240803e-01	-3.535411e-01	1.127644e+00	5.562198e-01	6.338953e-01	3.067932e-02	-3.045118e-01	2.117324e+00	3.760411e-01	-1.497739e-01	1.159155e+00	6.680777e-01	1.701266e-01	3.754534e-01	4.620237e-01	1.241970e+00	6.787529e-01	-1.025124e-01	1.235777e+00	1.094672e+00	5.383415e-01	8.740389e-01	4.544337e-01	1.040428e+00	1.068212e+00	2.090925e-01	1.622474e+00	8.770729e-01
9.404677e-01	5.594448e-01	8.243001e-01	5.484121e-01	4.984218e-01	5.824984e-01	5.195910e-01	3.898482e-01	2.631830e-01	6.946148e-01	4.621215e-01	7.094968e-01	6.954645e-01	4.237505e-01	2.749868e-01	2.386277e-01	1.535617e-01	4.735996e-01	6.433716e-01	8.216275e-01	6.371462e-01	8.315689e-01	8.351156e-01	1.043866e+00	4.511337e-01	3.771890e-01	6.861161e-01	4.012468e-01	3.400839e-01	3.258533e-01	7.354427e-01	6.887872e-01	5.611061e-01	1.281609e-01	7.118487e-01	1.213084e+00	2.040912e-01	6.064895e-01	6.829389e-01	2.019505e-01
5.983195e-01	6.697658e-01	1.353026e+00	5.906575e-01	4.744160e-01	8.564300e-01	2.996496e-01	7.056687e-01	2.813442e-01	3.955394e-01	3.579236e-01	2.903194e-01	1.167578e+00	5.644083e-01	8.623317e-01	6.547243e-01	-1.647511e-01	-2.865239e-01	5.460813e-01	3.544190e-01	8.277046e-01	4.893004e-01	4.537253e-01	6.342624e-01	1.223392e+00	4.535960e-01	5.962308e-01	6.894808e-01	1.003454e+00	4.700349e-01	4.121757e-01	2.014921e-01	5.607892e-01	7.130981e-01	9.881578e-01	9.146841e-01	1.018362e+00	9.290891e-01	1.040325e+00	2.160397e-01
4.999976e-01	5.044735e-01	5.457501e-01	5.307701e-01	4.001524e-01	3.743381e-01	6.996446e-01	7.353581e-01	6.865254e-01	1.247478e-01	7.259609e-01	5.741731e-01	1.081791e+00	3.133303e-01	6.859314e-01	3.580374e-01	4.633012e-01	3.141826e-01	1.203295e-01	6.694201e-01	5.167848e-01	5.194625e-01	3.566084e-01	6.580185e-01	8.184771e-01	2.645832e-01	2.073654e-01	4.874088e-01	5.949721e-01	3.463318e-01	5.003783e-01	6.150588e-01	2.954959e-01	6.923545e-01	1.253161e+00	2.136934e-01	4.687842e-01	5.418263e-01	5.828392e-01	9.648081e-01
8.303488e-01	6.607701e-01	5.826479e-01	7.406948e-02	3.498035e-01	9.088957e-01	2.065873e-01	4.245164e-01	5.187388e-01	1.237272e-01	2.831023e-01	-1.578764e-01	2.592668e-01	2.817857e-01	8.085084e-01	6.398554e-01	1.035525e+00	2.300968e-01	2.074619e-02	6.044133e-01	5.939407e-01	8.555873e-01	3.807086e-01	8.998378e-01	3.655743e-01	5.843040e-01	6.657657e-01	5.603810e-01	3.673130e-01	4.617136e-01	5.482777e-01	7.841254e-01	7.567993e-01	4.789780e-01	9.063784e-01	4.701203e-01	5.951361e-01	5.604734e-01	9.387027e-01	2.816021e-01
7.416727e-01	5.997269e-01	4.754580e-01	6.087092e-01	4.110728e-01	4.877222e-01	3.025055e-01	4.870601e-01	5.189973e-01	6.334157e-01	6.118884e-01	5.296340e-01	7.528525e-01	5.605560e-01	4.661731e-01	4.121599e-01	3.202337e-01	6.712940e-01	6.105806e-01	6.877639e-01	7.279135e-01	1.138857e+00	7.176428e-01	8.642809e-01	6.870407e-01	3.899110e-01	9.173388e-01	5.129957e-01	-3.094568e-02	2.818205e-01	3.305209e-01	7.611340e-01	6.646867e-01	2.924044e-01	7.246333e-01	8.688638e-01	8.092935e-02	8.772934e-01	5.587112e-01	3.395489e-01
1.251359e+00	4.653495e-01	5.200022e-01	1.063189e+00	-6.613669e-03	3.051836e-01	1.435149e-01	5.524943e-01	4.657012e-01	7.885590e-01	1.831729e-01	5.179681e-01	3.561502e-01	5.464074e-01	1.051553e-01	1.031345e+00	8.577315e-01	5.437623e-01	-1.862625e-01	8.542693e-01	4.090231e-01	1.154339e+00	7.443844e-01	1.432758e+00	8.535551e-01	4.083769e-01	1.424399e-01	7.662760e-01	7.860337e-01	5.493458e-01	5.885011e-01	3.997231e-01	9.432617e-01	2.270756e-01	1.083878e+00	9.092491e-01	-1.221786e-01	6.896043e-01	9.974186e-01	1.500057e-01
4.539912e-01	6.311371e-01	4.488849e-01	2.648257e-01	4.206586e-01	9.178079e-01	2.845388e-01	6.789167e-01	8.430471e-02	2.461309e-01	3.650304e-01	7.371065e-01	7.260820e-01	5.883770e-01	5.168363e-01	7.686903e-01	1.549689e-01	2.812591e-01	3.300203e-01	2.178982e-01	4.332300e-01	5.431629e-01	6.005116e-01	8.411668e-01	6.413075e-01	7.373652e-01	7.255806e-01	5.154539e-01	4.663050e-01	5.659542e-01	5.206117e-01	5.579445e-01	6.271942e-01	7.199483e-01	3.494077e-01	5.379897e-01	8.739458e-01	7.196524e-01	5.533518e-01	3.745860e-01
1.607397e-01	4.321988e-01	6.942933e-01	3.472042e-01	1.020087e+00	6.553980e-01	6.480530e-01	4.770318e-01	-1.488213e-01	7.253653e-01	2.629175e-01	4.321080e-01	3.825484e-01	3.568041e-01	8.267177e-01	8.549124e-01	4.153761e-01	4.903034e-01	2.288500e-01	6.651195e-01	8.895321e-01	2.585498e-01	6.104070e-01	4.885089e-01	5.986429e-01	6.443017e-01	6.086707e-01	1.121009e-01	7.757166e-01	2.059459e-01	2.503458e-01	2.406437e-01	5.275286e-01	5.700816e-01	4.555352e-01	5.348127e-01	6.906115e-01	3.619142e-01	6.220247e-01	6.907269e-01
8.172820e-01	8.735027e-01	9.470559e-01	1.002683e+00	8.399400e-01	1.697425e-02	9.643162e-01	8.120605e-01	9.357081e-01	4.427112e-01	4.578549e-01	9.452074e-01	1.016610e+00	6.874305e-01	5.150968e-01	2.082432e-01	7.763053e-01	3.195580e-01	7.632994e-01	1.944171e-01	3.903982e-01	2.241685e-01	2.088109e-01	4.136686e-01	5.560971e-01	4.775152e-01	-8.166640e-02	1.196952e+00	5.211387e-01	5.132118e-01	3.941832e-01	8.341407e-01	3.873479e-01	1.051564e+00	9.775301e-01	1.312867e-01	4.561112e-01	7.902657e-01	3.644462e-01	1.379794e+00
3.286210e-01	9.317558e-01	9.718672e-01	1.210556e+00	4.040265e-01	-1.112921e-01	1.301872e+00	3.249084e-01	2.360943e-01	8.460850e-01	1.465381e+00	9.344522e-01	1.648975e-01	5.480357e-02	1.339857e-01	8.558055e-01	1.472194e-02	6.654384e-02	1.842420e-01	3.081040e-01	1.782327e+00	2.351154e-01	7.960620e-01	5.478817e-01	2.810829e-01	4.109194e-01	5.395106e-01	1.151901e+00	1.422549e-01	1.469523e+00	3.346977e-01	1.048215e+00	7.205204e-01	4.250022e-01	1.085212e+00	5.753604e-01	-2.972884e-01	1.082050e+00	3.688568e-01	7.077901e-01
1.141742e+00	6.905397e-01	1.113271e+00	9.718506e-02	1.371451e+00	6.039874e-01	2.776939e-01	1.111216e+00	1.206455e+00	-2.717505e-01	5.048764e-01	-7.669351e-02	5.996109e-01	7.050815e-01	5.915094e-02	8.694915e-02	1.142657e+00	6.693254e-01	1.157356e+00	9.014144e-01	-3.539208e-01	7.301246e-01	9.546957e-01	1.033758e+00	8.405891e-01	9.760646e-01	6.697203e-01	1.045025e+00	1.006502e-01	1.410772e+00	5.224173e-01	6.106751e-01	3.954549e-01	-1.291669e-02	4.895941e-01	1.303267e+00	2.630797e-01	1.236726e-01	5.756256e-01	8.515920e-01
5.957193e-01	1.198248e+00	1.217684e+00	1.096001e+00	8.309998e-02	9.418063e-01	3.073515e-01	7.470306e-01	3.284647e-01	8.239380e-01	6.600146e-02	9.549274e-01	-3.392322e-01	1.178525e-01	3.260018e-01	9.803156e-01	1.004622e+00	-4.663044e-01	5.837331e-01	5.631863e-01	7.806842e-01	8.099158e-01	8.209790e-01	4.073675e-02	-2.238305e-01	1.717886e-01	2.150305e-01	7.032623e-01	1.015846e+00	6.312952e-01	1.466381e-01	5.556684e-01	7.860720e-01	8.072067e-01	4.705857e-01	5.975037e-01	9.501716e-01	6.801446e-01	9.127767e-01	2.415517e-01
1.155123e-01	1.217081e+00	6.627493e-01	1.051358e-01	4.205764e-01	1.676207e-01	5.712305e-02	-3.501976e-01	-4.531806e-01	8.458110e-01	2.202302e-02	1.103431e+00	5.223486e-01	-7.991878e-02	1.152488e+00	2.000649e-01	2.057607e-01	8.574050e-01	8.202880e-02	2.007161e-01	8.682399e-01	2.057123e-01	4.472495e-01	8.150913e-01	5.153224e-01	4.528109e-01	1.071698e+00	1.279235e-01	1.964699e-01	-5.344146e-02	4.583060e-01	5.849842e-01	9.548942e-01	7.986850e-01	6.937527e-01	3.819144e-01	5.782102e-01	9.596978e-01	9.176020e-01	6.753072e-01
6.558947e-01	9.120405e-01	8.717131e-01	5.491427e-01	1.033455e+00	6.483651e-01	1.268327e+00	5.661347e-01	1.071203e+00	1.072440e+00	5.119737e-01	5.518009e-01	-3.389421e-01	7.210665e-01	1.273638e-02	5.122268e-01	6.547794e-01	1.629111e-02	8.034941e-01	4.383173e-01	4.429037e-01	6.640841e-01	7.061734e-01	7.979814e-01	7.773826e-01	5.971058e-01	9.448561e-01	9.600899e-01	5.347210e-01	4.771685e-01	-7.972428e-02	1.131440e+00	2.426074e-01	3.280686e-01	8.217767e-01	8.927357e-01	-1.577415e-01	6.778128e-01	1.083239e+00	1.151542e+00
1.234596e+00	8.183332e-01	9.586650e-01	3.586675e-01	6.954939e-01	-1.832531e-01	6.325802e-01	7.520445e-01	6.104928e-01	5.253606e-01	5.113144e-01	8.358783e-01	2.859858e-01	6.330244e-01	7.057417e-02	5.540801e-01	5.491997e-01	5.317410e-01	8.107234e-01	5.527598e-01	1.061080e+00	4.280350e-01	4.502697e-01	5.145240e-01	1.254054e-01	1.058547e+00	1.010800e+00	8.613259e-01	6.004815e-01	8.344720e-01	2.000063e-01	7.242754e-01	1.314939e+00	2.077558e-01	5.833795e-01	1.279295e+00	7.292906e-01	4.870879e-01	8.399186e-01	6.291590e-01
5.632320e-01	5.235049e-01	1.228989e+00	5.294420e-01	5.486196e-01	5.347988e-01	1.335648e+00	4.064480e-01	3.349511e-01	1.675755e+00	9.995907e-01	7.470722e-01	1.162018e+00	-1.538093e-01	2.789710e-01	2.080800e-01	4.653392e-01	8.904553e-01	1.155175e+00	8.223851e-01	1.245494e-01	9.065324e-02	4.828214e-01	5.385106e-01	2.895759e-01	8.535538e-01	5.604790e-01	8.317266e-01	2.846059e-01	9.180355e-01	7.988656e-01	5.714657e-01	8.519299e-01	9.318537e-01	1.039598e-01	5.076656e-01	2.728798e-01	5.545369e-01	4.093586e-01	1.006982e+00
9.065653e-02	1.202232e+00	7.819117e-01	1.625776e-01	6.991569e-01	1.140433e+00	2.792863e-01	7.850985e-01	4.863533e-01	8.164384e-01	2.844549e-01	1.227148e+00	1.145151e+00	7.690933e-01	1.394872e+00	1.614122e-01	5.946050e-02	1.384719e+00	6.155337e-01	1.208581e+00	8.004186e-01	1.501296e+00	4.652233e-01	5.496579e-01	7.932675e-01	5.139855e-01	5.386200e-01	2.716636e-01	-9.197715e-03	8.317587e-01	6.957178e-01	7.022617e-01	-2.313564e-02	5.732584e-01	5.311801e-01	1.165240e+00	8.047347e-01	9.355405e-01	-6.781094e-02	5.106555e-01
9.043958e-01	6.379981e-01	6.514666e-01	5.870710e-01	8.794876e-01	4.238422e-01	2.603817e-01	7.570559e-01	7.404746e-01	-3.167443e-03	4.266763e-01	7.921772e-01	8.947008e-01	1.340196e+00	-4.171218e-01	-2.530450e-01	5.731195e-01	1.750577e+00	1.300746e+00	1.256071e+00	8.125146e-01	4.414698e-01	5.071589e-02	9.172605e-01	3.518938e-01	1.321018e-01	7.104779e-01	1.822991e+00	1.861147e+00	3.055745e-01	1.233978e+00	1.203032e+00	1.097206e+00	-3.407803e-01	1.716419e+00	1.180774e+00	4.987966e-01	8.169601e-01	4.689270e-01	1.755527e+00
1.203998e+00	1.176867e+00	3.723617e-01	-9.742558e-01	5.381976e-01	4.196499e-01	1.291778e+00	1.032674e+00	3.021364e-01	-1.629105e-01	-3.588360e-01	7.258488e-01	7.756876e-01	-2.909662e-01	4.557608e-01	1.870522e-01	1.925825e-01	-8.539185e-01	2.515490e-01	1.322883e+00	1.051607e+00	1.067633e+00	7.446224e-01	1.492780e+00	1.546914e+00	9.210251e-01	7.782480e-02	6.132001e-01	7.012389e-01	3.439177e-01	-7.280642e-02	1.148610e+00	1.112252e+00	4.619569e-01	8.512585e-01	1.037649e+00	5.225532e-01	5.682734e-01	1.154285e+00	5.733833e-01
8.861588e-01	5.287867e-01	5.301088e-01	4.977088e-01	4.781849e-01	4.056518e-01	5.522525e-01	4.731732e-01	7.295767e-01	7.055545e-01	5.099314e-01	5.023930e-01	5.238352e-01	5.906494e-01	4.083216e-01	4.922051e-01	5.912114e-01	5.257124e-01	4.625852e-01	6.948506e-01	5.254177e-01	9.841708e-01	5.834605e-01	7.447471e-01	5.927794e-01	5.919464e-01	7.012266e-01	5.545978e-01	1.052662e-01	6.210799e-01	4.479618e-01	1.106201e+00	6.240602e-01	3.342101e-01	7.977469e-01	9.472052e-01	1.992976e-01	7.087599e-01	6.092621e-01	2.597280e-01
3.376006e-01	5.218172e-01	7.538268e-01	-5.572399e-02	1.960918e-01	1.190907e+00	5.505077e-01	3.261341e-01	2.903220e-01	3.640803e-01	1.544740e-01	3.002662e-01	7.972575e-01	7.650368e-01	7.686186e-01	4.983445e-01	1.287346e+00	6.564792e-01	6.079187e-01	7.429733e-01	5.143452e-01	7.212280e-01	-1.065901e-01	8.440477e-01	2.388384e-01	5.641578e-01	4.337459e-01	6.044109e-01	4.254097e-01	8.031446e-01	2.379909e-02	8.646608e-01	8.559975e-01	6.750576e-01	5.584810e-01	2.069411e-01	8.339130e-01	5.980709e-01	5.040240e-01	5.360425e-01
8.480596e-01	5.601532e-01	1.141132e+00	8.828766e-01	4.519029e-01	4.604429e-01	3.213802e-01	6.842145e-01	1.772960e-01	6.521056e-01	6.362095e-01	5.600690e-01	6.499856e-01	6.644083e-01	8.389854e-01	3.982916e-01	-2.784959e-01	4.429535e-01	6.412020e-01	9.779226e-01	5.409869e-01	1.039553e+00	4.969377e-01	1.407865e+00	1.030330e-01	-2.521087e-02	1.186192e+00	5.718855e-01	5.391472e-01	2.714445e-01	6.539552e-01	3.025789e-01	5.987871e-01	1.802172e-01	6.119835e-01	9.469126e-01	2.442313e-01	5.426121e-01	2.783768e-01	-1.762923e-01
1.015501e+00	1.548383e+00	1.500463e+00	7.012336e-01	3.174492e-01	3.948092e-01	-5.004976e-01	-1.354445e-01	3.940434e-01	7.031006e-01	1.060781e+00	1.672631e-01	1.993038e-01	1.270029e+00	1.506833e+00	5.973444e-01	3.358603e-01	4.482626e-01	4.818343e-01	4.094069e-01	9.068812e-01	1.931488e+00	8.783073e-01	1.578069e-02	6.116243e-01	-7.938536e-02	1.955706e-01	1.580310e+00	1.160545e+00	2.626332e-02	1.144606e+00	1.040740e+00	1.791369e+00	-9.626035e-02	1.534078e+00	5.996974e-01	-2.392802e-01	9.113753e-01	3.547381e-01	9.449164e-01
6.315529e-01	-2.712812e-01	1.661434e+00	9.395688e-01	4.169507e-01	7.386008e-01	1.326272e+00	5.344487e-01	1.309638e+00	1.425995e-01	7.659078e-01	1.452099e+00	5.384441e-01	4.488675e-01	-2.189382e-01	3.843264e-01	6.708093e-01	1.248907e+00	6.556556e-01	-9.982136e-01	5.232223e-01	2.012367e-01	1.405241e+00	1.771792e+00	-6.089865e-01	1.153326e+00	3.235761e-01	2.314291e-01	3.116588e-01	3.563174e-01	5.364325e-01	4.414527e-01	6.074027e-01	1.251199e+00	-4.276871e-01	8.829467e-01	-4.614270e-01	9.004160e-01	5.210199e-01	-2.958580e-01
3.920702e-01	4.631067e-01	1.191433e+00	7.522395e-01	7.549650e-01	9.291208e-01	7.305098e-01	2.935286e-01	3.621951e-01	8.674327e-01	1.561654e+00	-1.910011e-01	1.102100e+00	5.817219e-01	6.423336e-01	9.261724e-01	2.629149e-01	6.518548e-01	-2.739617e-01	8.240444e-01	-3.170722e-02	7.748694e-01	1.001272e+00	2.890122e-01	9.686964e-01	8.571199e-01	5.436808e-01	6.703228e-01	-8.721811e-02	2.230860e-01	2.120698e-01	-4.418937e-01	8.484939e-01	2.545303e-01	7.754413e-01	3.639988e-02	1.330452e+00	4.443253e-01	3.496735e-01	1.097191e+00
9.435105e-01	6.845818e-01	6.667231e-01	-1.681799e-03	1.118213e-01	7.922340e-01	2.447812e-01	4.553412e-01	6.477178e-01	4.211152e-01	-4.733312e-02	3.585234e-02	2.701441e-01	-7.493419e-02	1.178647e+00	5.163791e-01	1.073466e+00	5.222500e-01	3.411619e-01	4.927832e-01	4.358464e-01	7.413725e-01	4.239739e-01	1.134406e+00	4.824784e-01	7.393886e-01	7.523594e-01	6.292440e-01	7.336363e-02	3.987382e-01	4.089277e-01	7.968182e-01	7.632180e-01	5.427106e-01	6.594852e-01	1.865208e-01	6.284087e-01	4.777960e-01	1.036856e+00	2.576828e-01
9.490776e-01	6.838032e-01	9.368756e-01	6.131850e-01	3.641916e-01	5.079600e-01	4.450476e-01	3.797001e-01	1.618969e-01	6.089028e-01	4.717559e-01	5.157715e-01	5.548898e-01	7.053557e-01	5.846240e-01	3.494950e-01	3.452092e-01	4.791676e-01	8.380810e-01	4.937585e-01	7.892084e-01	8.663849e-01	6.653824e-01	8.890730e-01	9.542880e-01	4.540008e-01	5.371040e-01	3.350310e-01	6.710328e-01	4.968312e-02	8.434415e-01	4.688780e-01	6.635309e-01	1.861258e-01	5.901703e-01	1.124340e+00	1.202693e-01	8.259816e-01	7.102140e-01	9.834147e-02
5.840826e-01	4.457652e-01	4.832013e-01	8.020600e-01	3.176446e-02	7.611958e-01	3.382203e-01	1.006748e-01	4.405613e-01	1.686010e+00	9.475909e-01	1.993717e-01	6.115351e-01	7.513839e-01	5.082583e-01	1.230101e+00	7.434678e-01	4.859985e-01	2.865993e-01	8.275244e-01	4.253232e-01	8.993696e-01	9.442662e-01	-1.355254e-01	1.144130e+00	6.142549e-01	1.429906e-01	1.905066e-01	-3.909676e-02	1.061328e+00	8.322651e-01	1.327219e-01	3.516568e-01	3.582448e-01	1.720975e+00	8.610417e-01	1.732667e+00	-2.316532e-01	1.545459e-02	6.562520e-01
5.969430e-01	8.154756e-01	9.058356e-01	-6.814987e-01	7.615662e-01	3.041591e-01	1.023711e+00	4.883601e-01	6.080014e-01	9.363903e-01	4.209345e-01	9.641618e-01	7.008185e-01	1.253791e+00	9.135846e-01	3.413967e-01	1.035104e+00	1.154037e+00	8.175764e-01	8.190375e-01	6.386477e-01	1.601564e+00	5.696585e-01	1.162846e+00	8.687188e-01	8.146636e-01	7.405440e-01	3.166153e-01	-1.815328e-01	9.249543e-01	7.740198e-01	1.036152e+00	6.691459e-01	4.494712e-01	8.033617e-01	3.095459e-01	8.682500e-01	9.008954e-01	-1.498591e-02	3.915362e-01
9.885810e-01	6.063034e-01	3.894247e-01	7.743460e-01	1.141901e-01	9.362185e-01	1.492299e+00	8.333273e-01	6.133438e-01	8.436074e-01	6.153352e-01	7.252634e-01	5.000639e-01	9.854396e-01	9.518553e-01	1.966219e-01	1.359624e+00	1.223863e+00	8.918745e-01	1.382234e-01	-6.899730e-02	1.281716e+00	1.492507e-01	4.566759e-01	3.849372e-01	4.837627e-01	5.904027e-01	3.326168e-01	7.900889e-01	1.039655e+00	5.351765e-01	1.028709e+00	6.513729e-01	8.657543e-01	2.144594e-01	1.163444e+00	-3.581771e-01	7.430363e-01	-1.603889e-02	-7.803725e-01
3.495681e-01	4.366214e-01	9.014413e-01	4.824794e-01	6.220936e-01	1.025067e+00	6.581726e-01	1.065536e+00	5.642394e-01	4.010782e-01	-1.707098e-01	7.820783e-01	1.275205e+00	3.245756e-01	4.417774e-01	1.043014e+00	4.658378e-02	4.144437e-02	2.977150e-01	6.205697e-01	6.768493e-01	4.867508e-01	6.868300e-01	6.458377e-01	4.259336e-01	7.498231e-01	8.403408e-01	5.857882e-01	1.126701e+00	7.227819e-01	4.325944e-01	6.539561e-01	1.074146e-01	7.166904e-01	7.571636e-01	6.502806e-01	1.140095e+00	9.727562e-01	4.366499e-01	6.189721e-01
1.119503e+00	5.333607e-01	2.090918e-01	1.152974e+00	4.819869e-01	5.952238e-01	6.408543e-01	7.144023e-01	5.672346e-01	1.054053e+00	2.799764e-01	8.235933e-01	3.965331e-01	8.466056e-01	5.590645e-01	7.148620e-01	7.474214e-01	6.756502e-01	8.576228e-01	1.696117e-01	1.101392e-02	1.204500e+00	2.127690e-01	3.524170e-01	2.956217e-01	2.779478e-01	5.487151e-01	4.000707e-01	7.211820e-01	9.202756e-01	8.704663e-01	8.463037e-01	5.647557e-01	5.184719e-01	7.624167e-01	5.469614e-01	2.133851e-01	8.331618e-01	4.577546e-02	2.346910e-02
7.457347e-01	6.109814e-01	7.244451e-01	8.106936e-01	6.924550e-01	4.421772e-01	4.798387e-01	6.057062e-01	1.072350e+00	7.494250e-01	1.105744e+00	9.130839e-01	5.301865e-01	3.944942e-01	6.166515e-01	4.324027e-01	1.526926e-01	3.197783e-01	-1.013262e-01	6.127599e-01	4.244867e-01	8.564112e-01	7.919640e-01	5.471527e-01	1.200122e-01	6.020718e-01	6.479810e-01	8.344917e-01	8.892476e-01	3.214977e-01	5.181755e-01	8.906895e-01	4.553079e-01	1.900622e-01	1.024035e+00	-5.791967e-02	7.037851e-01	4.975471e-01	6.637488e-01	9.307742e-01
6.097736e-01	7.043863e-01	9.903233e-01	3.349744e-01	7.415232e-01	1.203855e+00	6.713669e-01	1.264333e+00	4.051280e-01	9.859099e-01	1.923368e-01	4.396369e-01	6.618724e-01	5.240950e-02	8.158929e-01	6.894216e-01	4.801502e-01	6.321148e-01	8.611488e-01	5.209475e-01	9.962553e-01	5.678187e-01	4.240145e-01	2.642297e-01	4.242902e-01	6.997164e-01	8.993204e-01	1.183294e+00	1.203559e+00	6.533794e-01	3.801537e-01	6.660758e-01	-2.799659e-01	2.768598e-01	6.698708e-01	6.475790e-01	9.060376e-01	1.295937e+00	-2.913242e-01	1.380093e+00
7.067020e-01	3.868568e-01	3.031286e-01	9.117345e-01	1.004593e+00	2.153703e-01	8.685553e-01	7.053455e-01	9.609431e-01	1.782554e-01	-4.382799e-02	1.275771e+00	1.198887e+00	2.754389e-01	1.243780e+00	-1.358591e-01	7.867549e-01	8.408414e-03	8.728191e-01	6.468787e-01	4.109740e-01	6.765452e-01	-2.985332e-01	4.854379e-01	4.924176e-01	6.423592e-01	3.938362e-01	1.094978e+00	4.371028e-01	1.011949e+00	5.650200e-01	8.325940e-01	6.446574e-02	7.694772e-01	1.080514e+00	4.861343e-01	2.017466e-01	7.524237e-01	6.146870e-01	1.226628e+00
3.698005e-01	1.398214e+00	9.926158e-01	-3.808757e-01	3.107376e-01	1.819827e+00	7.785059e-01	4.536868e-01	4.848174e-01	-4.581068e-01	1.365387e+00	1.443511e+00	8.661101e-01	2.937502e-01	-1.229347e-01	5.867921e-01	2.483608e-01	-7.927782e-01	7.207035e-01	4.902101e-01	-2.792233e-01	1.359508e+00	1.426528e+00	4.929240e-01	1.034737e+00	4.919217e-01	1.962033e-01	1.173581e+00	3.912600e-01	2.220624e-01	5.768642e-01	1.087642e-01	-5.443172e-02	9.311293e-01	8.157869e-01	1.070186e-02	6.936903e-01	1.397952e+00	1.244229e+00	1.052081e+00
8.655215e-01	3.763759e-01	5.096392e-01	7.371668e-01	8.191051e-01	2.713342e-01	3.812739e-01	8.059839e-01	4.501389e-01	4.631692e-01	4.062735e-01	5.425193e-01	1.000121e+00	8.159590e-01	5.591017e-01	-3.333433e-02	6.186723e-01	1.115226e-01	5.876746e-01	8.187757e-01	5.083800e-01	4.939364e-01	9.094211e-01	1.010295e+00	3.195157e-01	1.518029e-01	6.429234e-01	7.733367e-01	6.493954e-01	1.641893e-01	1.240499e+00	9.706700e-01	8.096375e-01	4.804550e-01	3.032530e-01	1.297818e+00	4.104300e-01	1.175538e+00	7.971984e-01	2.239404e-01
8.328019e-01	6.983569e-01	1.067108e+00	6.708857e-01	4.805446e-01	3.902499e-01	4.678276e-01	5.364297e-01	3.794221e-01	6.457138e-01	4.698549e-01	1.770136e-01	6.314351e-01	4.753563e-01	4.463314e-01	9.270704e-02	1.044661e-01	5.369264e-01	7.584482e-01	4.839852e-01	7.382470e-01	1.026064e+00	6.737781e-01	1.083893e+00	8.991441e-01	2.966109e-01	4.010907e-01	1.833167e-01	7.104811e-01	3.094116e-03	9.914085e-01	7.188467e-01	6.332518e-01	2.527189e-01	4.322384e-01	1.080734e+00	-9.921069e-02	8.483559e-01	6.798198e-01	1.405264e-01
8.612179e-01	5.618921e-01	6.909443e-01	6.491578e-01	3.416134e-01	5.039834e-01	6.026147e-01	4.451090e-01	2.221951e-01	7.706038e-01	3.694816e-01	3.724024e-01	4.222538e-01	5.966921e-01	6.277731e-01	1.100485e-01	2.297867e-01	4.884034e-01	9.056284e-01	4.163101e-01	7.830391e-01	8.359866e-01	6.091993e-01	9.664121e-01	8.324558e-01	4.878435e-01	6.119993e-01	3.911862e-01	6.810501e-01	4.006295e-02	9.891732e-01	4.950566e-01	4.566805e-01	2.949967e-01	4.167464e-01	1.018273e+00	1.012339e-01	7.377079e-01	7.515160e-01	-8.247762e-03
-7.720803e-01	1.105661e-01	1.320123e+00	8.036075e-01	9.501301e-01	4.373587e-01	6.039873e-01	1.796962e+00	1.487711e+00	1.071437e+00	-4.373294e-02	1.020754e-01	-7.235239e-01	-1.100282e-01	3.535239e+00	1.123159e+00	2.111921e+00	1.164969e+00	1.739970e+00	-1.463176e+00	1.515629e+00	1.701672e+00	1.836596e-01	9.244868e-01	-3.268206e-01	-1.515014e+00	1.073553e+00	8.247809e-01	7.552887e-01	2.539958e-01	6.474484e-01	2.133801e+00	-1.088949e+00	-2.151121e-01	1.597714e+00	1.076959e+00	7.264063e-02	1.728953e+00	-9.908208e-01	1.915022e+00
3.286538e-01	1.419984e+00	1.243813e+00	-6.218822e-01	1.120587e+00	1.262831e+00	3.348659e-01	1.161417e+00	1.503964e+00	1.530798e+00	2.185289e-01	1.364751e+00	1.687583e+00	1.171437e-01	1.322088e+00	2.946363e-01	-5.814662e-02	1.199415e+00	5.485024e-01	9.236411e-01	6.402172e-01	1.318370e+00	3.635760e-01	4.986275e-01	8.030933e-01	9.425187e-01	7.340463e-01	-1.267372e-01	-1.022986e+00	1.378949e+00	5.944257e-01	9.057870e-01	2.369749e-01	4.882725e-01	3.382706e-01	6.328461e-01	1.010611e+00	8.082813e-01	1.883631e-01	7.964686e-01
7.427858e-01	3.042646e-01	1.325278e+00	2.241636e-01	8.450799e-01	3.976937e-01	8.223086e-01	5.757279e-01	8.982389e-01	1.414949e+00	1.044469e+00	8.886636e-01	1.482497e+00	2.850448e-01	4.470760e-01	-3.436228e-02	6.263804e-01	2.843604e-01	1.152313e+00	3.440787e-01	-1.026022e-01	2.441274e-01	6.453632e-01	1.266355e+00	3.819033e-01	7.230599e-01	2.543836e-01	8.646240e-01	3.163838e-01	1.170467e+00	8.037087e-01	8.417528e-01	1.075960e+00	9.032579e-01	2.990313e-02	4.551798e-01	2.464564e-01	2.380067e-01	3.781384e-01	4.107783e-01
4.423462e-01	3.443441e-01	1.744032e+00	-2.718221e-01	1.090816e+00	4.134428e-01	2.527521e-01	9.334531e-01	2.472145e-01	2.828566e-01	2.156058e-01	8.615465e-01	-8.907774e-03	-8.654274e-01	7.298562e-01	1.058188e+00	7.766919e-01	5.072181e-01	8.576767e-02	-1.920922e-01	1.116071e+00	1.454769e+00	7.454394e-01	8.487433e-01	4.479134e-01	5.869115e-01	-1.204804e-02	1.001503e+00	-1.224414e+00	5.674782e-01	-1.022337e-01	1.335690e+00	5.709524e-01	1.772815e+00	7.589287e-01	3.624446e-01	6.565641e-01	-3.836121e-01	2.699436e-01	8.537511e-01
8.978836e-01	7.380133e-01	7.792928e-01	5.716191e-02	3.123882e-01	7.531837e-01	2.452496e-01	4.861594e-01	3.065433e-02	3.745645e-01	1.728228e-01	1.494284e-01	6.377633e-01	2.222799e-01	9.328654e-01	4.578890e-01	8.858999e-01	5.990578e-01	2.688909e-01	3.322258e-01	4.360228e-01	7.816917e-01	5.787693e-01	8.612039e-01	4.410846e-01	4.142234e-01	7.435515e-01	4.490397e-01	3.553399e-01	4.567084e-01	4.821656e-01	7.057283e-01	8.382801e-01	4.774026e-01	4.340535e-01	8.414420e-02	7.201288e-01	5.119425e-01	9.209002e-01	2.376005e-01
1.006277e+00	1.093379e-02	8.040558e-01	8.772499e-01	6.451544e-01	5.667178e-01	1.111916e+00	-9.128920e-01	-7.412181e-02	5.094215e-02	1.125174e+00	9.552172e-01	7.007938e-01	8.920053e-01	7.616843e-01	-3.907507e-01	5.557085e-01	-4.885769e-02	5.415437e-02	5.911951e-01	-9.947249e-01	6.894649e-01	8.567390e-01	3.926382e-01	8.349589e-01	1.316898e+00	2.287342e-01	2.679080e-01	2.838883e-01	8.622976e-02	1.206241e+00	-9.709188e-01	-4.017064e-01	9.029371e-01	7.412364e-01	4.356119e-01	1.292790e+00	6.896006e-01	4.201012e-01	1.111021e+00
6.009112e-01	6.035123e-01	7.916121e-01	6.847339e-01	7.071006e-01	4.755623e-01	1.354523e+00	4.168621e-01	8.389319e-01	8.762422e-01	4.323153e-01	3.743914e-01	-3.507620e-01	1.196056e+00	4.804315e-01	4.159210e-01	6.598227e-01	1.858146e-01	7.632398e-01	3.121579e-01	2.294525e-01	6.391322e-01	9.172419e-01	8.460820e-01	1.026644e+00	8.813876e-01	8.402892e-01	8.340777e-01	1.869531e-01	3.407305e-01	-9.280645e-02	1.309889e+00	2.586691e-01	3.274731e-01	9.198800e-01	9.698691e-01	-2.673897e-01	7.079988e-01	1.085355e+00	6.206759e-01
6.807246e-01	6.244816e-01	9.456144e-01	1.845844e-01	6.565962e-01	3.057246e-01	1.163579e+00	4.988314e-01	2.851378e-01	1.429318e+00	8.444928e-01	6.473262e-01	8.135560e-01	9.185899e-02	1.723390e-01	5.058424e-01	3.605769e-01	4.633939e-01	8.189665e-01	8.439683e-01	-3.401593e-02	-3.749998e-02	7.622505e-01	6.941484e-01	3.230131e-01	6.745426e-01	7.600581e-01	6.604018e-01	2.651675e-01	1.160814e+00	9.060325e-01	5.332224e-01	5.994293e-01	6.237967e-01	2.395252e-01	7.103897e-01	3.914217e-01	7.872286e-01	4.323031e-01	9.475043e-01
7.494826e-01	5.685643e-01	4.450484e-01	3.771591e-01	2.976531e-01	4.336175e-01	5.028546e-01	3.979541e-01	6.621349e-01	8.174329e-01	4.296185e-01	5.469731e-01	8.874799e-01	5.895820e-01	5.161993e-01	3.963620e-01	4.356513e-01	5.502555e-01	6.809874e-01	5.853123e-01	6.168130e-01	1.092048e+00	8.215909e-01	9.354706e-01	4.549085e-01	4.799385e-01	1.097063e+00	7.029736e-01	7.185576e-02	5.470891e-01	5.302483e-01	9.708568e-01	5.228135e-01	2.482617e-01	6.317991e-01	1.200787e+00	-3.957498e-02	6.550585e-01	5.467513e-01	3.936659e-01
1.001634e+00	6.770442e-01	1.008264e+00	6.427861e-01	4.092704e-01	5.834957e-01	5.338103e-01	5.031990e-01	4.246000e-01	6.669166e-01	4.471257e-01	5.214415e-01	7.345540e-01	6.612135e-01	5.483533e-01	4.210426e-01	3.149223e-01	4.447247e-01	8.167155e-01	6.302554e-01	7.079996e-01	8.294825e-01	7.264776e-01	8.947152e-01	6.334691e-01	4.546219e-01	5.237746e-01	3.594855e-01	5.384496e-01	2.139546e-01	9.186756e-01	4.251506e-01	6.656353e-01	3.255076e-01	7.416910e-01	1.344824e+00	1.313429e-01	5.988178e-01	4.874314e-01	3.408156e-01
1.121134e+00	6.360186e-01	8.936727e-01	1.110164e+00	7.470739e-01	5.326431e-01	5.425457e-01	7.456613e-01	9.349998e-01	5.035376e-01	9.608785e-01	8.802066e-01	7.641063e-01	-5.517356e-02	2.233586e-01	2.229565e-01	5.824001e-01	4.299518e-01	-3.662598e-01	8.427822e-01	3.859743e-01	8.180681e-01	5.184161e-01	5.574157e-01	-6.551070e-03	7.805005e-01	6.943442e-01	1.051732e+00	1.164812e+00	-1.672309e-01	5.556511e-01	5.131242e-01	1.171477e-01	2.563935e-01	1.233346e+00	-2.381504e-02	8.287306e-01	8.821708e-01	5.982939e-01	1.074011e+00
2.992973e-01	1.221313e+00	1.461479e+00	2.076727e-01	9.939256e-01	8.547436e-01	4.106630e-01	1.435848e+00	2.014165e-01	1.114828e+00	1.853821e-01	6.564482e-01	6.476891e-01	-4.797980e-01	1.122705e+00	5.724933e-02	1.621131e+00	-1.254365e+00	1.053340e+00	1.253168e+00	9.538057e-01	6.981112e-02	2.326026e-01	1.301597e+00	1.507790e-01	1.578377e+00	1.023210e+00	5.921544e-01	1.245172e-01	-2.814167e-01	2.599585e-01	2.640621e-01	6.544818e-01	4.951368e-01	5.876711e-01	1.571339e+00	1.096313e+00	7.075247e-02	-3.690308e-01	6.016238e-01
1.010631e+00	7.597107e-01	4.992429e-01	5.395182e-01	7.519687e-01	4.697188e-01	4.121862e-01	6.217754e-01	3.737096e-01	3.927702e-01	5.838792e-01	5.169064e-01	6.834425e-01	3.036598e-01	1.982917e-01	-1.062148e-01	2.274721e-01	8.096155e-01	9.758027e-01	5.709613e-01	9.176192e-01	8.219860e-01	8.040031e-01	1.140850e+00	3.610192e-01	2.843043e-01	7.033559e-01	4.997236e-01	1.007111e+00	2.499769e-01	1.047280e+00	4.701618e-01	6.927481e-01	1.772255e-02	9.602033e-01	9.385375e-01	3.566922e-01	6.924087e-01	3.793896e-01	3.272710e-01
1.096689e+00	5.892913e-01	9.718034e-01	9.079149e-01	7.325610e-01	3.891143e-01	3.413154e-01	7.916761e-01	9.150032e-01	1.037611e+00	6.151751e-01	6.205088e-01	1.032051e-01	-1.553295e-01	5.955991e-01	4.201401e-01	6.018206e-01	6.996861e-01	-1.058722e-01	1.255789e+00	4.137805e-01	8.898612e-01	7.901387e-01	5.161336e-01	-5.055767e-03	6.921567e-01	7.395742e-01	8.318268e-01	2.988048e-01	5.376813e-02	7.461876e-01	1.294646e+00	2.825536e-01	5.276473e-01	1.127267e+00	4.922359e-01	1.053705e+00	5.676942e-01	8.165916e-01	9.708926e-01
8.886466e-01	5.096630e-01	8.799703e-01	6.066291e-01	7.465027e-01	3.170902e-01	4.854181e-01	1.869635e-01	-2.473864e-01	7.539726e-01	1.061103e-01	2.897949e-01	8.394791e-01	7.360345e-01	1.651443e-01	4.511845e-02	4.720096e-01	6.301923e-01	7.884231e-01	6.992998e-01	1.048650e+00	6.446199e-01	9.683680e-01	1.252309e+00	2.908761e-01	2.831080e-01	2.444214e-01	4.507660e-01	9.030752e-01	2.893125e-01	1.382062e+00	5.394684e-01	8.874270e-01	3.494701e-01	4.302194e-01	9.946585e-01	1.718171e-01	8.985693e-01	6.817806e-01	-9.907075e-02
6.842339e-01	6.168896e-01	4.178572e-01	5.390232e-01	4.519616e-01	2.722631e-01	5.543208e-01	5.580348e-01	4.330714e-01	7.704511e-01	4.607633e-01	6.266202e-01	8.345676e-01	6.095941e-01	6.332730e-01	6.739777e-01	4.556314e-01	7.105195e-01	4.133760e-01	5.239049e-01	8.151039e-01	1.076822e+00	6.945947e-01	7.404460e-01	6.859451e-01	5.218886e-01	8.878961e-01	5.180715e-01	3.022494e-01	5.136417e-01	5.522316e-01	9.285110e-01	8.182193e-01	1.921732e-01	8.017348e-01	9.168922e-01	2.371159e-02	7.210039e-01	6.387874e-01	4.131925e-01
6.857639e-01	4.104615e-01	4.729591e-01	1.498280e-01	3.645949e-01	6.535762e-01	1.476848e-01	4.547064e-01	1.091911e+00	5.133927e-01	5.331747e-01	7.255960e-01	2.457731e-01	3.016329e-01	4.782672e-01	2.318938e-01	5.762871e-01	4.591103e-01	6.295079e-01	6.938529e-01	7.224109e-01	1.124448e+00	6.732548e-01	8.799014e-01	6.945948e-01	4.137059e-01	5.695139e-01	6.539417e-01	1.738452e-01	4.199638e-01	4.221002e-01	9.519603e-01	3.661968e-01	4.813863e-01	8.808513e-01	1.080033e+00	2.153097e-01	7.635391e-01	6.131574e-01	7.544813e-02
5.829243e-01	3.031550e-01	8.342292e-01	1.100866e-01	1.631605e+00	5.619559e-01	-1.730676e-01	-5.716101e-02	8.445396e-02	2.885329e-02	6.462096e-01	7.380434e-01	3.729923e-01	1.086346e+00	3.511964e-01	6.846669e-01	-1.978324e-01	3.314815e-01	1.292202e+00	3.625270e-01	8.497160e-01	3.304285e-01	7.808891e-01	6.240281e-01	9.099336e-01	1.753632e-02	1.055238e+00	3.487951e-01	8.504488e-01	7.243818e-01	7.160127e-01	7.417156e-01	1.009041e-01	-6.151855e-02	7.903587e-01	4.251308e-01	1.314473e+00	3.805780e-01	6.839007e-01	6.661313e-01
9.367398e-01	4.932450e-01	8.293870e-01	6.063145e-01	2.835150e-01	5.337134e-01	4.255167e-01	2.747658e-01	1.311753e-01	6.545692e-01	3.127633e-01	4.727200e-01	4.127758e-01	5.903113e-01	5.366499e-01	2.447419e-01	3.208832e-01	4.837460e-01	9.174318e-01	4.034943e-01	6.133589e-01	8.252455e-01	6.735203e-01	1.058821e+00	9.782665e-01	4.141320e-01	4.662598e-01	4.093918e-01	4.948707e-01	2.809277e-02	8.995247e-01	5.414077e-01	5.965833e-01	2.028118e-01	4.691956e-01	1.152454e+00	8.265441e-02	7.905084e-01	7.962077e-01	3.272166e-03
2.146676e-01	-2.048550e-01	7.713663e-01	5.280709e-01	4.091519e-01	4.624393e-01	4.117728e-01	1.293747e+00	2.098991e-01	1.245866e+00	-6.443417e-01	5.176409e-01	-7.436730e-02	7.574168e-01	1.020812e-02	9.640465e-01	1.132814e-01	1.553288e-02	3.783388e-01	8.884210e-01	-1.337939e-02	5.654617e-01	1.306592e+00	6.202218e-01	-8.233012e-02	4.267594e-02	1.245285e-01	5.031551e-01	5.125789e-01	7.462639e-01	1.574583e-01	3.784242e-01	6.948567e-01	4.184030e-01	1.061016e+00	-2.953994e-01	2.271949e-01	1.240503e-01	6.937061e-01	5.319100e-01
-3.409774e-01	5.031410e-01	1.058129e+00	1.235620e-01	6.493010e-01	1.783969e+00	4.392427e-01	1.466309e+00	5.719544e-02	7.604809e-01	-1.680564e-01	-3.643986e-01	1.275332e+00	9.395046e-01	2.384196e+00	2.020548e-01	6.113100e-01	-5.149564e-02	-1.082791e-01	-1.046361e-01	1.587983e+00	9.837978e-01	7.337004e-01	9.293427e-01	2.264970e-01	3.532557e-01	2.895345e-01	4.837780e-01	4.458641e-01	2.939873e-02	8.263738e-01	1.290081e+00	5.984835e-01	8.698904e-01	-5.312999e-02	8.792906e-02	5.974503e-01	9.040437e-01	4.815412e-01	5.107094e-01
5.726609e-01	3.717795e-01	1.511590e+00	2.875363e-01	7.275235e-01	5.055747e-01	1.004109e+00	3.574805e-01	7.444584e-01	1.408511e+00	8.511592e-01	9.094636e-01	1.366790e+00	2.813612e-01	6.309835e-01	2.763568e-01	7.148073e-01	1.984584e-01	1.364466e+00	4.292739e-01	3.996043e-01	5.977090e-01	5.383780e-01	8.287342e-01	2.667418e-01	5.266164e-01	-5.134060e-02	1.021512e+00	2.109392e-01	6.596591e-01	5.421201e-01	7.788404e-01	1.214037e+00	1.033904e+00	-2.352297e-01	5.446440e-01	1.571471e-01	2.544661e-01	6.495813e-01	7.298958e-01
8.471557e-01	6.349468e-01	9.514444e-01	2.628480e-01	6.385071e-01	5.245130e-01	3.261759e-01	1.913179e-01	3.108113e-01	1.014002e+00	5.176434e-01	8.547772e-01	7.739184e-01	4.916767e-01	4.324988e-01	2.007839e-01	2.374582e-02	4.626281e-01	6.274358e-01	1.097131e+00	8.150126e-01	9.321838e-01	5.973121e-01	8.978372e-01	2.905578e-01	3.638297e-01	7.125491e-01	3.495562e-01	2.891252e-01	4.019157e-01	6.822681e-01	6.264854e-01	5.428805e-01	-7.377371e-02	9.194461e-01	1.095103e+00	1.530856e-01	4.958549e-01	6.969833e-01	3.055554e-01
3.501062e-01	3.068301e-01	1.463851e+00	5.904194e-01	6.231540e-01	8.862009e-01	7.668947e-01	5.082132e-01	6.635589e-01	1.281657e-01	6.147088e-01	7.710379e-01	4.633576e-01	4.213792e-01	8.332801e-01	6.438308e-01	2.946042e-01	9.853165e-01	6.664510e-01	5.785901e-01	9.102670e-01	6.139182e-01	-3.689562e-02	5.878596e-01	6.878127e-01	2.252368e-01	2.563925e-01	9.944697e-01	5.743374e-01	2.666265e-01	5.802175e-01	4.840631e-01	5.380206e-01	5.739242e-01	1.305101e+00	5.251444e-01	2.550361e-01	6.642676e-01	3.542146e-01	7.380801e-01
8.043998e-01	1.843828e-01	-1.634259e-02	1.133239e+00	3.647957e-01	5.367314e-01	7.028448e-01	8.763648e-01	4.755287e-01	1.203315e+00	2.396486e-01	6.579318e-01	2.854852e-01	6.362314e-01	6.033342e-01	8.245117e-01	9.548173e-01	8.515022e-01	7.271976e-01	2.682390e-01	4.349648e-01	1.259853e+00	4.087420e-01	2.841409e-01	3.451704e-01	3.116396e-01	6.771009e-01	2.992093e-01	7.139405e-01	8.900169e-01	9.843333e-01	9.516335e-01	5.269068e-01	5.129250e-01	9.983024e-01	4.412062e-01	2.497252e-01	9.013112e-01	2.053212e-01	9.047915e-02
1.315282e+00	1.165032e+00	1.572873e+00	1.689479e-01	8.554862e-01	-8.552249e-02	7.642233e-01	1.156872e+00	4.970436e-01	1.084363e-01	1.432715e+00	1.793530e+00	5.216815e-01	-5.849808e-01	7.037035e-01	6.348974e-01	1.411762e+00	8.944399e-01	-2.793633e-01	-3.568135e-01	-1.166891e-01	7.757243e-01	5.687795e-01	5.302067e-01	2.793766e-01	1.935260e-01	1.707937e-01	8.287746e-01	-1.412917e-01	4.585719e-01	2.755915e-01	1.348850e+00	1.183568e+00	1.129373e+00	6.383757e-01	-1.703116e-01	6.052601e-02	-2.101197e-01	6.511919e-01	1.612545e+00
1.202387e-01	4.267902e-01	2.878616e-01	1.377358e+00	9.948683e-01	-3.231919e-01	1.452100e+00	1.631605e+00	5.028188e-01	1.689704e+00	5.891850e-01	6.966669e-01	1.399241e-02	8.283495e-01	-3.670359e-01	9.026974e-01	-3.967671e-01	3.595458e-01	2.796334e-03	1.119113e+00	6.474820e-01	4.431536e-01	9.948310e-01	7.127502e-01	-5.225014e-01	5.714222e-01	5.746800e-01	8.874536e-01	6.444607e-01	1.560123e+00	4.029441e-01	3.956802e-01	3.100568e-01	1.793915e-01	1.369555e+00	1.009698e+00	1.650706e-01	7.102997e-01	3.572242e-01	1.080142e+00
1.802457e-01	5.381048e-01	1.279593e+00	1.390361e-01	3.272086e-01	9.401225e-01	2.635839e-01	7.461786e-01	4.287301e-01	7.416031e-01	-1.963213e-01	5.645125e-02	5.440719e-01	7.240316e-01	1.327597e+00	1.051310e-01	3.391138e-01	2.504400e-01	5.506477e-01	1.512736e-01	3.891722e-01	5.598135e-01	3.382552e-01	6.177594e-01	4.537455e-01	4.535503e-01	4.797968e-01	6.865875e-01	8.094662e-01	8.208555e-01	-3.826166e-03	1.127934e+00	1.040682e+00	6.194372e-01	5.134688e-01	-1.068306e-01	8.785562e-01	1.056932e+00	9.854880e-01	4.348692e-01
-1.158837e-01	-4.850337e-01	4.752446e-01	3.087488e-01	-1.989686e-01	3.975109e-01	1.433306e+00	-4.987405e-01	1.040161e+00	4.219413e-01	9.564089e-01	5.861683e-01	-4.844096e-01	1.424464e+00	9.051807e-01	6.471277e-01	1.081081e+00	6.225744e-01	1.789853e+00	1.801597e-01	1.174309e+00	1.145520e+00	1.037267e-01	6.678502e-01	-4.118850e-01	-1.640085e-01	5.143403e-01	1.061746e+00	3.260959e-01	8.755429e-01	1.046996e+00	6.993146e-01	1.406536e+00	-1.357277e-01	1.337559e+00	6.492826e-01	-7.077209e-01	1.850392e+00	-3.699776e-01	-9.458699e-02
3.118365e-01	6.610279e-01	7.281671e-01	2.899537e-01	4.085667e-01	1.159837e-01	3.903998e-01	4.168474e-01	4.885631e-01	4.903411e-01	3.737500e-01	-6.743456e-03	8.485762e-01	1.276809e+00	1.161334e+00	7.449462e-01	9.043978e-01	9.802051e-01	4.952918e-01	7.865269e-01	2.965513e-01	5.046975e-01	8.363903e-01	2.690465e-01	6.548194e-01	7.009487e-01	7.104642e-01	4.970616e-01	6.740711e-01	7.584477e-01	5.725255e-01	1.148922e-01	3.698618e-01	4.093854e-01	6.719260e-01	6.405803e-01	5.313771e-01	4.312923e-01	6.877234e-01	7.932351e-01
7.683595e-01	6.887431e-01	6.348452e-01	7.102991e-01	4.753055e-01	8.874207e-01	-2.246805e-01	1.163643e-01	1.823716e-01	5.525564e-01	5.316400e-01	3.438453e-01	2.747139e-01	1.004201e+00	2.580600e-01	9.956196e-01	7.006388e-01	8.954586e-01	1.039817e+00	8.583896e-01	8.095903e-01	5.108030e-01	6.895552e-01	7.386261e-01	3.494972e-01	8.362851e-01	1.123253e+00	7.961373e-01	1.133331e+00	3.048806e-01	7.139270e-01	6.725618e-01	7.650733e-01	4.777888e-01	8.724586e-01	1.511978e+00	2.153418e-01	3.786112e-01	4.175201e-02	7.706488e-01
2.021885e+00	-7.504530e-01	7.126574e-01	1.302359e+00	1.224183e+00	-6.169627e-01	1.622684e+00	2.974385e-01	7.398560e-01	-1.886884e+00	7.115269e-01	1.315796e+00	2.972017e+00	3.581996e-01	1.392441e+00	2.327719e-02	6.990243e-01	7.882028e-01	7.607978e-01	1.649497e+00	9.395683e-01	-1.863807e-01	1.068047e+00	7.942690e-01	1.195154e+00	2.114366e-01	-2.835310e-01	4.848069e-01	3.520297e-01	2.048425e-01	2.319718e-01	1.541175e+00	1.071556e+00	2.143713e-01	7.234002e-01	-6.132102e-01	-2.465054e-01	1.544616e+00	2.019869e-01	1.134378e+00
5.745340e-01	-8.195989e-01	6.232775e-01	5.793247e-01	3.463465e-01	1.208722e+00	1.903842e+00	4.024408e-01	-1.818955e+00	-5.679452e-01	1.269202e+00	6.840641e-01	2.131993e+00	-1.549010e+00	5.155092e-01	-1.052141e+00	1.556300e+00	1.502960e+00	2.645113e+00	3.417973e+00	1.963668e+00	-2.303013e-01	-7.050601e-01	3.307952e-01	6.802536e-01	2.187290e+00	-1.371895e+00	7.751622e-01	2.057130e+00	3.413184e-01	-5.037300e-01	2.524195e-01	3.903677e-01	-1.553988e-01	7.979810e-01	4.797038e-01	-4.998530e-01	-3.890953e-01	1.394059e+00	6.438189e-01
6.485499e-01	8.088792e-01	6.883749e-01	5.323390e-01	5.691707e-01	4.130082e-01	6.527167e-01	1.228119e+00	6.236259e-01	-9.932674e-03	4.820919e-01	9.539970e-01	1.065691e+00	2.341227e-01	6.420240e-01	2.822903e-01	9.279731e-01	7.558626e-01	4.975553e-01	5.805254e-01	5.231562e-01	8.447678e-01	-3.922686e-02	2.633030e-01	7.456877e-01	2.863356e-01	5.028249e-01	7.057927e-01	5.667165e-01	1.180568e+00	2.474068e-01	7.764868e-01	6.278755e-01	1.464302e-01	1.002079e+00	3.129804e-01	4.706657e-01	3.648959e-01	6.631952e-01	9.640022e-01
6.454921e-01	4.293600e-01	1.512297e+00	-2.101640e-02	7.402370e-01	4.602328e-01	1.168574e+00	4.583494e-01	7.176519e-01	1.456848e+00	9.162635e-01	7.545801e-01	1.474960e+00	1.335084e-01	5.157661e-01	2.575779e-01	3.438733e-01	1.804900e-01	1.413646e+00	5.290266e-01	6.918513e-02	1.822433e-01	5.351695e-01	1.009618e+00	2.960425e-01	4.392285e-01	2.260838e-01	8.924698e-01	2.087808e-01	8.653352e-01	7.642847e-01	7.828457e-01	1.072857e+00	1.036556e+00	1.242214e-01	5.742769e-01	2.334879e-01	1.542051e-01	5.883100e-01	7.919288e-01
