-6.637351e-01	-4.919126e-01	-8.288525e-01	-1.494526e+00	2.052810e+00	-1.004112e+00	-9.724560e-01	6.634041e-01	1.071137e-01	2.283958e-01	1.846507e+00	-3.510917e-02	-5.708284e-01	1.093321e-01	-9.810892e-01	1.998543e+00	-4.685213e-01	6.087198e-01	5.469803e-01	-1.194420e+00	3.863958e-01	1.814136e+00	-6.243015e-01	2.966372e-01	2.539744e+00	7.830449e-01	3.923892e-01	-8.313858e-01	6.778243e-02	1.522886e+00	-1.150747e+00	-4.275639e-02	8.156903e-01	3.364368e-01	7.394254e-01	1.299400e+00	-9.068035e-02	6.549252e-01	-2.479175e-01	1.197623e-01
1.041857e+00	7.042651e-01	5.020542e-01	-4.851361e-02	1.589153e-01	-8.067187e-02	7.648704e-01	4.004808e-01	4.375478e-01	2.342310e-01	-6.937595e-02	6.565009e-01	1.854722e+00	1.090365e+00	-4.514713e-02	9.841962e-02	-2.127789e-01	-1.211919e-01	1.130049e+00	5.958519e-01	-5.227620e-01	5.697938e-01	1.970766e+00	4.017260e-01	7.319206e-01	1.354456e+00	5.532957e-01	6.065058e-01	1.188843e+00	-2.608530e-01	3.804390e-01	7.063184e-01	6.388095e-01	-6.764084e-01	-5.252209e-01	1.879029e+00	-2.353552e-01	7.538642e-01	6.066094e-01	-5.579521e-01
3.769186e-01	3.880428e-01	1.859903e+00	4.872526e-01	5.358704e-01	-7.669474e-01	-5.661040e-01	-1.230559e-01	-1.117767e-01	-4.841325e-01	-2.207842e-01	1.513587e+00	-9.944788e-01	9.181912e-01	-5.989687e-01	5.280656e-01	1.238924e+00	-5.435529e-01	-1.763491e-01	-5.001187e-01	-1.926589e-01	9.989571e-01	8.770309e-01	1.120406e+00	9.609463e-01	1.454484e+00	5.835138e-01	-8.959693e-01	3.674220e-02	6.614686e-01	-3.476537e-01	2.046925e-01	9.514441e-01	9.949529e-01	7.271736e-01	-3.287218e-01	-1.091793e-01	1.517817e+00	1.126540e-01	9.238094e-01
6.535588e-01	1.031073e-01	1.962567e-01	7.834428e-01	-2.727535e-01	3.494240e-01	4.336060e-01	-4.564044e-01	9.737643e-01	-2.260770e-01	5.360550e-01	-2.198801e-02	1.379263e+00	-3.381907e-01	-7.165475e-01	7.855145e-01	-7.750212e-01	-1.419377e+00	2.583085e-01	3.400231e-01	5.509906e-01	-1.142897e+00	6.400719e-02	-5.639943e-01	-3.394330e-01	2.870208e-01	6.412267e-01	-2.716820e-01	-5.946988e-01	-9.663853e-01	-4.063428e-01	3.331790e-01	-4.101118e-01	8.055362e-01	1.286074e+00	6.951100e-01	-1.860674e+00	3.190749e-01	4.316800e-01	1.401616e+00
2.392141e-01	9.477485e-01	2.490392e-02	7.032794e-01	-3.920656e-01	-4.947396e-01	3.601999e-01	-3.625798e-01	-9.788090e-02	-2.403880e-01	-2.036063e-01	-4.126657e-01	2.026279e-02	4.810190e-01	1.508461e-01	1.376990e+00	1.105426e+00	4.701384e-01	1.243114e+00	-2.674284e-01	1.104546e+00	9.253032e-01	9.017955e-01	7.938382e-01	3.610220e-01	2.438082e-01	7.265966e-01	2.962931e-02	8.890296e-01	5.952001e-01	1.480151e-01	1.310961e+00	8.972294e-01	4.298410e-01	7.809173e-01	6.647660e-01	1.241462e+00	9.164761e-01	-3.870801e-01	8.974616e-01
1.383814e+00	4.183098e-01	1.749004e-01	1.385738e+00	1.000671e+00	-1.974879e+00	-2.427886e-01	-2.212715e-01	1.364809e+00	-7.910370e-01	1.415942e+00	-2.546411e-01	4.174840e-01	-1.210167e+00	9.083941e-01	-7.959328e-01	1.290228e-01	-1.533015e+00	8.987444e-01	1.735215e-01	7.753358e-01	-2.153932e+00	-8.628080e-01	5.954886e-01	5.726004e-01	8.135405e-01	5.369326e-01	-9.562279e-01	6.888134e-02	-1.320512e+00	-8.969978e-01	1.064980e+00	1.483560e-01	1.078293e+00	-1.011717e+00	1.925432e+00	4.239623e-01	1.196209e+00	-1.065912e-01	-5.987703e-01
2.148717e-01	-4.685198e-01	2.087861e-01	-6.535690e-01	2.904985e-02	-1.253705e+00	3.965509e-02	2.224121e-01	4.973672e-01	3.887353e-01	-7.541699e-01	9.043442e-01	-9.212767e-02	6.103263e-01	5.654834e-02	7.930143e-01	1.741903e+00	-3.365005e-01	2.081248e-01	1.645890e+00	7.059890e-01	-1.127944e-01	3.077718e-01	1.683642e+00	4.000871e-01	1.601636e+00	-2.113177e+00	-1.264504e-01	4.221942e-01	1.054010e+00	6.804545e-01	-4.684645e-01	-3.888182e-01	2.672638e+00	8.369817e-01	2.510245e+00	-2.011489e+00	3.487738e-01	2.190593e-01	-8.772103e-02
-2.980511e-01	4.856408e-01	-1.152993e+00	1.608977e+00	2.122695e-02	-1.644871e-01	6.856002e-01	4.563734e-01	9.650153e-01	2.020958e-03	2.151164e+00	-1.267702e+00	2.491160e-01	3.920509e-01	9.791000e-01	-9.454656e-01	1.441830e-01	9.505979e-01	1.240613e+00	3.951326e-01	-1.802817e-01	-1.231589e+00	2.067192e+00	1.251857e+00	2.781195e+00	9.335706e-01	2.201577e+00	1.951883e+00	-1.332721e+00	2.115493e+00	2.026245e-01	1.578379e+00	-5.565150e-01	1.976261e+00	7.253225e-03	-2.300144e-01	6.777990e-01	-2.411643e-01	-1.071773e-01	3.675346e-02
-8.814364e-01	7.286830e-01	-4.163018e-02	-5.062692e-01	7.245410e-01	5.586240e-01	1.148825e+00	-7.632140e-02	1.792084e+00	-1.871618e+00	1.892351e+00	7.175970e-01	-1.325376e+00	-8.967023e-01	-1.408808e+00	-8.015977e-01	-2.375563e-01	-6.064279e-01	-1.093159e+00	-1.222910e-01	5.074164e-01	-1.214809e+00	-8.481607e-01	1.056439e+00	-4.437192e-01	1.496973e+00	2.451231e-01	-1.939682e+00	1.344101e+00	2.621343e+00	-4.498931e-01	3.655826e-01	6.199405e-01	1.234578e+00	7.588811e-02	1.651352e-01	6.651248e-01	5.362731e-01	-3.363744e-02	2.911656e-01
-9.517388e-02	-9.656889e-01	4.149922e-01	1.806476e+00	-8.003854e-01	-5.010059e-01	1.126766e+00	3.517138e-01	-3.275949e-01	-8.459404e-02	-1.968076e+00	3.232915e-01	-1.426382e+00	1.062035e+00	-1.703399e+00	1.201919e+00	8.068104e-01	-1.058804e+00	5.658928e-01	1.119144e-02	1.745003e-01	-1.858449e+00	3.222494e-02	7.671529e-02	-1.395623e-01	1.172329e+00	-1.076048e-01	-1.559356e+00	-2.240580e-01	1.145217e-02	-5.023108e-01	4.483255e-02	1.160857e+00	1.040176e+00	1.041696e+00	-1.247123e+00	8.805458e-01	-2.815194e-01	-5.079719e-01	-2.521507e-01
-8.036654e-01	-6.239705e-02	3.043403e-01	-6.092797e-01	-7.679988e-01	-1.800240e-01	2.766969e-01	6.438978e-01	2.013099e+00	2.122249e-02	-1.307941e+00	7.596301e-01	-1.712382e-01	1.665706e+00	2.101304e-01	1.433438e+00	8.389538e-01	5.421350e-01	-5.121470e-01	8.922411e-01	6.948467e-01	6.424202e-01	-1.653374e+00	-8.961405e-01	-3.315674e-01	-2.228359e-01	9.797682e-01	-2.174134e-03	4.012591e-01	1.716715e+00	7.629861e-01	-1.451036e+00	6.210204e-01	8.979712e-01	5.455646e-01	1.422267e+00	1.310635e+00	-7.806487e-01	-6.043713e-01	3.484577e-01
-7.075238e-01	-3.676516e-02	1.011572e+00	-9.015143e-01	-3.351946e-01	-2.204575e+00	-2.384073e+00	-1.739797e-02	2.233864e+00	-2.067155e+00	3.843599e+00	6.890759e-01	7.058870e-01	-1.620084e+00	4.447517e-01	2.359928e-01	4.717398e-01	2.893647e+00	1.059064e+00	8.105763e-01	1.735385e+00	2.738176e+00	2.700016e+00	2.712860e+00	2.206174e+00	2.854144e-02	1.411240e+00	1.325422e+00	1.171564e+00	4.274933e+00	-5.599802e-01	2.297957e+00	-1.329072e-02	1.357773e-01	6.633595e-01	1.344799e+00	3.510246e-01	-7.679334e-01	4.615679e-01	-2.931586e+00
-1.536309e+00	-9.669142e-02	1.553265e+00	-2.173132e+00	-1.931153e+00	1.348253e+00	-1.540587e-02	4.481610e-01	1.010065e+00	1.250192e+00	-6.648753e-02	9.328698e-01	2.242919e+00	6.344087e-01	-6.035778e-01	2.205294e+00	-3.691669e-01	-3.663495e-01	1.815137e+00	1.529113e+00	2.130582e+00	1.362700e+00	-5.604949e-02	-1.459245e+00	-5.089668e-01	1.807702e+00	-1.358863e+00	7.395782e-02	1.332258e+00	1.401985e+00	1.815679e+00	1.270792e+00	-4.903108e-01	7.785277e-01	1.525859e+00	2.831686e+00	2.625726e-01	1.238820e+00	-1.698117e+00	7.288353e-01
5.530682e-01	-1.969241e-01	1.110027e-01	-1.407316e+00	-4.781560e-01	1.638817e+00	-2.861208e-01	-9.607325e-01	3.370200e+00	-8.612241e-01	3.005180e+00	2.445970e-01	1.335514e+00	3.430791e+00	1.949475e+00	4.577602e-01	-6.762604e-01	-2.534287e-01	1.674550e+00	1.853236e+00	1.806528e+00	1.384548e+00	9.531917e-02	8.365320e-01	-9.014553e-01	-8.591809e-01	8.031218e-01	2.019375e+00	-1.958743e+00	-5.697503e-01	-9.332043e-01	-2.609644e-01	2.648509e+00	1.499467e+00	-7.550339e-01	-2.911617e-01	-8.321994e-02	5.223559e-01	2.574669e+00	7.175877e-01
-1.071429e+00	9.598464e-01	2.462359e+00	6.945528e-01	1.297838e+00	6.998624e-01	6.489414e-01	8.743052e-01	1.129489e+00	-6.210397e-02	1.270031e+00	1.879616e-01	6.484556e-01	-9.074802e-01	1.190794e+00	1.020070e+00	8.390380e-01	5.338919e-01	-6.424197e-01	1.334494e-01	-3.326139e-01	-3.003161e-01	-1.457046e-01	4.913023e-02	-1.633441e-01	6.162718e-01	9.948121e-01	1.831030e+00	-8.204409e-01	1.520710e-01	1.060168e+00	6.959141e-01	7.054165e-01	3.669789e-01	1.070554e+00	1.025770e+00	7.402421e-01	5.434474e-01	1.308674e+00	4.119992e-01
1.985454e+00	1.747467e+00	-4.279045e-01	1.634918e+00	1.941345e+00	1.307428e+00	9.341167e-01	2.483472e+00	3.812057e-01	-8.399817e-01	1.247123e+00	1.388539e+00	-1.877440e+00	-2.854535e-01	3.561936e-01	-9.229188e-01	5.140120e-01	4.714331e-01	-2.337380e+00	1.183800e+00	2.221980e+00	6.970259e-01	2.337599e+00	-9.728022e-01	-3.520693e-01	-1.530569e+00	6.356710e-01	-1.166992e+00	1.158849e+00	2.584662e+00	-2.884176e-01	7.344907e-01	8.880265e-01	2.038208e+00	8.938200e-01	-5.073586e-01	3.696620e-01	1.263584e-01	1.055888e+00	-3.019953e+00
1.368341e+00	1.348107e+00	6.199608e-01	-1.101107e+00	2.312424e-01	1.400828e+00	-8.869778e-01	7.476730e-01	2.140900e-02	1.397150e+00	-1.818209e+00	9.800725e-01	-1.894120e-01	6.784937e-01	4.322149e-02	-1.792695e-01	-7.206750e-01	9.360903e-01	1.733595e+00	-3.394684e+00	3.097386e+00	-1.499488e+00	-2.271415e+00	2.077601e+00	1.983999e+00	-5.830469e-01	1.190561e+00	-9.856239e-02	2.486971e+00	-3.688597e-01	3.583732e-02	4.587808e-01	1.423981e+00	1.562129e+00	3.827988e-01	-2.242477e+00	3.649506e-01	2.451979e+00	-3.502552e-01	-2.353995e-01
4.377759e-01	4.572412e-01	2.978681e-01	4.164930e-01	2.079924e-01	1.155202e+00	7.328709e-01	-3.513889e-01	1.150373e+00	-1.601781e-01	4.619040e-01	-7.522293e-01	-9.010987e-01	9.190640e-01	-4.362293e-01	-3.770262e-01	-1.095124e+00	-6.903274e-01	-8.946587e-01	4.961614e-02	-1.298728e+00	1.942324e-02	-1.794221e-01	2.244609e+00	-4.668296e-01	1.586408e+00	4.225628e-01	-4.989428e-01	5.985517e-01	6.135427e-01	-4.839875e-01	-2.819928e-01	-1.754910e-01	1.498374e+00	5.637425e-01	2.353028e-02	-2.739238e-01	1.124480e+00	1.723488e-02	6.115408e-01
6.656159e-01	-2.655063e-01	-9.666098e-01	1.096082e-01	4.876279e-01	5.480871e-01	1.188205e+00	-4.256237e-01	1.480579e+00	-6.197505e-01	2.597314e-01	3.487121e-01	5.217673e-01	2.636357e-01	-3.189831e-01	-1.329890e+00	5.183824e-01	-1.492303e+00	1.676097e+00	8.895240e-01	1.566763e+00	5.569428e-02	5.023775e-03	4.295734e-02	1.551441e-01	7.639956e-01	1.112577e+00	-1.464782e-01	-1.451427e-01	5.613761e-02	-3.626886e-01	7.888243e-01	-7.109733e-02	1.213238e+00	1.018193e+00	-7.615039e-01	7.161572e-01	-6.138914e-01	9.849806e-01	-1.035953e-01
1.462032e+00	3.368600e-02	-2.156649e-01	5.393665e-01	9.136815e-01	1.422353e+00	1.026539e+00	-2.548771e-01	3.961491e-02	3.041615e-01	-5.875172e-01	6.924968e-01	3.356787e-01	1.180957e+00	-1.807844e-01	-3.535430e-01	9.150470e-01	-1.382684e+00	1.715427e-01	-3.472470e-01	9.133443e-01	-2.255531e-01	5.669545e-01	6.197654e-01	6.032323e-01	3.639207e-01	8.388329e-01	2.814843e-01	4.609109e-01	1.153900e+00	3.852168e-01	1.010923e+00	-7.817053e-01	1.455037e+00	8.682987e-01	-1.581623e+00	4.691469e-01	-6.012078e-02	4.586799e-01	9.263601e-01
1.043251e+00	6.607050e-01	1.219460e-01	3.923198e-01	9.657983e-01	1.628693e-01	1.121094e+00	1.068282e+00	6.261160e-01	-1.430656e-01	-1.245852e-01	1.199011e+00	1.380129e+00	7.158308e-01	1.020935e+00	1.415175e-01	5.089230e-01	4.072275e-01	8.962205e-01	2.397524e-01	4.550722e-01	2.171728e-01	-7.507467e-02	-9.583944e-01	3.847632e-01	6.819623e-01	1.666422e-01	1.405058e-02	1.042906e+00	-5.548432e-01	2.993245e-01	1.208801e+00	7.419855e-02	6.785085e-02	1.069021e+00	6.504110e-01	1.621057e-01	6.694101e-01	-1.594121e-02	-2.262411e-01
4.403302e-01	1.028821e+00	1.444348e-01	1.097097e-01	1.018352e+00	5.809327e-01	1.058180e-01	1.013480e+00	3.250217e-01	3.523548e-01	-5.660882e-01	8.563772e-01	4.843233e-01	9.917529e-01	-4.369228e-02	4.084903e-01	7.042226e-01	8.869923e-01	8.756488e-01	2.093471e-01	4.827967e-01	4.041660e-01	-1.890523e-01	1.555992e-01	2.437591e-01	4.983564e-01	-1.526510e-01	1.628893e-01	3.538701e-01	2.816609e-01	6.573913e-01	-5.447537e-02	6.960606e-01	1.933563e+00	-3.532387e-01	1.278569e+00	5.157167e-01	8.504880e-01	-7.895404e-01	2.644665e-01
3.556879e-01	6.508063e-01	-3.994793e-01	8.796659e-01	1.997335e-01	1.198128e+00	1.618523e+00	-3.587169e-01	-1.338970e+00	5.717257e-01	6.195678e-02	-4.941806e-01	1.678622e+00	-6.243882e-01	3.797884e-01	-1.293783e+00	1.367047e+00	1.335655e+00	2.898818e-01	-4.517515e-01	-7.444984e-01	-1.997138e+00	-8.840358e-01	1.828951e+00	-5.516026e-01	2.337080e+00	1.475530e+00	-1.715828e-01	-2.538214e-01	1.359350e-03	5.063561e-01	1.042670e+00	7.772395e-01	6.710401e-01	6.666256e-01	-5.876441e-01	3.953932e-01	2.475862e+00	-8.678133e-01	-2.302101e-01
1.234499e+00	-5.157644e-02	1.904676e+00	3.194536e-01	-4.161948e-01	2.429731e-01	-1.786344e+00	1.590515e+00	4.003518e-01	2.021200e-01	-1.333037e-01	1.105035e+00	-1.939350e+00	2.283759e-01	1.674136e+00	-1.220730e-02	9.770595e-01	2.318038e-01	-3.382225e-01	-1.518793e-01	-4.076035e-01	1.035329e+00	-1.742011e+00	1.198832e+00	-8.922548e-02	1.049392e-01	1.163595e+00	-8.411701e-01	-9.642061e-01	1.393567e+00	-8.288553e-01	1.380795e+00	5.432114e-02	5.017135e-01	6.494426e-01	-1.478181e+00	4.536254e-01	2.851164e-01	-1.249434e+00	2.983384e+00
-3.900287e-01	4.703427e-01	1.618900e+00	-3.468559e-01	-4.275802e-01	5.508645e-01	-2.227057e+00	2.179946e+00	1.443024e+00	7.441586e-01	1.147805e+00	2.650198e+00	1.414783e+00	-2.986490e-01	7.542432e-01	-6.776432e-01	4.070942e-01	-1.148925e+00	1.328841e+00	7.730715e-01	-1.234091e+00	-1.316707e+00	1.828301e-01	-1.535451e+00	3.538681e-01	1.859030e+00	-3.883283e-01	-1.060461e+00	7.034815e-01	1.088383e+00	1.076926e+00	7.476427e-01	4.914507e-01	-1.376771e+00	4.315114e-01	2.685996e-01	1.650025e-02	-4.428809e-01	-2.174124e-01	-8.040058e-01
3.000986e-01	2.167978e-01	1.133601e+00	9.994387e-01	-3.352770e-01	3.562791e-01	1.455844e+00	2.305437e-01	3.533000e-02	1.220493e+00	9.636547e-01	6.925580e-01	1.140897e+00	4.712749e-01	4.746587e-01	1.296695e-01	5.364291e-01	8.044743e-01	7.116997e-01	8.258339e-01	-1.991994e-01	5.720904e-01	-1.279812e-01	7.688283e-02	5.280686e-01	-1.424421e-01	-2.791279e-01	-4.330322e-01	5.238876e-01	-5.557035e-01	7.337724e-01	1.240351e+00	6.645161e-01	3.147375e-01	8.104270e-02	7.521414e-01	3.395800e-01	1.660899e-01	3.833940e-01	-3.010227e-01
-4.309155e-01	-9.858278e-01	3.264234e-01	1.616259e+00	7.102898e-01	-8.025642e-01	2.187841e+00	-6.248112e-01	1.706346e-01	-4.771998e-01	9.616216e-01	6.756096e-01	1.113235e+00	1.492738e+00	4.503565e-01	-1.258570e+00	9.915656e-01	-5.581343e-01	-1.068310e+00	1.713310e-01	1.602269e+00	8.181078e-01	3.104227e-01	1.734972e+00	2.546896e-02	2.160466e+00	2.218573e-01	-8.931234e-01	1.691224e+00	1.077374e+00	-2.221597e-01	-5.297461e-01	2.278278e+00	1.277325e+00	-6.492958e-02	-6.514622e-01	1.492279e+00	6.116119e-01	-6.917732e-01	2.951431e+00
-9.496497e-02	8.609989e-01	4.893551e-01	4.065472e-01	8.656625e-01	3.497311e-01	8.722575e-01	-1.081884e-02	-5.746979e-01	-7.596094e-02	6.189126e-01	1.644628e+00	5.311623e-01	-6.777366e-02	1.079158e-01	5.417656e-01	-3.217869e-01	1.110684e+00	1.558775e+00	-2.700669e-02	-1.168140e+00	1.980485e-01	2.945140e-01	1.688992e+00	-9.339765e-02	1.145704e+00	1.437133e-01	-9.741335e-01	-3.213565e-01	-1.890103e-01	1.635424e-01	1.589137e+00	2.269727e-01	4.847809e-01	-7.469258e-02	1.180714e-01	-5.241809e-01	4.912351e-01	-4.050634e-02	-3.574737e-01
1.162643e+00	4.015648e-01	-3.457892e-01	3.260378e-01	-1.735079e-01	8.395915e-01	-1.011880e+00	1.771602e+00	1.479302e+00	7.762643e-02	1.164327e+00	1.108802e-01	-6.207888e-01	7.653544e-01	1.256416e-01	9.516908e-01	-1.565774e+00	-1.476889e+00	2.661316e-01	4.268814e-01	1.342494e+00	-9.126343e-02	-8.748632e-01	4.652277e-01	-7.293630e-01	1.473955e+00	2.502934e-01	9.438921e-01	7.939727e-01	4.055987e-01	9.647562e-01	-3.216782e-01	-7.972293e-01	1.945367e+00	-1.589944e+00	-2.736951e-01	1.223054e+00	1.427807e+00	8.107926e-01	-6.300988e-01
1.117956e+00	-8.965891e-01	1.060554e+00	3.077273e+00	-8.971632e-02	-3.177398e-01	-5.283702e-01	1.010726e+00	-3.028967e-01	4.215474e-01	1.107891e+00	2.717982e-01	-3.577058e-01	1.216504e+00	7.003974e-01	1.857937e+00	-6.098954e-01	1.024149e+00	2.651219e-01	1.362328e+00	-8.549547e-02	4.436663e-02	4.019788e-01	-1.020292e+00	9.422323e-01	4.772477e-01	9.166001e-01	1.951421e-01	3.081711e-01	-4.544061e-01	4.972291e-01	-2.681905e-01	1.722615e-02	3.763219e-01	2.067839e-01	-3.262843e-01	1.439752e-01	2.637643e-02	-5.126560e-01	-6.503711e-01
4.285097e-01	8.137671e-01	5.442565e-01	-3.464147e-01	1.026617e+00	4.054662e-01	1.000209e+00	-8.930726e-02	1.377048e+00	1.496574e-01	2.040688e+00	-1.147496e+00	3.062001e-01	1.459614e+00	2.245157e-01	-3.374696e-01	2.224192e-01	2.546237e+00	-3.863391e-01	7.039016e-02	-8.935347e-01	-2.197512e+00	-2.067404e-01	-1.805058e+00	-5.986623e-01	-2.492273e+00	8.981250e-01	-1.480670e-01	1.805725e-01	1.706873e-01	-6.285385e-01	-8.575923e-01	1.080521e+00	8.699946e-01	6.695594e-01	1.785639e+00	-8.598496e-01	1.393821e+00	-6.737897e-02	-9.768138e-02
-5.812522e-01	1.349439e+00	9.792453e-02	-1.603887e+00	6.761959e-01	-1.753200e+00	1.802021e+00	-1.832991e+00	1.587155e-01	2.389003e+00	2.707460e+00	-1.060302e+00	-1.353626e+00	1.112426e+00	1.153048e+00	2.049776e+00	-1.220040e+00	1.277997e+00	1.483694e+00	-1.803954e+00	7.324698e-01	1.237527e+00	1.901303e+00	8.106359e-01	1.662964e+00	5.582372e-01	1.053561e+00	2.289135e+00	-1.362059e+00	-7.198230e-01	-8.863235e-01	8.426065e-01	1.660636e+00	2.824559e-01	-2.030372e+00	1.655818e+00	1.387734e-01	-1.846466e+00	1.100831e+00	1.003870e+00
-2.319191e-01	-1.137984e+00	9.988017e-01	-1.280344e+00	-9.951941e-01	2.710258e-01	1.725160e+00	7.496278e-02	-3.649685e-01	1.900506e-01	-6.264180e-02	1.027347e+00	1.086545e-02	1.630112e+00	5.926612e-02	7.661113e-01	-4.610267e-01	5.067321e-02	-4.039967e-01	1.225873e-01	1.580988e+00	1.981822e+00	6.794828e-01	2.417451e+00	-2.748676e-01	-2.456462e-01	-6.127563e-02	-5.465120e-01	-3.736554e-01	-5.543909e-01	-1.672777e+00	1.104242e+00	6.487425e-01	5.634360e-01	-1.135212e+00	2.327952e+00	-1.855380e+00	1.158835e+00	-5.047150e-01	1.137567e+00
-1.015301e+00	2.102183e+00	1.733322e-01	1.138365e+00	-1.711109e-01	-8.080689e-01	1.436007e-01	-5.862008e-01	1.194443e-01	3.019422e-03	2.093734e-01	3.213732e-01	2.462363e+00	-1.419711e+00	2.213938e-01	-1.851892e+00	1.112462e+00	8.736305e-01	2.216314e-01	-1.416158e-01	-2.720158e-01	1.219681e+00	2.584109e-01	6.972297e-01	1.413381e+00	1.677852e+00	2.077924e+00	5.439828e-01	1.578729e+00	1.037157e+00	-9.521832e-02	-9.081197e-01	-8.143505e-03	-1.102794e-02	6.143310e-01	1.524822e-01	2.612211e-01	1.125590e+00	4.845584e-01	2.974976e-01
5.751921e-02	4.821625e-01	1.511555e+00	3.337624e-01	6.487058e-01	6.985151e-01	1.091489e+00	-2.901342e-01	9.021722e-01	4.218619e-01	1.206302e-01	1.157569e+00	-3.401178e-01	2.769791e-01	7.666171e-01	5.797389e-01	5.345584e-01	9.122332e-01	5.605640e-01	-8.821133e-02	-6.347608e-01	-3.677513e-01	9.635352e-01	8.195159e-01	1.096059e+00	-1.213731e-01	2.987948e-02	1.031903e+00	-1.834807e-01	4.748632e-01	-6.117850e-01	1.246569e+00	8.063873e-01	-1.978551e-01	6.650121e-01	1.049407e+00	3.934090e-01	1.347308e+00	1.399459e+00	1.132147e+00
-2.673256e-01	4.438326e-01	-4.654583e-01	6.462423e-01	1.438314e+00	6.120102e-01	-6.538459e-01	6.818753e-01	6.861736e-01	-8.386772e-01	4.464934e-01	-4.899196e-02	1.644045e+00	-9.884945e-01	1.471778e-01	6.829197e-01	-2.017696e-01	-7.359847e-01	2.571586e+00	1.884651e+00	9.230578e-01	-5.486813e-01	4.855749e-02	2.428084e-01	9.859756e-01	9.926496e-02	5.954516e-01	-2.388634e+00	-1.484417e+00	9.574142e-01	1.517782e+00	5.027534e-01	8.846591e-01	-1.476014e+00	-4.279924e-01	5.678261e-01	9.717966e-01	1.235630e+00	1.040111e+00	-8.519976e-01
-4.324504e-01	1.397892e+00	7.911878e-01	-1.232574e+00	-2.059477e+00	-1.451557e+00	-4.562264e-02	-1.535211e+00	-1.101670e+00	2.580054e+00	3.783992e-01	1.629123e+00	2.613398e+00	1.441790e+00	-1.887766e-01	-3.963187e-02	2.750650e+00	8.526086e-01	1.388597e+00	4.815543e-01	-1.961450e+00	2.581817e+00	3.606612e-01	1.742115e+00	2.017056e+00	5.998404e-01	2.637638e-01	1.585055e+00	2.482583e-01	5.072329e-01	-1.766829e+00	3.716389e-01	4.938265e-01	-2.878462e-01	-1.061159e+00	1.429001e+00	-4.707700e-01	2.495622e+00	-2.640911e-01	6.345876e-01
6.504341e-01	-3.735068e-01	1.969345e+00	2.530846e+00	9.479035e-01	8.625328e-01	-3.457860e-01	1.057771e+00	-4.162792e-01	2.731510e-01	-1.904622e+00	-4.236424e-01	3.086814e-02	1.061427e+00	1.143920e+00	5.430563e-01	-1.496004e+00	-3.760931e-01	4.526300e-01	2.796512e-01	-4.430723e-01	1.412166e+00	5.057602e-01	2.697469e+00	1.407557e+00	5.748547e-01	-3.191025e-01	-1.238110e+00	1.334489e+00	-8.984217e-01	8.491729e-02	2.142772e-01	5.076652e-01	1.845136e+00	1.682093e+00	2.260468e-02	-4.271799e-01	1.052419e+00	-1.301738e-01	-1.450507e-01
2.574930e+00	-2.322641e-01	1.173181e+00	1.721350e+00	-2.540423e-01	-3.347687e-01	-7.755491e-01	3.826011e-01	-1.362615e-01	2.525662e+00	1.483844e+00	-1.122592e-01	1.053834e+00	2.056417e-01	3.477527e-01	1.685525e+00	7.763550e-01	-3.288867e-01	1.720487e+00	1.512683e-01	9.289042e-01	2.787312e-01	-3.292241e-01	-7.284399e-01	8.613958e-01	2.060060e+00	6.493030e-01	1.004582e+00	8.966735e-01	4.888585e-01	-5.017040e-01	-1.987067e+00	1.793820e+00	1.321671e+00	1.020551e+00	9.322939e-01	-1.776150e+00	-2.377832e-01	-3.768076e-01	-1.168728e+00
-6.743991e-01	-6.590950e-01	2.005847e+00	2.790526e-01	8.752800e-01	1.813972e+00	2.014769e+00	5.841341e-01	-1.418021e-01	9.131187e-01	1.418546e+00	-2.246268e-01	2.205759e+00	8.384633e-01	8.250989e-01	1.094982e+00	3.022538e-01	-3.741746e-01	2.766328e-01	1.946272e+00	1.863798e-01	1.444725e+00	-9.359715e-01	1.202365e+00	-2.831367e+00	-6.560671e-01	-1.834221e+00	-2.341661e+00	8.654014e-02	-3.515455e-01	1.725996e+00	-2.976082e-01	-4.594253e-01	-1.249174e-03	3.725968e-01	9.100309e-01	1.463086e+00	-3.513970e-01	8.607426e-01	4.689189e-01
9.309429e-01	-5.061353e-01	-3.667423e-01	-2.938895e-01	6.520120e-01	-3.111862e-01	8.340991e-01	-3.737374e-01	1.026290e+00	-2.990884e-01	7.139748e-01	-2.093637e-01	2.394609e-01	7.650099e-01	-3.173725e-02	-5.446345e-01	5.549539e-01	1.301704e+00	-1.543278e-01	-1.628059e-01	-5.918215e-01	1.116303e-01	2.095450e-02	-2.501717e-01	1.916175e+00	2.826333e-02	-8.656911e-01	-3.508221e-02	3.313539e-01	5.670594e-01	3.416602e-01	2.058113e+00	7.630834e-01	3.398462e-01	1.263086e+00	4.216658e-01	1.256145e+00	1.834049e+00	5.217202e-01	7.868937e-01
-1.702887e-01	1.234251e+00	1.347746e+00	-2.733964e-01	3.086759e-01	-2.940946e-01	1.351425e+00	1.150196e+00	2.062112e-01	1.166701e+00	-4.548827e-02	6.775303e-01	5.126941e-01	1.177037e-01	-4.357399e-01	1.455681e-01	3.934351e-01	4.128993e-01	2.473284e+00	-1.166205e-01	2.631548e+00	3.117835e-01	2.278447e-02	3.192782e-01	5.483320e-01	-8.012039e-02	-7.020768e-01	-1.576459e+00	5.631288e-01	-1.423244e-01	7.491786e-02	-9.868404e-02	9.170560e-01	9.023851e-01	1.921174e+00	3.291603e-02	-1.302555e-01	-1.236626e+00	2.188270e+00	1.529546e+00
-1.180514e-01	1.211850e+00	4.762131e-01	4.661074e-01	1.202768e+00	-2.949775e-01	-4.136457e-02	3.695772e-02	8.814431e-02	-3.212386e-01	1.868438e+00	6.009902e-01	-3.970598e-01	1.466401e+00	-7.822213e-01	-7.529760e-02	-1.204246e-01	-8.918638e-02	-7.304594e-01	-1.504159e+00	1.981901e-01	1.676935e-01	-1.006587e-01	-1.830578e+00	1.304955e+00	8.011799e-01	2.096389e+00	1.147870e+00	-3.241465e-01	6.221121e-02	-4.543698e-01	1.337279e+00	9.248008e-01	2.037591e-01	7.191037e-01	6.713617e-01	4.709040e-01	-4.024925e-01	4.729061e-01	1.112643e+00
1.672847e-01	6.811214e-01	2.896720e-01	5.608103e-01	-6.294464e-01	7.986074e-01	6.216860e-01	-6.876116e-01	3.613515e-01	2.503921e+00	1.200642e+00	1.965129e+00	-1.413634e-01	-7.879899e-01	3.151091e-01	1.306358e+00	1.379042e+00	-1.891665e-02	3.159463e-01	6.785144e-01	1.191561e+00	4.953217e-02	7.233370e-01	4.664844e-01	5.360729e-01	1.414956e+00	3.554394e-01	1.823662e-01	-6.534361e-01	7.970460e-01	-1.490910e-01	-3.797361e-02	7.032557e-01	2.730951e-01	-3.558585e-01	1.487161e+00	2.106142e+00	1.994309e-01	4.374525e-01	-8.803446e-01
-2.454112e-01	1.466199e+00	1.141686e+00	-9.857628e-02	-1.920584e-01	-3.498665e-02	1.381232e+00	2.274430e-01	7.201586e-01	-1.167722e+00	-8.697227e-01	1.435745e+00	-7.646551e-01	5.471996e-01	1.560593e-01	-7.069907e-01	4.094343e-01	2.877908e-01	5.273532e-01	1.535987e+00	5.809802e-02	5.549078e-01	1.750116e+00	5.986064e-01	-1.549922e+00	1.326470e+00	1.995163e-01	1.020521e+00	3.132574e-01	2.809163e-01	8.734123e-01	-1.666289e-01	1.349044e+00	1.081153e-01	-3.460399e-01	2.653826e-01	-5.200656e-01	2.577132e-01	-1.561288e-01	1.621715e+00
-3.921854e-02	-5.392356e-02	4.161109e-01	7.035798e-01	1.004533e+00	3.455650e-01	1.710397e-01	-3.483545e-01	7.917015e-01	4.083189e-01	-3.847219e-01	-1.340008e-02	1.175392e+00	2.500256e-01	2.730970e-01	7.112504e-01	1.748517e-01	6.746950e-01	4.791933e-01	1.230154e+00	-1.329893e-03	6.512008e-01	3.880674e-01	6.887114e-01	1.104899e+00	9.688208e-01	-1.499984e-01	-1.324982e+00	5.394339e-01	2.933348e-01	7.641312e-01	-3.777184e-02	4.708480e-01	6.764486e-01	5.362849e-01	1.007548e+00	-3.345098e-01	9.587924e-01	-2.557241e-01	1.440990e+00
3.842744e-01	4.923586e-01	1.699292e+00	-4.077224e-01	-7.274614e-01	-5.601732e-01	1.418282e+00	6.073911e-01	-1.441461e-01	-5.212776e-01	-3.763556e-01	1.630170e+00	1.462225e+00	-1.998442e-01	1.120538e+00	1.026461e+00	9.636443e-01	8.013981e-01	1.023249e+00	4.699404e-01	1.009117e+00	1.257508e+00	-1.920440e-01	1.353527e+00	-1.640724e-02	2.628673e-01	-1.043758e+00	2.909642e-01	-1.046017e-01	-2.435097e-01	1.404317e-01	7.854718e-01	9.245280e-01	1.451181e+00	2.743828e-01	2.597445e-01	4.119466e-01	5.207153e-01	4.558639e-02	9.515669e-01
4.685254e-01	1.296454e-01	1.216971e+00	8.662543e-01	7.168285e-01	1.139524e+00	-8.904288e-01	9.846878e-01	1.064821e+00	1.030169e+00	-3.345144e-01	1.729340e+00	1.955402e+00	-1.820913e+00	1.751477e+00	1.204457e+00	-1.505614e+00	-9.719924e-02	3.818950e-01	2.094515e+00	5.037901e-01	1.658724e+00	1.706838e-01	5.596446e-01	-9.495735e-01	1.232211e+00	-2.188559e+00	1.344912e+00	-4.978159e-01	1.734013e+00	3.193851e+00	8.899028e-01	1.248020e+00	-1.494962e+00	1.265675e+00	1.980753e+00	3.053771e-01	-1.270282e+00	9.175590e-01	-1.515945e-01
-6.149403e-01	5.024690e-01	-2.553536e-01	1.395227e+00	-8.808051e-01	1.550856e+00	1.377384e+00	6.713783e-01	5.322920e-01	1.024260e+00	1.105913e+00	8.664756e-01	1.007130e+00	-3.746975e-01	9.288939e-01	7.841286e-01	8.613171e-01	9.140838e-01	8.621620e-01	3.108672e-01	-9.490931e-01	5.706356e-01	1.656990e+00	4.417216e-01	6.363507e-01	3.333209e-01	1.449799e-01	-6.648229e-01	2.323886e+00	-5.218245e-01	1.481677e+00	1.740339e+00	2.466432e-01	7.603278e-02	-7.285930e-01	7.249048e-01	3.442027e-01	8.310496e-01	-9.349973e-01	-1.536836e+00
-2.367899e-02	3.424308e-01	6.326893e-01	2.168460e-01	4.040358e-01	1.186781e+00	-5.401635e-01	8.443531e-01	1.971581e+00	5.426233e-01	7.427480e-01	8.568440e-02	-7.202421e-01	3.785070e-01	-1.442190e-01	4.186730e-01	-7.577631e-01	6.785189e-01	9.151976e-01	-1.021845e+00	6.841263e-01	-7.471572e-01	4.081500e-01	-1.326581e+00	5.205113e-01	-3.983677e-01	8.154865e-01	-6.657728e-01	-1.042829e+00	-4.155885e-01	6.173257e-01	1.377501e+00	5.834646e-01	5.491704e-01	-6.391407e-01	9.085059e-01	4.150384e-01	7.793504e-01	4.380453e-01	8.129173e-01
-2.834297e-01	-1.282848e+00	-6.198619e-01	2.402274e+00	-3.780492e+00	-1.216904e+00	-1.149777e+00	2.021719e+00	7.609274e-01	-3.878249e-01	3.249918e+00	1.063890e+00	1.718857e+00	1.426584e+00	4.905582e-01	6.644260e-01	2.056099e+00	1.647639e+00	-1.592696e+00	1.887187e+00	-2.766777e-01	1.650692e+00	-4.414249e-01	-1.107612e+00	2.662647e+00	2.391327e+00	2.035921e+00	-9.800685e-02	1.514570e-02	-3.273687e-01	-2.539398e-01	-1.197873e+00	-3.754981e+00	1.168684e-01	8.034200e-01	-2.116310e-01	1.033377e+00	-1.339581e+00	-2.805251e-01	3.170784e+00
-3.908315e-01	4.759976e-01	-1.860413e-01	4.851895e-01	-5.971458e-01	9.486836e-01	6.274055e-01	2.694252e-01	6.294775e-01	4.716058e-01	1.095650e+00	7.208046e-01	5.034037e-01	8.512217e-02	1.190940e+00	1.506387e+00	5.082113e-01	6.491984e-01	1.207308e+00	-7.731435e-04	-2.271882e-01	1.856122e+00	1.273513e+00	-1.341089e+00	5.042284e-01	-7.103970e-01	3.518974e-01	-2.659811e-01	-1.233458e+00	8.839755e-01	-9.155808e-02	-3.290042e-01	3.462305e-01	1.541575e+00	-1.026770e+00	-6.435108e-01	-6.383994e-02	-3.969266e-01	-9.005328e-01	-3.933828e-02
4.402556e-01	-1.841544e+00	2.010005e-01	1.621222e+00	-1.562172e+00	1.310899e+00	5.795657e-01	-9.028455e-01	1.465943e-01	-8.942919e-01	1.839661e+00	-5.226395e-02	3.162170e-01	6.273229e-01	-5.862747e-02	-1.372887e+00	2.139635e+00	1.887341e+00	4.674003e-01	1.923592e+00	-6.354421e-01	-1.759960e+00	1.203299e-01	-5.979514e-01	3.728126e-01	2.989095e+00	2.832207e-01	3.014198e+00	-9.966992e-01	1.368768e-02	1.001226e+00	1.266912e+00	1.655849e+00	1.284666e+00	7.404704e-01	1.312002e-01	1.286425e+00	-1.282704e+00	1.355550e+00	1.988673e+00
4.689524e-02	1.058274e+00	2.629047e-01	4.239946e-01	-5.412385e-02	5.224850e-01	6.019620e-01	8.142753e-01	1.934848e-01	2.342180e-01	4.583330e-01	-8.490589e-02	-1.019439e-01	7.526727e-01	6.627436e-01	8.405434e-01	1.858533e-01	9.066157e-01	3.692379e-01	3.770523e-01	-1.290092e-01	5.813693e-01	5.817085e-01	8.428557e-01	2.530507e-01	1.175460e-01	-1.796138e-01	-2.380234e-01	6.086631e-01	1.155025e+00	5.702208e-01	8.600004e-01	1.441494e+00	-5.662029e-01	1.113935e-02	1.338297e+00	6.664373e-01	1.013471e+00	-6.741182e-01	5.377351e-02
6.955651e-01	7.012281e-01	1.283503e+00	-6.417894e-02	1.217339e+00	3.357916e-01	6.990422e-01	-6.752669e-01	1.981691e-01	-1.186730e-01	4.448170e-01	1.348618e+00	-8.259692e-01	3.415797e-01	9.496738e-01	5.378794e-01	-3.857585e-03	3.088028e-01	-7.262740e-01	1.900098e-01	1.033360e+00	2.195990e-01	5.384176e-01	-4.185068e-01	-5.232386e-01	-2.208276e-01	1.749078e-01	4.082309e-01	-3.739142e-01	-2.785231e-01	-9.617336e-01	1.517411e+00	-7.957925e-03	1.097094e+00	-6.811533e-02	4.237668e-01	-1.000350e-01	-5.992937e-02	-4.292971e-01	1.037412e+00
-1.027763e+00	2.721588e-01	-1.966789e-01	1.034614e+00	-3.182521e-01	-4.070556e-01	-1.224676e-01	-2.133442e-01	-6.824892e-01	9.598670e-01	-1.063475e+00	1.247306e+00	2.298355e-02	1.814180e+00	1.071601e+00	1.432169e+00	-8.619693e-01	6.683270e-01	1.317192e+00	8.235501e-01	7.917895e-01	1.001531e+00	1.755989e+00	-1.459812e-01	1.352915e-01	7.820096e-01	1.600204e+00	-4.960172e-01	5.109373e-01	1.487862e-01	-4.423584e-01	8.706945e-01	9.322589e-01	1.649096e+00	2.972708e-01	1.577023e+00	-6.965171e-01	1.546875e-01	-9.143944e-02	-2.638355e-01
1.101318e+00	6.748708e-01	-8.837101e-01	4.591979e-01	6.225961e-01	-6.743203e-01	-1.547958e+00	7.360694e-01	-2.897348e-01	1.846202e-01	-1.510091e+00	1.613074e+00	5.576016e-01	7.038033e-01	-1.770647e-01	1.487926e+00	2.411467e-01	-7.005013e-01	3.124174e+00	7.410049e-01	9.429834e-01	1.425464e-02	3.037278e+00	1.009065e+00	2.235209e-01	1.808363e+00	7.454842e-01	4.432204e-01	1.222062e+00	5.435869e-01	4.325595e-02	-6.126409e-01	5.685089e-01	1.928205e+00	-8.614780e-02	-1.413420e+00	9.907454e-01	1.420729e+00	3.946068e-01	-3.823831e-01
-3.599418e-01	-5.880382e-01	6.624689e-01	1.370573e+00	6.710717e-01	-5.250014e-01	3.690964e-01	-5.893810e-01	7.300722e-01	2.574762e-01	-6.484855e-01	4.547643e-01	1.924779e+00	-5.057539e-01	-8.601962e-01	-4.493648e-01	1.454683e+00	-1.005630e+00	7.504382e-01	1.393770e+00	-3.292743e-01	-1.254627e+00	-5.172437e-03	4.261360e-01	2.694435e-01	7.726882e-02	-2.878749e-01	-7.561039e-01	1.815244e-01	-1.614046e-01	5.329576e-01	7.328710e-02	8.331880e-01	-3.845110e-01	-5.652887e-01	2.654588e-01	5.028315e-01	3.130756e-01	3.253576e-01	3.324750e-01
-3.028192e-01	3.042602e+00	8.395014e-01	1.228428e+00	1.148915e+00	1.022279e+00	-6.249107e-01	1.653869e-01	4.486244e-01	-6.322173e-01	1.217970e+00	1.942472e+00	9.423288e-01	-1.390290e+00	6.332916e-01	1.451553e+00	-6.733357e-01	-1.055271e+00	2.666974e+00	1.007814e+00	4.741309e-01	6.939619e-01	1.428939e-01	-9.506511e-01	-7.192625e-01	8.343083e-01	-8.986066e-01	-1.426635e+00	1.698276e+00	-1.062618e+00	1.632326e+00	-1.927385e+00	-4.400773e-01	1.329342e+00	-1.214308e+00	7.010015e-01	9.751808e-02	1.360272e-02	9.825482e-01	-8.857816e-01
1.937883e-01	9.191294e-01	1.128642e+00	-3.058354e-01	2.191002e-01	-7.821862e-01	-1.322834e-01	1.730575e-01	5.030614e-01	-3.931695e-01	-2.364822e-01	4.033802e-01	-1.392204e-01	2.280868e-01	-1.726800e-01	1.006077e+00	-5.323316e-01	2.629604e-01	3.543156e-02	2.555916e-02	4.450662e-01	-3.375855e-02	6.011497e-01	5.939794e-01	1.222773e+00	7.492062e-01	3.302872e-01	2.793585e-01	1.108057e+00	7.490304e-01	-9.672559e-01	6.056350e-01	1.503767e+00	5.412561e-01	-4.495275e-01	1.102392e+00	-5.816973e-02	6.852140e-01	1.795763e-01	7.662703e-01
3.800595e-01	-2.143085e+00	-2.854287e-01	-1.039336e+00	9.906894e-01	3.284584e-01	1.933041e+00	2.029249e+00	1.753727e+00	-4.524818e-02	2.168710e+00	-2.557926e+00	-6.101792e-01	7.877682e-01	-5.848439e-01	2.900545e+00	2.169764e+00	-1.155423e+00	-3.481174e-02	-4.265978e-01	1.837902e+00	1.283300e-01	1.217825e+00	-5.517743e-01	-6.375342e-01	2.327282e+00	1.900172e+00	4.254888e-01	8.064743e-02	-8.060849e-01	-7.394987e-01	1.742809e+00	-3.392779e-01	-1.495997e-01	4.514808e-01	1.752565e+00	4.176856e+00	9.682662e-01	1.271120e+00	3.108420e-02
4.010014e-01	6.825634e-01	-5.601628e-01	8.122282e-01	-7.823344e-01	9.219720e-01	3.657283e-01	7.404338e-01	-7.303812e-01	1.993386e-01	1.599630e+00	3.343989e-01	1.658474e+00	2.599095e-01	-4.778948e-01	5.639820e-01	-1.063552e-01	8.926996e-01	1.863657e+00	-2.463446e-01	5.803167e-02	-2.781436e-01	6.491901e-01	1.694444e+00	-1.412619e-01	3.285212e-01	1.337902e-01	-1.311755e+00	9.120198e-01	4.572631e-01	7.348508e-01	6.762634e-01	-3.717993e-01	4.451478e-01	3.447930e-01	7.251374e-01	5.894300e-01	1.177437e-01	3.628772e-01	-1.367457e+00
2.061916e+00	4.140835e-01	1.140655e+00	-2.030045e-02	3.777057e-01	7.150641e-01	4.628242e-01	-7.375805e-01	1.625299e+00	-1.922106e-01	6.055741e-01	-5.023079e-01	2.838414e+00	-4.551696e-01	-1.012245e+00	-1.024552e+00	-3.212755e-01	-2.140603e+00	7.058655e-01	3.998773e-01	-7.252505e-01	-2.947064e-02	-4.893385e-01	4.257983e-01	1.063218e+00	7.896424e-01	-4.093744e-01	1.173191e+00	9.406496e-01	-4.188012e-01	-1.785277e-01	-1.482292e+00	6.159393e-02	9.297522e-01	-7.277049e-03	1.240525e+00	-1.018727e+00	-2.216370e-01	4.355626e-01	2.340661e+00
5.236422e-01	-1.852936e-02	-6.429472e-02	3.651754e-01	7.841682e-01	7.877072e-01	-2.960579e-01	2.553752e+00	-7.412574e-01	1.461648e+00	4.744867e-03	1.095002e-01	1.413317e+00	7.930020e-01	2.961720e-01	2.356488e-02	-2.174193e-01	1.053718e+00	-1.630873e+00	2.715492e-01	1.278317e+00	1.019641e+00	1.813642e+00	1.786125e+00	5.486458e-01	6.336298e-02	8.402185e-01	4.523808e-01	-1.612402e-01	2.938435e+00	-8.131626e-01	-4.364462e-01	6.544413e-01	-5.304412e-02	6.123713e-01	8.685084e-01	5.471230e-01	-2.617813e-01	7.867591e-01	5.110312e-01
4.054041e-01	1.657927e+00	1.247936e+00	1.041543e+00	1.457985e+00	1.450601e+00	1.034106e+00	5.293209e-02	1.110878e-01	-1.645977e+00	2.574068e-02	1.842107e-01	1.257759e+00	2.198757e-03	-2.114594e-01	2.350493e+00	-2.205819e-01	7.021696e-01	2.427770e+00	9.727439e-01	4.647401e-01	-1.702624e+00	-4.079858e-01	7.229689e-01	1.740407e+00	6.420606e-01	6.332011e-01	-1.733100e+00	1.880081e+00	-1.767556e+00	-3.245226e-01	-1.564858e+00	7.631702e-01	-3.407049e-01	-3.104370e+00	5.786238e-01	1.251335e-01	1.003190e+00	1.782213e+00	9.709512e-01
2.008042e+00	4.151070e-01	-9.775678e-01	-3.482017e-01	-2.071752e-01	5.585000e-01	9.317504e-01	8.138110e-01	-2.812704e-01	-2.129608e-01	4.742462e-01	3.027031e-01	1.297035e+00	1.135661e+00	4.246408e-01	-3.468768e-01	-2.750244e-01	4.883587e-01	1.674790e+00	1.251391e+00	2.351958e+00	9.445555e-01	-1.255371e+00	5.312572e-02	1.934533e+00	3.387266e-01	1.075179e+00	1.236963e+00	9.799865e-01	4.082091e-01	-9.298110e-01	1.362862e+00	-5.332131e-01	1.960163e+00	1.166694e+00	-3.171112e-02	1.582843e-01	4.356544e-02	1.605289e+00	1.232623e+00
-2.677677e-01	1.585905e+00	-5.067234e-01	-1.904581e-01	7.892319e-01	7.948235e-02	7.281918e-01	3.426794e+00	3.620335e-01	-6.297092e-02	1.624494e+00	4.575804e+00	-1.806404e+00	1.904588e+00	8.815838e-01	1.816858e+00	2.957608e+00	2.414920e+00	5.384304e-01	9.493994e-01	1.790022e+00	-8.762680e-01	2.301370e+00	-1.036653e+00	2.129782e-01	-7.648040e-01	4.069385e-01	-1.137111e+00	1.855649e+00	4.413750e-01	2.294659e+00	1.066530e-01	-2.499141e-01	1.719653e+00	-5.024318e-01	-4.464982e-01	6.728479e-01	2.922637e+00	-8.353859e-02	-9.036662e-01
3.435149e-01	2.624560e+00	-1.190836e+00	1.558858e-01	1.753037e+00	4.354128e-01	1.235023e+00	1.061655e+00	-1.444811e+00	-2.386939e-01	-1.710744e+00	4.897927e-01	-9.248245e-01	-9.704518e-01	9.724172e-01	2.431950e-01	3.611366e-01	-3.460253e-03	-1.863753e+00	1.230573e+00	-1.165908e+00	1.185211e+00	2.344709e+00	-1.634237e+00	-6.730925e-02	-2.665170e-01	6.630665e-01	1.039921e+00	-3.676983e+00	1.280428e+00	-1.093753e+00	1.422796e+00	7.120762e-02	9.965176e-01	1.902772e-01	-7.294364e-03	5.819065e-01	-1.166521e-02	2.598203e+00	1.527933e+00
5.218552e-01	3.713042e-01	1.051776e+00	1.044351e-01	9.282985e-02	-1.857298e-01	1.454618e+00	-9.961195e-02	7.126131e-01	7.651557e-01	-4.095115e-02	7.227978e-01	1.063671e+00	6.301457e-01	1.141477e+00	6.868887e-01	8.389849e-01	5.217395e-01	4.068868e-01	5.095841e-01	-2.050021e-01	5.850441e-01	-5.775473e-01	-2.439484e-01	1.449094e+00	1.395720e-01	-3.509071e-01	1.063719e+00	-2.166177e-01	1.072208e+00	-3.852054e-01	8.116544e-01	2.733810e-01	5.759631e-01	5.824546e-01	8.688986e-01	3.223745e-01	1.090440e-01	-6.293146e-02	2.094793e-01
-1.169963e+00	2.086600e-01	-3.749876e-01	8.059646e-01	1.374111e+00	4.259537e-01	5.891550e-01	3.051129e-01	-2.279170e-02	8.455012e-01	1.446170e+00	-2.139559e-01	3.595013e+00	-1.037395e+00	-3.619630e-02	-3.633662e-01	5.204616e-01	-6.729893e-01	1.130788e+00	6.910333e-01	9.652916e-01	-1.024784e+00	-3.173872e-01	8.286931e-02	9.309767e-01	1.609575e+00	-8.204627e-01	-1.149229e+00	1.969701e+00	-2.867292e-01	2.763574e+00	7.901123e-01	1.237636e+00	7.508924e-01	-1.100759e+00	-8.825444e-02	-4.037526e-01	-1.726675e-01	-9.942295e-02	-8.812321e-01
7.908364e-01	8.524599e-01	3.132383e-01	-5.676815e-02	-8.142591e-02	2.388287e+00	4.936804e-01	5.051294e-01	-2.443152e-01	9.556077e-01	-4.093262e-01	-3.052035e-02	1.218491e+00	3.140806e-01	2.829267e-01	-1.303591e-01	1.510684e+00	-5.040762e-01	1.304463e-01	1.074264e+00	8.587502e-01	1.936943e-01	5.904808e-01	1.021899e+00	-2.581015e-01	1.491994e-01	1.337545e-01	3.673229e-01	6.520557e-01	1.088096e+00	7.550140e-01	4.027560e-01	-5.338926e-01	8.234932e-01	1.261455e+00	-3.901433e-01	1.193669e-01	1.538970e+00	1.800014e-01	6.215219e-01
-2.334108e+00	8.449026e-01	1.400193e+00	-1.668787e+00	-1.370771e+00	-5.496584e-01	1.738135e+00	2.326042e+00	-8.454270e-01	4.115892e+00	1.183968e+00	1.452841e+00	9.173274e-01	2.242143e-02	2.502740e+00	5.500516e-02	8.240983e-01	1.058285e+00	1.339841e+00	2.145871e+00	7.262088e-01	2.255635e+00	6.615443e-01	-2.900313e+00	-2.971883e+00	6.717055e-01	4.463288e+00	4.490651e-01	2.864729e+00	-1.305670e-01	-8.157595e-01	1.992549e-01	1.496852e+00	-5.844319e-01	7.966303e-01	3.574596e-01	1.418667e+00	-7.741280e-01	2.469108e+00	-1.032566e+00
1.921383e-01	6.714538e-01	-6.900425e-02	-4.007696e-01	3.379370e-01	1.778075e+00	-3.421996e-01	-4.172362e-03	1.011081e+00	4.636470e-01	-5.426452e-01	1.695870e+00	-3.330591e+00	1.909364e+00	3.472146e-01	8.275578e-02	-4.544348e-01	8.046871e-01	1.413404e-01	1.484919e+00	-9.960425e-01	-1.189665e+00	-8.400814e-01	-2.800651e-01	-2.130896e-01	1.336850e-01	1.004984e+00	3.813439e-01	1.451467e+00	1.943066e+00	-7.151444e-01	1.375882e+00	6.085566e-01	1.554440e+00	9.024649e-01	-2.217230e-01	-1.505105e+00	-4.328971e-01	-1.274025e+00	-4.618911e-01
-5.557068e-01	1.984913e+00	1.119722e+00	5.580174e-01	1.219737e+00	3.016229e-01	5.496851e-01	3.340975e-01	-7.871407e-01	7.891552e-01	2.725302e-01	-2.170815e-01	8.903877e-01	1.184237e+00	-5.681207e-01	1.026262e+00	5.004193e-01	1.319079e+00	1.780856e+00	6.796623e-01	1.900683e+00	-1.232910e-01	-5.909796e-01	-8.104302e-02	-2.952704e-01	1.742870e+00	6.922586e-01	4.288947e-01	9.752470e-02	-1.063000e+00	-1.187619e-02	2.476451e+00	1.029104e+00	1.931335e+00	6.336616e-01	2.731396e-01	5.110231e-01	-3.790135e-01	2.234691e+00	7.652691e-01
-2.981270e-01	4.291875e-01	7.843939e-01	4.246314e-01	-9.839456e-02	-3.398000e-01	6.552109e-02	8.240867e-01	6.199965e-01	-1.808434e-01	-9.661992e-02	5.435434e-01	-8.320034e-01	6.699171e-01	4.435960e-01	6.044338e-01	1.227691e-01	3.277119e-01	1.575542e-01	-3.553831e-02	-1.029012e-01	-1.275013e-01	7.090826e-01	-1.068544e-01	-3.128935e-02	-3.996787e-01	1.531408e-01	2.153788e-01	-8.349191e-02	-1.905888e-01	-4.014017e-01	5.621694e-01	2.710314e-01	6.346045e-01	2.617863e-01	1.096090e+00	-1.461689e-02	5.605441e-01	-4.198265e-01	5.614204e-02
1.965432e+00	1.801114e+00	1.442904e+00	7.378326e-01	-6.536196e-01	-4.112202e-01	-1.668195e-01	-3.337450e-01	5.074075e-01	1.856988e+00	2.226711e+00	-6.447353e-01	1.996132e-01	7.342179e-01	-1.365544e+00	1.541217e-01	7.460310e-01	-4.578344e-01	1.182778e+00	4.249580e-01	5.992820e-01	1.086470e+00	1.673388e+00	1.449948e+00	1.032964e+00	-1.012143e+00	-2.136691e-01	-2.157937e-01	-8.508856e-01	-1.411289e+00	2.039930e-01	2.124672e+00	7.022796e-01	-5.150425e-01	1.906971e+00	1.629599e+00	-2.175934e+00	2.090202e+00	1.268381e+00	8.354224e-01
8.392745e-01	3.218029e-01	1.501287e+00	7.668520e-01	4.081191e-01	8.991062e-01	6.313481e-01	-1.240743e+00	8.791424e-01	-4.677971e-01	-9.037271e-01	2.109464e+00	5.217642e-01	-8.079613e-01	9.187644e-01	1.394442e+00	-3.962698e-01	-1.352562e+00	-5.954022e-01	-2.148270e-01	6.422806e-01	1.751949e+00	2.622964e-01	1.340533e+00	2.684245e-01	-1.155306e+00	-3.737093e-01	-1.160639e+00	1.860203e+00	1.149407e-01	3.356291e-01	9.624567e-01	7.167001e-01	-2.467538e-02	9.011825e-01	9.695971e-01	-2.252491e-01	1.784274e-01	4.445852e-01	6.422860e-01
6.971895e-01	6.465000e-01	-1.310884e-01	1.283088e-01	4.293179e-01	-5.699767e-01	8.238169e-01	1.048639e+00	2.766103e-01	5.645913e-01	-1.819182e-01	5.228084e-01	3.547409e-01	9.250461e-01	7.647539e-01	8.444642e-01	1.067087e+00	2.726687e-01	9.135034e-01	7.340245e-01	4.717636e-02	3.933992e-01	8.846572e-01	7.390488e-02	3.508393e-01	5.318827e-01	9.601841e-02	-3.302965e-01	-2.851324e-01	1.955289e-02	2.230428e-01	4.270180e-01	3.351697e-01	7.491684e-01	7.509730e-02	1.440031e+00	5.998686e-01	6.346220e-01	3.504575e-02	2.308471e-01
5.205145e-01	1.742852e-01	6.551126e-01	3.311038e-01	3.104817e-01	-5.062924e-01	6.519579e-01	6.863679e-01	3.244400e-01	1.560644e-01	2.616071e-01	9.477136e-01	2.515465e-02	2.168695e-01	5.879556e-01	6.653276e-01	4.690743e-01	8.043397e-01	3.562179e-01	-2.478082e-01	-3.018190e-01	1.004062e-01	5.250295e-01	5.372147e-01	5.269689e-01	2.593189e-01	-1.983086e-01	-1.681959e-01	4.633025e-01	4.870411e-01	5.428321e-01	1.713344e+00	9.331302e-01	4.672939e-01	4.966075e-01	1.018925e+00	6.455689e-01	1.061314e+00	-6.731549e-01	3.740220e-01
1.331236e+00	-2.739562e-01	-3.141808e-01	6.407340e-01	8.722575e-01	-6.170810e-01	2.498517e+00	-8.274820e-01	5.002467e-01	-3.390301e-01	1.160479e+00	3.552492e-01	8.822576e-02	5.101893e-01	4.345349e-01	1.273851e+00	5.693642e-01	1.173783e+00	-1.090411e+00	6.515336e-01	6.524752e-01	-1.233480e-01	-5.702357e-01	-1.542127e-01	4.332766e-01	1.805609e+00	-8.307937e-02	-2.042176e-01	7.223161e-01	1.049122e+00	-4.848465e-01	8.731665e-01	6.928322e-01	8.966906e-01	4.566899e-01	2.509317e-01	6.538990e-01	-1.387860e+00	8.920175e-01	1.411299e+00
8.878291e-01	7.476962e-01	2.193053e+00	1.826131e+00	5.301287e-01	6.167285e-02	1.038698e+00	5.165844e-01	-2.152206e-01	2.065639e+00	5.633500e-01	-4.827821e-02	8.711886e-01	-3.305653e-02	1.030695e-02	6.541008e-01	4.077918e-01	9.254053e-01	2.800384e+00	1.522302e+00	2.992761e-01	2.951737e-01	6.123170e-01	1.519097e+00	-1.190917e+00	-4.795909e-01	1.406518e+00	1.781901e+00	-2.393361e-01	-7.158996e-01	-8.091704e-01	5.226774e-02	8.596773e-01	1.274378e+00	7.265477e-01	6.643033e-01	1.324589e+00	-4.419401e-01	2.139775e+00	7.024713e-01
-8.067405e-01	1.168228e+00	4.526056e-01	1.556173e+00	5.561262e-01	2.651340e-01	6.739044e-01	7.453422e-01	-3.557247e-01	1.446082e+00	7.611308e-01	5.600611e-01	-2.553779e-01	5.957011e-01	1.553347e-01	1.417552e+00	1.588242e+00	8.817108e-01	1.830417e+00	1.531395e-01	6.109411e-01	8.182968e-01	9.794923e-01	7.911503e-02	-4.632509e-01	1.093762e-01	8.691932e-01	-4.246874e-01	-9.540392e-01	-1.830669e-01	3.732791e-01	6.004653e-01	1.029579e+00	-4.053791e-01	1.319940e+00	8.843198e-01	1.446685e+00	3.611733e-01	9.721844e-01	2.138991e-01
-1.321763e+00	1.353018e+00	5.134472e-01	9.907248e-01	1.354576e+00	2.201911e+00	2.197665e+00	-7.205017e-01	5.429668e-02	-3.186799e-01	2.732781e-01	1.278569e+00	5.834156e-01	-2.127210e-01	4.424864e-01	3.878618e-01	1.561910e+00	-8.824624e-01	1.197618e-01	-1.483465e+00	-5.052933e-01	-2.125334e-01	-4.432135e-01	4.420682e-01	2.650418e+00	1.822104e+00	5.790044e-01	5.341439e-01	5.000886e-02	1.302943e+00	2.007150e+00	3.687056e-01	1.369830e+00	-1.627447e+00	1.682476e+00	2.031883e+00	1.233413e+00	8.167916e-01	1.225210e+00	1.629950e+00
3.458670e-01	6.208919e-01	1.573243e-01	2.842548e-01	1.039489e+00	-6.873893e-01	-4.653113e-01	2.660590e-01	1.349859e+00	2.612998e-01	3.478513e-01	4.578359e-01	-7.449829e-02	4.176278e-01	1.406971e+00	1.732946e-01	-1.736016e-02	6.760490e-01	7.494868e-02	2.375594e-01	-1.354369e-01	-2.066152e-01	1.848647e-02	9.912053e-02	3.622587e-01	2.345861e-03	8.854717e-01	2.821553e-01	2.243504e-01	7.653272e-01	-2.069039e-02	7.337796e-01	1.256886e+00	-1.153669e+00	-4.644762e-01	1.367374e+00	8.541316e-01	4.848289e-01	-7.671108e-02	3.957334e-01
-1.133116e-01	7.511047e-01	-7.211903e-01	-2.523915e-01	7.553683e-01	1.144170e+00	-2.673045e-01	2.431962e+00	7.474299e-01	-1.349590e+00	2.342142e-02	-1.178459e+00	8.614343e-01	-7.716654e-02	-9.520630e-01	4.165104e-01	-9.515258e-02	3.201154e-02	1.381489e+00	-3.037017e-01	8.638358e-02	-7.775038e-01	5.974385e-01	3.798361e-01	-1.134287e+00	2.024255e+00	6.325250e-01	-1.091529e+00	5.390178e-01	9.995062e-01	1.377365e+00	-3.743962e-01	2.477165e-01	1.133524e+00	4.536726e-01	-7.326979e-02	7.292718e-01	6.154757e-01	1.143974e+00	4.813738e-01
9.062139e-01	1.431232e+00	3.865298e-01	4.283340e-01	1.195750e+00	1.377962e+00	8.685466e-02	-1.349647e+00	9.043343e-01	4.999602e-01	1.382077e+00	1.891159e+00	7.293903e-02	1.966458e+00	6.570064e-02	-3.715683e-02	8.915410e-01	1.106437e+00	-2.497220e-01	2.884131e+00	-1.727718e-01	4.288172e-02	1.155793e-02	7.120683e-01	-1.656381e+00	1.639263e+00	-8.920861e-01	9.184340e-01	2.102632e-01	5.862695e-01	1.080120e+00	1.000630e-01	2.826627e+00	-9.101777e-01	-2.600018e-01	-1.775948e-01	-9.037400e-01	-2.370749e-01	-2.076836e+00	-3.842366e-01
9.316207e-01	-2.688414e-01	5.373387e-01	-4.965540e-01	1.012748e+00	-2.258597e-01	7.223176e-01	1.126367e-01	1.331288e+00	1.380968e-01	5.129146e-01	3.591593e-01	-1.673464e-01	1.143105e+00	-1.251491e-01	6.169708e-01	8.287448e-01	1.004483e+00	1.019102e+00	-7.991888e-01	-9.557930e-02	-1.126852e-01	5.656380e-01	-8.156683e-01	2.082194e-01	1.427361e+00	-6.001537e-01	2.457754e-01	3.309226e-01	4.823553e-01	-2.892797e-01	1.566255e+00	1.041956e+00	5.518878e-01	2.583457e-01	7.292712e-01	6.231903e-01	4.560807e-01	-3.499652e-01	2.647339e-01
1.289674e+00	1.821685e-01	8.248770e-01	1.208808e+00	-6.507756e-01	8.311942e-01	-1.484075e+00	1.081887e+00	3.677504e+00	1.161503e+00	1.744212e+00	1.584410e+00	1.014601e+00	-1.516978e+00	-1.285838e+00	1.311194e+00	-1.368137e+00	-5.569789e-01	-2.589030e+00	-3.311429e-01	-1.531287e+00	1.888635e+00	-1.549872e+00	-3.596207e-01	-2.208556e-01	-4.690854e-02	7.164157e-01	-2.977653e-01	-9.761308e-01	2.050194e+00	2.430382e+00	-7.550625e-02	1.409593e+00	-1.469782e-01	-1.852041e-01	-1.393260e+00	2.436745e+00	3.043104e-01	8.771849e-01	2.985862e+00
1.328195e+00	3.372295e+00	1.168122e+00	3.100397e-01	-4.261604e-01	2.617353e+00	1.058575e-01	2.878962e+00	8.564267e-01	2.079927e+00	1.140446e+00	1.706434e+00	-1.346494e-01	-6.434836e-01	1.822880e+00	-1.373565e-01	2.724103e+00	1.783844e+00	1.235583e+00	1.929592e+00	1.917106e+00	6.569799e-01	3.463966e+00	4.654976e-01	8.728437e-01	1.658782e+00	1.900771e-01	-1.371823e+00	-2.040323e+00	2.137864e-01	-4.684458e-01	-2.784265e+00	-1.334192e+00	-3.546950e-01	1.296842e+00	-5.880669e-01	9.051156e-01	6.123585e-01	-1.426350e+00	1.038213e+00
-2.288247e-01	-2.709793e-01	-7.504238e-02	2.960860e-01	5.322033e-01	1.553642e+00	-1.917671e-01	-7.361432e-01	-3.045554e-02	-8.566453e-02	1.473619e-01	-1.383215e-01	1.719386e+00	9.223156e-01	5.601597e-01	4.218813e-01	6.572864e-01	-4.625377e-01	-7.077542e-02	8.967658e-01	-4.718364e-01	6.174011e-01	-4.674440e-02	1.238300e+00	2.331475e-01	2.091490e-01	5.765561e-01	2.909313e-01	-2.239618e-01	1.373867e+00	3.348954e-01	1.023268e+00	8.368564e-01	3.690515e-01	3.427024e-01	1.672872e-01	4.852906e-01	-2.188414e-01	7.319493e-02	1.767135e-01
-5.870219e-01	-1.705055e+00	8.098070e-01	2.139552e+00	5.682840e-01	-1.038717e+00	9.817446e-01	9.008722e-01	1.173007e+00	-8.632433e-01	-8.698412e-01	1.540354e+00	1.766052e+00	-2.743799e-01	-2.371862e-01	-9.967348e-01	9.452677e-01	1.518326e+00	-6.452551e-01	7.761477e-01	-6.481476e-01	-2.618903e+00	-1.820383e+00	1.939880e+00	2.816885e+00	2.370825e+00	8.349029e-01	-6.877104e-01	1.118473e+00	-3.334061e-01	1.201653e+00	1.316368e+00	-3.150122e-01	1.129491e+00	7.009944e-01	8.248334e-01	7.410614e-01	2.269068e+00	-2.078149e+00	1.671711e-02
-3.643929e-03	2.960790e-01	1.136592e+00	5.578811e-01	6.136616e-02	7.190452e-01	1.544070e+00	2.677885e-01	5.428651e-01	6.337244e-01	6.296932e-01	-8.965119e-02	7.915952e-01	7.957545e-01	9.896150e-01	2.679047e-01	3.649325e-01	1.153530e+00	2.123639e-01	6.004394e-01	2.810463e-01	3.407327e-01	-2.538287e-01	1.772482e-01	1.481078e-01	-3.115296e-01	-3.050931e-01	-1.471577e-01	2.059574e-01	-1.414875e-01	2.805604e-01	6.495075e-01	5.335780e-01	1.102882e+00	3.864699e-01	1.024335e+00	4.079468e-01	-2.527525e-01	4.867915e-01	-1.978582e-02
4.146867e-01	3.216337e-01	-3.848992e-03	1.042203e+00	3.712093e-02	9.121542e-01	-3.404335e-01	8.011179e-01	-1.009572e+00	-1.484687e+00	2.087219e-01	3.323966e-01	6.667048e-01	6.773428e-01	-7.421968e-01	1.136753e+00	8.308417e-01	2.327393e-01	7.397174e-01	3.666663e-01	1.051364e+00	-8.697783e-01	5.663629e-01	6.318084e-01	5.720837e-02	4.557313e-02	-1.801502e-01	9.083331e-01	1.077434e+00	-5.972697e-02	6.721445e-01	7.032211e-01	6.065873e-01	9.433345e-01	-4.539565e-01	5.218782e-01	-2.002785e-01	5.840496e-01	7.031636e-01	3.366344e-01
5.808438e-01	8.859382e-01	1.279240e+00	-9.348359e-01	7.102222e-01	-5.992266e-01	1.383296e+00	-8.178849e-01	1.948613e+00	-6.337626e-01	-1.664707e+00	1.667885e+00	-6.269455e-01	-4.505579e-01	-1.258055e+00	2.026654e+00	2.185842e-03	-1.707476e+00	1.170709e+00	5.374826e-01	2.220612e-01	-1.291940e+00	1.994492e+00	-1.774569e-01	-2.675925e-01	1.391452e+00	9.119220e-01	-5.592786e-01	-8.546287e-01	-8.222578e-01	-1.567974e+00	-9.771729e-01	2.706277e+00	1.226861e+00	-5.161587e-01	5.889495e-01	2.678539e-01	7.364708e-01	5.585372e-01	8.966388e-01
-1.263308e+00	5.073295e-01	3.755175e-01	5.753449e-01	6.621213e-02	1.772560e+00	5.683961e-01	-6.441776e-01	3.890008e-01	1.439120e-02	3.095331e-01	-1.156949e+00	1.775973e+00	-6.749828e-01	-1.263348e-01	8.499424e-01	7.754602e-01	-5.484091e-01	4.584229e-01	1.458922e+00	-5.534599e-01	-1.219895e+00	1.215584e-01	2.516465e+00	-4.376138e-01	7.407152e-01	5.902104e-01	-9.001306e-01	5.727533e-01	2.768941e+00	-4.871600e-01	4.107708e-01	-5.470014e-01	7.110755e-01	-1.875384e-01	3.594412e-01	6.543193e-01	-6.977882e-01	-2.220971e-01	6.888117e-01
2.907666e+00	-4.423042e-01	-5.563816e-02	5.474229e-01	7.097891e-01	-1.504696e+00	-2.243683e+00	2.561342e+00	7.215595e-01	-8.759631e-01	1.194930e+00	3.472379e-01	1.611181e+00	-1.697059e-01	1.876663e+00	-1.123941e+00	-2.885403e-01	-7.616231e-01	6.100481e-01	-4.878017e-01	2.062106e+00	-1.036380e+00	-7.887572e-01	1.976033e-01	9.614757e-01	3.977199e-01	5.552623e-01	2.420700e+00	-1.078379e+00	7.548617e-01	2.211761e-01	3.699588e-01	-4.601400e-01	8.588203e-01	2.093391e+00	1.439851e+00	1.017956e+00	-1.735901e+00	1.179224e+00	1.564413e+00
1.660827e-01	-4.181263e-01	-4.202574e-02	-2.350359e-01	1.392168e+00	4.780439e-02	-1.746801e+00	1.146872e+00	-2.251096e-01	-6.824301e-01	7.544448e-01	1.648494e+00	-2.536818e-01	-5.485652e-01	3.470740e-01	1.249638e+00	1.353137e+00	-8.595087e-01	-3.602943e-01	1.841093e-01	2.615436e-01	-4.467107e-01	-1.569907e+00	-2.060125e+00	2.237279e+00	-1.081283e+00	1.712347e+00	-3.022005e-01	-2.652410e-01	1.737119e+00	1.361510e-01	7.253499e-01	1.790963e-01	5.442482e-01	1.689760e+00	7.177456e-01	9.687132e-01	1.194970e+00	-4.442002e-02	-4.238892e-01
-1.800719e-01	2.296317e-01	7.920398e-01	4.877403e-01	4.825159e-01	1.174883e+00	3.181235e-01	1.987061e+00	1.214708e+00	-8.003013e-01	2.540778e-01	-4.807510e-01	8.619007e-01	1.179581e+00	9.540384e-01	6.839830e-01	3.537797e-01	-1.086575e-01	1.585035e-01	8.749099e-01	1.802272e+00	-2.046330e-01	-1.107710e+00	7.606643e-01	4.262661e-01	-5.302022e-01	3.060331e-01	4.825237e-01	-3.638393e-01	1.066677e+00	7.835394e-01	4.353223e-01	5.905013e-01	1.917977e+00	6.938210e-01	3.837179e-01	5.281411e-01	-5.956520e-01	-6.706395e-02	3.932455e-02
-6.226569e-01	-8.979235e-02	9.697744e-01	7.244023e-01	5.938612e-01	4.225498e-02	2.091359e+00	-6.873317e-02	6.794380e-01	9.281040e-01	-2.466418e+00	1.158886e+00	-5.786923e-01	-2.511938e+00	-2.986017e-01	-1.174274e+00	-8.978814e-02	-9.984212e-01	1.693553e+00	8.056259e-01	1.219469e+00	-1.941641e+00	2.678482e+00	-1.039858e-02	3.875596e-01	1.940854e+00	-1.370699e+00	1.236018e+00	6.905350e-01	8.997829e-01	-3.549247e-01	-4.476379e-01	2.883314e+00	-1.411724e+00	-1.069852e+00	-1.513357e+00	1.202519e+00	3.783417e-01	2.323145e+00	2.079416e+00
1.319097e+00	2.055968e+00	1.220909e+00	2.185615e+00	1.408644e-01	1.598287e+00	-7.384939e-01	1.751305e+00	1.181986e+00	1.804161e+00	-1.575744e-02	7.514120e-01	1.320514e+00	-6.569657e-01	-1.734287e-01	-5.594668e-01	4.717200e-01	-2.653184e-01	1.852417e+00	8.233708e-01	5.377316e-01	-3.873891e-01	1.361669e+00	9.152470e-01	1.087341e+00	9.986074e-02	-3.356323e+00	8.999162e-01	-6.859125e-01	1.085421e-01	2.549346e+00	-2.527776e+00	2.197656e+00	-1.031896e-01	1.878669e+00	9.837202e-01	-1.309710e+00	-1.560933e+00	-4.456311e-01	-1.844462e+00
-4.074567e-01	-4.657072e+00	1.842573e+00	-1.987735e-01	1.620931e+00	7.718785e-01	2.713131e+00	3.948353e+00	-2.028458e+00	2.191783e+00	1.465735e+00	-4.448929e-01	1.012983e+00	-8.258801e-01	5.338335e-01	1.510050e+00	8.588977e-01	2.410669e+00	-6.796946e-01	1.023694e+00	2.501010e+00	-1.948405e+00	-1.808020e+00	3.931145e+00	2.468249e-01	9.023856e-01	1.702931e+00	8.116330e-01	-1.089891e+00	1.507072e+00	-1.374109e+00	1.283251e+00	2.345327e+00	1.668896e+00	3.994808e-01	2.166869e-01	2.580950e+00	-1.111802e+00	-3.192586e-01	-6.448795e-02
4.543825e-01	8.439889e-01	7.354773e-01	-1.093021e-02	1.042770e+00	-3.267207e-01	1.438693e+00	6.121180e-01	1.526914e+00	-1.684650e-01	1.071828e+00	-4.071884e-01	1.314447e+00	8.509749e-01	-1.091896e-01	-7.045899e-02	-6.538325e-01	1.272918e+00	1.722065e+00	-2.836724e-01	1.784975e+00	-9.833588e-01	1.191321e+00	-5.523149e-02	1.393062e+00	1.266886e+00	-1.255468e-01	1.274764e+00	-5.020703e-01	4.571759e-01	6.442871e-01	6.823763e-01	1.430690e+00	1.324928e+00	4.896489e-01	1.088836e+00	-9.896162e-01	-1.455704e-01	4.858590e-01	5.917537e-03
1.998306e+00	2.204855e-01	-1.218841e+00	9.291261e-01	1.806156e-01	9.582139e-02	3.326216e+00	6.360556e-01	2.258854e-01	1.956133e+00	-4.849778e-01	-1.364165e+00	1.546292e+00	1.065110e+00	-1.948477e+00	-6.966905e-02	-2.748077e-02	9.056033e-01	5.392261e-01	-1.794131e+00	1.326336e+00	-2.324179e+00	9.002201e-01	-2.082047e+00	-1.263060e-01	3.800870e-01	5.129548e-01	3.195885e+00	4.301062e-01	9.975828e-01	-6.771634e-01	3.357668e+00	-1.597449e+00	2.583406e+00	1.727440e+00	1.148928e-01	2.099609e+00	8.744189e-01	4.318200e-01	3.818900e-01
5.064222e-01	1.913197e-01	3.307038e-01	2.621580e-01	6.127682e-01	1.393271e-01	1.312571e+00	9.246778e-01	4.146937e-01	5.640010e-01	2.557517e-02	3.075306e-01	-1.645034e-01	4.924584e-01	2.766744e-01	4.652805e-01	3.815803e-01	3.297825e-01	8.087694e-01	6.098250e-01	6.489718e-01	-2.125451e-02	5.192831e-01	2.999640e-01	7.532724e-01	5.520459e-02	7.493443e-02	-1.084187e-01	9.511739e-01	-2.321766e-01	1.226244e+00	4.000186e-02	5.606680e-01	8.933971e-01	1.156006e-01	4.128906e-01	6.503651e-02	7.650872e-01	3.607157e-01	-8.883578e-02
3.096665e-01	7.937891e-02	1.419202e+00	-8.951132e-01	-6.563554e-01	1.986156e-01	-2.353376e-01	-3.557361e-02	8.871283e-01	1.367810e+00	-2.589101e-02	5.322225e-01	-5.178820e-01	1.439602e+00	4.399083e-01	9.052620e-01	-1.329561e+00	1.520464e-01	5.546549e-01	9.483565e-01	-5.273273e-02	5.228842e-01	-3.637096e-01	4.022066e-02	-3.340853e-01	5.289793e-02	-1.239484e-01	-7.404770e-02	1.453216e+00	7.086425e-02	-7.453785e-02	1.208402e-01	1.077687e+00	1.250625e+00	3.937914e-01	8.352474e-01	9.552040e-02	3.776931e-01	2.394205e-01	1.256955e+00
3.838093e-01	-6.508297e-01	-5.254521e-01	1.573544e+00	2.417288e-01	-2.291119e-01	1.539471e-01	-3.318069e-01	1.201917e+00	2.390854e-01	-1.949030e-02	3.099269e-01	5.573508e-01	-4.709605e-01	-8.664890e-01	1.743494e+00	5.004199e-01	-9.488655e-01	1.647072e+00	-7.060078e-02	9.895831e-01	-5.261328e-01	-3.800131e-01	-5.468851e-02	-1.987869e-01	-8.066998e-02	7.962367e-01	-3.146969e-01	-3.293977e-01	4.849270e-01	-3.174788e-02	9.465874e-01	-1.153715e+00	-3.189872e-01	1.510389e+00	6.558319e-01	4.167835e-01	-4.375653e-01	-5.709392e-03	-3.625486e-01
6.116427e-01	6.305541e-01	-1.070275e-01	1.087977e+00	5.189330e-01	-4.956762e-01	-6.516128e-01	4.039210e-02	-8.625956e-01	1.436145e-01	1.894898e+00	1.123064e+00	1.458741e+00	1.425895e+00	1.362702e+00	3.941189e-01	1.690559e+00	1.188913e-01	3.068438e+00	-1.374765e-01	-2.142562e-01	6.717057e-01	-4.705729e-02	7.698498e-01	-5.275708e-01	2.338470e+00	5.868967e-01	5.950200e-01	7.544582e-01	1.044105e+00	1.790103e+00	-1.052826e+00	-8.633213e-01	1.960486e+00	1.706544e-02	-6.362729e-01	7.694345e-01	-5.032571e-01	6.450924e-02	-3.107085e-01
7.965173e-01	1.408435e+00	8.105553e-01	4.129792e-02	5.310326e-01	6.003025e-02	1.328446e-01	-8.014456e-02	2.645341e+00	3.978353e-01	1.598524e-01	-7.787856e-02	8.147662e-01	9.813972e-01	1.750738e+00	7.456789e-01	-2.547486e+00	1.764705e+00	-1.955991e-01	2.972349e-01	-1.049124e+00	-6.028432e-01	1.643832e+00	6.105482e-01	2.035441e+00	-3.302680e-01	4.770751e-01	-4.704481e-01	1.245744e+00	7.374388e-01	8.211845e-01	5.617398e-01	1.768572e+00	-1.644832e+00	-1.877455e-01	-6.561489e-01	7.025517e-01	-2.058630e-01	-2.377830e-01	1.956419e-01
-7.162738e-01	7.657744e-01	-1.540551e+00	9.388927e-02	1.565829e+00	-2.028157e-02	4.739636e-01	2.246411e+00	1.983118e+00	1.008603e+00	-2.922702e-01	-4.933032e-01	1.002557e+00	-3.681419e-01	-3.064505e-01	1.326937e-01	1.387549e+00	-6.298791e-02	-1.404989e+00	9.215637e-02	1.057779e+00	-1.117665e+00	6.177896e-01	1.055009e+00	9.378672e-01	-5.207152e-02	1.358773e+00	-4.730918e-01	8.710297e-01	7.190076e-01	3.115867e-01	-1.875431e+00	1.128020e-01	1.122003e+00	8.793966e-01	1.930549e+00	5.271837e-01	-9.508336e-01	1.211890e+00	-3.395604e-02
1.283487e+00	-5.522410e-01	-1.947852e-01	8.215532e-01	-7.242115e-01	1.636102e-01	1.135645e+00	-1.393663e+00	-1.816323e+00	6.634301e-01	2.485941e+00	-1.244045e+00	-5.743509e-02	6.699060e-01	-1.944869e+00	-1.607013e-01	-1.484707e+00	1.456592e+00	1.365697e+00	-6.054814e-01	-3.358127e-01	-2.159245e+00	1.177833e+00	1.889863e+00	2.664031e+00	4.726492e-01	1.809322e-01	1.117403e+00	-1.341596e+00	1.628626e+00	-4.603168e-01	2.668653e+00	1.583832e+00	1.603204e+00	1.906332e+00	2.950093e-01	-2.132739e-01	3.760164e-01	1.439633e+00	7.676099e-01
3.529469e-01	-3.963604e-02	1.141290e+00	6.959600e-01	-6.702731e-01	6.371442e-01	1.430474e+00	1.113484e-01	3.294780e-01	6.749908e-01	9.380987e-01	-3.619298e-01	1.364284e+00	5.583856e-01	1.186272e+00	-2.160689e-02	5.035794e-01	1.325660e+00	2.383094e-01	5.604335e-01	3.288884e-01	4.126113e-01	-3.992869e-01	-4.408185e-01	5.439263e-01	-3.596557e-01	-5.869940e-01	3.933385e-01	4.058385e-01	-5.603733e-01	2.866095e-01	6.480814e-01	3.241452e-01	1.072606e+00	3.313105e-01	1.335011e+00	6.948939e-02	-2.375280e-01	8.793769e-01	-2.197307e-01
4.020000e-01	1.050693e+00	-1.040915e-01	1.022822e+00	1.235742e+00	3.302938e-01	7.764872e-01	-7.209204e-02	-1.006284e+00	-2.129867e-01	4.351027e-01	6.882847e-02	2.035262e-01	7.161762e-01	-4.257865e-02	2.175459e-01	-4.674101e-01	5.776791e-02	5.882093e-01	1.154834e-01	-1.457180e-01	2.185776e-01	1.000974e+00	7.378697e-01	-6.092242e-01	1.366448e+00	9.755842e-01	-3.720999e-01	1.032626e+00	-1.815334e-01	-3.538377e-01	-1.287497e-01	1.330404e-01	8.542969e-01	-1.111051e+00	1.629730e-01	1.029061e-01	5.971237e-01	4.111825e-01	-7.348102e-01
-1.128112e-01	4.210713e-01	2.435336e+00	1.789940e+00	4.428065e-01	1.003990e+00	-1.083748e+00	-9.092587e-01	-6.403288e-01	-7.827381e-01	2.358245e+00	9.694802e-01	1.065649e+00	-2.665382e-01	8.777700e-01	1.845016e+00	2.078892e+00	6.755050e-01	5.115850e-01	1.545023e+00	6.155906e-01	-9.965711e-01	-1.030452e+00	-1.248845e-01	4.194247e-01	-1.101227e+00	2.487071e-01	-8.743148e-01	1.802067e+00	3.713617e-01	2.247120e-01	9.494509e-01	1.935381e+00	9.089652e-02	-7.496616e-02	4.956474e-01	-6.474603e-01	-2.551937e-01	1.206234e+00	7.700031e-01
2.026252e+00	-1.379005e-01	2.514002e-02	1.870499e-01	-2.266362e-01	2.858109e-01	1.193628e-01	3.032801e-01	8.530972e-01	2.617268e-01	-1.120993e+00	1.699237e+00	7.086793e-02	-8.844132e-01	1.286391e+00	7.824500e-01	-6.949634e-01	-4.466387e-02	1.839948e-01	-6.679944e-01	1.012383e+00	-5.470281e-02	3.899188e+00	1.116982e+00	-1.273967e+00	1.183993e+00	5.419173e-01	-3.379591e-01	1.088417e+00	8.863842e-01	-5.237084e-01	-2.168151e-01	-5.952594e-01	9.522555e-01	5.121742e-01	-1.378887e+00	5.436001e-01	1.141693e+00	-6.985586e-01	9.633055e-01
8.527897e-01	-3.844367e-01	-8.369221e-01	-1.088515e-01	1.691121e+00	-2.815684e-01	-1.737713e+00	1.173933e+00	6.466830e-01	1.334930e+00	1.979513e+00	9.700695e-01	-2.863577e-01	-4.184907e-01	1.487783e+00	4.547141e-01	6.072975e-01	1.647633e+00	-1.256287e+00	7.819845e-01	8.989300e-01	-2.503966e-01	-1.352256e+00	1.013188e+00	8.200041e-01	5.691603e-01	1.483949e+00	1.941194e+00	3.721340e-01	1.068804e+00	-1.478937e-01	2.547814e+00	-2.411618e-01	-6.584261e-01	-7.850074e-01	-7.615577e-01	1.260764e-01	1.654774e-02	2.517462e+00	5.023542e-01
2.509346e+00	1.015670e+00	-1.501356e+00	8.662769e-01	7.181431e-01	-6.391098e-01	2.757076e+00	-2.793295e+00	3.545966e-01	-1.038028e+00	-7.381844e-01	1.019947e+00	-1.940417e+00	1.633891e+00	6.740084e-01	1.971240e+00	-4.342314e-02	7.452018e-01	-2.708644e+00	2.471993e-01	1.850632e+00	2.901091e+00	8.764380e-01	-8.597968e-01	-1.210130e+00	-2.005144e-01	9.346286e-01	-2.416748e+00	2.028535e+00	-7.080556e-01	-3.225317e-01	-8.191804e-01	6.870398e-01	-2.677893e-01	1.082231e+00	3.150181e-01	5.503085e-01	-1.577640e+00	1.867904e-01	3.685983e+00
-1.262618e+00	1.818794e+00	1.137368e+00	1.285135e+00	3.374995e-01	1.754070e+00	4.642775e-02	-8.701994e-01	1.173827e+00	7.867716e-01	7.228744e-03	-1.099993e-01	6.041585e-02	-1.290797e+00	-5.846141e-01	1.416997e-01	3.426638e+00	7.870745e-01	-1.221654e+00	5.322266e-01	7.004430e-01	-3.982422e-01	-3.915946e-01	1.908590e-01	-4.478008e-01	1.908824e+00	-8.732195e-01	1.296210e-01	1.845245e+00	-9.722712e-01	5.084966e-01	-6.642425e-01	3.163514e+00	7.755420e-01	8.629625e-01	2.145937e-04	-1.034229e+00	5.120429e-01	2.655186e+00	1.272748e+00
3.880445e-01	4.962546e-02	-1.129441e+00	1.912860e-01	-1.292372e+00	1.789968e+00	1.398125e+00	-8.636881e-01	6.944683e-01	3.900514e-01	-3.551210e-02	2.907032e-01	7.851041e-01	-5.872055e-01	-6.459557e-01	3.004680e-01	6.486953e-01	-6.556740e-02	1.445340e+00	2.146386e+00	6.324877e-01	-1.677005e-01	-1.310624e-01	1.079040e+00	-6.005259e-01	8.937196e-01	4.282687e-01	-3.503151e-01	-4.249319e-01	4.157543e-01	7.653844e-02	2.846614e-01	1.028939e+00	8.983047e-01	7.171413e-01	4.751980e-01	8.226791e-01	4.983874e-01	6.593953e-01	-1.587313e-01
1.092861e+00	2.730021e+00	-1.524494e+00	-1.277470e+00	-3.695148e-01	2.684290e+00	1.248258e+00	1.615293e+00	1.633780e+00	-7.142291e-04	2.431572e-01	1.695406e+00	-8.679631e-01	1.189911e+00	2.471730e+00	4.226028e+00	2.085381e-01	1.422664e+00	3.559412e+00	-6.179041e-01	-1.180163e+00	2.703026e-01	-4.593869e-01	5.605977e-01	1.491014e+00	-9.289258e-01	-1.060064e+00	1.132547e+00	-7.913614e-01	1.293289e+00	1.407752e+00	-2.167022e-01	2.326365e+00	1.452905e+00	-9.740047e-01	6.179260e-01	-9.024124e-01	8.187145e-01	1.975120e+00	9.165944e-01
-1.217092e+00	-1.826293e+00	1.294964e+00	2.049818e+00	2.202827e-01	1.179942e+00	3.795129e-01	2.387339e-01	-8.734454e-01	-4.862096e-01	1.486102e+00	1.611849e+00	8.718713e-01	-5.965477e-01	1.505821e+00	-1.220127e+00	-6.282546e-01	1.651831e+00	1.476554e+00	1.624806e+00	3.370780e+00	1.834522e+00	2.903077e-01	1.889705e+00	-6.607273e-01	-5.762724e-01	8.829034e-01	2.669910e+00	9.736359e-01	5.978386e-01	-1.811281e+00	1.023459e+00	1.647799e+00	4.379836e-02	1.245352e+00	-2.192371e+00	5.510722e-01	2.689881e+00	-1.257448e+00	-5.569262e-01
-6.146499e-01	-3.175668e+00	-9.447893e-01	-6.956810e-01	1.768140e+00	3.958308e-01	-1.326987e+00	-7.829744e-01	1.112113e+00	3.350388e+00	9.563689e-01	4.982671e-01	-1.697924e+00	1.694487e+00	7.264081e-01	1.809810e+00	-3.326013e+00	1.666942e+00	-1.084269e+00	6.052317e-01	8.511834e-01	-9.590217e-02	6.281335e-01	3.059099e-01	1.021126e+00	-2.404241e-01	2.621391e-01	4.011543e+00	1.275574e+00	2.305318e-03	1.600858e+00	1.740591e+00	3.614079e-01	3.245558e+00	6.182497e-01	4.533495e-01	1.878533e+00	1.904890e-01	1.077549e+00	1.099061e+00
1.846750e-01	-3.824967e-01	-4.112915e-01	-1.702714e-01	2.905463e-01	8.943186e-01	7.356878e-01	3.502164e-01	1.867980e+00	5.328747e-02	7.643422e-01	7.190235e-01	3.037662e-01	1.183044e+00	-1.885718e-01	-2.939835e+00	5.639328e-01	7.651911e-01	1.913950e+00	1.165118e+00	-8.002858e-01	-7.091520e-01	1.125465e+00	-8.180491e-01	2.423176e+00	1.366071e+00	7.963727e-02	1.170174e+00	-7.054606e-01	-1.137756e+00	7.699463e-01	4.136084e-01	-5.643704e-01	8.444432e-01	1.916857e+00	8.420106e-01	6.225776e-02	7.790928e-01	1.247605e+00	-2.684237e-01
4.009376e-01	-1.298425e+00	6.094710e-01	3.240016e-02	-1.941599e+00	-1.850437e+00	1.673802e+00	4.155766e-01	2.280243e+00	-2.056245e-01	3.399643e-01	5.964098e-01	1.396263e+00	4.053440e-01	8.219275e-01	1.781937e-01	-1.046377e+00	1.686449e+00	2.260872e+00	2.355287e-01	2.021192e-01	-2.143475e-01	5.022593e-01	-9.725167e-01	3.883424e-01	1.717956e-01	-1.254366e-01	8.381214e-02	1.389205e+00	-5.828179e-01	9.138221e-01	1.790440e+00	-7.741734e-01	1.191171e+00	4.853839e-01	6.496762e-01	2.229920e+00	1.370330e-02	3.555539e-01	7.977097e-01
1.845973e+00	1.056375e+00	6.743823e-02	-8.918435e-01	1.401605e+00	5.557976e-01	9.783500e-01	8.250898e-01	7.734688e-02	3.852278e-01	5.973924e-02	1.589551e+00	1.273622e+00	4.978513e-01	1.083432e+00	2.253590e+00	8.887505e-01	-8.727061e-01	6.547874e-01	1.703045e-01	-4.891600e-01	1.185004e+00	3.375230e-01	9.068481e-01	1.430518e+00	-4.880777e-02	-1.198626e+00	4.054414e-02	-1.886438e-01	-4.008184e-01	-2.718252e-03	4.118024e-01	3.104741e-01	2.849970e-01	6.933722e-01	1.365237e+00	3.952825e-01	4.147189e-01	3.658872e-01	-8.709530e-01
6.685026e-01	9.052342e-01	-2.248359e-01	-5.306459e-02	3.080090e-01	-3.193865e-01	-3.338756e-01	-1.590217e+00	1.078949e+00	-3.079965e-01	1.520822e+00	1.664429e+00	1.308778e+00	8.796682e-01	-6.558522e-01	-5.397039e-01	-1.633434e+00	3.822632e-01	1.066231e+00	3.086624e-01	-2.477379e-01	1.832239e+00	9.740192e-01	3.283352e-01	2.115371e-02	-6.520283e-01	1.103842e+00	-8.945093e-02	1.306615e+00	1.409971e-01	2.250888e-01	-3.683687e-02	2.067250e-01	6.004053e-01	-1.645834e-01	1.091252e-01	-1.168088e+00	-1.203370e-01	9.019473e-01	-3.476791e-01
-1.941754e+00	8.765467e-02	6.970574e-01	2.166402e-01	1.216273e+00	-1.463419e-01	1.103512e+00	9.218822e-01	-1.185278e-01	-1.188415e+00	1.273004e+00	2.256965e+00	9.654707e-01	-5.064215e-01	1.336935e+00	-1.777123e+00	-3.318260e-01	1.349060e+00	7.025225e-01	-1.331374e+00	1.097609e+00	-1.886017e+00	1.677691e+00	2.157699e+00	9.498466e-01	-5.738012e-01	-1.919807e-01	1.737660e+00	1.880922e-01	2.401317e+00	1.172652e+00	1.332591e+00	1.466738e+00	4.334713e-01	-3.139419e-01	9.912356e-02	2.363291e+00	-1.407762e+00	1.612761e+00	1.384953e+00
-5.365726e-02	2.469137e-01	-2.386018e-01	1.519115e+00	8.331016e-01	1.256069e+00	8.296319e-01	2.679369e-01	2.548303e-01	5.269556e-01	4.329780e-01	-7.240595e-01	1.047522e+00	-2.033120e-01	-2.734874e-01	4.807677e-01	1.812835e-01	-1.509940e-01	4.812425e-01	5.417909e-01	-4.085760e-02	-4.398936e-01	5.314389e-01	1.601891e+00	3.719839e-01	2.820882e-01	1.052103e+00	9.793539e-02	-4.173280e-01	2.535180e+00	-4.441884e-01	1.611249e-01	1.360764e-01	5.872684e-01	4.866288e-01	-4.234821e-02	2.983088e-01	-2.964128e-01	-2.553225e-02	3.396463e-01
-5.873225e-01	5.506678e-01	-4.069980e-01	1.416238e+00	1.144010e+00	1.276536e-01	-1.601750e+00	3.491668e-01	-6.943571e-01	-1.166985e+00	-2.302948e-01	2.480599e-01	1.323815e+00	-1.106351e+00	6.255558e-01	9.644055e-01	2.174271e+00	6.774154e-01	-6.567096e-01	1.250788e+00	2.264815e-01	-1.320785e+00	1.086671e+00	1.175101e+00	1.202917e-01	1.727460e+00	1.344737e+00	-1.949152e-01	3.461350e-01	1.063578e+00	-2.531717e-01	1.073853e+00	3.182757e+00	-8.022871e-01	-3.369430e-01	-6.236705e-03	3.327012e-01	1.539383e+00	2.468120e-01	-9.846779e-01
-5.095182e-01	-2.037733e-01	8.065454e-01	-4.860000e-01	4.777276e-01	-4.686799e-01	9.734746e-01	-2.162710e-01	4.070692e-01	5.552811e-01	2.339461e+00	-9.565754e-01	-3.655595e-01	5.845646e-01	8.264201e-01	3.247285e+00	3.989974e-01	1.483216e+00	7.536707e-01	-2.498635e+00	6.787965e-01	3.796392e-01	7.882062e-01	2.434767e-01	2.691104e+00	3.909756e-01	-2.529581e-01	1.722469e+00	-6.628108e-01	-1.127570e+00	-8.234703e-01	4.465707e-01	2.019528e-01	-7.632670e-01	-8.939199e-01	1.365273e+00	1.484091e+00	-3.638931e-01	-1.832096e-02	9.136310e-01
1.176059e+00	1.322816e+00	9.705601e-01	4.605128e-02	1.267430e+00	1.152008e+00	4.861523e-01	4.830431e-01	8.394433e-01	-4.277103e-01	-1.136515e-01	6.540023e-01	-4.421327e-01	-9.080769e-02	1.446804e+00	9.271950e-01	-3.442640e-01	7.939579e-01	8.248652e-02	-1.534596e-01	1.876652e+00	-1.272018e+00	1.149912e+00	1.366576e+00	-3.088474e-01	-1.063403e+00	1.130230e+00	1.156709e+00	6.979942e-01	1.712672e+00	1.011323e+00	1.013474e+00	4.698209e-01	5.786611e-01	4.992432e-01	6.452657e-01	-1.167187e+00	-7.698966e-01	-3.924131e-01	3.754291e-01
-2.331087e+00	7.174205e-02	-5.140119e-01	1.976036e+00	1.858171e+00	-2.853389e-01	1.648644e+00	2.015387e+00	-6.788592e-01	2.457572e+00	-1.310470e+00	1.413960e+00	1.377897e+00	-1.633807e-02	-6.740386e-01	-9.641790e-01	2.517776e+00	9.244746e-01	-5.762603e-01	1.806413e+00	3.044282e+00	-1.498508e+00	-1.003519e+00	-3.286082e-01	2.270564e-01	-2.768877e-01	6.708468e-01	2.638761e-01	1.762357e+00	-9.333428e-01	1.063655e+00	-1.850539e+00	6.212860e-01	2.817942e+00	9.156822e-01	1.059922e+00	1.305043e+00	2.208541e-01	-3.236675e-01	7.065376e-01
1.717747e-01	4.289769e-01	6.579918e-01	1.990760e-01	6.962687e-01	-3.643056e-01	1.697888e-01	6.471565e-01	1.295138e+00	6.020731e-02	-1.405807e+00	4.258826e-01	-7.636712e-01	-9.285787e-01	-6.981870e-01	1.118253e+00	-4.332934e-02	-3.077858e-01	1.048300e-01	1.852847e-01	9.267893e-01	-7.575139e-01	6.460621e-01	5.831148e-01	2.673100e-01	8.936837e-01	7.610416e-01	2.870232e-01	2.874927e-02	5.086513e-01	6.975955e-02	7.910262e-03	1.072854e+00	1.126265e+00	-5.846133e-01	-4.432594e-01	2.307521e-01	-6.155961e-02	1.402935e+00	1.745136e+00
7.484804e-01	5.358238e-01	1.118620e+00	8.312526e-01	-8.301914e-02	5.270733e-01	1.008920e+00	3.697635e-01	3.358856e-01	6.942789e-01	2.475196e-01	5.272819e-01	3.745956e-01	4.452713e-01	4.794765e-01	9.003596e-01	1.843739e-01	1.086969e+00	5.041042e-01	2.544843e-02	-2.764360e-01	6.212872e-02	1.901759e-01	2.439608e-01	5.543491e-01	2.307181e-01	3.185554e-01	-1.293755e-01	6.868023e-01	-1.110619e-01	4.835864e-01	9.515721e-01	1.694503e+00	2.939723e-01	-2.932712e-01	8.383566e-01	7.734509e-01	2.398678e-01	3.282948e-01	-2.035615e-01
-6.961342e-01	8.421885e-01	3.332602e-01	-2.674538e-01	-3.946034e+00	9.117076e-01	-4.202625e-01	3.820578e+00	9.876779e-01	8.651200e-01	-3.038005e-02	-8.963568e-01	8.868201e-01	2.377158e-01	-1.817598e+00	1.101367e+00	1.823584e+00	-5.894501e-01	-4.518761e-01	-2.838407e+00	2.503743e+00	-8.877971e-01	-1.702677e+00	2.520480e-01	1.005287e+00	1.340179e+00	1.141643e+00	-9.433282e-02	5.892982e-01	2.154102e+00	2.797668e-01	-2.463681e+00	-6.302783e-01	2.699129e+00	-9.501136e-01	-3.630624e-02	3.909595e-01	-3.656442e+00	2.004223e+00	1.177951e+00
-2.368192e-01	2.669047e-01	3.342083e-01	2.901836e+00	5.666103e-01	9.217140e-01	2.717544e-01	4.912861e-01	-9.240327e-01	2.244371e+00	1.280628e+00	1.111167e+00	6.524061e-01	-9.605642e-01	6.277354e-02	-8.136140e-01	4.527497e-01	2.613301e+00	1.503217e+00	-7.094654e-01	-1.022828e+00	-1.134658e+00	8.511288e-02	7.377729e-01	1.363800e+00	-2.495563e-01	1.427025e+00	3.913599e-01	-5.999292e-01	2.344277e-01	1.871619e+00	1.985282e+00	3.927301e-01	3.828565e-01	1.021078e+00	1.428260e+00	1.166282e+00	3.382555e-01	-1.941401e+00	-1.603579e+00
-4.511988e-01	1.159650e+00	7.501862e-01	1.208711e+00	-6.360776e-01	-1.045818e+00	4.355537e-01	4.131966e-01	1.406569e+00	6.518959e-01	-1.672422e+00	1.781363e+00	1.301849e+00	7.658120e-01	4.625016e-01	-1.763639e-02	5.153373e-01	1.811881e-01	1.141282e+00	2.350676e+00	-2.264627e+00	2.956646e+00	8.448930e-01	1.536162e+00	3.974403e-01	4.007764e-01	6.299053e-01	8.127454e-01	-7.616458e-01	-4.010878e-01	2.260568e-01	1.389944e-01	5.675432e-02	1.480814e+00	9.721092e-02	1.030550e+00	-9.504418e-01	7.188410e-01	1.209717e+00	4.447044e-01
8.529957e-01	-2.827220e-02	-7.729037e-01	9.992407e-01	8.330165e-01	2.343400e+00	2.669578e+00	-9.404728e-01	5.290586e-01	2.591323e-01	-9.408246e-01	2.402406e+00	-6.359582e-01	2.240341e-01	4.801085e-01	-2.649556e-02	8.089258e-01	-5.570344e-02	-2.480124e-01	-9.403730e-03	7.732739e-01	4.371020e-02	9.756973e-01	-2.932369e-01	1.605567e+00	3.522764e-01	8.519063e-01	-2.331611e-02	1.006915e-01	1.109278e+00	4.668134e-01	6.191026e-01	-1.102088e+00	7.910611e-01	7.560602e-01	-7.229485e-01	5.440257e-01	2.000021e+00	-3.442955e-01	-5.752923e-01
1.633308e-01	-1.588129e-01	3.444233e-02	1.019906e+00	-1.405621e-01	3.339723e-01	-2.715718e-02	1.093640e+00	5.258200e-01	4.610863e-01	-1.437525e-01	-1.261999e+00	2.837695e-01	3.132574e-01	1.518525e-01	2.548384e+00	-1.948069e+00	1.384064e-01	1.343503e+00	1.310738e+00	2.147086e+00	4.966861e-01	1.251533e+00	7.013915e-01	2.052738e-01	1.543556e+00	-4.561819e-01	-1.173939e+00	1.747878e-01	1.095806e+00	8.374389e-01	1.610485e+00	7.487194e-01	1.559508e-01	2.605119e-01	1.431233e+00	6.066585e-01	1.437854e+00	2.064394e+00	-6.697186e-02
-4.471123e-01	3.388062e-01	1.049443e+00	6.031391e-01	1.029313e+00	6.263917e-01	1.476161e+00	3.082524e-01	-1.395744e+00	1.906292e+00	-1.027987e+00	1.114771e+00	-9.088755e-01	2.201572e+00	1.588759e-01	3.683207e-01	7.672025e-01	-5.812101e-01	2.350986e+00	-8.482882e-02	7.111743e-01	5.221474e-01	5.302629e-01	2.504917e+00	-8.555593e-01	6.457151e-01	-1.140535e-01	-1.638025e+00	-7.519553e-01	-4.116411e-01	-3.584547e-01	5.704222e-02	1.404477e+00	1.206085e+00	2.101086e-01	1.059027e+00	1.066018e+00	-2.229218e-01	7.349446e-01	2.741412e+00
1.146859e+00	9.914615e-01	3.643311e-01	2.177341e-01	-1.010516e+00	3.165189e-01	-3.293693e-01	1.341238e-01	3.532431e-01	1.522041e+00	6.801962e-01	-5.832787e-01	1.561747e+00	1.381573e+00	4.290226e-02	6.070470e-01	-2.741241e-01	9.708511e-01	-3.399043e-01	-5.299880e-02	4.009197e-01	7.833351e-01	3.669545e-01	8.585753e-01	1.029891e+00	-5.179267e-01	1.769686e+00	1.262234e-01	2.737011e-01	7.657990e-01	-1.211110e-01	6.454238e-01	8.638024e-01	-2.556771e-01	-7.856396e-02	1.057973e+00	1.064138e+00	9.780022e-01	9.177320e-01	2.977568e-01
3.243543e-01	2.465246e-01	-6.940098e-01	7.551083e-01	6.837872e-01	1.107167e+00	1.422245e-01	-7.073671e-01	4.596113e-01	3.543085e-01	5.024782e-01	-7.009943e-01	1.069340e+00	3.376867e-01	-1.897402e-01	5.091393e-02	3.343993e-01	-5.063510e-01	2.962727e-01	9.311650e-01	-3.551461e-01	-3.679548e-01	5.762182e-01	1.297461e+00	8.483695e-01	1.001866e+00	1.236910e+00	4.839132e-01	-1.787788e-01	1.730642e+00	4.710917e-02	1.073940e+00	-3.426425e-01	6.313542e-01	-2.014947e-01	2.755768e-01	4.145340e-01	-2.680177e-01	3.534172e-01	2.259861e-01
-1.323458e-01	1.679379e+00	4.431938e-01	-4.886173e-02	-2.203743e-01	1.533476e+00	4.396602e-02	6.455289e-01	8.443831e-01	6.974453e-01	-1.284954e-01	-1.192302e+00	1.892482e+00	3.907161e-01	9.759161e-01	1.898422e+00	1.133831e-01	1.065673e+00	-1.650887e-02	5.016903e-01	1.202079e-01	7.085856e-01	-5.135025e-01	-8.928719e-01	6.091233e-01	8.631584e-01	4.827453e-01	1.060151e+00	4.142710e-01	2.270915e-01	1.880712e-01	-6.754362e-01	6.880953e-01	1.436635e+00	2.612197e-01	8.068041e-01	7.939787e-01	6.126807e-01	1.013732e+00	7.732258e-01
1.112884e+00	-1.479453e+00	2.482654e+00	8.253406e-01	1.062256e-01	-1.020773e-01	-1.948709e+00	1.411317e+00	1.081173e+00	-7.446628e-01	1.633814e+00	-8.509680e-01	2.317509e+00	1.406354e+00	1.711303e+00	5.733110e-01	1.403949e+00	2.005690e+00	-1.176645e+00	-5.892740e-01	1.250720e+00	2.048166e-01	1.161814e+00	2.654047e-01	1.726740e+00	5.283906e-01	-7.917455e-01	1.841087e+00	-2.281601e+00	8.944797e-01	-1.358412e-01	1.231890e+00	-2.146559e+00	1.895063e+00	1.665528e+00	-1.228056e-01	1.118062e+00	-2.551309e-01	-2.581099e-01	-2.741165e-01
2.607006e+00	8.351237e-01	1.330547e+00	1.307058e+00	-5.490920e-01	1.889900e+00	-9.617632e-01	-1.495001e-01	2.965196e-01	-2.715764e-01	-2.838812e-01	1.229733e+00	1.437189e+00	-9.615953e-01	1.298150e+00	1.101830e+00	-8.046602e-01	4.505074e-01	-2.784051e-01	-8.447270e-01	5.706560e-01	4.260257e-02	1.629498e-01	1.600547e+00	2.055769e+00	-1.225126e+00	1.777050e+00	-2.551673e-01	1.122929e+00	6.059809e-01	5.338107e-01	7.405832e-01	1.301527e+00	1.233575e+00	3.631006e-01	-1.817190e+00	2.719185e-01	1.255931e-01	-1.520916e+00	-1.695940e+00
-6.358896e-01	8.506534e-01	5.791052e-01	1.358488e+00	1.124480e+00	1.768099e+00	-1.159812e+00	1.196983e+00	-5.446714e-01	-8.308314e-01	4.784344e-01	1.269955e+00	3.209445e+00	-1.318709e+00	-2.938248e-01	1.425583e-01	2.183111e+00	-1.660109e+00	1.406223e+00	-4.737306e-01	1.177119e+00	1.213543e+00	4.251856e-02	1.977248e-02	-9.639389e-01	1.284609e+00	-1.517749e-01	-3.869474e-01	9.155922e-02	3.502500e-01	-1.445281e+00	1.756251e+00	4.129633e-01	-1.102583e+00	-1.055499e+00	2.454203e+00	-4.148022e-01	2.266451e+00	-3.060596e+00	2.606359e+00
8.801312e-01	2.349931e-01	2.656497e+00	4.759904e-01	3.231863e+00	2.388571e+00	1.491530e+00	2.664980e-01	-1.274001e+00	-1.735908e+00	1.979953e+00	6.235613e-01	3.989277e+00	-6.265556e-01	-2.275278e+00	-4.821995e-01	1.373414e+00	-3.338390e-01	-1.278120e+00	2.425550e-01	1.668177e+00	2.750758e+00	-1.297823e+00	1.375734e+00	2.141548e+00	-6.729229e-01	9.240539e-01	-1.405249e+00	7.155745e-02	-8.029936e-01	2.615964e-01	-1.848308e+00	4.839320e+00	-1.048404e+00	-5.953602e-01	5.026367e-01	3.222059e-01	2.141606e+00	-8.263988e-02	6.875047e-01
2.273720e+00	8.028173e-01	2.786680e-01	-1.686578e+00	1.693721e+00	-5.663535e-02	1.237398e+00	-6.427945e-02	1.303761e+00	1.189090e+00	9.020267e-01	7.049580e-02	5.188912e-01	1.811627e+00	-6.700490e-01	1.309190e+00	-2.395712e-01	4.481600e-01	-6.079138e-01	-4.671588e-01	-4.655787e-01	3.263407e-01	5.065052e-01	4.137226e-01	1.534819e-01	9.766789e-01	-4.622527e-02	1.440428e+00	-2.083572e-01	-4.520292e-01	9.099254e-01	4.982157e-01	5.606534e-01	-2.031644e-01	3.827984e-01	7.005365e-01	-1.516271e+00	6.767143e-01	-1.638296e+00	5.991901e-01
-2.764239e-01	-7.378340e-01	1.467365e+00	2.696027e+00	-3.604679e-01	5.427904e-01	-9.221488e-01	-2.976133e-01	3.704112e-02	-1.356321e+00	1.159022e+00	-2.174219e-01	2.138611e-01	-1.362670e+00	3.633994e-01	-2.035007e+00	-1.680755e+00	4.750097e-01	-1.856312e-01	2.083563e+00	1.259938e+00	1.136091e+00	-6.983128e-01	2.512107e+00	1.904868e+00	2.661731e-01	3.540002e-01	4.796760e-02	2.091722e+00	7.347203e-01	-6.271083e-01	-8.163621e-02	-4.618656e-01	2.844890e-01	-9.779942e-01	-8.978917e-01	8.646383e-01	1.253057e+00	-1.533668e-01	3.068712e+00
2.242823e-01	-7.783583e-02	1.406630e+00	9.961139e-02	-5.922998e-01	-1.872984e+00	1.744397e+00	1.307223e+00	7.814750e-01	2.060813e-01	6.262192e-01	1.515602e+00	-1.518728e+00	5.839687e-01	-7.216181e-01	6.324971e-01	5.475695e-01	6.588853e-01	8.247132e-01	-9.454909e-01	1.226292e+00	1.998827e+00	9.713578e-01	1.861642e+00	1.475381e+00	9.739401e-01	9.779462e-01	-1.540786e-02	1.406394e+00	-7.083596e-01	5.501915e-01	9.965727e-01	3.622471e-01	1.344668e+00	-4.202677e-01	2.756549e-02	-1.342930e-01	1.292480e-01	2.245384e-01	-1.212502e+00
3.694774e+00	3.264331e+00	1.523012e-01	-1.489818e+00	2.213571e+00	-3.677590e-02	8.619569e-02	1.459660e+00	1.612050e+00	3.841511e-01	-1.368648e+00	1.818411e+00	1.410137e-01	3.506015e+00	-1.979176e-01	-6.831239e-01	-5.086045e-01	2.125535e+00	1.195447e+00	-4.828885e-01	2.888305e-02	-4.102635e-01	2.399287e+00	2.540785e+00	1.749332e+00	-4.494381e+00	2.547390e-01	-1.714826e+00	-1.426731e+00	1.633246e-01	1.194488e+00	-1.783583e+00	-7.373053e-01	-5.840748e-01	2.142045e+00	1.347755e-02	-2.267843e-01	4.461391e-01	8.083507e-01	4.279433e-01
1.882904e+00	-7.435478e-01	-8.337879e-01	2.003045e+00	9.729506e-01	-1.292901e+00	3.539800e-01	-5.284169e-01	1.890998e+00	7.658668e-01	-7.322979e-01	9.865814e-01	7.973206e-01	1.035271e+00	-2.810644e-01	2.853571e+00	4.933368e-03	1.498639e+00	1.522811e+00	-2.649530e-01	3.552493e-01	3.295089e-01	5.884933e-01	8.504456e-01	5.131191e-01	-1.585898e-01	8.660997e-01	-1.606072e+00	1.667027e+00	-1.864683e+00	4.226911e-01	1.359907e+00	8.275981e-01	-1.378588e+00	-4.774131e-01	-1.176302e+00	-1.107389e-01	1.049901e+00	-2.263086e+00	8.965995e-02
5.224871e-01	1.099396e+00	1.307132e+00	6.141378e-01	4.147949e-02	6.074167e-01	3.781414e-01	6.630313e-02	9.561845e-01	6.164993e-01	6.526901e-01	6.110970e-01	6.992781e-01	3.409398e-01	1.355960e+00	-2.936400e-01	5.893758e-01	5.802016e-01	-9.605780e-02	7.330578e-02	-1.331216e-01	6.826811e-01	4.661496e-01	2.213150e-01	5.829223e-01	3.809038e-01	2.181386e-01	2.688436e-01	7.327934e-02	8.587989e-01	2.108877e-01	-1.535679e-01	1.044478e+00	3.864099e-01	2.772452e-01	3.192932e-01	3.870131e-01	6.302698e-01	1.168863e-01	5.704746e-01
-1.014908e+00	9.208794e-01	8.310464e-01	-5.143474e-02	7.113336e-01	-3.839995e-02	-2.737486e-01	2.087059e-01	1.325379e+00	-4.707532e-01	6.728795e-01	2.195488e-01	2.866152e-01	1.135162e+00	3.572228e-01	-4.475933e-01	-1.493262e-01	2.702963e-01	2.692420e+00	2.275280e+00	2.737560e-01	3.212769e-02	1.110421e+00	4.078992e-01	1.631327e-01	-4.674186e-01	3.529221e-01	-7.414876e-01	-2.097775e+00	3.329779e-01	-2.574024e-01	8.330634e-01	-2.292346e-01	1.198345e+00	-1.721452e+00	-9.981895e-01	-1.409034e-01	8.531416e-01	3.395389e-01	-2.673618e-01
5.194750e-01	-4.000968e-02	1.207599e+00	7.695105e-01	-6.495611e-01	-5.214144e-02	2.221723e+00	6.124354e-01	9.711405e-01	8.070908e-01	2.085328e-01	1.221530e+00	8.051927e-01	4.932056e-01	6.580911e-01	8.315924e-01	2.198628e-01	9.949069e-02	4.431284e-01	1.131968e+00	8.695435e-01	7.803862e-01	1.313846e+00	-4.324483e-01	6.060026e-01	-1.414849e-01	-5.502417e-01	-9.812282e-02	2.985484e-01	-4.435232e-01	6.729083e-01	-7.501582e-02	6.952802e-01	1.673925e-01	2.769412e-01	1.191845e+00	-1.936322e-01	-6.892739e-01	-3.375717e-01	-8.216333e-01
-5.300134e-01	3.203783e-01	1.502319e-01	6.896109e-01	5.545860e-01	1.095203e+00	5.046876e-01	-1.753275e-01	-4.283338e-01	3.513246e-01	-1.391815e-02	-3.870626e-02	1.327239e+00	5.713689e-01	3.796155e-01	6.087807e-01	-1.323425e-01	-4.107064e-01	-4.976671e-01	6.977545e-01	-2.929985e-01	2.709725e-01	3.589595e-01	6.933354e-01	2.521463e-01	6.407348e-02	1.126248e+00	6.317307e-01	-2.070171e-01	1.698210e+00	-4.638594e-02	7.181976e-01	5.930270e-01	3.120773e-01	5.004112e-01	-3.168329e-01	3.053305e-01	-3.935986e-01	-7.052546e-02	4.421632e-01
7.109293e-01	8.578756e-01	1.816989e+00	-7.781900e-02	1.445219e+00	7.290409e-01	7.872145e-01	-1.131192e+00	-6.436422e-01	8.343209e-01	-1.465838e+00	1.159334e+00	-2.769658e-01	-5.311836e-01	7.715410e-01	2.582032e+00	9.134146e-01	9.268024e-01	1.145461e+00	-1.872736e-01	1.462262e+00	3.688895e-01	-2.036978e-02	1.494153e+00	-7.994234e-01	2.367064e-01	-6.039604e-01	1.570354e+00	1.801410e-01	-3.970615e-01	2.610893e-01	3.081859e+00	7.112033e-01	2.625150e-01	-9.152152e-01	1.312069e-01	-8.836998e-01	1.826830e+00	-4.874938e-01	6.116818e-01
3.929554e-01	8.757560e-01	-2.408429e-01	1.058343e+00	9.980557e-01	-7.273339e-01	8.586203e-01	5.584859e-01	-2.816584e-01	1.351877e+00	-8.375712e-01	4.416634e-01	8.942857e-01	-2.039669e-01	9.846508e-01	7.853340e-01	-1.637743e-01	6.676446e-01	5.765924e-01	1.296601e+00	5.307082e-01	-3.631716e-01	-1.649008e-03	-4.451611e-02	4.292699e-01	2.536598e+00	2.564161e-01	1.033595e-01	2.325973e-01	-7.129441e-02	5.305764e-01	1.609200e+00	3.842118e-01	4.512296e-01	1.026700e+00	4.659782e-01	3.311739e-01	1.291653e+00	-9.249001e-01	-3.065385e-01
-8.130407e-01	1.683840e+00	-2.690989e-01	-3.932876e-01	6.674309e-01	-1.439903e-01	2.346791e+00	9.141185e-02	2.435043e-01	1.477423e+00	1.064599e+00	-1.385030e-01	-9.153878e-01	1.066919e+00	8.685185e-01	2.474202e+00	-9.403153e-01	6.992216e-01	4.164942e-02	-3.256216e-01	1.087556e+00	3.194736e-01	1.691501e+00	-2.264902e+00	2.112237e+00	5.235161e-01	1.037216e+00	2.196257e+00	-4.373445e-01	1.117208e+00	-9.292833e-02	-1.582583e-01	1.503519e+00	6.037234e-01	-2.747175e-01	-2.873543e-01	2.734083e+00	-2.298430e-01	1.310951e-01	5.957433e-01
6.811709e-01	8.806574e-01	2.210109e+00	1.033867e+00	1.257669e+00	4.683588e-01	-8.143064e-01	7.518349e-01	-1.382901e+00	2.648954e+00	-2.793779e-01	-4.116492e-01	-7.422700e-01	-5.948359e-02	1.134619e+00	1.358972e+00	-1.786681e-01	1.808568e-01	7.108581e-01	-2.198561e-01	1.265920e+00	-8.931650e-01	3.551926e-01	1.317786e+00	-2.042734e-02	-7.330962e-02	-3.786795e-01	-2.311383e-01	2.080133e+00	-4.029974e-01	-4.954855e-01	1.665611e+00	-8.343666e-01	-1.262928e+00	1.791776e+00	1.244420e+00	-2.241995e-01	6.333632e-01	-1.834556e-01	-7.626543e-01
3.230009e-01	7.133774e-01	2.281479e-01	-5.221735e-01	2.112042e-02	9.502914e-02	4.513521e-02	7.275605e-02	2.399806e-01	-8.901322e-02	-1.081878e-01	1.665755e-01	-9.722695e-02	1.010765e+00	1.849041e-01	5.268214e-01	6.018603e-01	2.944552e-01	6.835440e-01	5.133138e-01	2.387238e-02	-1.765857e-02	-6.059838e-02	-9.531191e-02	3.855107e-01	9.442717e-02	3.680281e-02	-3.154693e-01	9.934649e-02	4.480302e-01	4.383269e-02	3.738634e-01	4.717125e-01	1.051139e+00	3.897711e-01	8.440864e-01	3.429853e-01	5.514132e-01	-2.209838e-01	4.125058e-01
1.346602e+00	-3.741140e-01	-5.242901e-01	-2.931385e-01	-7.131320e-01	1.348542e+00	1.457820e+00	-1.465096e+00	1.774364e+00	-2.091941e-01	1.264168e+00	7.847623e-01	9.765088e-01	-4.784147e-01	8.596892e-01	1.810173e-01	1.769907e+00	1.300087e+00	-6.550488e-01	1.037686e+00	5.820602e-01	-3.839809e-01	9.420433e-01	1.166892e+00	3.921847e-01	4.592414e-01	8.439048e-01	2.093858e+00	-3.307848e-01	4.164232e-01	-4.081126e-01	9.536444e-01	-5.371739e-01	1.251236e+00	5.959747e-01	6.624661e-01	5.877423e-01	1.149158e+00	1.092481e+00	1.036016e+00
-3.529607e+00	-2.042205e-01	-9.079168e-01	-1.409711e+00	3.337054e+00	-1.075682e+00	2.909363e+00	2.115305e-01	3.018341e-01	8.120295e-01	1.187766e+00	3.846913e+00	9.934409e-01	1.819895e-01	-1.304567e+00	6.615407e-01	-3.246589e+00	-4.032403e-01	7.587381e-01	1.259175e+00	-9.706649e-01	4.390200e+00	2.164814e+00	2.681886e+00	2.539668e+00	6.432858e-01	5.127291e-02	2.258353e+00	-6.352613e-01	3.074887e+00	7.790517e-01	-1.195735e+00	-9.654479e-01	-1.205146e+00	1.604338e+00	8.100591e-01	-1.892369e-01	-8.422895e-03	-3.325617e-01	3.959995e-01
-2.099185e+00	1.999612e+00	-1.015562e-01	-5.774300e-02	3.747850e+00	8.284470e-01	5.165143e-01	-3.563006e-01	2.056519e+00	1.139357e+00	-1.491508e+00	-7.268065e-02	1.593758e+00	-4.686536e-01	-1.157310e-01	1.575308e+00	2.019194e-01	1.130504e+00	-1.377046e+00	-1.090277e+00	-2.547852e-01	2.447963e+00	2.315157e-01	1.563739e+00	7.070404e-02	5.218179e-01	-4.556606e-01	3.132913e+00	2.839635e-01	-3.259708e-01	-2.298971e+00	-4.193481e-01	1.020139e-01	1.612850e+00	1.103975e+00	9.131051e-01	-1.145599e+00	-2.945216e+00	1.522431e+00	2.503545e+00
2.334197e-01	2.661018e+00	-6.183816e-01	1.002143e+00	3.565080e-01	-1.150874e-01	1.772259e+00	1.427963e+00	-1.011733e+00	1.295812e+00	-2.152179e+00	1.006650e+00	1.831263e+00	3.033573e-02	4.553041e-01	-5.707460e-01	-2.596639e-01	-1.258740e+00	9.652151e-01	1.051206e+00	1.324733e+00	8.277352e-01	1.601092e+00	1.228698e+00	-3.589845e-02	2.668252e-01	-8.763965e-01	-6.003098e-01	1.045570e+00	1.405882e+00	6.218256e-01	4.002328e-01	1.777506e-01	6.661744e-01	1.901506e+00	9.323273e-02	-1.050825e+00	1.352320e-01	-3.257500e-01	-3.418630e-01
1.681633e+00	1.333230e+00	4.426972e-01	-7.736632e-01	-6.968773e-01	1.136341e+00	-2.471676e-01	4.218799e-01	3.060130e-01	1.110104e+00	6.683423e-01	7.057306e-01	1.434267e+00	9.312566e-01	-2.137413e-01	1.888089e-01	1.513182e-01	-9.309563e-01	1.750742e+00	-1.669036e-01	-1.219188e+00	-4.297719e-01	-8.844717e-03	1.220769e+00	7.260623e-02	9.936191e-01	9.870256e-01	-7.289663e-02	1.549921e+00	6.186627e-01	2.247581e-01	-6.720976e-02	-1.023673e+00	7.177631e-01	-8.891639e-01	3.967462e-01	7.535015e-01	1.930020e+00	1.565001e+00	1.311195e-01
3.512614e-01	-2.006600e-01	2.591986e+00	-9.729212e-01	-5.056047e-02	-1.937249e+00	7.685347e-01	8.113596e-01	1.036260e+00	-3.201480e-01	-3.137430e-02	1.738408e+00	1.401988e+00	5.713597e-01	1.257589e+00	6.312756e-01	-2.033416e-01	5.481567e-02	1.013968e+00	-5.174989e-01	-1.386077e+00	-7.610574e-01	-3.544877e-01	9.119041e-01	1.272672e+00	6.990333e-01	1.460669e-01	2.532579e-01	1.305969e+00	-1.456668e-01	3.948276e-01	3.136225e+00	3.397409e-01	2.144197e+00	-1.259445e-02	1.102553e+00	8.619794e-01	3.335834e-01	-1.079547e+00	7.321907e-01
4.201772e-01	3.509668e+00	-5.895698e-01	1.422547e-01	6.002077e-01	6.430499e-01	6.023428e-01	1.549748e+00	-9.614946e-01	1.540482e+00	-1.071749e+00	9.151440e-01	-3.916274e-01	-9.992032e-01	-8.012953e-01	9.723886e-01	-9.700229e-01	-1.076350e+00	8.508135e-01	2.461208e-01	-3.625357e+00	1.151732e+00	-2.222359e-01	1.659812e+00	-5.667999e-01	-3.566876e+00	3.026171e+00	-3.362719e+00	-1.556538e+00	-6.999792e-01	-8.956641e-01	5.735126e-01	1.450820e+00	1.460474e+00	1.557857e+00	6.143135e-01	1.377369e+00	-2.610822e+00	3.918255e-02	4.850817e-01
3.151494e-01	3.435630e-02	-4.730525e-01	7.217409e-01	-1.271808e-01	-1.963474e+00	1.398313e+00	-7.543468e-01	2.157526e+00	4.197891e-02	-1.308427e-01	1.229890e-01	2.308583e+00	7.742318e-01	1.373105e+00	1.328099e+00	1.317762e+00	1.045522e+00	1.543161e+00	2.144816e+00	2.953028e-01	1.579401e+00	1.909523e+00	1.620011e+00	-1.271716e+00	2.459131e+00	-8.120293e-01	-4.054965e-01	-7.736206e-01	4.004655e-01	-1.531630e+00	4.952918e-02	-8.312658e-01	-1.395162e-01	-9.288194e-02	-8.583962e-02	-9.026500e-01	-3.260279e-01	-1.936846e+00	4.366921e-01
-5.572456e-01	9.856746e-01	1.259145e-02	1.090639e-01	7.227184e-01	1.214236e+00	-6.249126e-01	1.568042e+00	1.596082e+00	3.415695e-01	7.278485e-01	4.385001e-01	9.497369e-01	1.386611e+00	1.004816e+00	-1.397021e-01	1.133404e+00	7.246230e-01	-2.532381e-01	1.451411e+00	1.107009e+00	8.581933e-01	4.749263e-02	5.477540e-01	6.047509e-01	-8.831119e-02	-6.674378e-01	7.027782e-01	-2.718140e-02	5.994940e-02	1.013717e+00	-3.740299e-01	1.625179e+00	1.022449e+00	1.987441e-01	9.172591e-01	8.144576e-01	2.174302e-01	1.078485e+00	6.484645e-01
7.078934e-01	1.494818e+00	8.092318e-01	1.779596e+00	-2.501987e-01	1.857337e-01	4.512602e-01	-1.091468e-01	2.363918e+00	2.482551e+00	1.264895e+00	1.296767e+00	5.263646e-01	-1.109386e+00	1.863811e+00	-1.163345e+00	-1.866633e+00	2.530161e+00	-1.594283e+00	-1.948012e+00	-4.668293e-01	-4.819383e-01	-5.818594e-01	2.498730e+00	6.528582e-01	-3.921301e-01	1.271026e+00	9.293190e-01	1.440051e+00	1.242984e+00	5.801901e-01	8.494984e-01	-1.505293e-01	1.442118e+00	1.389006e+00	-2.311323e+00	4.321028e-01	-8.439210e-01	-1.008671e-01	2.682426e-01
-4.516151e-01	-2.780014e-02	1.298916e+00	1.259414e+00	1.862182e-01	1.140698e+00	2.436188e-01	1.989655e+00	2.237545e-01	-1.807425e-01	-1.054368e+00	2.990744e-01	8.772233e-01	8.112280e-01	7.934285e-01	1.306832e+00	-8.591533e-01	5.824559e-01	-3.377254e-01	6.029539e-01	3.088168e-01	6.079081e-01	5.532301e-01	-3.696575e-01	1.273783e+00	1.234259e+00	-4.526934e-01	-1.103800e-01	5.261102e-01	-1.047703e+00	2.667710e-02	1.289118e+00	1.338923e+00	1.785102e+00	1.019806e+00	5.297115e-01	8.739090e-01	3.534438e-01	6.078671e-01	-9.750434e-01
5.142424e-01	1.119369e+00	-2.533885e-01	1.273952e+00	1.168021e+00	6.709986e-01	1.888246e+00	5.626284e-01	-9.267635e-01	2.258549e+00	1.446869e+00	2.124382e-01	1.501834e+00	1.692567e+00	1.866139e+00	-2.041209e-01	1.239660e+00	4.718187e-01	9.656018e-01	-2.089448e-01	-3.420502e-01	2.335313e-02	-1.468287e+00	7.469205e-01	-4.628660e-01	-7.531477e-01	-3.981044e-01	2.295175e-02	-1.528739e+00	1.975633e+00	-2.099424e-01	2.820567e-02	-7.369099e-01	1.423496e+00	1.348672e+00	8.420072e-01	9.275481e-01	-1.092345e+00	-6.570670e-01	-7.343417e-02
5.627166e-02	3.780658e-01	1.417914e+00	4.185925e-01	3.794836e-01	1.185004e+00	5.815293e-01	1.153563e-01	1.116202e+00	6.353947e-02	3.572355e-01	-9.714190e-01	8.101822e-01	1.264397e-01	-3.863624e-01	1.321479e+00	3.463592e-01	1.312147e+00	7.182255e-01	1.001975e-01	-5.005800e-01	2.017864e-01	-2.511053e-01	4.627818e-01	7.414364e-01	4.144505e-01	8.116058e-02	-7.682549e-01	3.831271e-01	-6.230265e-01	3.809478e-01	7.710872e-01	1.114279e+00	3.679800e-01	1.609407e+00	1.005285e-01	3.887318e-01	9.284917e-02	-3.243570e-01	6.920330e-01
-1.758259e+00	5.296847e-01	5.217641e-01	1.012135e+00	1.294039e+00	-3.281054e-02	1.732923e+00	-4.769969e-01	1.063244e+00	1.384859e-01	-9.322429e-01	1.232999e+00	1.670746e-01	2.259305e+00	-1.475514e+00	3.441025e-03	5.543642e-02	-1.214649e+00	1.847568e+00	1.726547e+00	6.769065e-02	2.138435e-01	-7.653091e-01	4.318804e-01	2.600537e-01	-1.112387e-01	7.039403e-01	9.132575e-01	-2.246271e+00	1.366470e-01	-1.095055e+00	3.321005e-01	-7.571756e-01	1.743886e+00	-1.080273e+00	-8.168174e-01	-6.244709e-01	1.935655e+00	-1.231818e+00	5.697022e-01
-3.391202e-01	1.724205e+00	5.437969e-01	1.608745e+00	1.582193e+00	-6.627513e-01	8.113727e-01	-1.156115e+00	-6.371978e-01	1.924079e-01	6.612594e-01	1.492890e+00	6.886485e-01	2.224250e-01	9.788492e-02	-8.521305e-01	1.105502e-01	5.402850e-01	8.393265e-01	1.377809e+00	-5.969138e-01	1.466878e+00	2.809646e-01	3.674577e+00	-7.097548e-01	7.029419e-01	2.213826e-01	-9.434989e-01	-4.604096e-01	-1.101850e+00	6.949722e-01	-1.062157e+00	-7.552384e-01	2.444330e+00	-1.167698e+00	-1.894922e+00	1.180874e+00	5.246403e-01	7.568421e-01	5.584901e-01
2.259539e+00	5.137933e-01	-6.485922e-01	3.005103e-01	7.864678e-01	-8.586059e-02	-1.016295e+00	3.414792e-01	-3.395305e-01	2.632034e-01	1.098061e+00	2.059956e+00	-2.510819e-02	1.594166e+00	1.531557e-01	1.510738e+00	1.484724e-02	8.283509e-02	1.643325e+00	-1.518524e-01	-7.060141e-02	1.903819e-01	8.283206e-01	-4.207004e-01	-3.425746e-01	1.239885e+00	7.788392e-01	-3.050754e-01	6.078841e-01	3.324279e-01	4.323145e-01	3.378591e-01	-1.267505e-01	1.178630e-01	-2.366101e-01	1.600430e-01	1.582675e-01	2.174379e-01	-7.445134e-01	-4.939008e-01
2.474366e-01	8.565720e-01	-1.385276e+00	-1.662076e+00	-4.089874e-02	1.171216e+00	1.466029e-01	2.116056e+00	1.147351e+00	5.825146e-01	-5.560936e-01	1.090487e+00	6.833142e-01	1.278535e+00	-7.407917e-01	-5.797832e-01	1.555222e+00	8.606477e-01	3.774008e-01	1.072269e-01	6.265123e-01	-1.259507e+00	-1.279937e-01	1.290820e-01	2.396950e-01	2.872500e-01	1.470285e+00	1.371345e-01	-9.161217e-01	1.118138e+00	3.743217e-01	6.103454e-01	1.576846e+00	1.522052e+00	-9.372575e-01	5.333719e-01	3.460100e-01	-1.249892e+00	6.338604e-01	1.105068e+00
1.090066e+00	1.589915e+00	-2.406941e+00	-7.038991e-01	6.499242e-01	1.401667e+00	2.371305e+00	3.864461e-01	2.160314e+00	-6.926351e-02	8.069187e-01	-1.187605e+00	1.735997e+00	9.187580e-01	-1.938888e+00	-1.051755e+00	1.751871e+00	-1.907691e-01	7.992462e-01	1.434049e-01	-2.778783e-01	1.438104e-01	-1.346504e+00	4.773802e-01	1.112836e+00	3.655546e-02	2.385011e+00	9.787841e-01	-4.922870e-02	2.473866e+00	5.769836e-01	8.376422e-01	2.859586e+00	3.448271e-01	-3.578839e-01	1.258058e+00	-1.820106e-01	2.413774e+00	2.485076e+00	-3.699052e-01
5.626644e-01	6.235470e-01	1.874771e-01	-3.168916e-01	3.758797e-01	-4.527101e-01	2.568780e-01	6.199268e-01	2.141668e-01	-3.797389e-01	3.528625e-01	1.693319e-01	-7.726315e-02	4.659433e-01	4.460289e-03	4.986062e-01	5.839045e-01	2.998653e-01	1.159095e+00	7.576114e-02	5.209782e-01	-3.293430e-01	-4.330400e-01	-4.455559e-01	3.406911e-01	3.591607e-01	8.275824e-02	-1.074868e+00	7.762832e-04	-6.098055e-01	-7.698963e-01	6.332305e-01	8.740449e-01	7.205512e-01	3.131153e-01	8.456689e-01	-9.016860e-02	5.201833e-01	-9.387497e-02	1.132720e-02
4.619541e-01	1.289943e+00	6.083982e-01	2.231802e-01	2.118843e+00	8.417384e-01	1.420133e+00	7.397065e-01	1.300245e+00	-1.144572e+00	-3.259794e-02	2.337243e+00	-1.914043e+00	1.462528e+00	1.311225e+00	2.680623e+00	1.284533e+00	9.242256e-01	2.666957e-01	9.909229e-01	-3.261578e-01	1.509493e+00	3.417825e-01	-2.390962e-02	-2.363164e+00	1.056793e+00	1.554192e-01	-3.748016e-01	-8.396304e-01	2.693871e-03	2.322637e-01	-4.631976e-02	-4.159827e-01	6.309845e-01	-6.877864e-01	3.220231e-01	6.554111e-01	-6.660212e-01	-1.255250e+00	1.083670e+00
