-7.903979e-03	1.308676e-02	2.442818e-02	1.759627e-02	-1.578544e-02	-1.735520e-02	1.174112e-02	-1.063973e-02	-2.800825e-02	-7.695692e-04	-2.570242e-04	-1.118664e-02	-1.768503e-02	9.066808e-03	-4.954867e-03	-2.972189e-03	5.318595e-04	9.103745e-04	1.632984e-02	-4.765207e-04	6.875190e-03	1.121421e-02	-1.244328e-02	7.168927e-03	1.091367e-02	1.234824e-03	8.336539e-03	1.832630e-02	-1.180842e-02	-3.798272e-03	-2.523836e-04	-7.112305e-03	1.879382e-02	-1.237060e-02	-3.798791e-03	-6.254828e-03	6.146596e-03	-4.972580e-03	4.265000e-03	-6.917606e-03
3.633600e-03	1.100448e-02	2.768337e-02	-1.829796e-03	1.882175e-03	-1.085747e-03	-1.009972e-02	-7.180730e-03	-2.484175e-02	-3.209810e-03	4.672813e-03	-1.203469e-02	-2.837496e-03	1.524841e-02	-1.499484e-02	-2.090832e-02	1.327257e-02	-4.401101e-03	9.501855e-03	-5.484227e-03	7.937893e-03	3.238014e-02	-2.271661e-02	-9.551076e-03	-1.879818e-03	8.101806e-03	1.076354e-02	-4.715796e-03	-1.160240e-02	2.940790e-03	2.740853e-03	1.531034e-02	2.161734e-02	-8.260082e-04	6.172280e-03	-7.066631e-03	-7.491132e-03	1.076364e-03	4.438265e-03	-2.575220e-02
-1.416116e-02	1.026631e-02	1.321802e-02	-1.507455e-03	9.213831e-03	-1.364590e-02	1.470703e-02	1.245067e-03	-2.019373e-02	8.216506e-03	-1.709342e-02	-3.299586e-03	-1.319465e-02	7.867408e-03	-6.487033e-04	-5.510445e-03	-7.919409e-03	1.233457e-02	1.600263e-02	-9.413082e-03	1.064763e-02	1.586044e-02	-7.776496e-03	1.565963e-03	-8.584335e-03	6.633633e-03	2.722292e-03	9.809252e-03	-8.793252e-03	6.223919e-03	1.963166e-03	5.106736e-03	1.340369e-02	-1.577093e-02	2.812270e-03	8.236122e-03	-5.987793e-03	-1.151407e-02	-8.796661e-03	-4.023790e-03
-2.227794e-02	2.464280e-02	3.656305e-03	8.409673e-03	4.020590e-03	-1.986661e-02	2.424741e-02	6.214641e-04	-2.681525e-03	2.221607e-02	-3.499676e-02	-2.999659e-03	-7.724001e-03	5.750981e-03	1.790451e-03	-6.321567e-03	-2.857068e-02	2.021036e-02	7.966197e-03	-4.552774e-03	2.062002e-02	1.220455e-02	-1.377059e-03	1.612702e-02	-1.648898e-02	-1.958854e-02	-3.565883e-03	4.034050e-03	5.201425e-04	1.091527e-02	6.550208e-04	-6.664183e-04	9.034750e-03	-7.937598e-03	-5.967935e-03	1.784742e-02	-8.227897e-03	6.244007e-03	-2.105645e-02	-6.305180e-03
-3.466048e-03	1.521645e-02	8.881131e-03	1.352700e-02	-2.368887e-04	-1.558304e-02	6.844135e-03	1.433635e-03	-9.779258e-03	1.019527e-02	-2.159041e-02	-3.701127e-03	-5.204967e-03	5.683951e-03	-1.489945e-02	-1.052011e-02	-2.136979e-02	7.268637e-03	2.054408e-02	2.912625e-03	2.279131e-02	8.144663e-03	-3.744697e-03	4.835106e-03	-9.635760e-03	-2.489444e-03	5.753217e-03	-2.500963e-03	6.007797e-03	-5.658424e-03	-2.295124e-03	-1.195975e-02	1.297681e-02	-1.844372e-02	8.577646e-04	6.593550e-03	-3.521613e-03	4.781352e-04	3.837577e-03	1.562818e-03
-6.646130e-03	1.546797e-02	-2.621091e-03	2.316578e-02	-2.277704e-03	-1.715052e-02	4.962399e-03	-4.064547e-03	8.126830e-03	8.890113e-04	-1.260188e-02	-1.350248e-02	-6.585306e-04	2.524704e-03	-9.488571e-03	-1.109292e-02	-1.846837e-02	1.781380e-03	2.083460e-02	1.384224e-02	2.567548e-02	1.498304e-02	-7.887779e-03	3.271949e-03	-8.565244e-05	1.730133e-03	4.989228e-03	4.591559e-03	4.802946e-03	-1.229638e-02	9.493725e-03	-1.173082e-02	1.003074e-02	-7.180001e-03	-1.095377e-02	3.510448e-03	-1.197597e-02	-6.835165e-03	-6.642995e-03	3.726367e-04
-4.629682e-03	1.637925e-02	5.310341e-04	2.919686e-02	-3.532895e-03	-1.550358e-02	5.585528e-03	-1.497141e-03	9.244759e-03	-1.329515e-04	-1.234872e-02	-1.402884e-02	-5.348607e-03	-2.125076e-03	-1.260312e-02	-1.127638e-02	-7.931900e-03	9.227904e-04	2.267388e-02	1.470357e-02	1.726551e-02	1.198267e-02	-5.623199e-03	5.553851e-03	5.189244e-03	4.198389e-03	1.369221e-03	6.297986e-05	3.811207e-03	-2.270908e-02	1.741601e-02	-8.962508e-03	8.744625e-03	-6.097978e-03	-1.275583e-02	-3.091290e-04	-5.362573e-03	-7.427335e-03	-1.084704e-02	-2.028231e-03
-7.652932e-03	1.810753e-02	4.589029e-03	1.505563e-02	3.189991e-04	-2.111917e-02	1.422145e-02	1.233822e-04	5.267990e-03	1.698732e-02	-1.605290e-02	-1.105533e-02	-6.450934e-03	-5.461764e-03	-1.143567e-02	-1.038582e-02	-4.983262e-03	2.994117e-03	2.802498e-02	7.311453e-03	1.983321e-02	3.233809e-03	-8.130686e-03	1.403803e-02	-5.609399e-03	-7.689037e-03	2.385865e-03	1.246868e-02	-6.896455e-04	-1.450226e-02	1.050508e-02	-7.916526e-03	9.999823e-03	-6.610401e-03	-1.214696e-02	4.031280e-03	-5.606065e-03	-1.167525e-02	-1.472397e-02	2.181134e-03
-1.724578e-03	1.034694e-02	4.357982e-03	1.418950e-02	-4.645971e-03	-6.625896e-03	1.772085e-03	1.727390e-03	6.077487e-03	1.751139e-03	-1.289322e-02	-1.096810e-02	-1.002708e-02	-4.017497e-03	-1.733241e-02	-1.065950e-02	-5.748894e-03	-2.330654e-03	2.343411e-02	1.211054e-02	1.478185e-02	1.670178e-03	-2.878824e-03	5.114887e-03	3.149095e-03	5.900760e-04	4.139654e-03	9.098700e-03	7.539411e-03	-2.772888e-02	1.021713e-02	-8.045042e-03	1.032118e-02	-1.570563e-02	-4.317037e-03	9.851104e-04	-1.823864e-03	-3.370667e-03	8.111259e-04	8.381304e-03
-2.065244e-03	7.670866e-03	6.591015e-04	1.583884e-02	-4.651849e-04	-9.335673e-03	1.610567e-03	-2.771777e-04	1.635341e-02	-5.690835e-03	-1.547681e-02	-1.387313e-02	-3.473514e-03	-5.387924e-03	-4.338707e-03	-1.547436e-02	-1.096427e-03	-5.739541e-03	2.629369e-02	1.523855e-02	1.561149e-02	1.151454e-03	-9.499785e-03	-1.498383e-03	2.820484e-03	5.967521e-03	5.093883e-03	1.334790e-02	1.141857e-03	-2.404670e-02	2.139651e-02	-7.112559e-04	9.322111e-03	-3.511939e-03	-1.492043e-02	-6.204050e-03	-6.335363e-03	-7.027250e-03	-1.008669e-02	9.866927e-03
-5.790716e-03	1.366910e-02	-7.652313e-03	2.431094e-02	8.144126e-04	-1.181109e-02	9.463238e-03	1.230636e-03	1.233265e-02	5.094465e-03	-9.295482e-03	-1.467190e-02	-8.605763e-03	-1.106305e-02	-5.815836e-03	-9.808955e-03	-4.035159e-03	-1.322121e-04	2.694475e-02	1.503907e-02	1.452463e-02	2.444649e-03	-5.774359e-03	3.135000e-03	8.963993e-03	7.847660e-04	-7.532592e-04	1.762785e-02	-7.305309e-03	-2.606667e-02	1.009682e-02	-2.470254e-03	1.030528e-02	-5.602762e-03	-8.910267e-03	-6.004100e-03	-3.404824e-03	-8.752219e-03	-1.217179e-02	1.896035e-03
-6.153487e-03	1.583093e-02	-4.881252e-03	2.750149e-02	-8.438147e-04	-1.075069e-02	1.235318e-02	-5.596948e-03	8.448023e-03	8.376581e-03	-5.833448e-03	-1.350229e-02	-8.015103e-03	-1.159188e-02	-2.918101e-03	-1.110970e-02	6.013007e-03	-9.472125e-03	3.373082e-02	8.691568e-03	1.575314e-02	-6.049298e-03	-1.305773e-02	-6.924830e-04	1.275732e-02	-3.008654e-03	8.140945e-03	2.027824e-02	-7.814670e-03	-2.616028e-02	1.229755e-02	1.033634e-03	7.840117e-03	-2.976281e-03	-9.098091e-03	-6.369339e-03	-3.405505e-03	-1.144422e-02	-1.165108e-02	-3.741184e-03
6.229909e-03	3.855122e-03	-3.946576e-03	8.715528e-03	-4.415071e-03	-6.784235e-03	-9.060752e-05	-1.936452e-03	1.395011e-03	-2.890218e-03	-8.547232e-03	8.245315e-04	-1.067210e-02	-4.162703e-03	-2.886078e-03	-8.702826e-03	9.908532e-03	-7.513068e-03	3.509134e-02	-2.289703e-03	1.004565e-02	-8.963290e-03	5.823894e-03	-2.269966e-03	8.710424e-03	9.422668e-03	1.172838e-02	1.133800e-02	3.596731e-03	-2.633896e-02	1.204975e-02	-2.381174e-03	1.597594e-02	-1.361853e-02	-1.891187e-04	-1.365067e-02	-3.585400e-03	-7.431150e-03	-7.707128e-03	-5.044315e-04
-8.837552e-03	2.111383e-03	-1.220632e-02	2.496766e-02	4.924751e-04	-1.711279e-02	8.779745e-03	-4.805169e-03	8.856383e-03	3.922713e-03	-5.300425e-03	-7.542765e-03	-1.259531e-02	-2.017610e-02	-2.541056e-03	9.593749e-06	1.650185e-02	-1.146983e-02	2.769584e-02	1.459786e-02	1.878003e-02	-2.418218e-04	-6.178931e-03	-2.605629e-04	1.561660e-02	2.702396e-03	7.529584e-03	1.691741e-02	-9.388494e-04	-2.140442e-02	1.735316e-02	9.740159e-03	9.478362e-03	-7.468947e-03	-4.562349e-03	-2.588760e-02	-1.278673e-02	-1.520556e-02	-1.191289e-02	6.949890e-03
6.894081e-05	1.702939e-04	-1.092823e-02	1.798975e-02	-3.366937e-03	-8.781098e-03	1.118897e-02	8.739932e-03	3.468008e-03	2.058871e-03	-6.537789e-03	-4.755990e-03	-1.205457e-02	-1.489694e-02	-1.125976e-02	1.493162e-03	1.302058e-02	-5.146728e-03	2.091605e-02	2.044522e-03	1.527917e-02	3.883432e-03	-4.277274e-03	2.120628e-03	1.106901e-02	7.447479e-03	2.433074e-03	8.131954e-03	-2.084428e-03	-2.580193e-02	2.214361e-02	1.051247e-03	1.448272e-02	-4.845795e-03	-3.851901e-03	-1.850911e-02	-5.788146e-03	-8.848591e-03	-1.615682e-02	2.470915e-03
-1.613345e-03	7.005790e-03	-7.720003e-03	7.590638e-03	-3.083311e-03	-1.737559e-02	1.761999e-02	5.686420e-03	-1.593848e-03	1.183964e-02	-1.079266e-02	-1.699811e-03	-1.473543e-02	-3.021533e-03	-1.215882e-02	-2.219440e-04	1.021785e-02	-5.897482e-03	2.539617e-02	-6.499062e-03	1.833500e-02	-4.184348e-03	-8.923204e-03	7.380248e-03	1.332209e-02	1.892004e-03	6.415678e-03	1.588912e-02	2.856230e-03	-1.985651e-02	1.719292e-02	-5.500240e-03	6.261901e-03	-4.576642e-03	-2.237630e-03	-1.603854e-02	-1.205804e-03	-1.205858e-02	-1.438080e-02	4.097313e-03
5.588159e-03	9.221673e-03	2.904766e-03	-2.480671e-03	-7.631533e-03	-4.888612e-03	-8.415416e-05	1.109092e-02	-1.088788e-02	-6.860368e-03	-5.532204e-03	6.677639e-04	-1.205156e-02	-2.223660e-03	-1.684161e-02	-7.217050e-03	6.955132e-03	-7.148695e-03	2.370158e-02	-3.772040e-03	1.147013e-02	-1.592830e-03	-1.109377e-04	-1.355530e-03	1.535062e-02	9.843022e-03	7.748747e-03	-1.114219e-03	1.632075e-02	-2.872392e-02	2.369477e-02	-4.391358e-04	1.216691e-02	-1.960038e-02	-2.955708e-03	-1.712655e-02	1.956769e-03	-4.703691e-04	-1.442360e-03	7.247285e-03
-1.006839e-03	6.430772e-03	-5.187489e-03	8.506261e-03	6.386947e-04	-1.542906e-02	1.509727e-03	7.838014e-03	1.143599e-03	-2.604253e-03	2.649784e-04	-4.671870e-03	-9.620304e-03	-1.109855e-02	-5.313896e-03	-1.189552e-03	1.355601e-02	-6.278404e-03	1.828411e-02	3.079455e-03	1.795160e-02	2.395010e-03	-1.002300e-02	-2.030471e-03	1.939074e-02	4.501896e-03	7.056761e-03	9.338305e-03	2.663590e-03	-1.960222e-02	2.625960e-02	2.370663e-03	8.581262e-03	-9.855152e-03	-1.488083e-02	-2.265752e-02	-6.337174e-03	-5.151230e-03	-1.041705e-02	5.309925e-03
-2.738369e-03	-1.993189e-04	-5.395199e-03	6.586261e-03	-1.534689e-03	-1.122936e-02	4.833231e-03	8.730006e-03	-1.051267e-03	-3.622721e-03	-4.183522e-03	-5.122124e-03	-1.057644e-02	-1.429760e-02	-8.329754e-03	1.716351e-04	8.129764e-03	-1.961564e-03	2.156271e-02	5.407019e-03	1.300454e-02	8.879300e-04	-5.206975e-03	4.372048e-03	2.274408e-02	9.662021e-03	3.615671e-04	6.119598e-03	1.478421e-03	-1.827426e-02	1.938645e-02	4.404386e-03	3.272667e-03	-4.011620e-03	-9.981813e-03	-1.489287e-02	-9.618799e-05	-4.054419e-03	-1.517304e-02	4.598511e-03
-3.605057e-03	3.102206e-03	-2.071308e-03	3.416114e-03	2.812817e-03	-1.744012e-02	8.994072e-03	6.124132e-03	-6.003149e-03	1.617568e-03	-5.201785e-03	-5.719261e-03	-7.798547e-03	-7.487832e-03	-9.540246e-03	6.266991e-03	8.538487e-03	-3.365553e-03	2.673620e-02	1.168989e-03	1.489541e-02	-6.078428e-03	-5.925368e-03	7.361665e-03	2.218444e-02	-1.060688e-03	7.046007e-03	8.777021e-03	1.812414e-03	-1.700386e-02	2.014299e-02	-3.376066e-04	-2.246216e-03	-1.049979e-03	-1.093591e-02	-1.229251e-02	-3.412272e-03	-8.342943e-03	-1.298384e-02	2.725369e-03
1.803954e-02	-2.874551e-03	7.658728e-04	-1.254288e-02	-3.130965e-03	-1.639175e-02	4.062318e-03	4.678265e-03	-1.344525e-02	-5.985931e-03	2.800489e-03	-2.300611e-03	-1.287343e-02	-1.014153e-02	-1.403857e-02	5.872476e-03	1.020544e-02	-4.212454e-03	1.870377e-02	-1.013952e-02	1.419758e-02	-9.635655e-03	1.268049e-02	1.565030e-04	2.548209e-02	7.630357e-03	1.279532e-02	-3.046201e-03	1.546416e-02	-1.435686e-02	1.590698e-02	8.085229e-04	3.715961e-03	-1.818575e-02	-1.531470e-02	-1.948970e-02	5.401343e-03	-1.303819e-03	2.515375e-03	1.142203e-02
4.831452e-03	-4.250250e-03	-1.948241e-03	2.596563e-03	-1.327010e-03	-1.968005e-02	1.417593e-03	4.318238e-03	1.295378e-03	-2.324485e-03	9.232727e-03	-2.064558e-03	-1.117102e-02	-2.292973e-02	2.211179e-03	8.311806e-03	1.505975e-02	-5.066537e-03	1.411686e-02	-3.756419e-03	8.893351e-03	-5.645442e-04	2.294520e-03	-2.793673e-03	2.785679e-02	4.378070e-03	1.534300e-02	8.073113e-03	-1.622088e-03	-1.097872e-02	2.157806e-02	4.966003e-03	2.397174e-03	-8.625319e-03	-2.389079e-02	-2.467512e-02	-3.941843e-04	-8.849384e-03	-7.026558e-03	9.159252e-03
7.855233e-03	-3.637517e-03	-6.976624e-03	-2.457867e-03	3.383462e-05	-9.453525e-03	2.788168e-03	1.428004e-02	-2.122644e-03	4.752058e-03	-1.672804e-03	2.678489e-03	-2.688362e-03	-1.416192e-02	-1.442774e-03	1.710101e-03	7.088554e-03	-3.343083e-03	1.736843e-02	-3.847931e-03	8.680176e-03	1.460539e-03	3.427795e-03	4.491183e-03	2.798888e-02	9.636499e-04	1.034640e-03	3.004294e-04	3.390636e-03	-1.580968e-02	2.934690e-02	-3.034555e-03	-3.037771e-03	-1.451879e-02	-1.688316e-02	-2.336569e-02	4.876488e-03	-7.095810e-03	-5.777979e-03	1.338402e-03
5.806571e-03	3.092449e-03	4.486593e-03	2.390034e-03	4.633392e-04	-1.593503e-02	1.223883e-02	1.256629e-02	1.167694e-04	8.444534e-03	-6.007957e-03	-1.454473e-04	-5.742234e-03	-8.782012e-03	-3.752987e-03	9.886763e-05	1.264798e-02	-8.527890e-03	1.917875e-02	-6.366813e-03	6.438028e-03	-2.746410e-03	-5.186925e-03	9.371678e-03	1.847452e-02	-1.038809e-02	4.962668e-03	1.111027e-02	4.957463e-03	-1.297840e-02	2.516443e-02	-1.402982e-03	1.307469e-03	-1.326119e-02	-7.571228e-03	-1.973140e-02	-2.745723e-04	-1.522867e-02	-1.268036e-02	-1.779668e-03
1.836860e-02	-4.123757e-03	4.407787e-03	-2.350199e-03	-1.095236e-02	-1.145872e-02	-2.719609e-03	5.226993e-03	-7.736008e-03	-1.262242e-02	5.014558e-03	7.768472e-04	-6.536932e-03	-8.946892e-03	-1.415668e-02	1.050328e-03	8.828445e-03	8.096676e-04	1.361664e-02	-1.035964e-02	3.657700e-03	-8.071090e-03	9.435125e-03	-8.765829e-04	1.161750e-02	2.462507e-03	7.278340e-03	-4.858561e-03	2.758138e-02	-2.011698e-02	1.887235e-02	6.045539e-04	2.332787e-03	-1.842994e-02	1.590686e-04	-2.043239e-02	8.327487e-03	-4.577640e-03	1.031025e-02	1.231493e-02
2.500680e-03	-2.573923e-03	-2.684971e-04	1.122113e-02	-7.589164e-03	-1.757685e-02	-1.214798e-04	5.797003e-03	4.879422e-03	-8.796171e-03	6.631813e-03	3.111661e-03	-7.519652e-03	-2.297171e-02	-5.024095e-04	6.657552e-03	9.957541e-03	4.722819e-03	7.275813e-03	-1.774298e-03	-4.099976e-03	-2.824668e-03	-7.163406e-03	2.988157e-03	9.323881e-03	2.524886e-03	7.770638e-03	1.267091e-02	1.346710e-02	-1.297401e-02	1.750621e-02	2.115832e-03	-1.059139e-03	-4.257612e-03	-9.852208e-03	-2.387542e-02	3.007137e-03	-8.765873e-03	-2.039439e-05	1.420470e-02
9.545833e-04	-9.644907e-03	-3.062674e-03	6.868683e-03	-1.120913e-02	-6.908239e-03	5.724293e-03	1.837247e-02	5.805916e-03	-6.564681e-03	8.828406e-03	1.845708e-03	-9.389247e-03	-1.962282e-02	-9.697765e-03	5.770590e-03	6.463783e-03	7.604875e-03	1.572775e-02	-5.678811e-03	-1.086910e-02	1.297605e-03	-3.980640e-03	1.029993e-04	1.000406e-02	3.217647e-04	8.934075e-05	7.877025e-03	1.421235e-02	-1.159437e-02	1.787141e-02	1.290393e-03	3.645748e-04	-8.643129e-03	-3.629353e-03	-2.425838e-02	8.559720e-03	-7.221140e-03	1.149601e-03	8.863785e-03
5.386899e-03	-6.219450e-03	1.633105e-03	2.207483e-03	-1.640632e-03	-1.840661e-02	1.216029e-02	1.466664e-02	-1.224268e-03	-5.363121e-03	9.174986e-03	6.676135e-03	-1.215151e-02	-1.877152e-02	-1.192480e-02	3.486254e-03	7.084059e-03	7.190609e-04	1.624248e-02	-1.021450e-02	-9.397823e-03	-8.067863e-03	-6.908532e-03	4.343360e-03	9.387793e-03	-1.375399e-02	1.094572e-04	1.742377e-02	1.723747e-02	-3.200330e-03	1.903316e-02	-2.297930e-03	-3.288242e-03	-1.206963e-03	-1.016720e-02	-1.577357e-02	1.018393e-02	-1.607656e-02	8.896328e-03	1.401841e-02
1.927601e-02	-4.877972e-03	8.376529e-03	-2.978123e-03	-1.698934e-02	-9.985115e-03	-4.942377e-03	8.895517e-03	-7.100646e-03	-2.007767e-02	7.508448e-03	2.407832e-03	-9.507130e-03	-1.861672e-02	-1.930059e-02	-2.238604e-03	9.497498e-03	4.421501e-03	1.711269e-02	-1.203985e-02	-2.015410e-02	-1.264596e-02	5.764411e-03	-7.663654e-03	5.178578e-03	-1.294291e-03	4.003624e-03	-6.583695e-03	2.897250e-02	-1.638607e-02	2.048828e-02	1.635198e-03	-2.808101e-03	-1.029255e-02	7.137249e-03	-2.422168e-02	1.612582e-02	3.685544e-03	2.955209e-02	3.430330e-02
1.430850e-03	1.734791e-03	-2.065518e-03	1.615686e-02	-5.973199e-03	-6.935036e-03	4.319349e-03	3.098733e-03	6.808086e-03	-1.721429e-02	1.282496e-02	3.898908e-03	-8.219211e-03	-2.542270e-02	-6.897904e-03	-2.241477e-03	1.336383e-02	-1.115473e-03	-2.338130e-03	5.822309e-03	-1.915503e-02	7.976532e-04	-1.724130e-02	5.995996e-03	1.654606e-02	-2.840626e-03	5.696739e-03	1.030650e-02	1.250315e-02	-1.242872e-02	1.765597e-02	-1.161157e-02	-1.213125e-02	5.555697e-03	-1.676511e-02	-2.375174e-02	6.329982e-03	-1.686155e-03	1.448054e-02	3.450539e-02
-3.859936e-03	-1.541690e-02	-1.350378e-02	6.835282e-03	-8.969676e-03	-9.612741e-03	1.420392e-02	5.592210e-03	9.458033e-03	-8.237227e-03	1.775284e-03	8.378065e-03	-5.494403e-03	-2.315912e-02	2.983517e-04	4.022168e-04	1.021041e-02	5.717799e-03	1.069141e-02	7.360279e-03	-1.733875e-02	-1.614015e-02	-7.327632e-03	4.755292e-03	7.327932e-03	-8.871520e-04	-5.681609e-03	4.424486e-04	1.338037e-02	-7.797623e-03	1.430587e-02	-2.881035e-03	-1.308852e-02	1.131892e-02	3.268958e-03	-1.450397e-02	9.025016e-03	-1.665068e-05	9.643017e-03	2.391977e-02
-3.359541e-03	-9.896815e-03	-8.286243e-03	-6.925607e-03	-1.185389e-03	-2.367899e-02	2.268289e-02	2.889540e-03	5.825511e-03	-2.834156e-03	-7.350457e-03	1.597893e-02	-6.008969e-03	-1.772838e-02	-1.629952e-03	-3.663548e-03	1.223510e-02	8.793504e-03	1.298134e-02	-6.580987e-03	-5.931254e-03	-2.485722e-02	-7.442016e-03	1.839450e-02	4.295859e-03	-9.080299e-03	-2.725532e-03	6.532961e-03	1.336530e-02	1.274657e-03	6.661864e-03	-5.966988e-03	-1.097454e-02	1.329769e-02	1.323690e-03	-6.894569e-03	5.022594e-03	-1.330387e-02	1.564622e-02	2.326794e-02
