0	0	0	4.007048e-02
0	0	1	9.043668e-01
0	0	2	6.027002e-01
0	0	3	7.494199e-01
0	0	4	6.170313e-01
0	0	5	6.460300e-01
0	0	6	1.720386e-01
0	0	7	4.460412e-01
0	0	8	1.583622e-01
0	0	9	6.889636e-01
0	1	0	6.984643e-01
0	1	1	4.594221e-01
0	1	2	9.872174e-01
0	1	3	7.098604e-01
0	1	4	5.265506e-01
0	1	5	4.559101e-01
0	1	6	7.587317e-01
0	1	7	4.246479e-01
0	1	8	3.815979e-01
0	1	9	1.624263e-03
0	2	0	9.418135e-01
0	2	1	1.487076e-01
0	2	2	8.269390e-01
0	2	3	6.894831e-01
0	2	4	3.674254e-01
0	2	5	2.345202e-02
0	2	6	4.901798e-01
0	2	7	8.092240e-01
0	2	8	5.036731e-01
0	2	9	4.827365e-02
0	3	0	5.279913e-01
0	3	1	5.437436e-01
0	3	2	9.526405e-01
0	3	3	1.306915e-01
0	3	4	2.931635e-01
0	3	5	5.696718e-01
0	3	6	7.767215e-01
0	3	7	4.652021e-01
0	3	8	1.571294e-02
0	3	9	9.350837e-01
0	4	0	1.541656e-01
0	4	1	7.141773e-01
0	4	2	3.945058e-01
0	4	3	1.413830e-01
0	4	4	4.240377e-01
0	4	5	9.210564e-01
0	4	6	5.972931e-01
0	4	7	1.827694e-01
0	4	8	3.457043e-01
0	4	9	9.788910e-01
0	5	0	1.843937e-01
0	5	1	2.875178e-01
0	5	2	1.275986e-01
0	5	3	1.133269e-02
0	5	4	9.770009e-01
0	5	5	4.950240e-01
0	5	6	3.478471e-02
0	5	7	4.671807e-01
0	5	8	3.042480e-01
0	5	9	5.384578e-01
0	6	0	5.154543e-01
0	6	1	8.322393e-01
0	6	2	8.220133e-02
0	6	3	4.680948e-01
0	6	4	9.629309e-01
0	6	5	3.753648e-01
0	6	6	3.776658e-02
0	6	7	7.396524e-01
0	6	8	8.405669e-01
0	6	9	5.347953e-02
0	7	0	6.747361e-01
0	7	1	9.947325e-01
0	7	2	7.676568e-01
0	7	3	6.924186e-02
0	7	4	1.361155e-01
0	7	5	1.916945e-01
0	7	6	9.902983e-01
0	7	7	7.334086e-01
0	7	8	3.744639e-01
0	7	9	3.360026e-01
0	8	0	7.122996e-01
0	8	1	5.588575e-01
0	8	2	6.235204e-01
0	8	3	8.398982e-01
0	8	4	5.701902e-01
0	8	5	6.005213e-01
0	8	6	3.349223e-01
0	8	7	6.049749e-01
0	8	8	6.770199e-02
0	8	9	6.391703e-01
0	9	0	1.434327e-01
0	9	1	5.831563e-01
0	9	2	4.714096e-01
0	9	3	2.256340e-01
0	9	4	5.125114e-02
0	9	5	4.343405e-01
0	9	6	6.009988e-01
0	9	7	8.901772e-02
0	9	8	1.739929e-01
0	9	9	4.415657e-01
1	0	0	1.424972e-01
1	0	1	8.487290e-01
1	0	2	4.362982e-01
1	0	3	9.101541e-01
1	0	4	9.179708e-01
1	0	5	5.724137e-01
1	0	6	1.018485e-01
1	0	7	9.082691e-01
1	0	8	3.058223e-01
1	0	9	4.763124e-01
1	1	0	2.442717e-01
1	1	1	1.812191e-02
1	1	2	3.516990e-02
1	1	3	8.677921e-01
1	1	4	8.580201e-01
1	1	5	6.053601e-01
1	1	6	4.683134e-01
1	1	7	1.929424e-01
1	1	8	2.103350e-01
1	1	9	5.360154e-01
1	2	0	8.321127e-01
1	2	1	3.537677e-01
1	2	2	1.191717e-01
1	2	3	3.035223e-01
1	2	4	5.794017e-01
1	2	5	1.704228e-01
1	2	6	7.378628e-01
1	2	7	1.804006e-01
1	2	8	2.594406e-01
1	2	9	9.118557e-01
1	3	0	6.219663e-01
1	3	1	4.019378e-01
1	3	2	7.605847e-01
1	3	3	5.826452e-02
1	3	4	3.120919e-01
1	3	5	6.785556e-01
1	3	6	6.306782e-01
1	3	7	4.139404e-01
1	3	8	5.868247e-01
1	3	9	9.365006e-01
1	4	0	8.902528e-01
1	4	1	8.310963e-01
1	4	2	9.546225e-01
1	4	3	9.254227e-01
1	4	4	6.988884e-01
1	4	5	8.126426e-01
1	4	6	5.307828e-01
1	4	7	1.672018e-01
1	4	8	5.585024e-03
1	4	9	7.411178e-01
1	5	0	7.032172e-01
1	5	1	8.376977e-01
1	5	2	9.488554e-02
1	5	3	8.223889e-01
1	5	4	1.412201e-01
1	5	5	6.742873e-01
1	5	6	9.928117e-01
1	5	7	8.790829e-01
1	5	8	8.546879e-01
1	5	9	2.522523e-01
1	6	0	7.909387e-01
1	6	1	4.766541e-01
1	6	2	6.541901e-01
1	6	3	5.515234e-01
1	6	4	5.349187e-01
1	6	5	9.662820e-01
1	6	6	2.300789e-01
1	6	7	1.655969e-01
1	6	8	3.802224e-01
1	6	9	8.169036e-01
1	7	0	1.020975e-01
1	7	1	2.704752e-01
1	7	2	6.480000e-01
1	7	3	5.671994e-02
1	7	4	1.958979e-01
1	7	5	3.468884e-01
1	7	6	8.693625e-01
1	7	7	7.266807e-01
1	7	8	5.140902e-01
1	7	9	8.749476e-01
1	8	0	4.677985e-01
1	8	1	2.173074e-01
1	8	2	7.126453e-01
1	8	3	5.626840e-01
1	8	4	3.969632e-02
1	8	5	8.538654e-01
1	8	6	2.369713e-01
1	8	7	3.250805e-02
1	8	8	7.329483e-01
1	8	9	9.165918e-02
1	9	0	2.847604e-01
1	9	1	5.238869e-01
1	9	2	5.683133e-01
1	9	3	9.389505e-01
1	9	4	7.541032e-02
1	9	5	1.032320e-01
1	9	6	9.052324e-01
1	9	7	3.054893e-01
1	9	8	2.688289e-01
1	9	9	2.854548e-01
2	0	0	1.223929e-01
2	0	1	3.709264e-01
2	0	2	5.559300e-01
2	0	3	7.703928e-01
2	0	4	4.276463e-01
2	0	5	7.518279e-01
2	0	6	1.172812e-01
2	0	7	2.970088e-01
2	0	8	4.785086e-01
2	0	9	6.313714e-01
2	1	0	1.719564e-01
2	1	1	9.463071e-01
2	1	2	8.486789e-01
2	1	3	8.846017e-01
2	1	4	5.089911e-01
2	1	5	8.883752e-01
2	1	6	7.384671e-01
2	1	7	7.459624e-01
2	1	8	9.208832e-01
2	1	9	4.714154e-01
2	2	0	8.376216e-01
2	2	1	2.056436e-01
2	2	2	9.953023e-01
2	2	3	4.059349e-01
2	2	4	1.445940e-01
2	2	5	7.071265e-02
2	2	6	5.091669e-01
2	2	7	4.982649e-02
2	2	8	3.762019e-01
2	2	9	7.779958e-01
2	3	0	3.352813e-01
2	3	1	4.985948e-01
2	3	2	1.489221e-01
2	3	3	8.912113e-01
2	3	4	2.689876e-01
2	3	5	5.765684e-01
2	3	6	6.430392e-01
2	3	7	3.862689e-01
2	3	8	8.735773e-01
2	3	9	1.215478e-01
2	4	0	1.764031e-02
2	4	1	4.553368e-02
2	4	2	6.785482e-02
2	4	3	8.663192e-01
2	4	4	9.301354e-01
2	4	5	5.768459e-01
2	4	6	7.546944e-01
2	4	7	6.686025e-01
2	4	8	3.228083e-01
2	4	9	6.755776e-01
2	5	0	1.400179e-01
2	5	1	1.604299e-01
2	5	2	8.812212e-01
2	5	3	1.353202e-01
2	5	4	5.663649e-01
2	5	5	2.581521e-02
2	5	6	2.060329e-01
2	5	7	7.553176e-02
2	5	8	7.564170e-02
2	5	9	5.822348e-01
2	6	0	8.535276e-01
2	6	1	4.109230e-01
2	6	2	8.082958e-02
2	6	3	2.449702e-03
2	6	4	3.021343e-01
2	6	5	3.498172e-01
2	6	6	5.790181e-01
2	6	7	9.451735e-01
2	6	8	7.360861e-01
2	6	9	4.525954e-01
2	7	0	6.672130e-02
2	7	1	7.537264e-01
2	7	2	4.981291e-01
2	7	3	1.345761e-01
2	7	4	6.200456e-01
2	7	5	4.282645e-01
2	7	6	7.114220e-01
2	7	7	3.747399e-01
2	7	8	9.686697e-02
2	7	9	3.423038e-02
2	8	0	5.031751e-02
2	8	1	2.368849e-01
2	8	2	1.946603e-01
2	8	3	9.315387e-01
2	8	4	3.722051e-01
2	8	5	7.610252e-01
2	8	6	9.573539e-01
2	8	7	5.782379e-01
2	8	8	8.365570e-01
2	8	9	3.299559e-02
2	9	0	1.604727e-01
2	9	1	6.900845e-01
2	9	2	4.439186e-01
2	9	3	2.413023e-01
2	9	4	6.925342e-01
2	9	5	7.460529e-01
2	9	6	5.911195e-01
2	9	7	2.715523e-01
2	9	8	6.912265e-01
2	9	9	3.272056e-01
3	0	0	7.241478e-01
3	0	1	7.579478e-01
3	0	2	8.093199e-02
3	0	3	2.222768e-01
3	0	4	8.925239e-01
3	0	5	7.009776e-01
3	0	6	6.505413e-01
3	0	7	6.039459e-01
3	0	8	7.571749e-02
3	0	9	7.474083e-01
3	1	0	6.381763e-01
3	1	1	1.260350e-01
3	1	2	9.842932e-01
3	1	3	8.328367e-01
3	1	4	5.757368e-02
3	1	5	3.564982e-01
3	1	6	5.938618e-01
3	1	7	1.492756e-02
3	1	8	9.347361e-01
3	1	9	4.304188e-01
3	2	0	4.792315e-02
3	2	1	9.520886e-02
3	2	2	1.205033e-01
3	2	3	4.918418e-01
3	2	4	3.365111e-01
3	2	5	8.130375e-01
3	2	6	2.378947e-01
3	2	7	9.276307e-01
3	2	8	8.458985e-02
3	2	9	9.291212e-01
3	3	0	2.548362e-01
3	3	1	8.087376e-01
3	3	2	6.870690e-01
3	3	3	3.357682e-01
3	3	4	3.101444e-02
3	3	5	5.795929e-01
3	3	6	3.674580e-02
3	3	7	6.815558e-01
3	3	8	1.835388e-01
3	3	9	1.124633e-01
3	4	0	4.289641e-01
3	4	1	8.217151e-01
3	4	2	2.384983e-01
3	4	3	4.132572e-01
3	4	4	6.545518e-01
3	4	5	2.960720e-01
3	4	6	7.697554e-01
3	4	7	2.484136e-01
3	4	8	3.109995e-01
3	4	9	7.044916e-01
3	5	0	6.788324e-01
3	5	1	3.589227e-01
3	5	2	7.997004e-01
3	5	3	7.993357e-01
3	5	4	8.507644e-01
3	5	5	1.362116e-01
3	5	6	6.123732e-01
3	5	7	8.865913e-02
3	5	8	6.384224e-02
3	5	9	6.969631e-01
3	6	0	1.778030e-02
3	6	1	3.186785e-01
3	6	2	5.057007e-01
3	6	3	7.048493e-01
3	6	4	6.544467e-01
3	6	5	5.367151e-01
3	6	6	2.844421e-01
3	6	7	6.911925e-01
3	6	8	2.182709e-01
3	6	9	4.679809e-01
3	7	0	8.036558e-01
3	7	1	6.472349e-01
3	7	2	2.896960e-01
3	7	3	4.215412e-02
3	7	4	6.049215e-02
3	7	5	9.442478e-01
3	7	6	3.382261e-01
3	7	7	8.302476e-01
3	7	8	1.926614e-01
3	7	9	6.492256e-01
3	8	0	5.347392e-01
3	8	1	8.714938e-01
3	8	2	8.148317e-03
3	8	3	3.344396e-01
3	8	4	6.708295e-01
3	8	5	8.589128e-01
3	8	6	4.706512e-01
3	8	7	2.832027e-01
3	8	8	9.475719e-01
3	8	9	5.344934e-01
3	9	0	9.801658e-01
3	9	1	9.653522e-01
3	9	2	8.531719e-01
3	9	3	4.858664e-01
3	9	4	6.702014e-01
3	9	5	5.076186e-01
3	9	6	2.258152e-02
3	9	7	9.546436e-01
3	9	8	1.988111e-01
3	9	9	2.408524e-01
4	0	0	4.226245e-01
4	0	1	2.466951e-03
4	0	2	8.880873e-01
4	0	3	7.123205e-01
4	0	4	4.462107e-02
4	0	5	9.485795e-01
4	0	6	6.565683e-01
4	0	7	3.828472e-01
4	0	8	7.788270e-01
4	0	9	8.492297e-01
4	1	0	3.207279e-02
4	1	1	3.135662e-01
4	1	2	7.207235e-01
4	1	3	4.022111e-02
4	1	4	6.480058e-01
4	1	5	3.915529e-01
4	1	6	8.991339e-01
4	1	7	1.186570e-01
4	1	8	6.747556e-01
4	1	9	8.467057e-01
4	2	0	6.531504e-01
4	2	1	6.549214e-01
4	2	2	8.120579e-01
4	2	3	5.063223e-01
4	2	4	1.407878e-01
4	2	5	4.822594e-01
4	2	6	1.394090e-02
4	2	7	1.633693e-01
4	2	8	4.369029e-01
4	2	9	2.127520e-01
4	3	0	4.042217e-01
4	3	1	8.595274e-01
4	3	2	2.152190e-01
4	3	3	2.923090e-01
4	3	4	5.718479e-01
4	3	5	2.598400e-01
4	3	6	2.408885e-01
4	3	7	2.284161e-01
4	3	8	6.426872e-01
4	3	9	1.971553e-02
4	4	0	7.764577e-02
4	4	1	6.747600e-01
4	4	2	3.332817e-01
4	4	3	7.983692e-01
4	4	4	7.149811e-01
4	4	5	9.812875e-01
4	4	6	1.899222e-01
4	4	7	6.141150e-01
4	4	8	9.994449e-02
4	4	9	8.646778e-01
4	5	0	4.608207e-01
4	5	1	7.530949e-01
4	5	2	5.195992e-01
4	5	3	2.728787e-01
4	5	4	2.594172e-01
4	5	5	6.603870e-01
4	5	6	7.551380e-01
4	5	7	2.733580e-01
4	5	8	8.237563e-01
4	5	9	1.920410e-01
4	6	0	4.861101e-01
4	6	1	2.279780e-01
4	6	2	5.156837e-02
4	6	3	7.013291e-01
4	6	4	5.202870e-01
4	6	5	6.234162e-01
4	6	6	9.611691e-01
4	6	7	7.611755e-01
4	6	8	8.518323e-01
4	6	9	6.038563e-01
4	7	0	7.808911e-01
4	7	1	9.294781e-01
4	7	2	2.786163e-01
4	7	3	1.141728e-01
4	7	4	7.278473e-01
4	7	5	9.935974e-01
4	7	6	9.546031e-02
4	7	7	9.177695e-01
4	7	8	6.077124e-01
4	7	9	1.954048e-01
4	8	0	7.824473e-01
4	8	1	6.853312e-02
4	8	2	9.484997e-01
4	8	3	3.020465e-01
4	8	4	3.414118e-01
4	8	5	2.079168e-01
4	8	6	9.624335e-01
4	8	7	9.654983e-02
4	8	8	4.812749e-01
4	8	9	7.861898e-01
4	9	0	2.885908e-01
4	9	1	9.673849e-01
4	9	2	1.416780e-02
4	9	3	3.401592e-01
4	9	4	6.687140e-01
4	9	5	5.344548e-01
4	9	6	9.635754e-01
4	9	7	6.298831e-01
4	9	8	2.956304e-01
4	9	9	8.154077e-01
5	0	0	2.337394e-01
5	0	1	7.652144e-02
5	0	2	7.448858e-01
5	0	3	5.123557e-01
5	0	4	1.906942e-01
5	0	5	4.727332e-01
5	0	6	5.059532e-01
5	0	7	2.861545e-01
5	0	8	3.905027e-01
5	0	9	1.136656e-01
5	1	0	4.815593e-01
5	1	1	1.729500e-01
5	1	2	1.821987e-01
5	1	3	4.300590e-01
5	1	4	4.749965e-01
5	1	5	5.236105e-01
5	1	6	6.379758e-01
5	1	7	4.374300e-01
5	1	8	6.201603e-01
5	1	9	1.192507e-01
5	2	0	2.236197e-01
5	2	1	9.087511e-01
5	2	2	8.663566e-02
5	2	3	2.377875e-01
5	2	4	2.489103e-01
5	2	5	7.553497e-01
5	2	6	7.722424e-01
5	2	7	2.124857e-01
5	2	8	3.852328e-01
5	2	9	6.787277e-02
5	3	0	2.789342e-02
5	3	1	6.189722e-01
5	3	2	1.443942e-01
5	3	3	7.727793e-01
5	3	4	1.313279e-01
5	3	5	3.350884e-01
5	3	6	2.455125e-01
5	3	7	6.372811e-01
5	3	8	6.212430e-01
5	3	9	6.360151e-01
5	4	0	7.509467e-01
5	4	1	1.028023e-01
5	4	2	8.089651e-01
5	4	3	9.331454e-01
5	4	4	5.328613e-01
5	4	5	2.839616e-01
5	4	6	4.567559e-01
5	4	7	1.708372e-01
5	4	8	7.213915e-01
5	4	9	7.691618e-02
5	5	0	2.900879e-01
5	5	1	9.450113e-01
5	5	2	9.856673e-01
5	5	3	3.767236e-01
5	5	4	1.827988e-01
5	5	5	2.345776e-01
5	5	6	1.320732e-01
5	5	7	9.550412e-01
5	5	8	4.470633e-01
5	5	9	5.173060e-01
5	6	0	2.291399e-02
5	6	1	4.749567e-01
5	6	2	1.362782e-01
5	6	3	1.673082e-01
5	6	4	2.477360e-01
5	6	5	2.676061e-01
5	6	6	5.023966e-01
5	6	7	4.932484e-01
5	6	8	9.048873e-01
5	6	9	1.236396e-01
5	7	0	1.292635e-01
5	7	1	6.558340e-01
5	7	2	2.264419e-01
5	7	3	9.382287e-01
5	7	4	5.889793e-01
5	7	5	7.593033e-01
5	7	6	2.221902e-01
5	7	7	4.573521e-02
5	7	8	9.301405e-01
5	7	9	9.435818e-01
5	8	0	1.226514e-01
5	8	1	2.202284e-01
5	8	2	8.885931e-01
5	8	3	1.083187e-01
5	8	4	5.969519e-01
5	8	5	7.139190e-02
5	8	6	3.428963e-01
5	8	7	7.290251e-01
5	8	8	2.643312e-02
5	8	9	7.899596e-01
5	9	0	2.463311e-01
5	9	1	4.934711e-02
5	9	2	2.649163e-01
5	9	3	3.826093e-01
5	9	4	2.166553e-01
5	9	5	5.126522e-01
5	9	6	6.502155e-01
5	9	7	7.190519e-01
5	9	8	5.900620e-03
5	9	9	5.551027e-01
6	0	0	8.426915e-01
6	0	1	1.351642e-01
6	0	2	2.109367e-01
6	0	3	6.913348e-02
6	0	4	7.339282e-02
6	0	5	7.999160e-01
6	0	6	8.284368e-01
6	0	7	2.955831e-01
6	0	8	8.456512e-01
6	0	9	7.585772e-01
6	1	0	2.391648e-01
6	1	1	9.683026e-01
6	1	2	9.788056e-01
6	1	3	1.277579e-01
6	1	4	7.662132e-02
6	1	5	5.757575e-01
6	1	6	1.991498e-01
6	1	7	4.195176e-01
6	1	8	3.047826e-01
6	1	9	2.255829e-01
6	2	0	2.094772e-01
6	2	1	5.511138e-01
6	2	2	2.749300e-01
6	2	3	4.743934e-01
6	2	4	9.337231e-01
6	2	5	4.915853e-01
6	2	6	9.870456e-01
6	2	7	5.839386e-01
6	2	8	2.106373e-01
6	2	9	9.929463e-01
6	3	0	1.390413e-01
6	3	1	5.332882e-02
6	3	2	1.281104e-01
6	3	3	3.499780e-01
6	3	4	1.224623e-01
6	3	5	2.015032e-01
6	3	6	1.498940e-01
6	3	7	9.508991e-01
6	3	8	4.970863e-01
6	3	9	9.955452e-01
6	4	0	7.094763e-01
6	4	1	7.362511e-01
6	4	2	9.638478e-01
6	4	3	6.882819e-01
6	4	4	8.640090e-01
6	4	5	4.046914e-02
6	4	6	2.640394e-01
6	4	7	6.315884e-02
6	4	8	4.599868e-01
6	4	9	5.688220e-01
6	5	0	2.887418e-01
6	5	1	6.694639e-01
6	5	2	1.199358e-01
6	5	3	5.636718e-01
6	5	4	1.438573e-01
6	5	5	5.365888e-02
6	5	6	5.525714e-02
6	5	7	1.309030e-01
6	5	8	6.375974e-01
6	5	9	2.658944e-01
6	6	0	1.238492e-01
6	6	1	7.766387e-01
6	6	2	3.192232e-01
6	6	3	2.519596e-01
6	6	4	1.266167e-01
6	6	5	4.416855e-01
6	6	6	4.534629e-01
6	6	7	2.765106e-01
6	6	8	3.925846e-01
6	6	9	9.505492e-01
6	7	0	2.720558e-01
6	7	1	1.020609e-01
6	7	2	6.868003e-01
6	7	3	2.359037e-01
6	7	4	7.903427e-01
6	7	5	5.508093e-01
6	7	6	2.763728e-01
6	7	7	5.438213e-02
6	7	8	6.139682e-01
6	7	9	7.363596e-01
6	8	0	6.232042e-01
6	8	1	9.027099e-01
6	8	2	4.058235e-01
6	8	3	7.431399e-01
6	8	4	4.663817e-01
6	8	5	5.496808e-01
6	8	6	7.967988e-01
6	8	7	5.216389e-01
6	8	8	6.805838e-01
6	8	9	4.343963e-01
6	9	0	7.875333e-01
6	9	1	8.044330e-01
6	9	2	2.110350e-01
6	9	3	1.067565e-01
6	9	4	5.639264e-02
6	9	5	3.376517e-01
6	9	6	5.484420e-01
6	9	7	5.098555e-01
6	9	8	6.141623e-01
6	9	9	9.410266e-01
7	0	0	4.604047e-01
7	0	1	8.862181e-01
7	0	2	4.308748e-02
7	0	3	1.472049e-01
7	0	4	1.221218e-01
7	0	5	8.334302e-01
7	0	6	6.980143e-01
7	0	7	3.984946e-01
7	0	8	8.878124e-01
7	0	9	3.119824e-01
7	1	0	1.348542e-01
7	1	1	5.110165e-01
7	1	2	2.146924e-01
7	1	3	5.406776e-01
7	1	4	2.541565e-01
7	1	5	6.810741e-01
7	1	6	9.035844e-02
7	1	7	5.095528e-02
7	1	8	2.027129e-01
7	1	9	7.709422e-01
7	2	0	4.853515e-01
7	2	1	9.902462e-01
7	2	2	5.753752e-01
7	2	3	6.963865e-01
7	2	4	9.700271e-02
7	2	5	6.317679e-01
7	2	6	3.403820e-02
7	2	7	6.454447e-01
7	2	8	1.416234e-01
7	2	9	6.482005e-01
7	3	0	5.864713e-01
7	3	1	6.020280e-01
7	3	2	5.344186e-01
7	3	3	6.295588e-01
7	3	4	7.492330e-01
7	3	5	6.565404e-01
7	3	6	4.629890e-01
7	3	7	4.472472e-01
7	3	8	5.503503e-02
7	3	9	3.508014e-01
7	4	0	7.592297e-01
7	4	1	1.898892e-01
7	4	2	8.618179e-01
7	4	3	9.739220e-01
7	4	4	7.305668e-01
7	4	5	1.159744e-01
7	4	6	6.549961e-01
7	4	7	8.209252e-01
7	4	8	1.669296e-01
7	4	9	8.577091e-01
7	5	0	5.918675e-01
7	5	1	6.522812e-01
7	5	2	8.479553e-01
7	5	3	1.672427e-01
7	5	4	3.486677e-01
7	5	5	9.449580e-01
7	5	6	7.990106e-01
7	5	7	3.827059e-01
7	5	8	5.904028e-01
7	5	9	9.406339e-01
7	6	0	3.090641e-02
7	6	1	1.768741e-01
7	6	2	5.426619e-01
7	6	3	5.653251e-01
7	6	4	8.064329e-01
7	6	5	2.918949e-01
7	6	6	2.218655e-01
7	6	7	2.694220e-01
7	6	8	7.391421e-01
7	6	9	2.769005e-01
7	7	0	6.202234e-01
7	7	1	4.983718e-01
7	7	2	4.667897e-01
7	7	3	4.820413e-01
7	7	4	4.722939e-01
7	7	5	1.973565e-01
7	7	6	5.980156e-01
7	7	7	1.272900e-01
7	7	8	1.828176e-02
7	7	9	7.649452e-01
7	8	0	9.849991e-01
7	8	1	6.101492e-01
7	8	2	4.172264e-01
7	8	3	8.329544e-01
7	8	4	7.773919e-01
7	8	5	7.658941e-01
7	8	6	7.779124e-01
7	8	7	5.764025e-01
7	8	8	1.486001e-01
7	8	9	3.683152e-01
7	9	0	5.170364e-01
7	9	1	1.795065e-01
7	9	2	5.451893e-01
7	9	3	5.969833e-02
7	9	4	7.448315e-01
7	9	5	3.516222e-01
7	9	6	3.515932e-01
7	9	7	9.666970e-01
7	9	8	6.210441e-01
7	9	9	9.073538e-02
8	0	0	2.435975e-01
8	0	1	2.412675e-01
8	0	2	5.891072e-01
8	0	3	7.103872e-01
8	0	4	7.233088e-01
8	0	5	6.140108e-02
8	0	6	9.077437e-01
8	0	7	3.213244e-01
8	0	8	1.886911e-01
8	0	9	9.260255e-01
8	1	0	8.626961e-02
8	1	1	1.736902e-01
8	1	2	5.361747e-01
8	1	3	5.034960e-01
8	1	4	6.644577e-03
8	1	5	3.135667e-01
8	1	6	2.693902e-01
8	1	7	7.845570e-01
8	1	8	8.899691e-01
8	1	9	4.179902e-01
8	2	0	1.528722e-01
8	2	1	4.070055e-01
8	2	2	5.974967e-01
8	2	3	6.980614e-01
8	2	4	4.667038e-01
8	2	5	3.423282e-01
8	2	6	4.968360e-02
8	2	7	8.182971e-01
8	2	8	3.090252e-01
8	2	9	6.707277e-01
8	3	0	9.090325e-01
8	3	1	5.526228e-01
8	3	2	9.119952e-01
8	3	3	4.981397e-01
8	3	4	2.630100e-01
8	3	5	6.353040e-01
8	3	6	5.595408e-01
8	3	7	1.707537e-01
8	3	8	9.566283e-01
8	3	9	7.482318e-01
8	4	0	9.677925e-02
8	4	1	4.289796e-02
8	4	2	9.219220e-01
8	4	3	6.329540e-01
8	4	4	5.463940e-01
8	4	5	9.285666e-01
8	4	6	9.465206e-01
8	4	7	8.157842e-01
8	4	8	7.131236e-01
8	4	9	8.364898e-01
8	5	0	2.337744e-01
8	5	1	8.659958e-01
8	5	2	2.434953e-01
8	5	3	8.312711e-01
8	5	4	5.640572e-01
8	5	5	7.101991e-01
8	5	6	1.735994e-01
8	5	7	6.137408e-01
8	5	8	5.284962e-01
8	5	9	4.826246e-01
8	6	0	2.844685e-01
8	6	1	4.375287e-01
8	6	2	3.524736e-02
8	6	3	1.964637e-01
8	6	4	9.356683e-01
8	6	5	2.982574e-01
8	6	6	8.317677e-01
8	6	7	4.952091e-01
8	6	8	4.690111e-01
8	6	9	7.883961e-01
8	7	0	2.434409e-01
8	7	1	5.657903e-01
8	7	2	8.312940e-01
8	7	3	1.653630e-01
8	7	4	1.987443e-01
8	7	5	3.776880e-01
8	7	6	9.392956e-02
8	7	7	1.452650e-01
8	7	8	1.934722e-01
8	7	9	8.070531e-01
8	8	0	9.817547e-01
8	8	1	4.272466e-01
8	8	2	6.730489e-01
8	8	3	2.252500e-01
8	8	4	2.585177e-01
8	8	5	2.371061e-01
8	8	6	9.354491e-01
8	8	7	4.321171e-01
8	8	8	8.508468e-01
8	8	9	4.639453e-01
8	9	0	9.147417e-01
8	9	1	1.353154e-01
8	9	2	9.014740e-01
8	9	3	9.499890e-01
8	9	4	3.317791e-01
8	9	5	8.371423e-01
8	9	6	2.482464e-01
8	9	7	1.635468e-01
8	9	8	3.323514e-01
8	9	9	7.172575e-01
9	0	0	9.519429e-01
9	0	1	5.757923e-01
9	0	2	2.830478e-01
9	0	3	7.832369e-01
9	0	4	7.411553e-01
9	0	5	4.817921e-01
9	0	6	1.609249e-01
9	0	7	8.350849e-01
9	0	8	6.270571e-01
9	0	9	3.543971e-01
9	1	0	6.421380e-01
9	1	1	6.088118e-01
9	1	2	7.816437e-01
9	1	3	3.151869e-01
9	1	4	8.340618e-01
9	1	5	4.016143e-02
9	1	6	5.522930e-01
9	1	7	7.695109e-01
9	1	8	4.722785e-01
9	1	9	4.031398e-01
9	2	0	2.334562e-01
9	2	1	3.870202e-01
9	2	2	5.384552e-01
9	2	3	1.349302e-01
9	2	4	3.370093e-01
9	2	5	8.702343e-01
9	2	6	9.720725e-01
9	2	7	5.852556e-01
9	2	8	3.378106e-02
9	2	9	3.044239e-01
9	3	0	3.025131e-01
9	3	1	9.857239e-01
9	3	2	8.802163e-01
9	3	3	5.855610e-01
9	3	4	7.689608e-01
9	3	5	6.213716e-01
9	3	6	6.735311e-02
9	3	7	9.298857e-01
9	3	8	4.564564e-01
9	3	9	6.944102e-01
9	4	0	2.842828e-01
9	4	1	9.859441e-02
9	4	2	3.032220e-01
9	4	3	6.592650e-02
9	4	4	4.137813e-01
9	4	5	1.372839e-01
9	4	6	1.060879e-01
9	4	7	9.660743e-01
9	4	8	9.067948e-01
9	4	9	5.783665e-01
9	5	0	3.692141e-01
9	5	1	1.402510e-01
9	5	2	9.653867e-01
9	5	3	9.076692e-01
9	5	4	2.751812e-01
9	5	5	3.023959e-01
9	5	6	7.779035e-01
9	5	7	2.472537e-01
9	5	8	8.876516e-01
9	5	9	8.116846e-01
9	6	0	5.516777e-01
9	6	1	1.901647e-01
9	6	2	7.974085e-01
9	6	3	4.318939e-01
9	6	4	7.757257e-01
9	6	5	5.663693e-01
9	6	6	5.326551e-02
9	6	7	8.430788e-01
9	6	8	4.962550e-01
9	6	9	5.097219e-01
9	7	0	5.374890e-01
9	7	1	7.805378e-01
9	7	2	6.083163e-01
9	7	3	8.407110e-01
9	7	4	8.464643e-01
9	7	5	2.209765e-02
9	7	6	9.779949e-01
9	7	7	9.525522e-01
9	7	8	9.881719e-01
9	7	9	8.847897e-01
9	8	0	5.309187e-01
9	8	1	3.573860e-01
9	8	2	2.504068e-02
9	8	3	4.963054e-01
9	8	4	2.650553e-01
9	8	5	3.002219e-01
9	8	6	7.987013e-01
9	8	7	4.295876e-02
9	8	8	5.474757e-01
9	8	9	6.863528e-01
9	9	0	8.546433e-01
9	9	1	9.915333e-02
9	9	2	8.765175e-01
9	9	3	6.520518e-01
9	9	4	5.310473e-01
9	9	5	6.522432e-01
9	9	6	2.184211e-01
9	9	7	5.843128e-01
9	9	8	4.953220e-01
9	9	9	7.146761e-01
