1.770550e+00	-2.590999e-01	8.269287e-01	2.548173e+00	1.192737e+00	5.771010e-01	5.622952e-01	-1.842642e+00	-6.228780e-01	-1.177304e+00
5.508073e-01	-1.136691e-01	6.076320e-01	-2.101518e+00	-7.268732e-01	-3.755879e-01	1.270818e+00	1.510206e+00	2.448395e+00	4.250240e+00
1.316734e+00	-1.817657e+00	1.027507e+00	2.075583e+00	9.947309e-01	-1.539089e-01	1.403951e+00	-2.346846e-01	4.800776e-01	5.348065e-01
1.750456e+00	-1.192985e+00	1.257762e+00	-3.499981e-01	-8.642319e-02	2.985069e-01	2.182933e+00	5.093278e-01	1.373518e+00	1.310855e+00
4.953331e-01	-1.536485e-01	1.004787e-01	1.685071e+00	1.488371e+00	3.758256e-01	6.058755e-01	-6.263270e-01	-8.403359e-01	4.301078e-01
1.479948e+00	-1.001030e+00	6.982709e-01	8.056957e-01	1.274042e-01	-1.005192e-01	1.102367e+00	2.152380e-02	6.665470e-01	1.425780e+00
1.176447e+00	-8.434450e-01	5.050796e-01	4.604546e-01	3.421942e-01	-2.066102e-02	2.455108e+00	1.777151e-01	8.494310e-01	1.467318e+00
2.228306e+00	6.883751e-01	1.213331e+00	9.568106e-01	9.662803e-01	1.671345e+00	1.259621e+00	-1.432519e+00	2.110952e-02	-2.020033e+00
6.188229e-01	4.211426e-03	1.594455e+00	1.167748e-01	1.939153e+00	9.048732e-01	-1.131219e+00	4.280258e-01	1.763097e+00	2.405525e-01
8.473887e-01	-7.250846e-01	9.551511e-02	3.201904e+00	1.309815e+00	-2.343695e-01	1.540153e+00	-1.396894e+00	-8.128386e-02	-8.132123e-01
-3.444148e-01	-3.638147e-01	2.651872e-01	2.044122e+00	2.422320e+00	3.874384e-02	3.538357e-01	-8.079190e-02	-4.171239e-01	1.324035e-01
1.666116e+00	-1.143661e+00	7.984886e-01	1.365135e+00	1.507308e-01	-2.192106e-01	1.323283e+00	-6.257275e-01	1.955843e-01	1.003633e+00
3.810804e-01	-1.223589e-01	1.426812e-01	-1.808089e-01	6.171840e-01	8.562494e-02	2.727222e+00	3.954254e-01	6.445646e-01	1.881185e+00
6.597050e-01	6.063239e-01	9.182399e-01	-2.663604e-01	6.589392e-01	2.027323e+00	1.218301e+00	3.918616e-01	-8.415109e-02	-8.068649e-01
3.968072e+00	-1.033391e+00	2.431247e+00	1.205709e+00	1.284923e+00	1.024492e+00	8.994625e-01	-1.876645e+00	-1.814632e+00	-1.394286e-01
2.219183e+00	-6.892286e-01	9.756178e-01	1.922459e+00	8.173016e-01	-5.807405e-01	7.971292e-01	-1.512345e+00	-1.720592e-01	8.427089e-01
2.124247e+00	-1.498961e+00	1.101337e+00	2.183051e+00	5.261956e-01	-1.157875e-01	1.287482e+00	-9.015032e-01	-2.430156e-01	3.697671e-01
1.204723e+00	7.426152e-02	1.371128e+00	-1.347213e+00	-3.963069e-03	1.770834e+00	6.724613e-02	1.021370e+00	1.507392e+00	5.860939e-01
3.006761e+00	3.687803e-01	1.337073e+00	-8.834281e-01	-8.240430e-01	1.965350e+00	2.651774e+00	-7.700764e-01	1.369198e-01	-5.122085e-01
2.497184e+00	-5.163863e-01	1.265044e+00	7.634125e-01	3.081823e-01	1.621848e+00	1.108608e+00	-8.298093e-01	-4.000620e-01	-1.032766e+00
9.173444e-01	-4.847689e-01	2.229296e-01	2.276311e-01	3.258772e-01	2.465817e-01	1.384319e+00	3.445520e-01	1.078850e+00	1.654075e+00
-5.900298e-02	-5.358879e-01	-3.129795e-01	7.848341e-01	4.793024e-02	-8.758312e-02	1.492272e+00	7.712424e-01	1.390062e+00	1.531869e+00
1.345784e+00	-7.636748e-01	1.083245e+00	2.518972e-01	1.111428e+00	3.908484e-01	-7.154673e-01	3.754135e-01	4.930276e-01	1.794454e+00
3.248229e+00	-6.369051e-01	1.613244e+00	1.635175e+00	1.417206e+00	-3.933407e-01	6.702500e-01	-1.655017e+00	-7.413298e-01	5.138963e-01
4.402053e-01	6.059806e-02	-6.979109e-02	3.005832e-01	3.922125e-01	7.663493e-01	1.364008e+00	-1.534031e-01	4.022501e-01	7.303773e-01
2.246108e+00	-1.745775e+00	8.998029e-01	1.453198e+00	6.166187e-02	-1.586248e-01	1.263891e+00	1.327347e-02	9.420553e-01	1.236161e+00
1.458248e+00	-5.334380e-02	1.813231e-01	8.734042e-01	-7.875602e-02	4.740108e-01	2.006140e+00	-6.458555e-01	-2.414477e-02	8.150043e-01
1.347313e+00	-1.347959e+00	1.498574e+00	5.769850e-01	5.929707e-01	8.580807e-01	-2.135549e-01	4.305709e-01	1.256163e+00	6.589386e-01
9.053728e-01	9.357276e-01	1.525252e+00	-7.320371e-01	1.493765e+00	1.278533e+00	-1.307757e+00	3.120829e-03	1.314124e+00	5.524246e-01
3.006833e+00	-9.259132e-01	1.271117e+00	9.238591e-01	3.716554e-01	2.613197e-01	1.129012e+00	-1.056874e+00	-3.928453e-01	9.335354e-01
1.321465e+00	-1.348661e+00	1.109757e-01	7.330716e-01	-9.113231e-01	-8.302246e-01	4.555483e-01	1.152691e-01	1.300371e-01	1.353150e+00
2.216815e+00	-1.363745e-01	1.223638e+00	-4.718319e-02	-1.873768e-01	5.963319e-01	1.468050e+00	-9.209645e-01	-2.987714e-01	1.390822e+00
2.442122e-01	-2.643210e-01	9.141108e-01	3.664723e-01	1.633220e+00	7.093004e-02	8.848618e-01	2.868154e-01	5.612044e-01	1.264108e+00
4.462593e-01	-1.503776e+00	1.136680e+00	1.080810e+00	1.275246e+00	-2.012151e-01	3.073179e-01	6.498572e-01	8.515985e-01	1.545682e+00
7.757495e-01	-5.143858e-01	8.819777e-01	1.188641e+00	1.729003e+00	1.872379e-02	7.222691e-01	-4.263854e-01	5.238569e-01	7.265821e-01
1.076742e+00	7.073780e-01	-5.098735e-02	1.914372e+00	9.911233e-01	3.963357e-01	1.724196e+00	-1.660631e+00	1.878304e-01	-8.475832e-01
1.703791e+00	3.763391e-01	4.787732e-01	7.463848e-01	4.915331e-01	2.888470e-01	1.950485e+00	-1.188581e+00	6.186192e-01	4.504065e-02
-7.566102e-01	6.473360e-01	1.115713e+00	-8.559484e-01	2.218824e+00	8.898608e-01	-1.253424e-01	6.458478e-01	-7.449069e-01	1.590972e+00
4.372701e-01	3.967980e-01	1.206615e+00	1.552938e+00	3.171691e+00	1.098995e+00	-4.616298e-01	-1.305241e+00	-7.767771e-01	-1.134109e+00
1.970786e+00	-1.050394e+00	1.225730e+00	1.916313e+00	1.554282e+00	-4.745484e-01	-5.381829e-01	-8.943390e-01	7.393684e-01	9.182511e-01
1.745384e+00	9.816374e-02	8.457896e-01	1.074338e+00	8.937619e-01	-8.608457e-01	8.001360e-01	-1.385025e+00	6.899463e-01	1.338061e+00
1.091900e+00	1.219860e-01	1.514992e+00	9.264584e-01	1.694653e+00	8.107851e-01	1.338225e-01	-9.488648e-01	5.391276e-01	-3.196819e-01
1.001678e+00	-1.738192e+00	6.111294e-01	2.151298e+00	7.801300e-01	-1.910383e-01	1.736013e+00	-1.434666e-01	7.229811e-01	4.408295e-01
3.665682e-01	4.696702e-01	7.540403e-01	-1.628050e+00	1.736384e-01	6.110803e-01	2.104140e+00	5.705352e-01	8.203164e-01	2.369168e+00
1.260768e+00	-4.969213e-01	7.963086e-01	-6.600761e-01	5.975836e-01	6.244720e-01	1.361729e+00	9.348875e-01	1.219659e+00	1.625974e+00
4.941291e-01	2.284057e-01	1.173938e+00	-1.664396e+00	3.027611e-01	7.952602e-01	1.591983e+00	5.514656e-01	8.399951e-01	2.089942e+00
1.855013e+00	-5.100581e-01	7.096775e-01	4.203767e-01	-3.958221e-02	-2.106421e-01	1.032759e+00	-5.898032e-01	1.424116e-01	2.131452e+00
6.083342e-01	1.401085e-01	3.080841e-01	-2.357218e-01	2.165694e-01	8.364531e-01	1.540655e+00	-2.114201e-01	3.711957e-01	1.035299e+00
-1.820085e-01	-7.838262e-02	9.483207e-02	-1.609157e+00	-5.126074e-01	2.233647e-02	1.309350e+00	1.695676e+00	2.703185e+00	3.357250e+00
8.785399e-01	-3.091272e-01	6.953756e-01	1.517635e-01	-3.552549e-01	5.216407e-01	1.907708e+00	3.294813e-01	9.327353e-01	8.083973e-01
2.271737e+00	7.858055e-02	1.695587e+00	1.148712e+00	1.964896e+00	1.339836e+00	-3.176755e-02	-1.242965e+00	-2.673063e-01	-1.157767e+00
1.283309e+00	-6.967714e-02	4.700940e-01	2.916275e+00	1.965329e+00	1.483856e-01	-4.034041e-01	-1.741512e+00	-8.295097e-01	-8.703859e-01
2.457364e+00	1.055346e+00	1.076583e+00	-3.317271e-01	-3.796894e-02	1.864845e+00	1.712971e+00	-1.131969e+00	9.707838e-01	-1.461037e+00
9.888917e-01	-8.823221e-01	3.663596e-01	9.851516e-01	-2.553088e-01	5.932499e-02	2.068327e+00	-3.301903e-02	1.066695e+00	7.137017e-01
1.633914e+00	-1.517372e+00	7.488730e-01	1.934665e+00	2.905291e-01	4.145426e-01	1.813182e+00	-5.308103e-01	6.248220e-01	-2.609306e-01
6.639112e-01	-6.291641e-02	-1.008562e-01	1.168235e+00	2.873024e-01	5.605217e-01	2.290461e+00	-6.214935e-01	3.748201e-03	3.210532e-01
9.514108e-01	1.816597e-01	6.931753e-01	-5.864420e-02	8.781371e-01	1.243781e+00	1.344788e-01	1.911670e-02	1.432861e-01	1.104159e+00
1.451220e+00	3.252939e-02	1.708856e-01	8.598261e-01	-2.063715e-01	6.467612e-01	2.414954e+00	-9.137469e-01	-2.860300e-02	4.877169e-01
5.527032e-01	-3.143071e-01	1.305856e+00	-4.977857e-01	1.335613e+00	1.163129e+00	-1.347294e+00	7.893965e-01	6.851125e-01	1.653004e+00
1.288042e+00	-8.482208e-01	6.141368e-01	2.675764e+00	1.751896e+00	-6.621021e-01	2.988539e-01	-1.203121e+00	1.719048e-01	3.565088e-01
1.820643e+00	-1.393705e+00	7.982759e-01	1.764581e+00	5.027086e-01	2.646880e-02	8.535359e-01	-2.285292e-01	7.150744e-01	5.118109e-01
5.166430e-01	-2.109595e-01	1.501124e+00	9.287154e-02	1.920167e+00	8.050989e-01	-8.236606e-01	2.226236e-01	1.111950e+00	1.067985e+00
1.283309e+00	1.154600e+00	5.551257e-01	-1.667530e-01	-5.635710e-01	1.191658e+00	2.111868e+00	-6.798747e-01	1.897057e+00	-9.150098e-01
7.973970e-01	-6.961337e-01	8.661129e-01	1.225373e+00	8.723680e-01	1.871617e-01	5.364091e-01	-6.010978e-02	-2.654353e-02	6.740986e-01
7.432392e-02	1.598193e-01	1.881762e-01	-5.279145e-01	5.175972e-01	1.039936e+00	4.875336e-01	8.679231e-01	1.208764e+00	1.382862e+00
2.780918e+00	1.139031e-01	1.288633e+00	-1.227727e+00	-1.036580e+00	1.528088e+00	2.985229e+00	-2.746953e-01	8.630144e-01	1.956363e-01
7.471157e-01	1.622060e-01	7.363505e-01	1.050485e+00	1.867886e+00	1.705101e+00	1.192024e-02	-5.968003e-01	-1.151822e+00	-3.770503e-01
5.140716e+00	-3.414723e+00	2.943329e+00	3.916207e+00	1.127017e+00	6.183558e-01	4.093255e-01	-2.420418e+00	-1.218075e+00	-2.110967e+00
9.405031e-01	-2.949126e-01	1.331575e-01	7.167767e-01	-1.293979e-01	-3.024214e-01	1.616527e+00	-3.920261e-01	4.173599e-01	1.842098e+00
1.198808e+00	-4.396819e-01	5.240551e-01	8.454125e-02	-8.988950e-03	9.358385e-01	8.291000e-01	2.065069e-01	1.133232e+00	8.466383e-01
2.815214e+00	-2.002996e-01	1.128530e+00	-2.039803e-02	-4.036167e-01	1.345162e+00	2.469420e+00	-6.598781e-01	-6.796499e-02	-9.694204e-02
2.562343e+00	-9.231146e-01	1.507964e+00	1.687067e+00	1.105464e+00	-6.738707e-02	5.967564e-01	-1.286314e+00	-4.975318e-01	6.587616e-01
1.300833e+00	-1.113155e+00	9.875067e-01	1.220728e+00	1.097060e+00	-5.032735e-02	4.355835e-01	1.207632e-01	5.879545e-02	9.437151e-01
6.411448e-02	5.530756e-01	-3.932370e-02	-8.034148e-01	-2.150507e-01	3.042810e-01	2.204235e+00	4.807825e-01	1.037104e+00	1.957474e+00
6.034399e-01	-1.482953e+00	5.341722e-01	1.318664e+00	2.824886e-01	-5.614456e-01	1.554683e+00	5.335565e-01	1.207587e+00	1.147333e+00
6.844931e-01	1.064184e+00	1.473007e+00	-1.932131e+00	9.259474e-01	1.574911e+00	1.154465e+00	8.228760e-02	-4.726663e-01	1.569238e+00
6.893726e-01	5.846218e-01	4.226554e-01	-1.652587e+00	-4.065805e-01	2.055586e-01	2.117906e+00	4.881050e-02	7.042772e-01	2.569200e+00
8.392593e-01	-1.256518e+00	7.966284e-01	9.623832e-01	3.203331e-01	4.712060e-01	1.796755e+00	3.529094e-01	1.262491e+00	6.454985e-01
1.895411e+00	-1.529078e+00	8.483432e-01	2.463689e+00	1.010983e+00	-1.277351e-01	8.276700e-01	-8.770101e-01	-4.959622e-01	1.454653e-01
8.912733e-01	5.277130e-01	1.295142e+00	-9.584486e-01	7.407939e-01	1.367277e+00	1.218923e+00	-4.223075e-01	-5.191214e-01	1.011048e+00
2.149422e+00	5.478852e-01	7.770891e-01	1.331358e+00	5.336340e-01	4.224197e-01	1.438332e+00	-1.865340e+00	1.768004e-01	-7.179370e-01
4.316770e-01	2.293240e-03	9.735136e-01	-1.517319e+00	3.531551e-01	4.284528e-01	2.192900e+00	6.590839e-01	1.017786e+00	2.384885e+00
7.950528e-01	4.053410e-01	1.547404e+00	-1.319304e+00	9.216731e-01	1.122201e+00	1.218955e+00	2.967497e-01	-1.765029e-01	1.441128e+00
3.049337e+00	-3.993646e-01	1.393774e+00	1.907319e+00	1.512796e+00	-2.145866e-01	9.953696e-01	-2.087945e+00	-2.099521e-01	-5.212869e-02
1.001966e+00	2.753884e-01	1.619100e+00	-7.745551e-01	1.554361e+00	6.970112e-01	-4.321799e-01	3.893537e-01	1.342289e+00	1.316585e+00
1.193789e+00	-7.752831e-01	2.646387e-01	1.052334e+00	-5.430364e-01	3.374654e-01	1.973100e+00	-2.431970e-01	1.167681e+00	7.415615e-01
1.358462e+00	-2.460717e-01	6.469895e-01	-1.069570e+00	-7.432568e-01	-6.247267e-01	2.078556e+00	6.216762e-01	1.505983e+00	3.235487e+00
1.160268e+00	-2.856050e-01	1.306655e+00	-1.322227e+00	-3.625919e-02	1.017698e+00	-2.234899e-01	9.759212e-01	1.648835e+00	1.954510e+00
1.051553e+00	3.252673e-01	1.178996e+00	4.481397e-01	1.782900e+00	1.952240e+00	4.989805e-02	-5.753481e-01	-1.296699e+00	-5.637961e-01
2.583032e+00	-4.332175e-01	6.723373e-01	8.000341e-01	-1.997268e-01	8.914694e-01	2.462239e+00	-9.896957e-01	-5.017501e-02	-2.415111e-01
6.569840e-01	7.409979e-01	9.619625e-01	-2.638756e+00	-4.152812e-02	8.991301e-01	2.325515e+00	4.380444e-01	7.739081e-01	2.259785e+00
2.340384e+00	-1.203026e+00	1.274235e+00	8.407855e-01	5.505881e-01	-2.229716e-03	2.086913e-01	-4.271675e-01	1.057825e-01	1.611288e+00
1.084329e-01	-2.233437e-01	4.535304e-01	-3.616146e-01	3.268241e-01	5.967197e-01	1.255250e+00	7.731469e-01	1.408839e+00	1.775216e+00
-5.171149e-01	-3.751157e-01	2.272291e-01	3.660231e-01	8.665367e-01	8.585943e-01	1.741659e+00	1.023679e+00	1.208865e+00	4.153259e-01
-2.283989e-01	-1.781944e-01	3.048339e-02	3.191737e-01	3.326492e-01	7.523463e-01	2.133883e+00	8.487175e-01	1.140376e+00	3.125700e-01
1.205945e+00	1.169767e+00	4.336669e-01	-4.327021e-01	-2.013413e-01	2.500321e+00	1.496178e+00	-2.605467e-01	5.472213e-02	-8.109777e-01
2.003606e+00	-5.034142e-01	4.302382e-01	1.915729e+00	5.406976e-02	6.248562e-01	1.949404e+00	-1.403232e+00	-5.447379e-01	-6.857291e-01
2.450982e+00	-2.655157e-01	7.717712e-01	-2.801516e-02	-5.308442e-01	2.844328e-01	1.988139e+00	-6.845287e-01	2.845640e-01	1.608433e+00
1.396892e+00	-4.161865e-01	1.262516e+00	2.530195e+00	2.643657e+00	3.348247e-01	-4.130128e-01	-1.210743e+00	-8.502260e-01	-7.571010e-01
1.420504e+00	-1.251163e-01	1.233390e+00	7.650380e-02	9.694019e-01	1.077816e+00	2.228109e+00	-4.353286e-01	-2.911800e-01	5.027131e-01
1.564414e+00	2.119502e-01	1.557013e+00	-1.360998e+00	7.964726e-01	1.632492e+00	2.155035e+00	4.673626e-01	3.937548e-01	6.200025e-01
2.374028e+00	-6.030211e-01	9.727203e-01	2.040204e+00	1.713664e+00	-2.339512e-01	2.470933e-01	-1.263029e+00	3.933149e-01	1.875542e-02
1.098325e+00	-5.733489e-01	6.626464e-01	3.457911e-01	-2.169404e-01	4.297284e-01	1.930442e+00	1.589340e-01	9.978788e-01	7.879968e-01
2.327743e+00	-4.706766e-01	9.185260e-01	9.543463e-01	5.948134e-01	3.453016e-01	1.299012e+00	-9.779901e-01	-6.402078e-01	9.592566e-01
1.900153e+00	-5.472649e-01	8.891367e-01	1.791947e+00	8.097354e-01	6.472681e-01	2.161609e+00	-9.046623e-01	-3.189059e-02	-1.216557e+00
5.131455e-01	1.000349e+00	1.940022e-01	-1.004901e+00	-4.676192e-01	1.595705e+00	3.936608e+00	2.861427e-01	9.706787e-01	6.360519e-02
1.343592e+00	2.696404e-01	1.252079e+00	3.919159e-01	9.823336e-01	9.251217e-01	-1.144181e+00	-2.985830e-01	1.309666e+00	1.119957e-01
1.803802e+00	-7.706291e-01	2.240151e-01	1.429759e+00	6.168575e-01	-3.039286e-01	1.742560e+00	-5.752302e-01	-4.440070e-01	7.836346e-01
-2.483059e-01	4.243989e-01	2.658055e-01	-3.527558e-01	1.310931e+00	9.451112e-01	1.208750e+00	8.873546e-01	3.155889e-01	1.385767e+00
1.539182e+00	5.376907e-01	3.847284e-01	-1.474894e+00	-1.451453e+00	9.695347e-01	2.697332e+00	2.989018e-01	1.423665e+00	1.140423e+00
2.254069e+00	-1.046235e+00	1.146651e+00	3.242608e-01	2.454757e-01	-2.406394e-01	3.388112e-01	-1.108279e-01	5.114231e-01	2.096093e+00
1.400627e+00	-8.169488e-01	1.413518e+00	-7.063811e-01	5.026278e-01	5.007249e-01	-8.178181e-01	1.046010e+00	1.381554e+00	2.606635e+00
2.424567e+00	-5.733779e-01	8.633028e-01	9.308623e-01	4.613677e-02	3.795701e-01	1.959783e+00	-1.127467e+00	-2.819783e-01	5.317175e-01
1.731994e+00	-5.445118e-01	1.319944e+00	-3.617835e-01	5.087066e-01	6.385797e-01	-2.887051e-01	2.726145e-01	7.184415e-01	1.831517e+00
1.260337e+00	3.906660e-01	1.038304e+00	1.096372e+00	1.550687e+00	1.372228e+00	1.211016e+00	-8.951085e-01	-1.092718e-02	-1.621152e+00
2.201013e+00	-7.675130e-01	9.351096e-01	1.107394e+00	3.585162e-01	1.524802e-01	1.518535e+00	-9.351435e-01	-1.859535e-01	6.766444e-01
8.423844e-01	-5.343763e-01	6.980600e-01	-2.479498e-01	2.017870e-01	3.856077e-01	1.799663e+00	6.263133e-01	1.315938e+00	1.738110e+00
2.142029e+00	4.004709e-01	6.575249e-01	-1.083685e+00	-1.437276e+00	1.344851e+00	3.238556e+00	-1.388814e-01	1.122920e+00	4.441849e-01
3.037043e-01	8.250539e-01	8.011799e-01	-1.434168e+00	2.816682e-01	1.230236e+00	1.575619e+00	6.781463e-02	2.092779e-01	1.213329e+00
1.216043e+00	8.206616e-01	2.516613e-01	-8.266830e-01	-1.517390e+00	2.097801e+00	2.492233e+00	3.697866e-02	1.479023e+00	-4.156664e-01
2.729036e-01	-4.502002e-01	2.341842e-01	-3.382599e-01	-7.076961e-01	-2.789834e-01	1.581841e+00	9.537787e-01	1.898764e+00	2.297637e+00
2.439409e+00	-3.652823e-01	1.455898e+00	5.017290e-01	2.754438e-01	1.704559e+00	1.448781e+00	-6.862645e-01	-3.979557e-01	-1.215823e+00
1.834552e+00	-7.256062e-01	9.575870e-01	2.757682e-01	2.573321e-02	4.533553e-01	7.037893e-01	-1.066086e-01	5.518981e-01	1.039270e+00
3.782858e-01	2.239093e-01	7.094079e-01	-2.577230e+00	-3.424661e-01	1.345864e-01	2.815978e+00	9.799897e-01	1.834308e+00	3.207608e+00
1.353821e+00	-9.892767e-01	1.804346e+00	-2.787898e-02	1.067438e+00	1.173338e+00	-7.974821e-01	4.196737e-01	7.578750e-01	1.255034e+00
3.456905e+00	-7.414234e-01	1.619242e+00	3.210851e-01	8.464554e-01	6.718771e-01	1.514026e+00	-8.463945e-01	-7.427322e-01	7.289604e-01
1.853435e+00	5.186290e-01	6.495099e-01	1.467859e+00	7.984063e-01	9.389859e-01	1.789607e+00	-1.591915e+00	2.611963e-01	-1.431105e+00
7.048896e-01	1.896890e-01	6.455902e-01	1.121261e+00	1.362090e+00	1.302718e+00	1.137501e+00	-4.684962e-01	1.673787e-01	-9.958320e-01
1.291337e+00	-5.001166e-02	8.077617e-01	-6.164885e-01	-6.944294e-02	3.103076e-01	1.011691e+00	-1.144329e-01	3.891464e-01	1.944025e+00
1.381551e+00	-4.972966e-01	8.494644e-01	1.665942e+00	1.706586e+00	-1.493547e-02	6.461983e-01	-5.204279e-01	-1.234971e-01	9.953811e-02
9.416095e-01	-3.295094e-01	1.173380e+00	-1.403271e+00	-2.023824e-01	4.567663e-01	2.767263e+00	7.840614e-01	1.526917e+00	1.906557e+00
1.193529e+00	-1.835216e-02	6.353159e-01	1.454276e+00	1.131763e+00	-3.256721e-01	6.349280e-01	-1.212923e+00	8.068901e-01	5.296089e-01
1.775424e+00	-1.364369e+00	9.959212e-01	8.474348e-01	3.570608e-01	-1.178522e-01	5.821785e-02	5.254512e-02	7.109507e-01	1.589024e+00
9.468468e-01	2.303975e-01	1.692778e+00	5.599418e-01	2.794295e+00	1.321720e+00	4.352271e-01	-4.230856e-01	-6.410982e-01	-1.743188e-01
9.291689e-02	-4.857460e-02	7.546263e-01	-1.219842e+00	7.324055e-01	2.494570e-01	1.303403e-01	1.282104e+00	1.195152e+00	2.880002e+00
1.934365e+00	-1.600813e-01	4.931723e-01	6.904995e-01	6.899719e-02	8.482462e-01	1.986293e+00	-7.881337e-01	-8.747858e-02	4.826837e-01
9.634757e-01	4.368215e-01	9.030138e-01	1.371476e+00	1.886942e+00	6.419511e-01	6.098360e-01	-1.105013e+00	-2.142263e-01	-4.311201e-01
4.836539e-01	-2.628621e-01	5.719334e-01	-9.542086e-01	7.002268e-02	3.499875e-01	1.801397e+00	9.163434e-01	1.724920e+00	2.297629e+00
8.154220e-04	6.271372e-01	3.770670e-01	-2.880995e+00	-4.486926e-01	2.661673e-01	2.768018e+00	1.146529e+00	1.856862e+00	3.233446e+00
-1.428116e-01	3.677398e-01	-4.153949e-02	-1.984545e+00	-8.923403e-01	-1.314919e-01	3.184317e+00	1.263526e+00	2.091606e+00	3.090487e+00
1.183757e+00	-4.476923e-01	6.485426e-01	-1.009879e-01	-4.352588e-01	9.375224e-01	2.561174e+00	6.507112e-01	1.513088e+00	4.801531e-01
5.945906e-01	1.044513e-01	1.077106e+00	-1.478841e+00	7.193751e-01	2.881628e-01	1.547133e+00	5.760208e-01	3.988470e-01	2.674657e+00
2.164067e+00	-1.201726e+00	1.039945e+00	2.445156e+00	5.728599e-01	5.759736e-01	1.157797e+00	-1.199719e+00	-8.115762e-01	-1.096387e+00
1.447276e+00	9.447976e-02	5.012112e-01	1.990015e+00	1.319912e+00	-7.731613e-02	7.944789e-01	-1.468879e+00	4.759832e-01	-1.940053e-01
8.067740e-01	1.551664e-01	1.383567e-01	4.806121e-01	-5.878731e-01	8.512635e-01	2.563281e+00	6.265111e-02	1.549798e+00	-9.130969e-02
9.807986e-03	3.067851e-01	2.502058e-01	4.412282e-01	8.736162e-01	6.239863e-01	1.027780e+00	-1.999209e-01	-2.945311e-01	7.826516e-01
1.103596e+00	-1.674239e+00	1.042803e+00	1.785636e+00	8.718292e-01	-1.695936e-01	1.179044e+00	-9.275625e-02	5.992480e-01	8.268631e-01
1.658553e+00	1.398650e+00	1.212094e+00	5.155719e-02	5.248840e-01	2.310485e+00	1.498026e+00	-1.308976e+00	-2.031585e-01	-2.069902e+00
-1.634920e-02	2.540748e-01	6.927862e-01	-1.834546e+00	1.886707e-01	4.777380e-01	2.268092e-02	1.472548e+00	1.817526e+00	3.355299e+00
1.705813e+00	-7.885018e-01	5.540082e-01	9.402019e-01	4.484385e-01	-3.076347e-01	1.752325e+00	-3.698975e-01	1.143107e-01	1.472392e+00
2.562715e+00	-6.400767e-01	8.743836e-01	8.634696e-02	-3.245385e-01	-9.972940e-03	1.675027e+00	-5.122525e-01	3.114747e-01	1.503808e+00
2.123380e+00	-5.374914e-01	9.678382e-01	2.760580e+00	1.784372e+00	-2.175342e-01	6.447362e-01	-2.104318e+00	-7.059968e-01	-5.012243e-01
1.821473e+00	-4.002109e-04	1.509135e+00	1.538042e+00	2.106500e+00	7.249108e-01	-1.078241e-01	-1.497805e+00	-5.916365e-01	-4.812442e-01
1.683255e+00	-1.330625e+00	7.868219e-01	1.196445e+00	5.604819e-01	-3.016503e-01	1.585491e+00	-8.044149e-02	5.127947e-01	1.443713e+00
1.860761e+00	-2.506096e-01	4.087290e-01	7.623378e-01	-4.251702e-01	6.158234e-01	2.249696e+00	-6.473169e-01	4.501836e-01	3.513568e-01
-1.756322e-01	7.071875e-01	7.285067e-02	-1.451170e+00	3.586228e-02	5.293464e-01	1.109158e+00	5.104105e-01	7.983860e-01	2.265789e+00
8.402712e-01	6.453440e-01	9.407431e-01	-1.972199e+00	3.791616e-01	6.240478e-01	1.714070e+00	1.941835e-01	1.108509e-01	2.244968e+00
2.117430e+00	-2.976669e-01	1.325884e+00	5.620751e-01	5.063699e-01	9.413391e-01	9.598555e-01	-1.115327e+00	-8.509987e-01	5.899802e-01
2.928699e-01	3.006819e-01	9.047324e-01	-5.498753e-01	1.013361e+00	7.119661e-01	9.302017e-01	-1.253950e-01	-3.545750e-01	1.335254e+00
1.524042e+00	-1.124202e+00	6.057859e-01	9.907711e-01	1.095900e-01	-4.675975e-01	2.048563e+00	-1.119869e-01	7.526825e-01	1.564619e+00
2.110562e+00	1.041600e-01	1.198959e+00	-2.547278e-01	-3.846160e-01	1.717201e+00	2.491402e+00	-6.048726e-01	7.510829e-01	-8.800307e-01
2.509885e+00	-5.688450e-01	1.508876e+00	1.380071e+00	1.882751e+00	1.024547e+00	6.615634e-01	-1.113447e+00	-4.894129e-01	-1.032839e+00
3.923915e-01	7.019598e-01	7.500811e-01	-1.829272e+00	-5.232504e-02	1.097199e+00	2.474982e+00	3.989584e-01	6.819166e-01	1.453447e+00
4.763075e-02	2.848724e-01	2.046481e-01	1.239560e+00	1.664349e+00	7.245747e-01	1.552426e+00	-2.192523e-01	2.335992e-01	-5.176635e-01
-7.572180e-02	-8.353904e-02	1.067334e+00	-2.115255e+00	4.480023e-01	8.701591e-01	6.105098e-01	1.874150e+00	2.285202e+00	3.032445e+00
1.487846e+00	-6.674908e-01	1.130540e+00	1.699136e+00	1.152485e+00	-1.555330e+00	3.418511e-01	-9.515513e-01	1.012177e+00	1.779917e+00
1.168080e+00	-1.186872e+00	1.126988e+00	1.657736e+00	1.356180e+00	5.939650e-02	7.541214e-01	3.535227e-02	-2.952387e-01	4.439822e-01
1.263872e-01	5.011612e-01	1.748868e-01	1.325492e+00	1.696860e+00	-1.148261e-01	3.710112e-01	-7.279403e-01	4.820631e-01	5.558757e-01
2.001839e+00	-7.644224e-01	3.470158e-01	9.108412e-01	-2.111570e-01	-3.716301e-02	1.757847e+00	-4.255183e-01	5.873862e-01	1.136472e+00
7.403609e-01	-9.819343e-01	1.331621e+00	-3.008447e-01	4.456223e-01	1.102536e+00	4.261595e-01	1.130626e+00	1.802490e+00	8.626446e-01
1.606785e+00	-2.525752e-01	-8.248296e-05	1.173965e+00	-2.337154e-01	1.931589e-01	2.909852e+00	-1.105316e+00	-5.314018e-02	4.455505e-01
8.757276e-01	-4.630432e-01	3.793250e-01	-8.321968e-02	-4.239405e-01	-1.027062e-01	2.584453e+00	5.128594e-01	1.379836e+00	1.596836e+00
1.374708e+00	-1.067986e+00	1.666195e+00	8.785965e-01	1.634949e+00	1.036138e+00	5.973429e-01	-1.621497e-01	-5.124429e-02	2.449853e-01
1.572379e+00	-2.173698e-01	1.042799e+00	1.622555e+00	1.186909e+00	4.425536e-02	6.553379e-01	-1.138439e+00	-3.531746e-02	1.422842e-01
1.979935e-01	6.819414e-04	4.816783e-01	-1.355554e+00	-1.104225e-01	6.973510e-01	-4.603380e-01	1.481675e+00	2.042651e+00	2.740342e+00
8.524837e-01	-8.449643e-01	1.489528e+00	-9.954518e-01	9.370990e-01	6.425331e-01	-3.088799e-01	1.257627e+00	1.559307e+00	2.463949e+00
8.275334e-01	-5.674690e-01	7.159043e-01	-3.426552e-01	1.928339e-01	2.834554e-01	1.317875e+00	7.963460e-01	1.487545e+00	2.116740e+00
5.614660e-01	1.114212e+00	1.030624e+00	-1.751542e+00	7.234085e-01	1.298502e+00	1.468403e+00	-1.419051e-02	-4.200860e-01	1.718221e+00
2.866458e+00	-5.404029e-01	1.280979e+00	1.055986e+00	5.624100e-01	-5.831692e-01	1.537235e+00	-1.548202e+00	7.569810e-02	1.081970e+00
7.528754e-01	-5.643705e-01	1.061287e+00	-5.762560e-01	9.550984e-01	6.389423e-01	-6.092271e-01	8.348173e-01	1.084527e+00	2.328584e+00
