8.004462e-03	-4.994463e-03	5.076770e-02	4.904399e-02	-5.961172e-02	-1.326405e-03	-2.712943e-02	3.507854e-02	-8.887837e-03	-1.223432e-03
4.381489e-03	1.089346e-02	5.563022e-02	5.325561e-02	-7.319680e-02	9.116198e-04	-2.773198e-02	2.279735e-02	-1.953453e-02	1.112552e-02
1.088141e-02	-9.191360e-03	5.650191e-02	5.177329e-02	-5.691573e-02	-1.866853e-02	-4.041811e-02	4.187602e-02	-9.168070e-03	7.891609e-03
1.191588e-02	-7.959145e-03	6.637583e-02	5.052437e-02	-6.341644e-02	-2.427864e-02	-4.306445e-02	4.136732e-02	-6.425261e-03	8.796853e-03
8.476464e-03	-1.271727e-02	6.816893e-02	5.197213e-02	-5.752343e-02	-3.004840e-02	-4.479470e-02	4.686875e-02	-2.159497e-03	4.038630e-03
6.241592e-03	-6.185014e-04	7.772983e-02	6.179126e-02	-9.003197e-02	-2.381477e-02	-4.038327e-02	4.092007e-02	-1.569992e-02	2.068282e-02
1.234429e-02	-1.704273e-02	6.532933e-02	5.276410e-02	-5.953042e-02	-3.037474e-02	-4.719873e-02	5.154836e-02	-6.131245e-03	1.201960e-02
7.509462e-03	-1.269423e-02	7.258646e-02	4.926837e-02	-6.262672e-02	-3.720246e-02	-4.711990e-02	5.183370e-02	-8.174462e-04	1.188720e-02
5.049214e-03	-1.666002e-02	7.362852e-02	5.036750e-02	-5.583927e-02	-4.458280e-02	-4.903884e-02	5.541426e-02	4.107026e-03	7.944691e-03
5.092235e-04	-1.795597e-03	8.226165e-02	5.031472e-02	-7.207327e-02	-3.766859e-02	-5.220851e-02	4.398765e-02	-1.641129e-03	2.101840e-02
1.017879e-02	-2.120199e-02	7.227463e-02	5.121413e-02	-5.906350e-02	-4.100807e-02	-5.238183e-02	5.796459e-02	2.844551e-03	1.282088e-02
6.475746e-03	-1.507419e-02	7.615032e-02	4.504015e-02	-6.215859e-02	-3.485439e-02	-4.790367e-02	5.138780e-02	6.623957e-03	9.759057e-03
1.041328e-04	-1.875201e-02	7.708861e-02	4.311257e-02	-5.205874e-02	-4.451871e-02	-4.873020e-02	5.556679e-02	1.524127e-02	5.901397e-03
-2.782155e-04	-6.246813e-03	8.662732e-02	4.280116e-02	-7.111982e-02	-3.341213e-02	-5.259063e-02	4.291235e-02	4.313677e-03	2.335123e-02
6.851725e-03	-2.286369e-02	7.343222e-02	3.887082e-02	-4.925308e-02	-4.202188e-02	-5.395829e-02	5.276675e-02	1.232758e-02	1.723647e-02
1.280654e-03	-1.761411e-02	7.994318e-02	3.593348e-02	-5.355060e-02	-4.418829e-02	-5.305745e-02	5.242738e-02	1.724268e-02	1.507179e-02
9.040553e-04	-2.517694e-02	8.317544e-02	3.240895e-02	-4.497862e-02	-4.825888e-02	-5.484294e-02	5.490451e-02	2.497049e-02	9.474880e-03
-9.455992e-04	-8.959880e-03	9.145625e-02	3.378249e-02	-6.365314e-02	-4.090251e-02	-5.819698e-02	4.109435e-02	1.298806e-02	2.849850e-02
4.789364e-03	-2.929495e-02	7.883113e-02	3.260022e-02	-4.129714e-02	-5.426349e-02	-6.186278e-02	5.634236e-02	2.387061e-02	2.169081e-02
1.724135e-03	-2.538202e-02	9.025056e-02	2.657098e-02	-4.744928e-02	-5.584020e-02	-6.319436e-02	5.523331e-02	2.921434e-02	2.180914e-02
-4.058536e-03	-3.009205e-02	9.128888e-02	2.788857e-02	-4.008290e-02	-6.098848e-02	-6.317764e-02	5.961542e-02	3.529732e-02	1.535702e-02
-6.695341e-03	-1.416397e-02	9.595739e-02	2.679072e-02	-5.747502e-02	-5.165172e-02	-6.382157e-02	4.476923e-02	2.594906e-02	3.357505e-02
1.411604e-03	-3.452956e-02	8.474949e-02	2.555549e-02	-3.367894e-02	-6.155629e-02	-6.861547e-02	5.913240e-02	3.269585e-02	2.531124e-02
-6.762092e-04	-3.012322e-02	9.221755e-02	1.639372e-02	-3.845713e-02	-5.572850e-02	-6.799325e-02	5.307300e-02	3.878870e-02	2.550253e-02
-5.918795e-03	-3.509855e-02	9.363397e-02	1.224606e-02	-2.895005e-02	-5.594621e-02	-6.834739e-02	5.429122e-02	4.673361e-02	2.028539e-02
-1.036469e-02	-1.815043e-02	1.014032e-01	1.508323e-02	-5.104509e-02	-4.357605e-02	-6.732705e-02	3.671845e-02	3.331650e-02	4.068553e-02
-2.882476e-05	-3.595778e-02	8.413723e-02	1.100335e-02	-2.496833e-02	-5.054559e-02	-6.775857e-02	4.921166e-02	4.294610e-02	2.588423e-02
-2.879900e-03	-3.222286e-02	9.024254e-02	3.696025e-03	-2.874362e-02	-4.053903e-02	-6.804383e-02	4.093054e-02	4.752917e-02	2.599065e-02
-5.218629e-03	-3.879851e-02	8.566837e-02	9.507422e-04	-2.244990e-02	-4.440794e-02	-6.242568e-02	4.659673e-02	5.388965e-02	2.130775e-02
-9.984702e-03	-1.771347e-02	9.527296e-02	6.339174e-03	-4.391581e-02	-3.177372e-02	-6.523723e-02	2.896678e-02	3.966054e-02	3.654233e-02
-1.071033e-03	-3.933104e-02	8.343058e-02	3.758245e-03	-1.451743e-02	-4.324771e-02	-7.304336e-02	4.225629e-02	4.839893e-02	2.799585e-02
-4.678488e-03	-3.412165e-02	9.629659e-02	3.610152e-03	-2.413623e-02	-4.894670e-02	-7.271346e-02	4.127716e-02	5.105916e-02	2.695162e-02
