2.059835e+00	-1.259022e+00	1.301985e-03	-1.307305e+00	1.509365e+00	2.956555e+00	8.993812e-01	-1.982030e+00	6.845362e-01	1.136167e+00
-7.426658e-01	-1.834964e+00	-1.117456e+00	1.433262e+00	2.520568e+00	-4.022286e-01	-5.990371e-01	1.556366e-01	-5.586934e-01	1.142459e-01
8.238958e-01	1.931493e+00	1.667427e+00	8.524306e-01	-9.889375e-01	-1.738878e+00	8.398763e-01	9.694881e-01	3.602647e-01	3.344649e-01
-3.341881e+00	1.350597e+00	5.510505e-01	-5.340819e-01	2.924125e+00	-1.541591e+00	1.281873e+00	-1.306474e+00	2.880376e+00	5.172371e-01
2.888282e-01	2.155197e-01	-1.507639e+00	2.131525e+00	-1.130354e+00	5.358872e-01	-2.727794e-01	1.457336e+00	1.284800e+00	9.817491e-01
2.576572e+00	2.062876e-01	1.395749e+00	2.978840e-01	-1.466632e+00	2.391424e+00	-4.091315e-01	2.001989e+00	-1.709725e+00	6.511794e-01
1.227529e+00	-3.509477e+00	-8.915813e-01	-2.318796e-02	1.572938e+00	3.462190e+00	-6.557510e-01	-1.062853e+00	-9.202692e-01	4.367283e-01
-6.873207e-01	4.275693e+00	2.270756e+00	-6.006679e-01	5.265561e-01	-1.397967e+00	2.172157e+00	1.357908e+00	9.498867e-01	6.019537e-01
3.791087e-01	-3.474100e+00	-1.078658e+00	4.548915e-01	1.904429e+00	3.113039e+00	-7.166788e-01	-1.662676e+00	-9.553197e-01	4.425165e-02
5.309801e-01	-3.651741e+00	-1.183795e+00	4.006010e-01	1.857105e+00	3.237439e+00	-8.745038e-01	-1.643921e+00	-9.638526e-01	1.235090e-01
-7.699352e-01	7.515244e-01	7.365092e-01	4.482002e-01	1.371650e+00	1.765967e-01	6.364497e-01	1.457739e-01	-9.506355e-03	-5.444386e-02
1.066624e-01	3.146500e+00	2.323097e+00	8.778812e-02	-6.718265e-01	-8.523808e-01	1.524332e+00	1.140292e+00	4.505894e-01	2.818240e-01
8.994078e-01	2.448895e+00	3.710314e+00	2.607404e+00	-7.185764e-01	-1.339958e+00	1.586012e+00	-1.859973e-03	4.378589e-01	-3.076918e-01
-5.959582e-01	1.169982e-01	9.586064e-01	1.401430e-01	1.265374e+00	8.335606e-01	7.462400e-01	-1.078518e-01	-1.208738e+00	4.981389e-01
4.780044e+00	1.669972e+00	2.811606e+00	-2.606960e+00	-3.472457e+00	4.769497e+00	2.800731e-01	1.455321e+00	5.024555e-01	2.043603e+00
3.856693e+00	1.278243e+00	2.287607e+00	-2.256390e+00	-2.346848e+00	4.232686e+00	3.654795e-01	9.610940e-01	1.310170e-02	1.794439e+00
1.923613e+00	-6.588842e-01	4.030172e-01	1.572162e+00	-9.345721e-01	-1.225856e-01	2.114115e-01	2.757641e+00	-1.908498e+00	-8.861658e-01
-4.918469e+00	9.412639e-01	8.826454e-02	2.905322e+00	4.461478e+00	-2.779017e+00	2.279383e+00	-9.568119e-01	-1.028836e+00	-1.441562e+00
4.781989e+00	1.807047e+00	2.561485e+00	-2.044815e+00	-3.459701e+00	4.238794e+00	9.081431e-02	1.525565e+00	4.740653e-01	1.782362e+00
