5.344355e-01	8.118140e-01	4.776776e-01	1.020192e+00	2.090915e-01	8.644896e-01	7.283413e-01	6.766298e-01	2.991418e-01	2.304875e-01	6.117796e-01	4.611520e-01	7.458524e-01	1.453332e+00	1.109455e+00	2.041205e-01	3.853676e-01	6.799869e-01	6.655769e-03	3.992498e-01
-1.031383e-01	9.139755e-01	4.772329e-01	-1.118146e-01	-2.169736e-01	2.636293e-01	3.045983e-01	2.265448e-01	1.293438e+00	2.597591e-01	5.032812e-01	6.682684e-01	8.313388e-01	1.322737e-01	6.805143e-01	7.451640e-01	-1.573335e-01	7.932176e-01	8.197422e-01	5.785552e-01
5.138136e-01	9.013891e-01	1.111173e-01	7.512030e-01	4.161565e-01	4.394103e-01	6.273728e-01	6.370156e-01	2.925572e-01	6.801981e-03	7.671586e-01	8.026509e-01	9.233883e-01	1.056058e+00	1.125032e+00	6.452179e-01	4.271744e-01	8.209323e-01	4.694377e-01	4.974800e-01
5.876595e-01	9.718045e-01	-7.071608e-03	5.479019e-01	7.352202e-01	6.536866e-01	5.197149e-01	6.774058e-01	-4.817289e-01	3.364205e-01	1.720436e-01	9.686306e-01	1.504876e-01	9.210506e-01	9.404940e-01	-1.948537e-01	1.358361e+00	3.081880e-01	-1.676848e-01	3.217933e-01
4.177401e-01	6.675585e-01	1.065466e-02	6.079022e-01	4.542167e-01	7.630297e-01	5.085483e-01	8.554604e-01	-8.722723e-02	7.443479e-01	7.413580e-01	8.098049e-01	3.892760e-01	9.478098e-01	1.214820e+00	3.686455e-01	-1.669480e-01	1.077146e+00	3.093396e-01	6.735149e-01
1.137643e+00	8.604140e-01	-1.403055e-02	7.737176e-01	5.397930e-01	2.430832e-01	1.030785e+00	7.106759e-01	7.742633e-01	5.170965e-01	-2.283207e-01	9.399085e-01	1.209549e+00	3.250950e-01	4.988483e-01	3.998314e-01	7.850016e-01	1.602899e-01	5.859752e-01	6.495047e-01
-2.397890e-01	1.950098e-01	2.143622e-01	2.985593e-01	1.258813e+00	5.769526e-01	5.717398e-01	3.581414e-01	3.725822e-01	4.924049e-01	3.948248e-01	1.326524e+00	3.976628e-01	1.269249e+00	6.099924e-01	3.621622e-01	6.256528e-01	-4.065800e-01	4.335771e-01	3.689828e-01
5.847067e-01	1.030489e+00	3.026814e-01	-3.774724e-02	4.869774e-01	6.946827e-01	-4.754199e-02	6.803587e-01	4.930325e-01	1.320571e+00	-3.676179e-01	8.304081e-01	-4.485774e-01	1.454292e+00	4.637003e-01	6.307661e-01	3.313661e-01	7.270281e-01	9.349443e-02	5.181651e-01
5.183759e-01	1.006740e+00	3.517441e-02	2.826542e-01	5.283312e-01	2.008857e-01	5.746305e-01	4.612743e-01	5.766538e-01	3.144105e-01	1.095180e+00	9.492756e-01	8.754659e-01	1.059836e+00	1.029880e+00	8.759099e-01	5.254449e-02	6.942684e-01	7.351387e-01	8.331267e-01
2.166111e-01	3.154799e-01	9.429350e-01	6.348524e-01	4.409744e-01	2.424272e-01	6.528485e-01	2.813072e-01	5.327976e-01	5.677208e-01	-2.716046e-01	8.716446e-01	3.238051e-02	6.655428e-01	3.136326e-01	1.177123e+00	-4.797468e-02	-1.472576e-01	8.737592e-01	1.390389e+00
6.811179e-01	9.077737e-01	-1.973490e-01	7.706084e-01	2.785870e-01	-1.485601e-01	2.221140e-01	8.914118e-01	7.607871e-01	1.510696e-01	6.257150e-02	8.406079e-01	2.197260e-01	5.405288e-01	9.655316e-01	4.564375e-01	5.369160e-01	2.682341e-01	1.232175e+00	7.722528e-01
5.076888e-01	8.872941e-01	1.531143e-03	1.298783e+00	1.283332e-01	1.790540e-01	7.178155e-01	5.437624e-01	5.597343e-01	8.008144e-02	8.018993e-01	6.124515e-01	1.241809e+00	1.346293e+00	1.148042e+00	7.072068e-01	-3.088679e-01	4.817283e-01	4.406897e-01	5.502105e-01
9.493547e-01	9.039129e-01	1.307371e-01	6.683328e-01	6.916251e-02	1.191282e+00	5.704651e-01	1.134398e+00	2.512327e-01	9.067517e-01	1.071481e-01	9.173990e-01	1.149576e+00	7.278911e-01	5.756158e-01	-1.251594e-01	9.368625e-01	6.300185e-01	3.602901e-01	8.675131e-01
5.463842e-01	1.150002e+00	3.636692e-01	4.342631e-01	3.579329e-01	5.948534e-01	6.425744e-01	6.766725e-01	4.307897e-01	4.718774e-01	3.413415e-01	9.314181e-01	6.048178e-01	8.418837e-01	8.576766e-01	8.381630e-02	5.472498e-01	6.717784e-01	5.584746e-01	2.565570e-01
-6.014825e-01	5.515464e-02	-5.512547e-01	-4.867854e-01	1.845277e+00	6.722261e-01	5.014979e-01	3.386440e-01	1.043588e+00	1.850496e-02	1.074467e+00	9.661091e-01	5.209745e-01	6.534767e-01	1.942090e+00	1.013571e+00	5.450660e-01	-2.195622e-01	7.200271e-01	-9.656432e-01
5.302847e-01	1.550597e-01	1.839705e-01	1.325209e+00	4.562994e-01	4.568486e-01	8.534646e-01	5.824904e-01	5.836153e-01	9.577919e-01	7.851085e-01	1.571513e+00	8.733768e-01	1.383787e+00	6.613515e-01	1.161019e-01	4.842791e-01	4.317306e-01	8.466143e-01	5.959404e-01
2.443894e-01	9.031234e-01	1.718887e-01	3.879720e-01	5.400165e-01	6.939257e-01	5.717909e-01	5.873753e-01	2.878354e-01	7.016514e-02	2.515305e-02	6.902427e-01	5.372245e-02	8.583435e-01	4.677582e-01	3.207461e-01	6.155032e-01	4.519299e-01	7.038770e-01	3.084229e-01
5.024494e-01	9.282003e-01	2.398253e-01	1.786229e-01	5.875695e-01	3.975270e-01	4.013616e-01	6.013187e-01	6.170945e-01	1.458143e+00	-4.647862e-01	8.480639e-01	-6.201959e-01	1.350363e+00	4.293244e-01	5.513551e-01	8.462983e-02	6.969334e-01	4.558184e-02	6.572314e-01
4.101489e-01	7.923670e-01	2.563025e-01	7.660083e-01	3.766837e-01	5.057008e-01	6.743942e-01	6.252301e-01	2.323053e-01	1.252101e-01	8.138445e-01	8.494577e-01	8.540944e-01	1.041284e+00	1.275860e+00	6.316584e-01	3.265406e-01	7.878986e-01	5.196827e-01	6.167876e-01
8.114916e-01	5.662923e-01	7.219270e-02	-1.012731e-01	9.301008e-01	3.624360e-01	9.115572e-01	1.298721e+00	8.814428e-01	5.621906e-01	5.333445e-01	4.839952e-01	1.516173e-01	-1.300608e-01	9.734671e-01	-1.755156e-01	1.111972e+00	1.028272e+00	7.203123e-01	6.456668e-01
2.857558e-01	1.271974e+00	2.311952e-01	2.852650e-01	3.433621e-01	6.460782e-01	7.785070e-01	8.135101e-01	3.299537e-01	4.185589e-01	2.102931e-01	1.127927e+00	5.511527e-01	8.809570e-01	9.380121e-01	1.723810e-01	5.410270e-01	4.293609e-01	1.900855e-01	3.827666e-01
4.414863e-02	2.358447e-01	3.485678e-01	1.803913e-01	4.252841e-01	7.411940e-01	5.404117e-01	4.747734e-01	4.331085e-01	7.288763e-01	3.882860e-01	5.459508e-01	-1.963719e-01	1.156357e+00	5.470755e-01	1.004158e+00	3.837450e-01	1.262168e+00	6.180737e-01	4.685729e-01
7.140679e-01	9.549023e-01	-8.187945e-02	4.146746e-01	4.873403e-01	1.465288e-01	3.979115e-01	7.517733e-01	4.436551e-01	1.179664e-01	1.016235e+00	8.570048e-01	1.072821e+00	1.310935e+00	1.050962e+00	8.044455e-01	-3.125782e-03	8.754117e-01	8.726186e-01	6.213678e-01
-3.483997e-01	1.116405e-01	4.093676e-01	-2.647127e-03	3.929084e-01	8.564575e-01	6.730154e-01	7.794122e-01	4.565394e-01	6.802274e-01	3.066892e-01	4.211422e-01	5.521594e-02	1.398271e+00	4.474961e-01	1.223492e+00	4.115778e-01	1.014414e+00	5.955478e-01	6.664173e-01
4.131048e-02	5.615556e-01	4.424913e-01	-1.488453e-01	6.595091e-01	4.757514e-01	1.176100e+00	1.145965e+00	9.349711e-01	4.461295e-01	4.000095e-01	1.026942e+00	2.276508e-01	3.065039e-01	9.673139e-01	2.091697e-01	6.752776e-01	7.295768e-01	6.569231e-01	9.855228e-01
7.960685e-02	4.076901e-01	4.782267e-01	2.103615e-01	3.212546e-01	9.471474e-01	5.141830e-01	7.161770e-01	3.776295e-01	6.463619e-01	3.056039e-01	5.348523e-01	-3.559292e-01	1.216975e+00	5.555334e-01	1.113011e+00	5.376480e-01	1.293732e+00	4.355594e-01	5.432983e-01
6.281217e-01	8.335500e-01	2.069609e-01	-1.941932e-01	7.668418e-01	4.731984e-01	7.790225e-01	8.392897e-01	7.242036e-01	4.716267e-01	5.768388e-01	5.054764e-01	3.852531e-01	1.767729e-01	9.817679e-01	3.976241e-01	9.174700e-01	1.009433e+00	5.719666e-01	7.105875e-01
4.607079e-01	3.982220e-01	-2.265703e-01	7.337497e-01	7.657936e-01	2.858851e-01	7.800646e-01	1.144963e+00	1.063146e+00	4.285552e-01	-1.909307e-01	1.397637e+00	6.733865e-01	4.146300e-01	6.448766e-01	5.553924e-01	4.815680e-01	6.908666e-02	9.293575e-01	3.813340e-01
6.055438e-01	3.333284e-01	1.594387e+00	1.389269e+00	6.422047e-01	1.034798e-01	-2.465629e-01	9.027650e-01	5.360516e-01	4.113788e-01	2.387450e-01	1.594374e-01	5.867371e-02	1.348409e+00	1.214311e+00	4.878440e-03	8.882182e-01	-2.100312e-01	-3.901038e-01	1.275887e+00
4.151815e-01	8.587580e-01	4.301514e-01	1.022761e+00	8.512279e-01	4.295595e-01	3.093799e-01	1.086772e+00	2.175713e-01	4.887000e-01	2.717001e-01	7.592063e-01	3.088348e-01	1.108386e+00	5.175949e-01	2.325361e-01	5.134238e-01	-3.878962e-01	6.351307e-02	1.293082e+00
6.334595e-01	1.036061e+00	-2.225272e-01	2.352355e-01	6.093699e-01	1.879153e-01	6.267804e-01	3.476216e-01	6.505280e-01	3.110306e-01	9.703259e-01	9.800324e-01	8.836753e-01	9.412033e-01	8.638433e-01	8.496175e-01	3.592408e-02	7.120465e-01	8.686742e-01	8.138278e-01
5.338659e-01	7.064767e-01	2.317773e-01	1.115336e+00	6.564223e-01	6.253122e-01	5.165422e-01	8.385562e-01	3.719155e-01	-4.577035e-02	8.057137e-01	6.267832e-01	1.158762e+00	1.208513e+00	9.902327e-01	9.148934e-01	4.659498e-01	4.083497e-01	4.204764e-01	4.575521e-01
-1.846478e-01	-1.196149e-02	7.922164e-01	-6.725056e-01	6.901384e-01	1.135519e+00	6.829000e-01	7.755503e-01	-5.564402e-01	-1.890141e-01	1.222014e+00	4.312718e-01	-5.898247e-01	1.433472e+00	1.198776e+00	2.783473e-01	1.611241e+00	1.613377e+00	7.184432e-02	1.636984e-01
3.468088e-01	9.244143e-01	3.622525e-01	5.828187e-01	4.152401e-01	-2.342922e-02	3.693036e-01	4.561769e-03	1.971466e-01	1.021107e+00	3.293456e-01	2.757683e-01	2.609324e-01	1.633833e+00	1.060600e+00	6.170889e-01	7.727112e-01	7.035695e-01	7.433971e-01	3.991500e-01
7.140369e-01	7.589712e-01	-1.016221e-01	8.521841e-01	5.532446e-01	7.355354e-03	8.511530e-01	7.122904e-01	5.990284e-01	1.410472e-01	2.013323e-01	4.163790e-01	5.150053e-01	5.233160e-01	1.137086e+00	2.419138e-01	4.059595e-01	3.415899e-01	9.538102e-01	2.615685e-01
7.905200e-01	7.840826e-01	-1.895041e-01	7.247553e-01	2.210189e-01	-7.486047e-02	1.332604e+00	-2.496088e-01	3.153808e-01	6.907736e-01	-2.700636e-01	1.087332e+00	5.144364e-01	2.967250e-01	6.127144e-01	7.226090e-01	5.743534e-01	5.776957e-01	2.417695e-01	2.527732e-01
-2.460170e-02	3.074554e-01	4.147857e-01	1.070957e-01	4.272905e-01	7.281746e-01	4.816686e-01	6.174799e-01	4.395758e-01	4.983233e-01	5.261257e-01	5.188831e-01	-2.440072e-01	1.180339e+00	5.307787e-01	1.034187e+00	5.460669e-01	1.194368e+00	5.995514e-01	6.402390e-01
6.631275e-01	7.918174e-01	7.704847e-02	5.426878e-01	6.187009e-01	7.814199e-01	5.594765e-01	8.948414e-01	-5.087456e-01	6.284948e-01	-1.516606e-01	9.390328e-01	4.125720e-01	1.357483e+00	8.909472e-01	-4.653883e-01	1.151519e+00	3.115726e-01	-3.138263e-01	3.881457e-01
6.092795e-01	9.189348e-01	1.755000e-01	3.034205e-01	6.303005e-01	3.037113e-01	6.491900e-01	5.046841e-01	6.928842e-01	5.431619e-01	1.210827e+00	1.014081e+00	8.167843e-01	1.045358e+00	1.021984e+00	7.006341e-01	1.011947e-01	5.904651e-01	6.777065e-01	8.175616e-01
-2.586549e-02	3.359622e-01	2.294599e-01	2.450562e-01	3.700631e-01	8.805147e-01	5.035237e-01	6.157492e-01	4.636934e-01	5.895374e-01	2.497161e-01	5.593104e-01	-3.857673e-01	1.219786e+00	5.430403e-01	1.084335e+00	4.367299e-01	1.199542e+00	5.342109e-01	4.943649e-01
6.118021e-01	4.069762e-01	7.032375e-01	6.566260e-01	-1.447892e-01	8.648919e-01	-4.081444e-01	1.677168e+00	-5.624614e-01	1.622901e+00	2.421708e-01	7.690636e-01	-1.885491e-01	1.131185e+00	6.383302e-01	-1.706483e-01	9.224095e-01	7.267484e-01	3.545730e-01	9.606505e-01
4.087210e-01	7.272855e-01	3.646742e-01	-2.261758e-01	9.627813e-01	3.184187e-01	7.893208e-01	9.478143e-01	8.159870e-01	4.838927e-01	4.673749e-01	3.233976e-01	1.621104e-01	1.210455e-01	8.846209e-01	2.160604e-01	6.803641e-01	7.032756e-01	6.417291e-01	7.264354e-01
6.428976e-01	8.609946e-01	9.198431e-02	9.927569e-01	5.648612e-01	5.039386e-01	3.768957e-01	8.171275e-01	2.702362e-01	-1.213831e-01	7.947792e-01	5.967164e-01	9.127364e-01	1.100401e+00	1.020142e+00	7.323156e-01	4.812821e-01	7.049080e-01	5.748871e-01	4.430279e-01
2.640450e-01	8.699749e-01	2.434744e-01	8.266110e-01	5.834215e-01	4.255619e-01	4.738036e-01	4.608180e-01	2.186826e-01	1.646649e-02	4.790395e-01	4.288995e-01	9.908156e-01	1.071349e+00	8.805495e-01	7.367396e-01	1.679132e-01	5.215668e-01	6.829322e-01	6.186223e-01
2.479730e-01	1.390298e+00	7.581553e-01	5.232891e-01	7.358490e-01	2.983172e-01	8.158457e-01	2.800762e-01	5.805304e-01	-6.535919e-02	-3.337249e-01	8.484987e-01	1.091666e-01	1.868934e+00	1.372940e+00	9.378003e-01	9.660270e-01	1.197565e-01	4.127701e-01	9.520400e-01
5.003629e-01	1.206778e+00	-1.850210e-01	3.895793e-01	8.355480e-01	7.134231e-01	5.104893e-01	1.269604e+00	1.132583e-01	-2.957568e-01	4.639507e-01	7.530506e-01	6.571410e-02	1.077402e+00	2.540685e-01	2.589215e-01	1.068889e+00	-3.526546e-03	6.738652e-01	-2.002495e-02
3.313324e-02	7.295633e-01	3.977984e-01	6.634973e-01	5.874140e-01	3.900993e-01	3.885295e-01	8.796872e-01	1.889516e-01	4.274761e-01	4.227075e-01	4.058270e-01	2.740367e-01	1.472117e+00	9.864850e-01	6.393512e-01	7.137558e-01	2.873818e-01	8.255226e-01	7.009511e-01
4.957838e-01	3.090447e-01	1.953717e-01	-1.994254e-01	7.530197e-01	5.574647e-02	1.447491e+00	4.605812e-01	3.474446e-01	4.523581e-01	6.884437e-01	7.988547e-01	2.150213e-01	1.776943e+00	1.012210e+00	1.080027e+00	8.355914e-01	4.213710e-01	3.302458e-01	3.942919e-01
6.753721e-01	1.239258e+00	-3.411136e-01	5.759907e-01	2.552084e-01	-3.744483e-01	5.180379e-01	3.323517e-01	6.869537e-01	6.970868e-01	-1.484418e-01	1.128030e+00	1.171084e-01	1.578437e-01	8.304721e-01	3.755439e-01	2.409297e-01	5.600575e-02	6.291443e-01	8.429363e-01
5.616061e-01	7.453078e-01	8.258636e-02	5.217103e-01	9.375689e-01	3.983337e-01	3.428219e-01	1.282377e+00	2.530908e-01	2.132349e-01	4.546580e-01	5.890892e-01	4.548647e-01	9.273393e-01	5.055696e-01	2.650683e-01	5.332650e-01	-2.497552e-01	5.204390e-03	1.352015e+00
8.990667e-01	1.021437e+00	-9.411988e-02	6.752367e-01	9.965746e-01	7.068895e-01	5.485036e-01	6.695418e-01	-2.986954e-01	-8.775053e-02	-1.430027e-01	1.148066e+00	1.938965e-01	1.163164e+00	7.119666e-01	-5.593054e-01	1.200054e+00	3.928475e-01	-3.804544e-01	5.147670e-01
4.557652e-01	8.422044e-01	1.050222e-01	8.507791e-01	5.439892e-01	4.803140e-01	6.754318e-01	6.447314e-01	2.459664e-01	4.888595e-02	8.789675e-01	7.229803e-01	8.687543e-01	1.125027e+00	1.130653e+00	7.114049e-01	3.050796e-01	6.936830e-01	4.619374e-01	5.135036e-01
7.836385e-01	5.999342e-01	6.037921e-02	1.005924e+00	5.386336e-01	5.468006e-01	7.702570e-01	6.926342e-01	4.842774e-01	4.544869e-01	1.591979e-01	8.996844e-01	1.089694e+00	6.607018e-01	7.129609e-01	3.706762e-01	5.297594e-01	2.261767e-01	1.018419e+00	3.525115e-01
6.263931e-01	2.828604e-01	-1.768777e-01	7.958308e-01	3.662446e-01	2.238136e-01	1.020658e+00	9.531890e-01	8.713160e-01	5.561167e-01	-1.605376e-02	8.932157e-01	1.075745e+00	6.977933e-01	1.046426e+00	1.793200e-01	9.107916e-01	5.830961e-01	7.603045e-01	3.059545e-01
3.526343e-01	6.431157e-01	3.817869e-01	-1.492720e-01	7.571295e-01	4.051900e-01	9.263612e-01	7.936889e-01	7.750978e-01	6.053260e-01	2.920672e-01	5.339189e-01	1.644461e-01	1.805219e-01	9.383157e-01	1.738595e-01	6.000211e-01	7.567743e-01	5.798135e-01	8.182643e-01
5.108812e-01	8.392416e-01	1.917610e-01	8.975235e-01	6.007307e-01	5.670304e-01	5.304059e-01	6.640692e-01	2.877123e-01	5.291679e-02	9.199013e-01	6.102566e-01	1.025758e+00	1.116111e+00	1.013150e+00	8.449552e-01	4.168905e-01	6.082312e-01	5.582921e-01	5.260467e-01
1.510081e-01	8.524487e-01	5.320603e-01	3.664825e-01	1.435492e-03	8.962108e-01	8.626914e-02	9.625523e-01	-3.768030e-01	1.574934e+00	6.873939e-01	8.845555e-01	-2.740473e-01	8.137353e-01	9.352429e-01	5.847345e-01	4.843146e-01	9.802440e-01	-3.181064e-02	1.284565e+00
5.116818e-01	9.938519e-01	5.303344e-01	3.113105e-01	2.313646e-01	4.992577e-01	3.635043e-01	7.860211e-01	2.331873e-01	4.401059e-01	7.538377e-01	7.338351e-01	8.822374e-01	1.328772e+00	7.630364e-01	1.394620e-01	5.280911e-01	7.231769e-01	7.112555e-01	1.589438e-01
6.047995e-01	7.107278e-01	2.425881e-01	1.160762e+00	4.950233e-01	7.524169e-01	7.160787e-01	3.772405e-01	3.864499e-01	1.493095e-01	5.604385e-01	4.949417e-01	7.110760e-01	1.444992e+00	1.098042e+00	2.460760e-01	2.741284e-01	6.237192e-01	2.354807e-01	3.481320e-01
1.938838e-01	4.520275e-01	5.155711e-02	5.589676e-01	4.443838e-01	7.024385e-01	5.997145e-01	8.530739e-01	-2.624271e-01	7.322109e-01	6.761175e-01	6.102296e-01	1.104040e-01	7.655905e-01	1.252434e+00	3.865056e-01	-1.193834e-01	9.966543e-01	3.036336e-01	6.081847e-01
5.292325e-01	8.920613e-01	4.910168e-01	-6.905215e-02	3.504534e-02	5.905571e-01	5.736690e-01	9.840351e-01	3.390698e-01	-3.478892e-01	3.116454e-01	5.893581e-01	7.937728e-01	1.041318e+00	6.597481e-01	3.027716e-01	1.757735e+00	3.687592e-01	5.713295e-01	6.744765e-01
4.542627e-01	8.378225e-01	5.483037e-01	7.810196e-01	6.856508e-01	2.602772e-01	4.581137e-01	3.875247e-01	2.806539e-01	6.107794e-01	2.854433e-01	8.763088e-02	6.506887e-01	1.681458e+00	7.377062e-01	9.815609e-01	1.105803e+00	-1.319280e-02	7.664987e-01	6.192740e-01
3.922411e-01	9.745512e-01	5.667930e-01	9.290517e-02	1.514440e-01	5.138204e-01	5.007808e-01	5.612956e-01	2.329663e-01	4.260174e-01	3.575385e-01	7.132964e-01	5.698937e-01	1.069682e+00	7.711451e-01	1.107641e-01	5.610677e-01	6.826686e-01	6.136676e-01	3.006152e-01
5.389066e-01	1.040821e+00	5.098254e-01	1.173373e-01	3.888040e-01	3.630511e-01	2.543325e-01	4.953162e-01	7.288069e-01	1.453304e+00	-4.411399e-01	7.771065e-01	-8.782717e-01	1.395416e+00	4.844805e-01	4.991190e-01	7.540456e-02	6.198815e-01	-7.254566e-03	5.587413e-01
5.541965e-01	6.710957e-01	4.647765e-01	1.285121e+00	2.806361e-01	7.472835e-01	7.699369e-01	5.824212e-01	3.977562e-01	1.858110e-01	6.852763e-01	6.341665e-01	7.730972e-01	1.512796e+00	1.118678e+00	2.271284e-01	2.814397e-01	5.570725e-01	2.283829e-04	4.441674e-01
2.897637e-01	7.334648e-01	1.503649e-01	5.528665e-01	3.047830e-01	7.906896e-01	6.575350e-01	5.354588e-01	4.840556e-01	-3.918791e-02	2.315649e-01	6.012936e-01	6.512770e-01	4.163050e-01	6.898805e-01	3.313365e-01	4.799430e-01	7.402465e-01	1.422336e+00	3.645617e-01
4.263357e-01	9.647649e-01	2.524359e-01	7.566916e-01	5.842950e-01	1.883988e-01	6.403991e-01	6.054965e-01	8.981108e-01	4.354589e-01	2.815951e-01	8.704913e-01	6.297035e-01	2.552383e-01	9.882392e-01	4.097645e-01	4.267384e-01	3.975658e-01	7.063984e-01	5.819295e-01
5.908058e-01	1.163580e+00	3.493838e-01	3.938860e-01	1.919211e-01	3.644651e-01	4.861123e-01	5.379183e-01	7.206293e-01	5.676867e-01	4.883948e-01	5.828262e-01	7.746869e-01	1.609273e-01	6.974896e-01	2.869534e-01	1.418279e-01	3.454908e-01	1.026774e+00	8.998446e-01
6.261896e-02	3.901936e-01	2.169068e-01	5.517754e-01	8.469382e-01	5.965759e-01	6.377909e-01	2.627473e-01	4.061989e-01	1.816269e-01	1.060841e+00	1.362985e+00	4.083114e-01	1.280914e+00	8.604576e-01	5.987806e-01	8.752950e-01	-6.777132e-02	8.288733e-01	1.751600e-01
4.961495e-01	1.040591e+00	2.218800e-01	6.905524e-01	3.919063e-01	3.430264e-01	7.095883e-01	4.263637e-01	5.945541e-01	3.810149e-01	2.892881e-01	3.970828e-01	8.299379e-01	7.060552e-02	9.939066e-01	1.726732e-01	2.414341e-01	4.157095e-01	9.290940e-01	7.780270e-01
4.899029e-01	6.511347e-01	3.108745e-01	8.002370e-01	2.397489e-01	3.790263e-01	4.692952e-01	5.840384e-02	3.063127e-02	8.466134e-01	4.285481e-01	6.171985e-01	7.582640e-01	1.483624e+00	8.954633e-01	1.012492e+00	8.173378e-01	7.098385e-02	6.491127e-01	8.945086e-01
1.255490e+00	1.132112e+00	-1.174460e-01	1.142464e+00	4.852711e-01	1.360310e-02	6.507687e-01	5.859067e-01	5.937799e-01	7.060814e-01	-1.262747e-01	5.477661e-01	7.011087e-01	1.777455e-01	6.998338e-01	1.776647e-02	4.001138e-01	-1.013525e-01	6.255503e-01	5.851632e-01
9.120603e-01	8.743653e-01	1.009911e-01	6.240694e-01	9.546640e-01	6.065163e-01	5.543212e-01	6.465303e-01	-4.790241e-01	3.205301e-01	-1.138972e-01	8.963921e-01	2.451298e-01	1.003699e+00	8.628048e-01	-1.674969e-01	1.062756e+00	2.804986e-01	-8.439936e-02	3.031508e-01
6.726403e-01	4.598053e-01	1.526566e-01	7.396485e-01	1.005931e+00	6.271752e-01	-8.657228e-02	1.103297e+00	-2.898477e-01	-2.500726e-01	4.020231e-01	7.699596e-01	3.219327e-01	1.545446e+00	7.864429e-01	4.804737e-01	3.859976e-01	-8.478206e-02	-2.546399e-01	1.200715e+00
4.160435e-01	-6.725576e-02	2.545951e-01	1.133752e+00	2.177437e-01	1.637347e+00	4.104070e-01	5.715953e-02	-3.549718e-01	-5.711273e-02	1.086886e+00	1.860667e+00	9.395914e-01	1.084027e+00	7.611510e-01	9.968807e-01	6.726680e-01	7.335229e-01	1.093021e+00	4.196881e-01
3.814609e-01	7.136427e-01	1.767879e-01	6.741411e-01	4.680191e-01	1.163466e-01	7.434290e-01	1.008402e+00	8.205825e-01	4.686127e-01	-9.050621e-02	6.623730e-01	7.770616e-01	3.917665e-01	8.499555e-01	4.660305e-01	2.628744e-01	1.423814e-01	8.750461e-01	4.507487e-01
8.130834e-01	6.054267e-01	2.573658e-01	9.061731e-01	1.010202e+00	8.234099e-01	6.233628e-01	6.786435e-01	-4.052550e-01	5.657994e-01	-2.978366e-01	1.045539e+00	1.300941e-01	1.074380e+00	8.489346e-01	-2.675228e-01	1.176509e+00	1.567908e-01	-2.651655e-01	2.990627e-01
-2.007767e-02	4.326532e-01	3.703004e-01	1.578371e-01	3.098697e-01	7.800652e-01	5.609466e-01	8.257394e-01	3.110258e-01	7.728817e-01	3.492128e-01	5.859518e-01	-4.258599e-01	1.229043e+00	5.328338e-01	9.866114e-01	4.473179e-01	1.226858e+00	4.841282e-01	5.041599e-01
5.345908e-01	9.284662e-01	1.867296e-01	2.191476e-01	5.224057e-01	5.086338e-01	3.129835e-01	7.434545e-01	6.762941e-01	1.440426e+00	-3.809059e-01	9.691498e-01	-5.755206e-01	1.307547e+00	4.586147e-01	5.180782e-01	2.737907e-01	7.716366e-01	1.815331e-02	6.060661e-01
2.779184e-01	5.402112e-01	1.593613e-01	1.474865e-02	1.059975e+00	4.503881e-01	5.429948e-01	7.840270e-01	9.607548e-01	1.760648e-01	3.878975e-01	1.590011e+00	5.018968e-01	5.781738e-01	8.849137e-01	7.047639e-01	5.805765e-01	7.035064e-02	1.609030e-01	4.400928e-01
1.746218e-01	4.716759e-01	-9.264737e-02	7.840061e-01	4.650746e-01	8.180743e-01	5.806768e-01	9.234806e-01	1.796413e-02	7.422993e-01	8.329410e-01	8.071377e-01	1.727006e-01	7.687916e-01	1.215806e+00	6.296087e-01	-1.926540e-01	8.219295e-01	2.875121e-02	4.280647e-01
5.567104e-01	7.874843e-01	2.846214e-01	8.075933e-01	4.889752e-01	4.193987e-01	8.048758e-01	8.584846e-01	4.926192e-01	4.152472e-01	1.474582e-01	4.668445e-01	8.576658e-01	4.587157e-01	7.530170e-01	2.899269e-01	2.800622e-01	1.420513e-01	1.090235e+00	6.800771e-01
6.958147e-02	4.795757e-01	5.215671e-01	2.890502e-01	1.227003e+00	7.063282e-01	7.363461e-02	1.103239e+00	4.522236e-01	6.520966e-01	6.031292e-01	3.860241e-01	3.272248e-01	1.339529e+00	6.471828e-01	2.304556e-01	8.876610e-01	-1.830682e-01	2.560051e-01	1.399711e+00
6.211408e-01	8.165647e-01	1.559872e-01	6.334574e-01	8.717381e-01	6.748510e-01	6.366804e-01	6.927317e-01	-5.773349e-01	4.714336e-01	-9.592282e-02	8.888612e-01	6.537127e-02	1.039200e+00	1.044054e+00	-3.137726e-01	1.269043e+00	2.815851e-01	-2.896624e-01	2.800182e-01
5.913915e-01	3.017310e-01	4.413271e-02	1.158517e+00	4.634181e-01	1.006462e+00	7.368429e-01	4.255815e-01	-3.585754e-02	1.942396e-01	1.011796e+00	1.736249e+00	8.372274e-01	1.213162e+00	8.372922e-01	7.943824e-01	5.950250e-01	7.396318e-01	6.341700e-01	2.987186e-01
2.697684e-01	2.908752e-01	1.112374e-01	6.252383e-01	4.280680e-01	7.948447e-01	6.029227e-01	9.020695e-01	-1.011790e-01	8.271738e-01	6.433918e-01	7.755066e-01	1.908247e-01	8.000739e-01	1.149255e+00	3.285366e-01	-2.278637e-01	9.728683e-01	2.631038e-01	6.408882e-01
8.446992e-01	8.115343e-01	4.767064e-01	6.552311e-01	1.092228e+00	2.904824e-01	2.083697e-01	8.897296e-01	2.687303e-01	2.890616e-01	5.608765e-01	8.540294e-01	3.148082e-01	1.323868e+00	4.854427e-01	-5.705188e-02	6.163585e-01	2.476861e-01	3.245967e-01	1.255179e+00
6.169714e-01	1.014568e+00	2.854725e-01	1.798011e-01	4.453570e-01	5.737201e-01	3.755841e-01	8.973326e-01	8.114525e-01	1.386726e+00	-5.299984e-01	7.225922e-01	-7.037486e-01	1.518330e+00	4.334628e-01	5.989439e-01	1.804092e-01	5.275102e-01	-7.823995e-02	5.855538e-01
6.103365e-01	8.158142e-01	1.123141e+00	-7.617948e-02	5.981032e-01	1.766344e-01	2.905957e-01	1.120318e+00	6.566478e-01	-5.843411e-01	3.627247e-01	1.490571e+00	9.192963e-01	1.368028e+00	-1.633658e-01	5.428812e-01	1.343481e+00	2.922259e-03	1.177731e+00	7.319759e-01
4.777620e-01	5.766970e-01	3.050677e-01	9.744614e-01	2.152473e-01	9.491482e-01	1.163100e+00	9.179143e-01	4.727245e-02	2.444868e-01	3.027701e-01	3.016711e-01	5.345921e-01	8.117817e-01	5.786425e-01	-1.805820e-01	3.207225e-01	3.592531e-01	1.184014e+00	5.044116e-01
3.656283e-01	9.939165e-01	3.927590e-01	6.821370e-03	4.270803e-01	7.096560e-01	2.920013e-01	6.163430e-01	5.237049e-01	1.519359e+00	-4.845209e-01	9.076612e-01	-5.567913e-01	1.544003e+00	5.620941e-01	3.859680e-01	6.151747e-02	6.175863e-01	-1.546575e-01	8.696129e-01
1.606822e-01	8.967803e-01	-5.090948e-01	-1.673794e-01	-5.561544e-01	4.404918e-01	7.142355e-01	2.918721e-01	4.856554e-01	-2.103598e-01	-2.248050e-01	7.181960e-01	4.305208e-01	2.541772e-01	1.281979e-01	-1.810784e-02	9.078536e-01	3.718127e-01	1.781847e+00	1.032088e+00
2.725213e-01	6.862872e-01	3.793779e-01	5.772907e-01	7.783291e-01	7.065938e-01	3.327633e-01	8.395462e-01	8.289221e-02	6.354843e-01	3.954012e-01	1.904059e-01	2.006780e-01	1.441334e+00	8.176971e-01	1.017957e+00	6.849754e-01	2.314799e-01	8.159276e-01	1.018347e+00
9.747192e-01	1.318610e+00	4.569601e-03	6.598127e-01	4.872723e-01	4.984168e-01	1.103257e+00	6.999411e-01	1.390693e+00	2.804001e-01	-6.699836e-01	8.881309e-01	1.040246e+00	1.172814e-01	1.466711e+00	-5.090952e-01	7.305475e-01	7.001276e-01	8.325317e-02	-2.822647e-01
5.052924e-01	7.659547e-01	3.774412e-01	-2.275487e-01	9.090912e-01	4.251589e-01	7.493280e-01	8.614394e-01	8.109458e-01	4.603618e-01	4.280719e-01	3.498449e-01	1.895281e-01	2.489826e-01	8.867238e-01	2.251780e-01	5.805373e-01	8.045461e-01	6.391734e-01	7.066897e-01
8.567370e-01	1.154229e+00	4.599599e-02	9.227835e-01	8.363256e-01	3.077257e-01	4.959317e-01	9.989457e-01	5.950406e-01	5.380654e-01	5.316369e-01	4.252877e-01	4.354701e-01	3.995533e-01	8.939780e-01	3.499721e-01	4.228491e-01	-4.124437e-02	7.490814e-01	8.774390e-01
2.508306e-01	5.655701e-01	2.587646e-02	-1.539898e-01	8.110410e-01	5.893842e-01	7.836794e-01	6.519449e-01	1.128535e+00	1.821720e-01	4.330522e-01	1.630769e+00	7.464138e-02	4.418175e-01	8.707608e-01	5.860315e-01	8.758429e-01	-5.860967e-02	-1.638465e-02	8.867991e-02
5.297942e-01	6.809980e-01	-1.087294e-01	6.789863e-01	1.018899e+00	3.008500e-01	2.986774e-01	1.187694e+00	3.571032e-01	1.152648e-01	7.086941e-01	6.767619e-01	4.924773e-01	1.335376e+00	5.614081e-01	1.081783e-01	3.486849e-01	-2.950000e-01	-5.466436e-02	1.538323e+00
5.875660e-01	1.176068e+00	1.666521e+00	5.504628e-01	-1.851038e-02	9.844246e-01	2.630507e-01	1.285987e+00	1.464376e-01	1.452805e+00	-4.127737e-01	1.300662e+00	-2.048367e-01	8.207611e-01	-5.480562e-02	1.030669e+00	8.201113e-01	1.380989e+00	1.379744e-01	1.386796e+00
5.091459e-01	6.217542e-01	1.068713e-01	1.111858e+00	4.054757e-01	8.754157e-01	6.984598e-01	7.991961e-01	3.390233e-01	2.956246e-02	7.240608e-01	5.934383e-01	1.110913e+00	1.321122e+00	8.941406e-01	6.393205e-01	3.867526e-01	6.507492e-01	1.107682e-01	6.362551e-01
6.827774e-01	1.084242e+00	-2.213981e-02	7.974441e-01	5.117164e-01	3.087649e-01	5.559246e-01	4.819262e-01	1.101894e+00	9.620584e-02	1.308875e-01	1.190685e+00	1.185750e+00	4.475688e-01	6.016455e-01	1.200448e-01	4.740875e-01	2.649523e-01	1.229135e+00	7.013506e-01
4.436115e-01	7.502312e-01	4.232847e-01	-9.120848e-02	7.671263e-01	3.002676e-01	8.132037e-01	9.405237e-01	6.695558e-01	5.216860e-01	3.843620e-01	5.683384e-01	1.356038e-01	2.913779e-01	7.871826e-01	2.334601e-01	8.079953e-01	7.510214e-01	7.343180e-01	7.131799e-01
2.826197e-01	8.493408e-01	4.566502e-01	1.882172e-02	3.177965e-01	6.219753e-01	3.992740e-01	8.295210e-01	7.567645e-02	3.166623e-01	6.037745e-01	6.716823e-01	5.733741e-01	1.000483e+00	9.480043e-01	-1.995464e-01	7.171420e-01	8.052048e-01	9.135863e-01	3.166596e-01
3.253866e-01	7.704222e-01	1.634769e-02	7.971179e-01	5.415933e-01	4.852330e-01	6.272206e-01	7.505635e-01	3.840467e-01	-1.085292e-01	8.513211e-01	1.086771e+00	8.579351e-01	1.147331e+00	1.172579e+00	5.568035e-01	6.531208e-01	7.700134e-01	4.348837e-01	5.354735e-01
2.386964e-01	7.465904e-01	2.346877e-01	6.345107e-01	4.068147e-01	7.340677e-01	6.785096e-01	6.395576e-01	2.267149e-01	6.647113e-01	4.641456e-01	1.088126e+00	3.033014e-01	9.674083e-01	9.405104e-01	2.837557e-01	-1.245071e-01	1.200917e+00	8.590823e-02	7.358530e-01
9.549522e-01	7.050283e-01	3.008571e-01	8.231882e-01	4.660530e-01	3.244938e-01	4.206001e-01	2.589278e-01	5.976163e-01	6.219473e-01	-2.077035e-01	4.783419e-01	8.404367e-01	4.324948e-01	4.819168e-01	2.181235e-01	4.197354e-01	1.948594e-01	8.186792e-01	3.073222e-01
1.106586e+00	8.483262e-01	-3.201609e-02	8.333890e-01	4.612384e-01	1.891861e-01	6.581629e-01	4.216230e-01	5.056431e-01	7.844970e-01	-1.641169e-02	7.293828e-01	9.182953e-01	2.817697e-01	5.300148e-01	1.665489e-01	4.585939e-01	1.223838e-01	8.141597e-01	4.006093e-01
4.172694e-01	5.304084e-01	6.947451e-01	-1.124629e-01	8.788038e-01	3.716763e-01	1.195841e+00	6.242686e-01	6.128537e-01	3.439006e-01	2.658514e-01	1.000186e+00	5.365721e-01	6.643689e-01	1.353477e+00	2.362363e-01	7.238968e-01	8.042616e-01	4.979200e-01	8.922752e-01
1.815257e-01	-3.140129e-02	-1.740032e-01	-3.841335e-01	1.442158e+00	3.684964e-01	2.578810e-01	8.769725e-01	1.085800e+00	8.289730e-01	8.052345e-01	1.877099e+00	1.044366e+00	8.968029e-01	8.600101e-01	-3.746470e-01	3.767201e-02	-5.517586e-01	1.593502e+00	7.527427e-04
-3.626606e-01	2.719582e-01	7.822926e-01	1.883229e-01	1.161332e+00	9.880150e-01	2.992548e-02	1.048079e+00	-1.633043e-01	7.249015e-01	7.103961e-01	1.222527e+00	6.991959e-01	8.490066e-01	6.836265e-01	6.681413e-02	1.372092e+00	4.839175e-01	2.097347e-01	1.578409e+00
5.732018e-01	1.015522e+00	6.798155e-01	7.136846e-01	6.855960e-01	5.734616e-01	1.075386e+00	6.682143e-01	7.414000e-01	5.204319e-01	3.223165e-01	5.441987e-01	9.052971e-01	1.193946e-01	1.109790e+00	2.785958e-01	1.819922e-01	4.958060e-01	7.198430e-01	6.367542e-01
9.633436e-01	5.201093e-01	-4.466018e-01	5.041729e-01	5.778562e-01	5.392704e-01	1.344980e-01	5.676052e-01	1.520991e+00	2.251797e-01	-1.997944e-01	1.502096e+00	7.559771e-01	-3.287028e-02	5.930876e-01	1.097476e+00	3.120358e-01	2.019540e-01	9.826050e-01	2.313152e-01
6.016959e-01	5.488747e-02	4.223774e-02	1.212450e+00	4.285350e-01	1.484139e+00	9.586900e-01	3.584845e-01	-5.667792e-02	-8.200336e-02	1.082038e+00	2.326645e+00	1.009222e+00	1.117463e+00	6.751841e-01	9.635588e-01	6.492010e-01	6.047835e-01	7.248235e-01	6.207255e-01
8.988750e-02	2.074029e-01	-5.179664e-02	1.463176e+00	5.857884e-01	6.500454e-01	9.338232e-01	9.715656e-02	-1.741455e-01	6.999682e-01	1.052304e+00	7.253927e-01	4.237861e-01	1.130855e+00	1.039513e+00	1.375986e+00	8.121266e-01	9.942019e-01	6.556201e-01	1.427821e-01
6.861645e-01	9.818270e-01	2.273025e-01	5.155094e-01	1.017213e+00	8.046461e-01	6.602765e-01	6.977191e-01	-3.247072e-01	4.077217e-01	-6.833205e-02	8.564594e-01	1.682846e-01	9.388690e-01	8.951138e-01	-2.955247e-01	1.158426e+00	1.806825e-01	-3.713584e-01	2.714667e-01
3.344843e-01	1.027901e+00	2.687821e-01	5.087671e-01	9.505169e-01	5.994640e-01	7.344729e-01	9.494758e-01	4.131622e-01	1.151759e-01	4.547809e-01	7.828776e-01	1.092865e+00	1.968824e+00	7.810665e-01	1.796364e-01	5.011720e-01	2.210971e-01	-1.393835e-01	1.957397e+00
7.089266e-01	1.152979e+00	1.266111e-01	9.591412e-02	5.271745e-01	1.003981e+00	1.001220e+00	1.044973e+00	6.960296e-01	-4.554247e-01	-2.034489e-01	4.867497e-01	7.396997e-01	4.453562e-01	9.786941e-01	1.156202e+00	1.626582e+00	7.778336e-01	8.692357e-01	5.162480e-01
1.266395e+00	4.890587e-01	-1.121863e-01	1.222334e+00	-6.609081e-02	6.623823e-01	1.195870e+00	1.030012e+00	1.010066e-01	1.259085e+00	6.072865e-01	4.236200e-01	2.850063e-01	2.808823e-01	2.971696e-01	-6.151526e-01	5.077624e-01	-3.698475e-01	9.120893e-01	-3.674121e-02
3.545115e-01	7.061938e-01	2.122294e-01	7.892141e-01	4.239812e-01	3.884819e-01	6.583784e-01	5.886157e-01	3.357385e-01	5.863877e-02	7.638685e-01	8.151183e-01	7.637893e-01	1.021983e+00	1.290301e+00	5.964769e-01	4.872523e-01	8.044802e-01	5.359121e-01	4.962377e-01
1.844433e-01	1.210148e+00	1.850490e-01	2.697920e-01	2.867600e-01	3.186603e-01	6.352839e-01	7.423026e-01	1.537413e-01	2.662047e-01	2.955288e-01	9.188497e-01	4.048644e-01	1.186187e+00	8.819850e-01	1.741123e-01	9.245644e-01	5.016077e-01	3.588285e-01	3.379673e-01
5.964080e-01	5.975330e-01	-2.530251e-01	1.127725e+00	2.854663e-01	7.291037e-01	7.175329e-01	9.368266e-01	1.749342e-01	-1.126045e-01	9.976411e-01	5.734943e-01	1.299638e+00	1.551392e+00	7.078803e-01	6.295980e-01	1.844919e-01	6.396896e-01	1.629981e-01	5.734543e-01
8.084885e-01	6.753984e-01	3.458769e-02	6.016255e-01	1.860438e+00	6.906879e-01	7.099406e-01	2.070497e-01	1.022213e+00	-8.257743e-01	3.405913e-01	1.764894e+00	9.737313e-01	5.707869e-01	1.476942e+00	2.266250e-01	1.638319e+00	-5.138308e-02	2.757817e-02	7.376122e-01
-3.679356e-01	5.677384e-01	9.525402e-02	6.280053e-01	7.329148e-01	6.503899e-01	-4.587996e-01	9.193989e-01	-7.702976e-01	1.339919e+00	3.380299e-01	1.601321e+00	2.470846e-01	4.995520e-01	1.067701e+00	4.782109e-01	6.674715e-01	8.549174e-01	-9.103296e-02	1.226783e+00
6.202007e-02	6.556635e-01	1.670921e-01	5.898213e-01	3.226685e-01	1.057196e+00	7.916733e-01	9.884241e-01	4.142338e-01	2.870019e-01	-7.654841e-02	1.260325e+00	-7.515421e-01	1.497544e+00	1.135038e+00	1.344067e+00	4.532837e-01	8.569409e-01	1.992261e-01	5.410202e-01
4.644178e-01	8.990727e-01	5.099013e-01	3.008959e-01	1.749785e-01	5.880411e-01	4.436195e-01	8.312976e-01	-6.156847e-02	1.737727e-01	2.253307e-01	6.553763e-01	5.362868e-01	1.133925e+00	8.116275e-01	1.296561e-01	7.611192e-01	6.185685e-01	7.830879e-01	2.944092e-01
6.072282e-01	6.952360e-01	5.329884e-01	1.143283e+00	2.003780e-01	8.880212e-01	8.323136e-01	6.910486e-01	2.897411e-01	2.154094e-01	7.432806e-01	6.138623e-01	7.748731e-01	1.557275e+00	1.039159e+00	2.479934e-01	3.144040e-01	6.040617e-01	-1.632044e-01	3.893122e-01
8.599676e-01	1.103033e+00	2.247324e-01	3.920859e-01	3.278998e-01	1.133212e+00	8.668379e-01	1.029495e+00	7.550688e-01	1.144447e+00	-2.125783e-01	1.076878e+00	-7.582811e-01	1.360126e+00	6.297908e-01	8.261556e-01	3.649475e-01	9.230370e-01	-2.398773e-01	5.885511e-01
-3.092909e-01	9.783509e-01	4.426497e-01	5.650945e-01	1.077724e+00	9.235650e-01	2.748011e-01	1.058495e+00	3.545105e-02	6.566116e-02	3.762072e-01	9.035723e-01	4.867927e-01	1.659697e+00	3.029670e-01	3.537762e-01	3.748441e-01	-3.482760e-01	5.243324e-01	1.956448e+00
1.072547e+00	1.211778e+00	4.857919e-01	4.138507e-01	2.909174e-01	6.721494e-01	2.653366e-01	5.232554e-01	5.678640e-01	8.443771e-01	6.808226e-01	1.459710e+00	5.784256e-01	9.817013e-01	1.105886e+00	6.303792e-01	-9.650277e-02	8.466570e-01	-4.895464e-02	4.850623e-01
6.837119e-01	4.905548e-01	2.016736e-01	1.229911e+00	4.853807e-01	6.777219e-01	7.294376e-01	9.461979e-01	7.360684e-02	5.037648e-01	2.367708e-01	6.010089e-01	6.647458e-01	3.994029e-01	8.741177e-01	-7.934224e-02	6.927596e-01	1.498914e-01	1.040625e+00	3.580929e-01
2.929777e-01	4.703311e-01	1.993868e-01	4.643745e-01	3.700261e-01	5.709268e-01	4.100990e-01	7.901592e-01	-8.481179e-02	7.022096e-01	7.347793e-01	6.298172e-01	8.135476e-02	9.903143e-01	1.337820e+00	3.940400e-01	-2.462829e-01	9.495462e-01	1.953323e-01	7.093276e-01
1.034197e-03	3.870936e-01	3.512890e-01	1.298720e-01	3.372321e-01	8.497742e-01	4.588525e-01	6.445435e-01	3.716084e-01	6.497565e-01	3.464282e-01	4.644104e-01	-3.005637e-01	1.210892e+00	5.539512e-01	1.084393e+00	3.813706e-01	1.267074e+00	5.586622e-01	5.288488e-01
6.499373e-01	-2.981919e-01	-3.963012e-02	5.739453e-01	2.549909e-01	7.185079e-01	1.228503e+00	7.931549e-01	2.882897e-01	-1.942017e-02	1.004101e+00	9.316767e-01	2.381440e-01	1.029566e+00	1.060926e+00	3.051583e-01	1.086193e+00	5.480537e-02	1.080968e+00	-1.077221e-01
6.105073e-01	5.343360e-01	8.304386e-01	-1.077257e-01	1.101729e+00	2.567034e-01	6.654174e-01	9.622090e-01	1.135063e+00	3.166603e-01	4.177955e-01	3.738243e-01	6.605640e-01	5.195432e-01	8.185166e-01	1.268750e-01	7.443530e-01	6.841209e-01	6.948860e-01	5.806477e-01
1.541995e-01	7.691830e-01	4.549458e-01	6.343314e-02	9.854638e-01	-1.156034e-01	9.528103e-01	4.657347e-01	1.327923e-01	2.842978e-01	7.073653e-01	4.583807e-01	7.801796e-01	1.719332e+00	8.613506e-01	1.153698e+00	1.084431e+00	3.879989e-01	4.256469e-01	2.844987e-01
5.360442e-01	6.083706e-01	2.431392e-01	1.170686e+00	1.656762e-01	8.508785e-01	7.229655e-01	7.289261e-01	4.479534e-01	1.933299e-02	7.466861e-01	5.307034e-01	8.740533e-01	1.121000e+00	1.157857e+00	4.180317e-01	3.751759e-01	8.328268e-01	1.108011e-01	7.183838e-01
5.719096e-01	7.950226e-01	6.726208e-01	1.055446e+00	2.698200e-01	8.819536e-01	8.662966e-01	7.160556e-01	4.357340e-01	2.085661e-01	7.108491e-01	6.398852e-01	7.579676e-01	1.512421e+00	1.144945e+00	2.107458e-01	3.072899e-01	7.236261e-01	-1.615339e-01	4.792551e-01
6.154077e-01	7.459532e-01	4.755674e-01	1.205386e+00	2.305214e-01	9.075674e-01	7.428284e-01	7.175186e-01	3.000469e-01	2.192553e-01	6.963975e-01	6.406892e-01	8.525093e-01	1.521890e+00	1.060983e+00	2.429580e-01	2.876412e-01	5.959430e-01	-9.240728e-02	4.088225e-01
1.242878e-01	3.967387e-01	5.612191e-01	8.965326e-01	6.379637e-01	7.979468e-01	9.476643e-01	8.962590e-01	5.817336e-01	3.466236e-01	5.656754e-01	1.291879e+00	9.639094e-01	1.395147e+00	7.490581e-01	-4.504718e-01	6.502621e-01	-5.716800e-01	5.665976e-01	7.990970e-02
1.287910e+00	9.089834e-01	1.208789e+00	7.732500e-01	6.106059e-01	6.767768e-02	3.120893e-01	1.171786e+00	-3.849633e-02	3.617797e-01	8.792293e-01	6.355012e-01	1.039694e+00	2.216755e+00	7.745995e-01	-4.585381e-01	3.719258e-01	1.320793e-01	-4.964050e-01	2.076602e+00
7.620328e-01	5.793905e-01	5.970661e-02	8.356698e-01	6.369773e-01	9.412307e-01	5.504596e-01	7.667460e-01	-4.464795e-01	6.357921e-01	-3.321283e-01	1.168980e+00	1.439719e-01	1.148457e+00	8.253308e-01	-3.608503e-01	1.274406e+00	1.450208e-01	-3.132956e-01	4.734815e-01
2.387802e-01	3.754328e-01	-4.864597e-01	-6.509507e-01	5.445423e-01	6.961161e-01	1.093138e+00	1.355047e+00	9.404383e-01	2.208222e-01	7.184321e-01	6.672588e-01	1.450333e-02	-2.966928e-01	1.120377e+00	1.833367e-01	1.838701e+00	1.325447e+00	3.990761e-01	1.468447e+00
4.004663e-01	8.267840e-01	6.295987e-01	9.375820e-02	1.311406e-01	3.768615e-01	6.426301e-01	4.357098e-01	2.430774e-01	5.054922e-01	8.050266e-02	8.710124e-01	5.045146e-01	9.551722e-01	8.945883e-01	6.776717e-02	5.572463e-01	6.979818e-01	6.198046e-01	5.082756e-01
-9.141390e-02	-3.109655e-01	6.662764e-01	-2.407582e-01	-2.366608e-01	1.621655e-01	9.644277e-01	5.050699e-02	-8.828469e-02	7.780052e-01	-2.593716e-01	1.531991e-01	-6.325605e-02	1.603833e+00	1.047376e+00	9.977537e-01	6.343554e-01	1.268782e+00	1.113292e+00	4.397794e-02
6.417357e-01	3.290929e-01	-4.304922e-02	1.056999e+00	3.084289e-01	1.250881e+00	1.395567e+00	2.749347e-01	-2.001016e-01	-1.096106e-01	9.948555e-01	2.084659e+00	1.168584e+00	1.004516e+00	8.505874e-01	9.173167e-01	6.605506e-01	7.113729e-01	7.979816e-01	5.919054e-01
8.584382e-01	9.432655e-01	7.683057e-02	7.597029e-01	9.695539e-01	6.062973e-01	6.184085e-01	6.512465e-01	-2.995764e-01	2.657544e-01	-1.156975e-01	9.148465e-01	3.235090e-01	1.054783e+00	8.212533e-01	-2.992538e-01	1.102282e+00	1.519341e-01	-9.038658e-02	2.210527e-01
3.565809e-01	8.325672e-01	1.376112e-01	7.262628e-01	3.252550e-01	5.162748e-01	6.029407e-01	6.714806e-01	3.903370e-01	1.003648e-01	8.551211e-01	9.340830e-01	8.861633e-01	9.219290e-01	1.297150e+00	5.968567e-01	2.728176e-01	9.008026e-01	5.740446e-01	6.244699e-01
3.364612e-01	6.416081e-01	2.709110e-01	1.107700e+00	4.443150e-01	8.055361e-01	8.256944e-01	7.316681e-01	2.459942e-01	9.478143e-02	7.941447e-01	4.756784e-01	9.566534e-01	1.559228e+00	1.055289e+00	4.149484e-01	3.591581e-01	7.565920e-01	2.919214e-02	4.010354e-01
-4.291679e-01	2.693560e-01	7.410238e-01	6.853095e-03	5.171547e-02	1.114388e+00	7.791899e-01	8.247736e-01	1.326885e-01	8.746846e-01	3.743994e-01	8.435157e-01	-2.139675e-01	1.157925e+00	6.753517e-01	7.709831e-01	1.072365e+00	1.503821e+00	3.242482e-01	6.100096e-01
1.814249e+00	1.349546e+00	1.114590e+00	3.922659e-01	-3.308802e-01	1.244785e+00	9.726417e-01	4.316993e-01	1.219125e+00	9.766143e-03	-5.244365e-02	1.318060e+00	9.026976e-01	4.366905e-01	1.100090e+00	9.048728e-01	3.011396e-01	9.333457e-01	-2.514748e-01	4.976718e-01
3.010082e-01	8.448408e-01	2.313606e-01	1.014585e+00	6.684335e-01	4.061710e-01	7.393779e-01	5.220528e-01	4.219904e-01	8.070086e-03	7.795256e-01	6.755249e-01	1.122408e+00	1.400432e+00	1.106754e+00	3.406309e-01	2.274508e-01	6.513141e-01	2.742482e-01	6.978775e-01
-2.211187e-01	3.728421e-01	8.757569e-01	2.806877e-01	1.299038e-01	1.265929e+00	7.077257e-01	1.260013e+00	4.019784e-01	1.014991e+00	9.430637e-02	1.038502e+00	-1.546452e-01	8.980525e-01	3.613487e-01	9.031638e-01	9.080895e-01	1.449850e+00	2.099546e-01	9.341759e-01
4.826662e-01	9.290913e-01	4.816794e-01	8.845260e-01	2.431335e-01	6.292411e-01	8.224718e-01	7.508307e-01	4.588121e-01	-4.395529e-02	5.321408e-01	4.615999e-01	6.765173e-01	1.260952e+00	1.079672e+00	4.308720e-01	3.701583e-01	5.131820e-01	-3.464723e-02	5.306405e-01
5.018242e-01	8.262405e-01	2.567872e-01	9.685671e-01	6.232072e-01	4.564566e-01	6.543259e-01	6.343977e-01	2.046986e-01	-7.296839e-03	8.749362e-01	9.343592e-01	8.917295e-01	1.160613e+00	1.331958e+00	5.614900e-01	3.409260e-01	8.284980e-01	5.076043e-01	4.121137e-01
2.837396e-01	9.692435e-01	8.382844e-02	6.047477e-01	4.013924e-01	3.564661e-01	6.932680e-01	5.975876e-01	3.616753e-01	-2.628179e-02	6.884952e-01	8.943652e-01	1.162795e+00	1.064935e+00	1.031973e+00	8.239411e-01	3.759865e-01	7.874256e-01	5.228058e-01	8.119936e-01
6.782588e-01	1.358795e+00	1.836749e-01	1.066970e+00	1.246740e-01	3.990909e-01	9.614320e-01	3.508860e-01	4.670524e-01	-3.276608e-01	-3.212153e-01	1.231237e-01	5.437979e-01	5.329795e-01	3.145369e-01	2.868356e-01	6.358545e-01	3.965651e-01	1.530825e+00	3.934238e-01
6.563028e-01	7.115266e-01	4.535302e-01	1.079585e+00	2.724551e-01	8.324407e-01	7.470480e-01	5.365075e-01	4.051435e-01	2.079387e-01	5.728122e-01	5.332350e-01	7.679671e-01	1.454977e+00	1.047023e+00	2.206147e-01	2.986614e-01	5.563825e-01	-4.556384e-03	3.320918e-01
-2.309732e-01	6.375772e-01	-4.428315e-02	-1.397729e-01	5.285078e-01	6.448734e-01	5.589441e-01	5.542333e-01	9.088421e-01	7.805000e-02	4.183439e-01	9.441945e-01	2.999629e-01	9.238758e-01	9.079218e-01	3.307840e-01	8.503795e-01	3.740056e-01	8.220943e-01	2.602579e-01
7.603587e-01	8.447418e-01	6.736414e-01	7.329847e-01	-5.900952e-01	7.758532e-01	-3.413897e-01	1.211382e+00	-9.762609e-02	6.518840e-01	4.722543e-01	1.283475e+00	7.824387e-01	1.664199e+00	8.488173e-01	2.505033e-01	9.799593e-01	8.314068e-01	7.418620e-01	3.238810e-01
7.216286e-01	7.778204e-01	2.150907e-01	6.467475e-01	7.632580e-01	6.866306e-01	5.319851e-01	6.883922e-01	-3.719101e-01	5.715827e-01	-2.079283e-02	8.232952e-01	1.397367e-01	8.676616e-01	9.552884e-01	-1.736027e-01	1.303509e+00	2.854817e-01	-2.186051e-01	4.153165e-01
5.097494e-01	6.936439e-01	8.397287e-02	1.145953e+00	6.372847e-01	8.265814e-01	6.823569e-01	7.726096e-01	4.345196e-01	-1.863234e-01	7.443837e-01	5.384004e-01	9.898933e-01	1.281498e+00	7.629408e-01	5.714001e-01	5.005957e-01	6.479322e-01	9.888307e-02	5.623011e-01
4.899772e-01	4.916732e-01	4.303865e-01	-5.139777e-01	1.019315e+00	5.110627e-01	8.834118e-01	1.374522e+00	1.208874e+00	4.364743e-01	9.068707e-01	4.908889e-01	8.059060e-01	5.458138e-02	8.472151e-01	5.598293e-01	1.075164e+00	5.712206e-01	3.285951e-01	9.748438e-01
1.557718e-01	5.034130e-01	1.976281e-02	7.287559e-01	3.150014e-01	9.477908e-01	5.876673e-01	9.098689e-01	-2.269652e-01	7.098639e-01	7.743491e-01	8.115530e-01	3.339035e-01	9.466141e-01	1.131110e+00	4.365036e-01	-2.030819e-01	1.134871e+00	2.077615e-01	5.302754e-01
4.604184e-01	6.340789e-01	6.019338e-01	-9.485347e-01	9.769627e-01	6.612233e-01	1.196933e+00	1.105794e+00	1.065885e+00	9.155696e-01	1.293792e+00	7.728608e-01	-2.934023e-02	-3.992642e-01	1.298113e+00	-4.834291e-02	1.044129e+00	1.101157e+00	8.073749e-01	4.406527e-01
-4.648313e-01	7.572228e-02	-6.647810e-01	-4.506217e-01	1.590077e+00	6.493678e-01	7.069877e-01	4.503878e-01	7.415675e-01	5.499061e-01	5.738736e-01	1.983385e+00	6.460225e-01	1.235741e+00	9.687076e-01	-4.382280e-01	-5.925877e-02	-3.923431e-01	8.265315e-01	-2.353051e-01
1.512274e-02	6.474117e-01	3.336253e-01	2.101592e-01	7.138730e-01	4.224294e-01	1.160390e+00	1.051856e+00	-1.287248e-01	3.460678e-01	5.259806e-01	4.104752e-01	5.914037e-01	1.024792e+00	1.083044e+00	2.220364e-01	5.040734e-01	3.051760e-01	4.206739e-01	9.602325e-02
-5.809302e-02	9.062790e-01	8.112213e-01	1.313227e-01	1.319339e+00	9.247149e-01	-4.481612e-02	1.060938e+00	-2.439525e-01	7.752312e-01	6.529899e-01	1.387669e+00	-1.553434e-01	1.738976e+00	5.824798e-01	5.522134e-01	2.408424e-01	9.941123e-03	1.583882e-01	1.422926e+00
6.254467e-01	9.415844e-01	6.420258e-02	3.445316e-01	5.972445e-01	2.692937e-01	2.923904e-01	3.690032e-01	5.849177e-01	1.334436e+00	-1.594552e-01	7.480651e-01	-6.024587e-01	1.294597e+00	3.536541e-01	5.242434e-01	2.992830e-02	7.165666e-01	2.343434e-01	6.784624e-01
9.688500e-01	1.008258e+00	6.632767e-01	3.543750e-03	7.659103e-02	6.016219e-01	9.265278e-01	1.044529e+00	5.667235e-01	-3.608788e-01	4.122834e-01	4.618149e-01	6.891157e-01	1.050197e+00	4.284970e-01	9.040850e-02	1.623177e+00	2.792171e-01	4.677698e-01	5.696369e-01
-2.192420e-01	1.604265e-01	2.508949e-01	-6.499382e-01	5.040027e-02	-8.655731e-02	1.202801e+00	7.903514e-01	1.037730e+00	2.718848e-01	7.760079e-01	-3.228996e-01	-3.470867e-01	-1.768965e-01	1.791103e+00	-5.581544e-01	1.285563e+00	1.487091e+00	7.769341e-01	8.744843e-01
1.895314e+00	1.471766e+00	7.069309e-01	-3.072770e-01	-1.321664e+00	1.143827e+00	1.976868e+00	-8.311362e-01	9.972313e-01	4.722159e-01	1.687949e-01	1.037666e+00	9.850725e-01	-5.833164e-01	-3.585499e-01	-7.332432e-01	1.284262e+00	1.191508e+00	7.507115e-01	1.391964e+00
7.037676e-01	1.001926e+00	1.074766e-01	-3.904949e-01	1.004730e+00	4.986469e-01	8.996067e-01	1.294220e+00	7.686175e-01	6.097094e-01	2.897499e-01	8.274930e-01	1.181453e-01	-9.324677e-02	8.672083e-01	-1.948828e-01	5.947563e-01	1.070597e+00	8.544636e-01	6.798827e-01
7.135485e-01	6.647285e-01	1.517555e-01	7.964622e-01	7.930031e-01	7.885224e-01	5.492509e-01	7.378440e-01	-4.748490e-01	6.494100e-01	-8.980848e-02	9.185589e-01	2.551117e-01	1.116722e+00	1.035342e+00	-1.841925e-01	1.168583e+00	2.432942e-01	-2.353953e-01	4.149206e-01
