-5.015499e-02	1.013442e-02	-2.861743e-02	-1.670137e-02	2.192037e-02	9.024147e-03	-1.749657e-02	1.033168e-02	1.850465e-02	2.295290e-04	2.824978e-02	-6.202033e-02	-3.870669e-03	7.751059e-03	-6.067924e-03	1.079843e-02	2.270589e-02	2.048346e-02	5.694927e-02	-2.660645e-02
-1.432737e-02	2.712273e-02	-4.535254e-02	-3.168257e-02	2.782969e-02	1.288021e-02	-2.748121e-02	-3.358750e-02	1.513901e-02	-2.892232e-02	8.934222e-03	-6.044216e-02	-3.718870e-03	2.127114e-02	3.176672e-02	6.219842e-03	3.568328e-02	5.840573e-02	5.855472e-03	-1.189125e-03
-9.157080e-03	1.122455e-02	-1.524051e-02	-1.927328e-02	2.556743e-02	2.765439e-03	-5.473264e-04	-1.767069e-02	1.454282e-02	-4.130747e-02	7.069799e-03	-7.498183e-02	2.977676e-02	1.324970e-02	3.859988e-02	-9.285545e-03	2.441667e-03	3.971586e-02	2.074082e-02	-1.102480e-02
1.603864e-03	-4.558444e-04	-2.096552e-02	8.333073e-03	-3.419680e-03	-1.427175e-02	3.285670e-03	-3.551763e-02	2.788456e-02	-1.809663e-02	2.740121e-02	-6.983163e-02	2.743652e-02	1.888492e-02	5.503426e-02	-1.090578e-02	1.822498e-02	3.792076e-02	4.094133e-04	-4.798400e-02
9.724840e-03	-2.069697e-02	-2.894616e-02	2.498639e-02	1.437983e-03	-4.032435e-02	1.838442e-02	-3.901290e-02	-1.599780e-02	-9.202339e-03	2.930715e-02	-5.778395e-02	3.848478e-03	3.211801e-02	5.260066e-02	3.155416e-02	1.895305e-02	2.372608e-02	1.622018e-02	-4.812459e-02
2.825229e-02	-6.764233e-03	-1.491893e-02	1.417670e-02	8.459044e-03	-3.016804e-02	1.540295e-02	-5.530163e-02	-1.105785e-02	-6.830339e-04	3.452255e-02	-4.937545e-02	-1.711736e-02	1.376472e-02	5.955369e-02	4.258802e-02	9.986642e-03	1.372693e-02	-1.037925e-02	-4.040830e-02
2.941050e-02	3.587561e-03	-4.335461e-03	1.758626e-02	-1.205311e-03	-4.341061e-02	7.868856e-03	-5.247417e-02	-1.126095e-02	7.228833e-03	4.659849e-02	-3.325024e-02	-2.015629e-02	1.268753e-02	4.713665e-02	4.076368e-02	3.168525e-03	1.191927e-02	-1.877387e-02	-3.535708e-02
1.866225e-02	-1.267977e-02	4.546998e-03	2.762767e-02	-9.227780e-03	-5.537039e-02	1.009993e-02	-6.092906e-02	2.496409e-02	8.686232e-03	2.794796e-02	-4.480635e-02	-3.676079e-04	7.661322e-03	3.786909e-02	3.349120e-02	9.677431e-03	2.127800e-02	4.814538e-03	-4.855708e-02
5.636601e-03	-2.768118e-02	-7.597516e-03	4.736130e-02	-2.093297e-02	-6.730402e-02	1.192741e-02	-6.033741e-02	-1.438415e-02	1.477177e-02	4.275967e-02	-1.929326e-02	-1.423262e-02	1.241097e-02	4.236676e-02	6.373289e-02	2.160332e-02	1.606371e-02	-1.456037e-03	-4.226134e-02
-3.382458e-04	-7.933808e-03	-5.948786e-04	1.688059e-02	-1.743703e-02	-3.990578e-02	-4.151444e-03	-6.736098e-02	7.695587e-03	2.973515e-02	5.953162e-02	-1.522275e-02	-3.078961e-02	1.419364e-03	6.454390e-02	4.753379e-02	9.174597e-03	1.493531e-02	-4.053561e-02	-2.198014e-02
7.950156e-03	-2.045704e-03	1.928268e-02	1.713487e-02	-1.318182e-02	-5.321661e-02	-7.513390e-03	-5.558614e-02	1.288934e-03	6.782829e-03	4.746506e-02	-2.332465e-02	-1.778634e-02	1.735749e-02	4.840107e-02	4.732647e-02	1.757880e-02	2.495657e-02	-3.955296e-02	-3.455252e-02
2.647991e-03	-9.046175e-03	2.798174e-02	1.069778e-02	-4.836362e-02	-4.437017e-02	-2.055106e-02	-5.973133e-02	2.206705e-02	2.433597e-02	6.099865e-02	-1.325528e-02	-8.904482e-03	2.567279e-02	3.595762e-02	4.308879e-02	2.407247e-02	3.658046e-02	-4.479131e-02	-5.858164e-02
-2.919831e-02	-3.246873e-02	1.930476e-02	3.330217e-02	-6.238954e-02	-5.264529e-02	7.297390e-03	-4.643103e-02	-6.320862e-03	4.215124e-02	5.950242e-02	-2.727530e-03	-1.944458e-02	4.482009e-02	4.020227e-02	5.783879e-02	2.779518e-02	2.109313e-02	-4.779872e-02	-5.134804e-02
-9.921105e-03	-2.696668e-02	4.181449e-03	1.688801e-02	-2.874739e-02	-2.390570e-02	4.559206e-03	-5.958092e-02	3.493010e-04	4.380755e-02	3.574663e-02	-8.050423e-03	-1.098103e-02	4.602130e-02	4.643047e-02	8.100077e-02	3.369233e-03	3.507630e-03	-8.256309e-02	-3.185544e-02
-1.634873e-03	-1.664395e-02	1.906627e-02	1.100795e-02	-3.341586e-02	-5.420360e-02	-4.399009e-03	-1.529669e-02	-4.258849e-03	4.016392e-02	3.503472e-02	-2.525700e-02	-1.943730e-03	2.496587e-02	5.624158e-02	4.953316e-02	9.000271e-03	1.535375e-02	-6.684695e-02	-2.421548e-02
7.253375e-03	-3.152995e-02	1.575652e-02	6.149904e-03	-5.930014e-02	-5.570329e-02	-1.846930e-02	-1.017013e-02	1.030018e-02	5.015781e-02	3.085323e-02	-3.311057e-02	1.464520e-02	2.779990e-02	6.033089e-02	3.333067e-02	1.493853e-02	3.755328e-02	-4.970187e-02	-3.964390e-02
-7.615539e-03	-5.053616e-02	-1.531263e-02	4.476549e-02	-4.115982e-02	-5.524268e-02	-4.019656e-03	-2.511139e-02	-2.307088e-02	3.660434e-02	2.862624e-02	-1.823973e-02	8.815459e-03	1.850475e-02	6.424299e-02	6.518398e-02	2.152774e-02	4.006594e-02	-3.702648e-02	-4.474809e-02
-1.139692e-03	-3.892180e-02	5.881655e-03	1.821458e-02	-2.594111e-02	-2.735759e-02	-1.328751e-02	-3.773515e-02	-9.215341e-03	3.850188e-02	2.485722e-02	-2.719377e-02	-3.389801e-03	1.385422e-02	8.647096e-02	5.828962e-02	-1.994350e-03	2.796855e-02	-5.816645e-02	-2.262317e-02
8.718765e-03	-1.559748e-02	1.062882e-02	1.668256e-02	-2.937232e-02	-2.233855e-02	-2.957665e-02	-2.927203e-02	-2.600134e-02	2.292998e-02	3.859101e-02	-2.140641e-02	2.694687e-03	1.931084e-02	7.818195e-02	4.818996e-02	-1.346238e-03	2.396920e-02	-5.860974e-02	-2.303766e-02
2.568262e-02	-3.259095e-02	1.770435e-02	1.222928e-02	-5.413635e-02	-1.946198e-02	-3.216198e-02	-4.085457e-02	-1.084959e-02	4.398030e-02	3.439209e-02	-1.278555e-02	6.303937e-03	3.833039e-02	6.410686e-02	3.278507e-02	3.038169e-03	2.755395e-02	-5.098044e-02	-4.161145e-02
3.347636e-03	-5.953446e-02	9.760719e-03	4.658399e-02	-3.652042e-02	-2.327183e-02	-5.934616e-03	-3.833305e-02	-2.697054e-02	3.368306e-02	3.470339e-02	8.030535e-03	-1.033286e-02	2.070966e-02	4.898840e-02	3.090310e-02	2.572869e-02	2.029180e-02	-3.919837e-02	-3.721338e-02
7.353349e-03	-4.704091e-02	2.320184e-02	2.451514e-02	-1.469804e-02	-2.978465e-03	-1.386199e-02	-5.426556e-02	-1.403279e-02	3.641394e-02	2.719079e-02	-3.795373e-03	-1.929033e-02	2.330097e-02	7.746423e-02	4.336222e-02	-4.103008e-03	6.680493e-03	-5.538707e-02	-3.427805e-02
3.987579e-03	-3.368207e-02	3.488113e-02	3.535373e-02	-1.222131e-02	-1.970841e-02	-1.895873e-02	-2.444844e-02	-1.073807e-02	1.974135e-02	2.013707e-02	-1.299545e-02	7.010737e-03	1.922824e-02	6.750420e-02	2.635803e-02	3.827718e-03	7.762502e-03	-5.514341e-02	-4.559156e-02
2.022694e-02	-5.415176e-02	3.290389e-02	2.343344e-02	-4.090415e-02	-1.378554e-02	-2.526577e-02	-3.332693e-02	3.662376e-03	4.256146e-02	1.968053e-02	1.131158e-03	1.814386e-02	4.303460e-02	5.679251e-02	3.168964e-02	1.462968e-02	-9.504484e-03	-4.811857e-02	-7.264855e-02
1.279432e-02	-4.649667e-02	-1.089501e-02	5.039973e-02	-3.043120e-02	-2.999523e-02	2.223534e-03	-3.465874e-02	-4.366145e-02	4.313083e-02	5.549364e-03	2.563969e-02	-9.188918e-03	4.487315e-02	6.045724e-02	5.460410e-02	1.854019e-02	-1.933776e-03	-3.311478e-02	-7.138590e-02
1.813980e-02	-2.689382e-02	2.213803e-03	1.011255e-02	-1.294597e-02	-4.365425e-03	2.141803e-04	-3.223656e-02	-1.983560e-02	3.394563e-02	-4.077185e-03	5.378266e-03	-1.480221e-02	3.120933e-02	8.905064e-02	5.113994e-02	-1.142567e-02	-1.242237e-02	-3.612707e-02	-5.758869e-02
2.652898e-02	-1.014538e-02	2.642259e-03	1.357785e-02	-1.120016e-02	-2.559207e-02	-1.455734e-02	-9.341208e-03	-2.655147e-02	-5.439576e-03	-2.407627e-02	-4.022512e-03	1.657808e-02	3.204337e-02	9.665062e-02	4.345374e-02	-4.050158e-03	1.765690e-03	-3.194004e-02	-5.086909e-02
5.559326e-02	-4.918882e-02	2.129569e-03	-1.000176e-02	-4.795517e-02	-2.678489e-02	-1.753450e-02	-2.140931e-02	-7.166367e-03	2.097569e-02	-3.282298e-02	3.046902e-02	2.287857e-02	6.942284e-02	8.781581e-02	2.505357e-02	1.312159e-02	-2.732939e-02	-3.566688e-02	-3.857409e-02
2.781666e-02	-3.875823e-02	-4.720636e-02	2.536813e-02	-2.493204e-02	-3.129560e-02	3.533194e-03	-2.308860e-02	-3.950054e-02	3.769218e-02	2.353696e-03	5.899526e-02	-2.336520e-02	5.541716e-02	7.313128e-02	6.707591e-02	5.341740e-03	-1.145801e-02	-3.953647e-02	-7.004203e-02
3.113944e-02	-3.049016e-02	-8.058477e-03	-2.496465e-02	-1.051152e-02	-1.106481e-02	1.869843e-02	-3.520057e-03	-5.198920e-03	3.348806e-02	1.143020e-02	2.913048e-02	-3.597049e-02	3.707767e-02	9.535122e-02	5.398619e-02	-3.805717e-02	-3.149717e-02	-3.511997e-02	-6.515310e-02
2.919103e-02	-2.610696e-02	3.486393e-03	6.272007e-03	-2.103002e-02	-3.739813e-02	9.695137e-03	1.218547e-02	1.116564e-02	2.705678e-03	-6.671698e-03	4.193960e-03	-7.724298e-03	4.353199e-02	8.781556e-02	3.463195e-02	-3.574798e-02	-8.738369e-03	-2.482394e-02	-6.091919e-02
3.859841e-02	-6.629335e-02	2.021746e-02	1.015478e-02	-4.487600e-02	-4.497659e-02	1.560385e-02	-9.711721e-03	5.061551e-02	3.897524e-03	-3.238180e-02	2.974225e-03	1.094111e-02	5.981942e-02	6.617597e-02	1.137811e-02	-1.416332e-02	-8.678303e-03	-1.880687e-03	-5.693136e-02
