4.457960e-02	-7.903454e-02	-4.164041e-01	-6.478782e-01	9.097744e-01	7.898826e-01	3.327478e-01	1.412943e+00	-3.499120e-01	3.410378e-01	8.262985e-01	7.125759e-02	-4.167364e-01	-6.520547e-01	7.859926e-01	-2.685660e-01	4.897046e-01	1.380704e+00	6.461489e-01	-5.348565e-01
2.203906e-01	-2.609539e-01	4.290924e-03	-1.082857e-01	-1.348499e+00	-8.637493e-01	7.812395e-01	1.048852e+00	9.051520e-01	1.542279e+00	1.145927e+00	-8.019147e-01	5.180486e-01	2.799659e-02	9.389975e-01	7.531017e-01	6.995527e-01	-1.351794e-02	-3.589302e-02	2.628261e-01
6.634162e-01	2.824539e-01	-7.472110e-01	-1.966286e-01	-3.833443e-01	-8.125699e-02	2.224415e-01	5.868653e-01	1.264654e+00	-1.261163e+00	-8.350654e-01	6.450325e-01	3.901901e-01	-1.168068e-01	-9.866852e-01	5.368188e-01	7.448475e-01	6.386567e-01	1.117655e+00	-1.203626e-01
1.497451e+00	-6.953972e-01	6.073489e-01	-2.658232e-01	4.329956e-02	-5.290983e-02	-1.966517e-01	6.364702e-01	3.681387e-01	-4.015394e-02	-9.237564e-02	7.476731e-01	-1.087183e+00	9.895535e-01	2.502112e-01	-6.066454e-01	6.897882e-01	6.699506e-02	5.341045e-01	1.679804e-02
-3.005452e-01	1.084654e+00	-6.334437e-01	9.917807e-01	-2.111139e-01	-3.404623e-01	1.383413e-01	9.140639e-01	5.934103e-01	2.309390e-01	4.336078e-02	4.353471e-01	5.552008e-01	-1.122523e-01	-2.697610e-01	2.678002e-01	4.137019e-01	7.003485e-01	4.345277e-01	-7.519724e-03
2.381164e-01	1.083936e-01	8.211447e-02	-1.207428e+00	7.130948e-01	3.045289e-02	-4.903016e-01	7.660829e-01	-5.919433e-01	3.873770e-01	-7.726524e-02	9.466622e-01	5.368717e-01	1.700005e-01	-8.609223e-01	-3.549185e-01	-1.281053e-01	1.803912e+00	-2.464500e-01	9.249188e-01
-4.835572e-01	-2.880865e-01	2.009995e-01	8.246283e-01	3.669131e-01	1.707130e-01	-1.416940e-01	1.095614e+00	1.274138e+00	1.194682e+00	-1.579803e+00	4.804818e-01	7.883225e-01	4.362536e-01	2.186780e+00	3.521581e-02	-5.634092e-02	9.645409e-01	2.142271e-01	4.976708e-01
6.668271e-01	3.457983e-01	-1.086157e+00	2.139978e-01	2.099760e+00	-1.358467e-01	2.798928e-01	-2.320442e-02	-1.146703e+00	3.675410e-01	1.290784e+00	-2.898371e-01	-2.848090e-02	1.071527e+00	-1.032687e-01	-3.397504e-01	9.365437e-01	1.803330e+00	-2.986402e-01	-5.560130e-01
-3.713581e-03	-1.243361e+00	1.878415e-01	-1.241878e-01	-5.024652e-01	6.852295e-01	-6.359785e-01	5.742183e-01	1.423959e+00	-5.004849e-01	1.228477e+00	7.898083e-01	-4.449806e-01	8.298071e-02	-8.517647e-01	-7.904125e-01	2.032831e-01	1.939029e+00	1.820025e+00	-1.718058e-01
6.710263e-01	1.566304e+00	-1.170064e+00	-4.132321e-01	8.460513e-01	3.567869e-01	6.157414e-01	8.926926e-01	7.169586e-01	4.611482e-01	-1.109205e+00	2.354860e-01	6.486237e-01	3.731233e-01	-9.376308e-02	-1.455468e+00	1.006440e-01	2.719436e-01	-9.652401e-01	-3.506997e-01
-1.387435e+00	5.537032e-01	-9.550829e-02	2.114025e-01	-7.904757e-01	2.316190e-01	5.024739e-01	1.124644e+00	7.313856e-01	1.106058e+00	1.450487e-01	9.595125e-01	-3.170928e-01	1.598470e+00	2.355006e+00	-2.596308e-01	-3.416580e-01	6.915679e-02	3.904042e-01	7.512434e-01
1.648085e+00	2.463892e+00	-6.857085e-01	-1.330288e+00	-4.216059e-01	-9.635729e-01	-3.611075e-01	5.683195e-01	-2.216558e-01	-2.939214e-01	1.380586e+00	1.103422e-01	-2.416358e-01	7.022363e-01	6.445844e-01	3.174435e-01	-1.340208e+00	1.089882e+00	1.944425e+00	5.962454e-01
-2.474978e-01	1.684581e+00	7.017433e-01	-9.300703e-02	-1.181415e+00	-2.098285e-01	7.490134e-01	1.116570e+00	-6.950367e-01	5.297434e-01	-3.279348e-01	-8.032474e-01	7.371355e-01	3.165455e-01	1.938571e-01	7.594773e-01	5.788643e-01	3.419669e-01	1.386585e+00	5.350603e-01
-8.223673e-01	-2.425673e-01	2.045170e+00	-1.255130e+00	9.781266e-01	1.705145e-01	5.021706e-01	1.080484e+00	4.278863e-01	2.289169e-01	4.724769e-02	-1.264401e+00	-8.193366e-01	4.215677e-01	-4.148683e-01	7.693066e-01	7.764828e-01	-5.410972e-01	-3.218128e-01	-2.465353e-01
7.404593e-01	6.358392e-01	-7.682342e-02	-5.228775e-01	-8.703106e-02	2.356638e-01	1.671105e+00	-1.670196e-01	3.743856e-01	2.236035e-01	2.508763e-01	5.312261e-01	1.174719e+00	-1.626348e-02	3.635536e-01	7.043959e-01	5.139229e-01	-3.582506e-01	6.044126e-01	1.576248e+00
1.234418e+00	5.784852e-01	7.167278e-01	-5.031302e-01	-3.794109e-01	4.203003e-01	1.079813e+00	1.091178e+00	1.216724e+00	-1.427940e+00	-1.192210e-01	-3.457090e-01	8.090501e-01	4.053700e-01	-3.159440e-02	6.898575e-01	1.449910e-01	-2.250614e-01	3.100166e-01	3.472212e-01
-9.050346e-01	4.092902e-01	9.350568e-01	-1.237210e-01	3.156248e-01	-1.706220e+00	-1.502595e+00	5.429187e-01	1.211102e-01	3.904260e-01	-1.911054e-01	1.134080e-01	8.075543e-01	-1.578052e-01	-1.050215e+00	-8.632846e-01	4.606357e-01	1.807291e+00	4.910648e-01	9.199278e-01
8.806159e-02	-1.779522e+00	6.043254e-01	-7.651776e-02	-9.045173e-02	1.292059e-01	4.185817e-01	2.269642e-01	4.244639e-01	-1.118242e-02	8.519361e-01	3.486091e-01	2.213128e-01	4.596032e-01	-1.152427e-01	3.842555e-02	2.735215e-01	1.252173e+00	2.075662e+00	-9.615845e-01
8.908292e-01	6.072446e-01	1.040788e+00	-5.443782e-01	5.958076e-01	6.259575e-02	-5.539935e-01	5.284419e-01	1.440021e+00	4.405594e-01	-7.476371e-01	-7.507785e-01	-4.141898e-01	3.159791e-01	-8.789549e-01	-5.689511e-01	2.913934e-01	1.087062e+00	-9.198552e-03	-3.406852e-01
6.564236e-01	4.649484e-01	1.085313e+00	7.417218e-01	1.033073e+00	2.299185e-01	3.103870e-02	7.600694e-01	1.381680e+00	7.544391e-01	3.391312e-01	-8.650085e-01	-9.335788e-01	2.012776e-01	1.937952e-01	3.370216e-02	-4.421157e-01	2.790929e-01	3.583551e-01	-1.340517e+00
1.064004e+00	-4.096732e-02	6.419152e-01	2.304793e-01	-4.535691e-01	-2.755743e-01	-1.780807e-01	8.326554e-01	1.818441e-01	3.200112e-01	7.408423e-01	7.986926e-01	2.704026e-01	-8.140804e-01	1.423014e-01	6.161364e-01	1.188334e-01	8.236450e-01	-1.311438e-01	6.483736e-01
-3.719693e-01	7.265074e-01	4.808817e-01	9.577007e-01	-1.079689e-01	3.886573e-01	-1.636406e-01	4.334750e-01	4.394492e-01	-3.878714e-01	1.530893e+00	6.723355e-01	7.314715e-01	3.965379e-01	2.904263e-01	8.192311e-01	8.220587e-01	5.437765e-01	1.651398e-01	2.556038e-01
2.877813e-01	2.443974e-01	4.237375e-01	-4.519449e-01	-7.599256e-02	6.895560e-01	8.829637e-01	-1.242374e-01	7.112652e-01	5.939226e-01	2.601269e+00	-3.569066e-01	1.119312e+00	3.192475e-01	7.182459e-02	-1.385313e-01	-6.142668e-01	-1.911258e-01	2.204681e+00	-1.142699e-01
-1.421384e+00	5.803064e-01	-1.540277e+00	8.954895e-01	1.093397e+00	6.046070e-01	-7.337373e-01	1.034302e+00	1.536929e+00	-4.584635e-01	-3.950998e-01	4.728028e-01	-1.072610e+00	-7.988058e-01	-4.268804e-01	-3.124989e-01	6.995270e-01	-6.316302e-01	1.395281e+00	1.647081e+00
1.559111e+00	-1.064603e-01	-2.714678e-01	5.008864e-01	-1.118611e+00	-8.834901e-01	-1.025004e-01	9.135456e-01	7.900030e-01	1.839238e-02	1.667261e-01	6.314453e-01	-1.817773e-01	-3.935279e-01	5.364473e-01	7.187676e-02	2.622034e-01	6.593863e-01	1.018182e+00	3.830136e-01
7.402139e-01	6.807247e-01	6.897183e-01	1.233397e+00	-1.910412e-01	3.121530e-02	1.648486e-01	8.309968e-01	2.508203e-01	5.539377e-01	3.398731e-02	6.816443e-02	7.126672e-01	1.266447e-01	5.482749e-01	7.373841e-01	-3.014808e-01	3.406188e-02	-2.570895e-01	1.493609e+00
-1.649801e+00	1.426150e+00	-1.109678e+00	2.392443e-01	9.896389e-01	-8.113671e-01	-6.358145e-01	-6.081512e-01	1.203174e+00	-9.181105e-01	-4.029128e-01	4.844677e-01	1.099917e+00	3.092654e+00	1.527387e+00	1.541571e+00	6.086511e-01	-1.871548e+00	7.259342e-01	6.697378e-01
1.893829e+00	-4.065027e-01	1.198310e+00	-5.401036e-01	-1.242130e+00	7.228784e-01	8.398892e-01	8.491729e-01	-4.812497e-01	-8.994670e-01	7.676619e-01	6.235465e-01	2.934598e-01	3.311572e-02	-1.622792e-03	3.152217e-01	5.969057e-01	6.422151e-01	1.749465e+00	-1.594012e-01
-4.847119e-01	-1.355205e+00	8.921307e-01	-6.245701e-01	-4.833741e-01	-3.724894e-01	-7.074709e-01	1.489636e-01	4.453132e-01	9.632694e-01	1.107669e+00	-1.561313e+00	9.057956e-01	1.046987e+00	-2.902899e-01	-5.050728e-01	2.109307e-01	2.041661e+00	9.192800e-01	-4.711835e-01
4.139711e-01	4.209961e-01	2.029235e-01	-1.402961e-01	-5.472573e-01	-1.007024e-01	7.512261e-01	1.738458e-01	5.250546e-01	4.748806e-01	8.594183e-01	3.709083e-01	9.015329e-01	1.602420e-01	2.237925e-01	1.425023e+00	5.833220e-01	2.332751e-01	-4.410668e-02	8.589134e-01
-1.184010e-01	1.434573e+00	1.876408e-01	5.066177e-01	1.588504e+00	3.480522e-01	-1.423996e+00	6.605734e-01	-1.191947e-01	-1.180650e+00	-8.593332e-01	1.338094e-02	-6.172047e-01	5.128235e-01	5.107246e-01	6.411507e-01	5.321406e-01	5.014830e-01	5.326605e-01	4.202392e-03
-1.055063e+00	3.489790e-01	-7.482263e-02	2.988111e-02	1.347142e+00	-3.851259e-01	6.947098e-01	-3.919790e-01	6.528680e-01	5.298543e-01	-1.446255e-01	-1.985730e-01	1.196000e+00	4.581089e-01	-3.045333e-01	1.518888e+00	6.142050e-01	8.874932e-01	9.030350e-02	8.913021e-01
-5.214504e-01	8.832755e-01	6.140664e-01	5.364127e-01	-3.190948e-01	-9.967183e-01	9.476559e-01	4.018878e-01	1.436486e-01	-6.606684e-01	4.755011e-01	-3.312307e-01	1.439932e-01	7.286786e-01	4.259983e-01	-2.779779e-01	7.958808e-01	1.160663e+00	4.258916e-01	1.252665e-01
-2.911015e-01	5.457417e-01	-7.239880e-01	-6.618946e-01	-1.257898e+00	4.161431e-01	4.857042e-01	-3.343899e-01	1.329369e+00	6.051579e-01	1.516110e-01	3.376808e-01	1.733694e+00	-1.366938e-01	4.537209e-01	-1.747600e-01	1.414058e+00	1.210925e+00	8.821278e-01	8.489936e-01
4.374068e-01	3.772906e-02	-8.373732e-02	-1.702968e-01	-1.464639e-02	-3.847319e-01	1.356291e+00	1.071512e+00	8.388910e-01	1.210821e-02	-3.868923e-01	3.517189e-01	6.374369e-01	-9.337004e-01	2.647778e-01	3.211971e-01	-3.763985e-01	6.132023e-01	2.868584e-01	-8.360586e-02
1.022264e+00	-3.203143e-01	2.376357e-01	-8.016738e-01	-2.912828e-01	8.808782e-01	2.915569e-01	1.324069e+00	7.132556e-01	3.157444e-01	-4.261816e-01	7.904027e-01	-1.040504e+00	6.593056e-01	4.006211e-01	-2.769522e-01	2.508859e-01	5.449412e-01	-3.493220e-01	-9.263876e-02
1.871751e-01	-5.453314e-01	5.370670e-01	6.225453e-01	-5.379007e-02	-4.901273e-01	4.572027e-01	1.478088e+00	-5.167778e-01	-8.144434e-01	7.051879e-01	2.079937e-01	6.946364e-01	9.772898e-02	1.179652e+00	1.341558e+00	8.430690e-01	8.579223e-01	2.475858e-01	-9.389766e-01
-8.091863e-03	-7.882503e-01	7.195262e-01	6.678210e-01	-2.890758e-01	7.598958e-01	1.755670e+00	1.989191e+00	9.732966e-01	-3.824447e-01	-4.575765e-01	1.260092e+00	9.669941e-01	1.242158e+00	8.745304e-01	-2.100489e-01	4.043020e-01	6.802581e-01	1.164787e-01	2.110317e-01
4.170231e-01	8.354418e-01	-7.780566e-01	-1.326657e-01	1.648172e+00	-5.119612e-01	6.953816e-01	4.153878e-02	1.850758e+00	2.492533e+00	2.466736e+00	2.789456e-01	1.169764e+00	6.444420e-02	-3.043283e-02	-2.088610e-01	-1.202911e+00	-6.799348e-01	-1.158880e+00	2.926047e-01
3.208113e-01	8.985117e-02	6.245734e-01	1.244858e+00	3.995304e-01	1.015325e+00	6.067018e-01	7.702797e-01	-1.837922e-01	5.411310e-01	2.401035e-01	-2.435018e-01	5.230557e-01	1.480796e+00	4.950012e-01	2.016342e+00	3.793753e-01	-1.079073e+00	2.389210e-01	1.357417e+00
-7.648872e-01	8.080673e-01	-2.113222e-01	1.517989e+00	8.930240e-01	2.307055e-01	-1.457952e-01	5.596195e-01	9.360870e-01	7.765410e-01	3.450469e-01	3.374625e-01	3.804880e-01	-3.728301e-01	7.003628e-01	3.752658e-02	-3.875395e-01	7.989010e-01	6.308769e-01	2.452902e-01
1.933952e+00	1.655822e-01	5.973632e-01	1.680506e+00	5.157898e-01	-6.346464e-01	-8.485973e-01	1.160912e+00	2.723124e+00	6.670056e-01	-1.066695e+00	5.980736e-01	3.991890e-01	-3.698094e-01	-1.550326e-01	-5.440638e-01	-7.828236e-01	8.567635e-02	-1.016025e+00	7.897081e-01
5.596729e-01	2.574806e-01	3.069741e-01	1.833758e+00	4.884757e-02	-3.649619e-01	-3.936849e-01	6.721524e-01	6.275822e-01	-1.298845e-02	5.238526e-01	1.211289e+00	8.752174e-01	-6.903893e-01	-3.079490e-01	-7.916775e-01	-6.866311e-01	1.354297e+00	-4.643132e-02	6.608745e-01
6.055624e-01	1.067182e+00	-1.000440e+00	-2.982147e-01	5.296390e-03	-7.625737e-02	4.435378e-01	-4.312600e-01	1.385657e+00	1.711058e+00	6.122750e-01	4.575907e-01	5.602051e-01	-1.390040e-01	1.593122e-01	8.051638e-01	1.906439e+00	1.181002e+00	-1.512976e-01	6.823904e-02
1.842814e-01	9.775060e-02	-1.094312e+00	-2.664859e-01	-8.855180e-01	-5.913570e-01	8.562269e-01	7.702546e-01	8.704192e-01	-3.523835e-01	1.297124e+00	1.042193e+00	6.238424e-01	-3.583585e-01	-3.125824e-01	-8.212995e-02	1.656923e-02	4.865010e-01	-2.631297e-01	-8.364943e-01
6.241669e-01	-1.078628e-01	-1.603972e-01	8.943176e-01	1.100795e+00	4.763290e-01	1.037937e+00	1.252388e+00	1.253805e+00	4.794181e-01	1.079697e+00	1.142046e+00	9.757854e-01	7.616585e-01	7.857842e-01	-1.134556e-01	-3.710679e-01	6.346530e-01	-5.063718e-01	-1.526918e-01
3.249248e-01	3.376393e-01	6.227377e-01	-1.958786e-01	-4.962087e-02	2.988687e-01	1.390188e+00	1.031861e+00	1.085444e+00	-8.676905e-01	-1.961219e-01	-9.758031e-03	7.518974e-01	3.464990e-01	3.221584e-01	1.151523e+00	2.718813e-01	-3.721287e-01	3.296950e-01	4.460822e-01
-5.533545e-01	-4.384043e-01	1.608725e-01	-3.523509e-04	-5.947186e-01	-3.297080e-01	8.700535e-01	1.294356e-01	1.407926e+00	8.585477e-01	-3.104036e-01	1.781758e+00	7.695583e-01	3.243147e-01	2.203296e+00	4.245292e-01	3.878574e-01	1.170758e+00	-5.831310e-01	-5.011249e-01
5.410091e-02	5.763366e-01	6.068179e-01	1.137119e-01	7.720450e-02	7.940576e-02	1.120659e+00	7.958126e-02	1.823153e-01	8.902200e-01	1.810559e-01	1.273541e-01	8.489102e-01	8.814269e-01	-5.896136e-01	1.211665e+00	-1.127428e+00	1.253435e+00	-1.705033e-01	3.680332e-01
1.062807e-01	4.679742e-02	8.989634e-01	-6.422102e-03	-3.265639e-02	-4.921404e-01	-3.143976e-01	1.323320e+00	2.414258e-02	-1.661265e-01	3.968641e-01	-4.117746e-02	6.721537e-01	2.204249e-01	-7.900090e-01	6.106247e-01	-7.283619e-01	5.436832e-01	3.615095e-03	1.349950e+00
-1.817485e-01	-2.040881e+00	1.108748e+00	-2.799888e-02	5.172226e-01	-1.118131e+00	3.578756e-01	-2.482870e-01	1.759499e+00	-1.020213e+00	1.475039e+00	3.993172e-01	-4.028187e-01	6.265384e-01	2.326996e+00	5.884315e-01	1.864961e-01	2.557419e+00	1.246263e+00	-2.531867e-01
-4.551091e-01	5.433221e-02	-5.801341e-01	3.412821e-01	5.620770e-01	2.537320e-01	1.279723e+00	5.013820e-01	3.345368e-01	7.172340e-01	1.682434e-01	-1.250379e-01	-8.584045e-02	8.692068e-01	1.233092e+00	3.289564e-01	-1.619400e-01	1.979774e-01	-5.713335e-01	4.275459e-01
-8.457254e-03	1.330176e+00	4.299417e-01	-1.101919e-02	1.828235e+00	-4.993192e-01	2.197546e-01	-2.169755e-02	1.131285e+00	6.713599e-01	3.386765e-01	-2.500017e-01	7.953264e-01	-8.548567e-02	8.262477e-01	-7.926363e-01	3.835698e-01	7.194505e-01	9.757157e-02	-2.128629e+00
-6.213490e-01	7.517192e-01	-3.255866e-01	1.084457e+00	-1.063231e-01	-5.115871e-01	4.905788e-02	5.824665e-01	2.845740e-01	2.372360e-01	9.553221e-01	2.649618e-01	1.154976e+00	9.145801e-02	1.339653e-01	6.485665e-01	5.512393e-01	5.362235e-01	-1.693203e-01	4.784891e-01
-2.404909e-01	5.908547e-01	-1.106607e-01	2.735696e-01	1.337717e-01	3.315022e-01	3.198165e-01	7.777199e-01	4.485121e-01	2.537110e-01	-1.753696e-01	1.523142e-01	1.842587e-01	-5.739145e-01	3.721807e-02	2.091203e-01	-1.388128e-01	5.148848e-01	7.773233e-01	6.037364e-01
5.517744e-01	4.416322e-01	-6.915541e-01	-7.312632e-01	-7.730131e-01	-1.380740e-01	-3.037968e-02	1.599155e+00	-2.294443e-01	8.155863e-01	-1.713370e+00	3.568924e-01	1.119118e+00	5.958487e-01	9.854919e-01	4.062471e-01	2.110809e+00	9.375493e-01	-1.447418e-01	7.096157e-01
7.751095e-01	4.916397e-01	-3.161177e-01	-1.499141e-01	-1.352580e+00	-8.132477e-01	-8.556270e-01	9.143564e-01	1.564144e+00	8.228168e-01	8.832206e-01	-9.621035e-01	-1.802234e-01	6.338343e-01	-7.987518e-01	-3.204691e-01	6.321403e-01	5.877692e-01	2.003656e-01	-1.215400e+00
1.582404e+00	2.977351e-01	1.452540e-02	-1.638784e-01	7.632491e-01	1.034166e-01	7.543777e-01	1.171270e+00	7.629483e-01	4.762805e-01	-3.418908e-01	7.203294e-01	7.959836e-03	1.114850e+00	-9.870381e-03	1.766828e-01	-1.581918e-01	-1.651820e-01	-7.447737e-01	-5.464405e-01
1.037047e+00	-1.003128e+00	3.684743e-01	2.514584e-01	-1.487103e+00	1.338790e-01	-1.116437e+00	3.723500e-01	7.605955e-01	-1.150954e-01	1.079749e+00	3.055812e-01	7.344393e-01	1.121578e+00	-1.042566e+00	-2.159233e-01	6.760547e-01	3.348047e-01	1.507231e-01	1.473021e+00
-6.775372e-01	7.663892e-01	-2.554892e-02	9.308329e-02	-8.032642e-01	-3.646034e-01	6.903168e-01	1.645155e+00	6.975591e-01	-2.833411e-01	3.717539e-01	2.111671e-01	6.432645e-02	-9.211163e-02	1.564100e-01	-8.724544e-02	2.752657e-01	5.920374e-01	-3.423994e-01	3.644791e-01
-1.764225e-01	2.573379e-01	6.823768e-01	4.464958e-02	7.356819e-01	4.835633e-01	-9.076484e-01	1.497584e+00	1.609108e+00	1.337226e+00	8.471063e-01	5.859998e-01	5.498939e-01	6.900552e-01	-2.028367e+00	2.362129e-01	-2.919357e-01	6.027887e-02	-6.527837e-01	7.541103e-02
1.902713e+00	1.351640e-01	8.509369e-01	3.370600e-01	-8.263298e-01	6.188161e-01	-8.944744e-03	1.475873e-01	7.468268e-02	9.183505e-02	2.017194e+00	5.870364e-01	9.983115e-01	8.430202e-01	1.059288e-01	2.230096e-01	7.760828e-01	4.471356e-01	2.989386e-01	-5.920992e-02
2.125185e-01	7.183044e-01	6.188373e-01	-7.562972e-01	-1.332810e-01	-5.525261e-01	4.513257e-02	-7.668853e-01	9.140619e-01	1.356274e+00	-1.867166e-02	1.479342e-01	-9.527861e-01	6.374539e-01	-4.624314e-01	2.323761e-01	1.674541e+00	1.784586e-01	5.333234e-01	-9.076247e-02
1.004161e+00	-5.693742e-01	6.232767e-01	7.528771e-01	1.151322e+00	-1.074029e+00	1.146743e+00	2.642779e-01	1.550027e+00	-5.504074e-01	7.152500e-01	-1.131456e-01	8.009140e-02	-2.119473e-01	1.549804e+00	5.333496e-02	6.581727e-01	-3.221175e-01	-7.164500e-01	-6.086364e-01
7.230129e-01	5.470212e-01	1.150327e+00	-3.437497e-01	-6.301521e-01	-9.114099e-01	-3.893380e-01	1.667187e+00	1.161429e+00	1.189503e+00	1.279629e+00	-1.120592e+00	2.042904e-01	1.392455e+00	-1.191066e+00	-9.059993e-02	1.362504e-01	-4.026355e-02	-5.300575e-01	4.450455e-01
1.401176e+00	-1.204372e-01	1.840780e+00	6.999981e-02	2.547126e-01	-2.614256e-01	-4.459624e-01	-1.001996e-01	6.073070e-01	1.717052e-01	-2.150237e-01	-4.618157e-02	3.341571e-01	-2.332537e-01	1.299922e-01	-4.950968e-02	1.028926e+00	2.023279e+00	-2.248433e-01	-7.224567e-01
1.528262e+00	3.180687e-01	7.600568e-01	2.557378e-01	-9.552854e-01	-5.773371e-01	2.101913e-01	-4.568321e-01	2.208639e+00	-5.736201e-01	1.284338e+00	-5.225823e-01	-4.498352e-01	4.616645e-01	4.214827e-01	7.425462e-01	-1.109006e+00	1.367266e+00	8.370067e-01	1.551029e+00
1.698751e+00	8.544479e-01	-7.611797e-01	1.539038e-01	2.969965e-01	-2.218603e+00	-6.601982e-02	-1.198755e-01	-2.501206e-02	-7.441518e-01	-1.025753e+00	-3.032569e-01	8.895938e-01	-1.655947e+00	6.033690e-01	4.469698e-01	-1.338650e+00	2.303314e+00	2.265467e+00	8.929424e-01
1.568705e-01	1.797655e-01	8.390874e-01	1.264242e+00	-2.100141e-01	-1.808688e-01	6.890727e-01	1.122602e+00	6.669777e-01	-1.842593e-01	-5.311796e-01	4.305106e-01	5.151363e-01	-1.873808e-01	1.001274e+00	2.345696e-01	-4.987899e-02	8.664244e-01	-4.744213e-01	9.762225e-01
1.365130e+00	-4.762312e-01	1.090368e+00	-2.730108e-01	9.654025e-01	4.894586e-01	7.111705e-01	1.047886e+00	3.938575e-01	7.790446e-01	7.823170e-01	-8.956950e-01	7.426457e-02	1.506828e+00	9.971746e-01	1.162980e+00	-4.164310e-01	2.122155e-01	-9.388593e-01	-7.365395e-01
7.729451e-01	2.376647e-01	8.503506e-01	7.702856e-01	8.493952e-01	2.356738e-01	7.583156e-01	5.385008e-01	7.616420e-01	4.219645e-01	9.482514e-01	-7.646582e-01	-5.210428e-01	9.886626e-02	8.352243e-02	2.770811e-01	7.517404e-01	3.342117e-02	2.027028e-02	-8.096473e-01
2.428726e-01	-6.972443e-02	-3.460296e-01	-1.186387e+00	-1.414873e-01	-9.636840e-02	7.261095e-01	-4.433712e-01	5.623250e-01	1.090280e-01	-3.857537e-01	1.152071e+00	6.137650e-01	6.125348e-01	9.297318e-01	5.577838e-01	2.461792e+00	-4.959655e-02	-8.673981e-01	1.494773e+00
-1.055119e+00	5.369091e-01	1.118605e-03	3.743774e-01	6.085697e-01	3.996363e-01	-3.236764e-01	1.318685e+00	5.940751e-01	1.640864e-02	6.390359e-01	1.794271e-01	-6.386992e-01	1.633160e-01	-1.506189e-01	-8.013878e-01	-4.238392e-02	-5.775479e-01	1.260175e+00	8.525026e-01
5.796259e-01	3.513200e-01	4.618230e-01	3.344670e-01	-3.466483e-02	9.657834e-01	-1.650441e-01	1.352946e+00	1.705105e+00	5.065351e-01	5.295204e-01	4.803910e-01	-5.005561e-01	1.656736e-02	1.302716e+00	3.742392e-02	8.599499e-01	1.748934e-01	-2.016961e-01	9.653904e-01
-1.643493e-01	4.808545e-01	-1.029394e-01	-1.651931e-02	2.171656e-01	2.995009e-01	5.235361e-01	7.778763e-01	5.109790e-01	-3.773825e-01	6.687981e-01	5.197895e-01	1.928803e-01	-4.144291e-01	-8.415458e-02	3.392920e-01	-4.394208e-02	1.663386e-01	1.695825e-02	2.990752e-01
7.783040e-02	-3.191122e-02	1.968484e-01	1.432625e+00	3.118061e-01	1.543587e+00	2.147932e+00	1.345945e+00	1.052006e+00	1.125197e-01	2.293713e-01	4.951629e-01	1.110648e-02	4.566094e-01	-1.428999e-01	2.015778e-01	2.656749e-01	7.790756e-02	-6.894763e-01	-2.788115e-01
-9.388956e-02	-7.007044e-01	-5.432883e-01	9.363892e-01	4.608949e-01	6.257270e-01	1.730575e+00	5.753916e-01	1.611937e+00	1.327844e-01	1.156410e+00	1.191012e+00	-4.236835e-01	-2.389282e-01	1.568287e-01	1.084625e+00	8.879497e-01	-1.353230e-01	-6.836842e-01	3.453199e-02
-1.429790e-01	3.981481e-01	-2.920730e-01	3.037058e-01	-7.629775e-02	4.698394e-01	7.294049e-01	8.295447e-01	2.234745e-01	5.829374e-01	1.273303e-01	2.062440e-01	3.783463e-01	2.349217e-01	8.127214e-01	4.104444e-01	3.546228e-01	8.231332e-01	-3.784699e-01	4.520819e-01
-7.371917e-01	8.418562e-01	-2.844310e-01	1.165223e+00	7.066835e-02	-2.495584e-01	4.248511e-01	5.432429e-01	7.349068e-01	2.616186e-01	3.250303e-01	4.652678e-02	1.134567e+00	-3.499212e-02	2.540447e-01	1.954701e-01	3.349277e-02	4.853979e-01	2.951558e-01	7.056106e-01
3.686001e-01	-3.405232e-01	2.966086e-01	2.103350e+00	-4.242220e-01	5.454899e-01	2.129886e-01	1.146919e+00	2.163713e+00	1.443414e+00	-2.090796e-01	1.362621e+00	1.630815e-01	3.315324e-01	-4.252839e-01	-4.604378e-01	-2.833929e-01	-4.638345e-01	1.114723e+00	-4.152463e-03
1.266384e+00	4.104263e-01	3.150819e-01	-8.039521e-01	-5.047381e-02	-1.308880e+00	5.116731e-01	8.643625e-01	-2.469818e-01	6.157852e-01	1.974300e+00	4.013012e-01	-9.449471e-01	9.021486e-01	-5.077440e-01	9.972779e-01	1.648483e+00	6.113645e-01	3.911739e-01	4.542496e-01
8.024620e-01	3.109936e-04	-9.663424e-01	1.578643e+00	-1.083781e-01	9.101608e-02	5.990082e-01	1.572924e-01	1.189599e+00	1.571102e+00	-4.727562e-02	5.653712e-01	3.711835e-01	-2.521147e-01	1.848676e-01	1.859553e-01	3.102860e-01	6.526903e-01	1.194469e-01	6.238465e-01
2.979879e-01	-9.633826e-01	1.600938e-01	1.348528e+00	1.331786e-01	-2.723321e-03	1.474506e+00	1.108499e-01	1.685028e+00	1.505123e+00	9.503100e-01	1.497084e+00	1.149353e+00	-1.133395e+00	-4.315176e-01	4.937964e-03	1.523676e+00	7.071209e-01	-7.131230e-01	8.308545e-01
-5.307353e-01	6.183405e-01	-6.805814e-01	-3.946571e-01	6.461796e-01	-2.883395e-01	5.024150e-01	8.431699e-01	-6.516086e-01	5.275885e-01	-1.936578e-01	6.480149e-01	2.681217e-01	6.159090e-02	6.660585e-01	7.596230e-01	9.801829e-01	4.189069e-01	1.691967e-01	5.965966e-01
9.391177e-01	-4.092760e-01	-3.707985e-01	-8.400817e-01	-1.138756e+00	-3.554137e-01	-4.629135e-01	1.954955e-01	1.875980e-01	1.022227e+00	1.643711e+00	-1.051801e+00	8.365723e-01	6.301444e-01	-5.340269e-01	-7.539321e-02	8.162800e-01	3.654031e-01	2.295669e+00	-2.358291e-01
8.892978e-01	9.208695e-01	-1.053028e+00	1.122048e+00	-7.413584e-01	2.062734e-01	-1.112231e-01	6.630173e-01	1.021771e+00	4.402124e-01	6.678023e-01	8.199252e-02	3.859350e-02	-1.300742e+00	-2.942839e-01	7.026439e-01	-6.942052e-02	-7.249161e-01	1.719316e+00	1.328714e+00
-1.219706e+00	1.030312e+00	2.557234e-01	1.243489e+00	-1.288321e-01	9.834691e-02	-6.625224e-02	1.240332e+00	7.746352e-01	5.379403e-01	7.469223e-02	-1.853815e-01	2.762335e-01	1.646078e-01	4.451022e-01	4.129578e-01	2.701943e-01	4.898672e-01	3.275428e-01	5.268868e-01
-9.433487e-01	-6.342431e-01	3.983528e-01	1.448728e+00	-8.301088e-01	-3.307359e-01	-6.173100e-02	3.643337e-01	1.996723e+00	-2.260947e+00	-1.214304e+00	7.610622e-01	3.930412e-01	1.450724e+00	9.724348e-01	2.883474e-02	3.339033e-01	-2.452828e-01	1.571270e+00	-2.159313e-02
2.701249e-01	1.898853e+00	-1.063836e+00	-9.564038e-01	4.630001e-01	-6.467786e-01	9.332243e-01	-1.535490e+00	2.158496e+00	-2.131356e-01	1.663005e+00	-6.607902e-01	-4.235769e-01	1.000603e-01	1.151151e+00	1.386325e-01	1.155443e+00	1.808346e+00	3.682189e-01	7.139150e-01
7.407909e-01	-5.222733e-01	2.987773e-01	7.759952e-01	1.295423e+00	1.525260e-02	2.096223e-01	9.205647e-01	2.806109e-01	6.342646e-01	-1.409427e-01	-3.329731e-01	-3.841717e-01	8.883596e-02	8.280466e-01	-6.500413e-02	1.011707e+00	2.069333e-01	-1.718291e-01	-7.697669e-01
-1.350815e+00	2.803749e-01	-1.572201e+00	1.085807e+00	1.447668e+00	5.244349e-01	3.460992e-01	6.351846e-01	5.701961e-01	1.521560e+00	-1.954790e-01	9.963880e-02	2.049220e+00	1.467444e+00	8.040654e-01	2.475524e-01	1.075109e+00	1.244895e-01	-1.004966e-02	-6.149360e-01
2.296759e-01	2.164235e-01	4.783636e-01	1.111087e+00	1.510481e-01	3.437448e-03	3.455218e-01	9.319585e-01	2.135986e-01	4.145982e-01	-5.818082e-02	-6.786815e-02	9.232245e-01	-1.868895e-01	5.316098e-01	6.984558e-01	-4.190966e-01	3.391891e-01	3.486565e-01	1.357808e+00
1.062367e+00	3.332395e-01	3.978951e-02	1.522651e-02	-6.730218e-01	-8.619883e-01	5.066055e-01	1.184219e+00	4.315718e-01	1.053932e+00	8.850136e-01	-6.797668e-02	7.778697e-01	3.253971e-01	-2.125306e-02	2.929730e-01	-1.218681e-01	2.807709e-01	-4.806669e-01	-4.723384e-01
7.176570e-01	5.019159e-01	-1.480104e+00	2.785686e-01	-1.053285e+00	-1.319505e+00	9.050732e-01	1.115353e+00	1.455365e+00	-8.188645e-01	-2.905324e-01	6.724687e-01	4.195084e-02	-4.752690e-01	-1.376804e+00	-8.855979e-01	3.346509e-01	8.415887e-01	-5.018322e-01	-6.687642e-01
1.481156e+00	-1.708565e+00	8.589977e-01	5.048780e-01	9.418746e-01	-1.842067e-01	9.253479e-01	1.080480e+00	9.173285e-01	-1.845962e-02	-1.469762e-01	-2.896779e-01	-4.578264e-01	1.965091e-01	3.970076e-01	3.764880e-01	6.929645e-01	5.011867e-01	7.082534e-01	-1.105251e+00
1.448614e+00	6.781455e-01	1.302531e+00	-1.738826e+00	-4.974881e-02	-1.031536e+00	4.367894e-02	9.878608e-01	-2.690515e-01	-1.320269e-01	-5.892590e-01	6.102865e-01	-7.550636e-01	4.647997e-01	-2.264468e-01	-2.017789e-02	1.670934e+00	8.465744e-01	5.612512e-01	2.065838e-01
4.196447e-01	5.830030e-01	-8.958634e-01	7.963209e-01	1.563803e+00	2.828790e-01	5.206502e-01	7.381587e-01	3.090439e-01	-2.775796e-01	-4.093635e-01	5.237042e-01	-1.119464e+00	-4.917766e-01	1.187570e+00	-7.314625e-01	8.019657e-01	2.616727e-01	5.978437e-01	3.731651e-01
-7.162392e-01	1.397359e-01	4.477860e-01	4.371286e-01	1.454647e+00	9.439682e-01	6.689951e-01	8.736670e-01	-8.140117e-02	1.288918e+00	-2.158420e-01	-3.518018e-01	-4.258305e-01	4.252153e-01	8.010371e-01	7.005920e-02	1.888010e-01	4.245370e-02	-6.988889e-01	3.238873e-01
6.427797e-01	5.802826e-01	-6.217560e-01	-2.903929e-01	-9.862643e-01	-2.504470e+00	1.372815e-01	1.422459e+00	9.516865e-01	-3.304173e-01	-3.061769e-01	-1.749600e-01	-2.836071e-01	-2.626864e-01	-2.147227e+00	9.823747e-01	2.307934e-01	1.185399e-01	-1.430839e+00	-9.658664e-01
1.064553e+00	8.813188e-01	2.215363e-01	2.554491e-01	3.693326e-01	-7.930780e-01	-1.326180e-01	1.030928e+00	6.339547e-01	6.765345e-01	-9.510321e-01	6.307479e-02	-2.341433e-01	3.332960e-01	5.595558e-01	1.309593e+00	-5.135123e-02	1.014161e-01	-1.536752e+00	1.189971e+00
9.981947e-02	2.107412e+00	1.061008e+00	-8.952880e-01	1.955078e+00	-1.824741e-02	6.228964e-01	-8.226529e-01	4.836862e-01	-5.401998e-01	-1.283363e-01	1.817513e-01	1.922219e+00	9.624130e-01	1.204356e+00	-8.475104e-01	8.767355e-01	2.996422e-01	-1.153512e+00	5.188999e-01
-4.249130e-01	1.028869e-01	4.799856e-01	-6.048816e-01	-5.641618e-01	6.968312e-01	-2.682992e-01	1.387956e+00	2.065662e+00	-2.020844e-01	4.073212e-01	2.243403e-01	-7.685229e-01	1.117441e+00	2.104601e-03	1.373401e+00	1.620933e+00	-6.349309e-01	3.962852e-01	1.598245e+00
1.789008e+00	3.637154e-01	6.506476e-01	3.532963e-02	3.460183e-01	-3.609956e-01	1.583975e+00	-9.182612e-03	-1.315933e-01	1.928151e+00	6.843733e-01	1.039353e+00	4.062591e-01	8.336048e-01	-3.101452e-01	8.876021e-01	-8.909902e-02	5.708774e-01	1.284574e-01	-4.017433e-01
-3.612763e-01	-8.913062e-03	4.572561e-01	3.704928e-01	-1.970912e-01	-4.715459e-02	5.865463e-01	4.232894e-01	6.522927e-01	7.796633e-01	5.745733e-01	-3.160681e-03	9.533872e-01	1.627486e-01	-5.540125e-01	7.350913e-01	1.223125e-01	4.617405e-01	-2.217314e-01	-2.453384e-01
-1.262008e+00	-2.660650e-02	5.439041e-02	4.131510e-01	1.449158e+00	-2.194228e-01	3.621941e-01	4.096316e-01	3.290877e-01	3.411599e-01	-3.014732e-01	6.190873e-01	8.950551e-01	3.969919e-01	8.591749e-01	5.746332e-01	5.867194e-01	7.345100e-01	-3.408789e-01	-4.590191e-02
1.179285e+00	3.978094e-02	-6.662801e-01	-9.473064e-01	1.192676e+00	1.077901e-01	1.502554e-01	6.091720e-01	-2.459861e-01	3.148518e-01	-3.778069e-01	7.818149e-02	-8.266243e-01	7.234821e-01	7.104002e-01	-2.866124e-01	-1.362399e-01	9.726624e-01	4.983553e-01	5.195053e-01
3.085884e-01	-1.554150e+00	1.236345e+00	4.436380e-01	-5.889838e-01	1.224249e+00	3.275355e-01	-2.065618e-01	4.227244e-01	7.027815e-01	1.611541e+00	-1.023740e-01	9.332100e-01	4.791257e-01	-1.766665e-01	5.960112e-02	1.803629e+00	4.230882e-01	3.433077e-01	1.032689e-01
1.738361e-01	6.792099e-01	9.674196e-01	9.350140e-02	-5.991900e-01	-4.228615e-01	1.262671e+00	1.668122e+00	1.257307e+00	5.005614e-01	1.049060e+00	1.950586e+00	-2.593484e-01	-6.897015e-02	8.769817e-01	4.760951e-01	3.802466e-01	-5.842457e-02	2.098765e-01	1.314922e-01
5.280589e-01	2.230415e-01	6.593447e-01	-4.193022e-01	4.049665e-01	3.893292e-01	-6.478858e-02	7.605238e-01	1.717553e+00	1.981487e-01	-2.997850e-01	5.856659e-01	5.069706e-02	-2.212314e-01	1.418598e+00	4.469309e-01	-4.132108e-01	6.197748e-01	-9.089354e-01	4.275567e-01
1.238229e-01	8.214349e-01	2.434513e-01	1.039138e+00	-8.286760e-02	1.285441e+00	8.536312e-02	5.490817e-01	1.945808e+00	8.508076e-02	7.071337e-01	1.469444e+00	-1.459984e-01	-5.924582e-02	5.990149e-01	-1.424902e+00	9.076917e-01	-1.489417e-01	-6.276498e-02	-1.716120e+00
3.434663e-01	1.881516e-01	9.084877e-01	1.077838e+00	1.578096e-01	-1.869249e-03	1.829004e-01	8.158317e-01	7.125766e-02	8.897200e-01	-1.646636e-03	-1.068562e-01	6.421276e-01	-3.301327e-01	6.969691e-01	9.067345e-01	-7.086307e-01	2.917140e-01	-2.068442e-02	1.378427e+00
1.376969e-01	-9.737132e-01	5.934230e-01	-3.019548e-01	-9.376375e-01	2.521037e-01	8.758348e-02	4.086645e-01	6.890708e-01	7.702181e-01	1.609780e+00	-3.951714e-01	8.286974e-01	6.645054e-01	3.549303e-01	-3.875812e-02	4.365242e-01	5.326235e-01	9.786877e-01	-6.451186e-01
2.270541e+00	7.202168e-01	1.040837e+00	9.975743e-01	6.231720e-01	8.261832e-01	5.689733e-01	8.335203e-01	4.665009e-01	8.935479e-01	-6.318454e-01	-1.697727e-01	4.858487e-01	-9.636832e-02	-3.948695e-01	5.897460e-01	-7.532894e-01	3.840268e-01	2.450236e-01	1.659125e-01
4.034259e-01	4.777760e-01	-1.377559e+00	-1.620368e-02	-1.307603e+00	-1.042205e+00	-6.577304e-02	-1.563807e-01	1.775103e+00	4.165140e-01	1.492178e+00	3.186290e-01	5.701112e-01	3.830233e-01	-8.326992e-01	-4.270393e-01	9.389181e-01	-2.431425e-02	3.651510e-01	-2.695949e-01
3.405543e-01	-9.937469e-01	1.054750e+00	3.519495e-02	1.988740e+00	1.667701e-01	-6.056546e-01	2.635321e-01	1.126766e+00	-3.470398e-01	-9.173438e-02	6.751435e-01	-1.867407e-01	-3.948242e-01	1.447861e+00	-9.456284e-02	3.360721e-01	9.099071e-01	-4.164848e-01	-6.895122e-01
-4.410713e-01	8.832928e-01	-1.374090e+00	1.072016e+00	1.203726e+00	3.680796e-01	-9.825233e-01	9.581823e-01	1.630176e+00	-8.516242e-01	-3.188137e-01	6.905944e-01	-2.654173e-01	3.598202e-01	-4.815400e-01	5.634017e-01	-2.199519e-01	1.949942e-01	1.433637e+00	1.029043e-01
2.013814e+00	7.605768e-01	8.856270e-01	-6.671803e-01	-2.286172e-02	9.149848e-01	8.526996e-01	8.651914e-01	1.085122e+00	6.142198e-01	-1.247279e+00	2.672330e-01	7.182173e-01	-1.669681e+00	2.960056e-01	2.162986e-01	-1.158647e+00	1.615658e+00	2.514177e-01	6.380077e-01
1.213712e+00	4.370638e-01	9.081340e-01	2.349637e-01	5.877738e-01	3.558842e-01	-5.616425e-01	1.813914e-01	2.199731e+00	4.052356e-01	-6.007774e-01	-6.174521e-01	2.402312e-01	6.294107e-01	-4.152665e-01	-4.381084e-01	1.090661e+00	4.704332e-01	-8.226705e-01	-1.644469e-01
1.419689e+00	-1.494388e+00	7.558881e-02	2.735318e+00	1.097843e+00	-2.031520e+00	3.734327e-01	1.300760e+00	8.301800e-01	9.873476e-01	9.169084e-01	1.768287e-02	8.104166e-01	4.639461e-02	-1.639587e+00	-5.104184e-01	-2.086097e+00	5.703821e-01	1.111520e+00	1.582860e+00
1.018972e+00	6.452906e-01	1.360581e-01	4.516092e-01	3.839203e-01	-2.427890e+00	1.081616e-01	1.941205e-01	1.015319e-01	1.712925e-01	1.578479e+00	-1.019896e+00	-6.439574e-01	2.280431e-01	1.190272e+00	-1.019375e+00	-6.604416e-01	5.523606e-01	1.314571e+00	9.982414e-01
-2.835655e-01	5.530313e-01	1.853067e+00	8.443981e-01	1.643364e-01	-9.667394e-01	7.268270e-01	-5.494199e-01	2.836290e+00	1.389741e+00	-1.215490e-01	1.986357e+00	1.346809e+00	-1.251692e+00	1.643969e+00	-1.061599e+00	-2.305117e+00	7.492361e-01	7.890411e-01	-5.740424e-01
5.821158e-01	1.104780e+00	9.132413e-01	-3.425318e-01	1.017383e+00	5.051450e-02	-4.066527e-01	-6.954065e-02	3.199177e-01	8.096037e-01	5.052010e-02	-3.289445e-01	2.359097e-01	-1.562537e-01	-8.417026e-01	-6.109621e-01	8.939802e-01	1.450912e+00	-9.373165e-01	9.114843e-02
-7.418243e-01	-4.878367e-01	1.030507e+00	1.286150e+00	-1.342052e+00	3.480723e-04	3.485735e-02	8.612516e-01	1.178859e+00	6.663989e-01	-2.900074e-02	3.320428e-01	1.187116e-01	2.317870e-01	-3.173283e-02	7.974607e-01	4.441650e-01	6.454107e-02	5.046907e-02	6.006578e-01
2.695883e+00	5.391187e-01	-3.115029e-01	2.002912e+00	4.576031e-01	-3.396368e-01	-3.374264e-01	1.120906e+00	6.616529e-01	1.819385e-01	9.989495e-01	1.205646e+00	1.134159e+00	9.899669e-01	-4.147673e-01	-8.871622e-02	-4.161291e-01	2.204690e-01	1.408439e+00	1.276906e+00
9.729189e-01	1.652872e-01	8.877713e-01	2.248698e-01	-4.721760e-01	9.258015e-01	-5.864807e-01	7.649065e-01	1.688095e+00	1.676484e-01	2.301196e+00	6.412669e-01	-6.320373e-01	1.010119e+00	7.235888e-01	6.762946e-02	7.131971e-01	-3.382633e-01	5.791757e-01	-5.606190e-01
4.935227e-02	1.266381e+00	-3.014665e-01	8.275189e-01	1.337372e+00	-1.124787e+00	-1.369701e-01	3.978396e-01	3.852539e-01	3.227668e-01	1.419168e+00	-9.901805e-01	1.559660e+00	4.585942e-01	-1.438651e-01	5.737682e-01	5.057767e-01	-1.141149e+00	-1.072610e+00	1.209445e+00
1.587580e+00	-3.745164e-01	-3.554797e-03	5.323101e-01	6.218368e-01	-1.188589e-01	3.125511e-01	4.834103e-01	4.490827e-01	4.518897e-01	1.877435e-02	-3.377560e-01	-6.237395e-01	7.920434e-01	6.881482e-01	-3.599877e-01	7.648491e-01	8.862949e-01	1.763024e-01	-6.891877e-01
3.506830e-01	7.614873e-01	6.025558e-01	-6.862795e-01	3.814948e-02	-5.515945e-01	9.542096e-01	1.128141e+00	1.497458e+00	-3.828910e-01	2.528392e-01	-1.079134e-01	2.290433e-01	2.475159e-01	-3.418401e-01	-6.690077e-01	2.197322e-01	3.069758e-01	7.762406e-02	-2.660518e-01
-3.665753e-02	1.478581e+00	1.718066e-01	4.423238e-01	1.063685e+00	-4.907147e-01	7.031102e-01	-2.277325e-01	5.445744e-01	1.467992e-01	2.423480e-01	-1.043955e-01	9.837008e-01	7.299981e-01	-5.812113e-01	1.005549e+00	5.055558e-02	1.574929e+00	1.189162e-01	9.472893e-01
-1.536585e-01	-1.314091e-01	9.134605e-02	-1.531170e+00	9.447810e-01	-1.527078e-01	9.172876e-01	9.325853e-02	-2.409716e-01	-8.209040e-02	5.329772e-01	-6.517293e-01	5.812213e-01	-7.695278e-01	3.927127e-01	-1.457927e-01	-1.894537e-01	1.095117e+00	5.762837e-01	8.790815e-02
4.122885e-01	4.248604e-01	1.816559e+00	-3.721811e-01	-3.842932e-01	-4.130679e-01	-5.126089e-01	1.277806e+00	1.161472e+00	9.482802e-01	-9.909349e-01	-4.313480e-01	1.150874e-01	1.603652e-02	1.944963e+00	-2.754139e-02	-8.228928e-01	6.286684e-01	-5.794074e-01	1.425534e+00
6.296634e-01	5.842832e-01	-8.643976e-01	4.615357e-01	-2.188949e-01	-7.026419e-01	2.434378e-01	1.144123e+00	8.906847e-01	-4.476149e-01	-1.382316e-01	-1.883652e-01	1.418373e-02	1.977703e-02	-8.328970e-01	4.266293e-01	4.131731e-01	4.790250e-02	-7.806639e-01	-4.361363e-01
-1.986687e-02	8.999797e-01	5.640144e-02	5.211474e-01	-7.585903e-01	-2.530770e-01	3.306810e-01	8.602899e-01	6.695069e-01	2.563530e-01	2.070877e-01	-7.759147e-02	1.186804e+00	2.089814e-01	2.347612e-01	4.544939e-01	9.163855e-02	2.163545e-01	4.188199e-01	1.270595e+00
7.059152e-01	-1.239127e+00	7.108258e-01	-2.977229e-01	-1.014217e-01	-1.591988e+00	5.506062e-02	2.616380e-02	1.033286e+00	-1.615721e+00	1.969509e-01	-2.956608e+00	1.781997e-01	1.753625e-01	-1.135347e+00	1.080409e+00	-4.915806e-03	5.485627e-01	-9.607861e-01	2.893855e-01
4.505842e-01	1.921948e+00	2.329676e-02	7.625382e-01	-2.354230e-01	-2.153203e-01	8.529809e-01	-7.556801e-01	-5.216444e-01	2.027320e+00	4.243349e-01	-2.902455e-01	1.257074e+00	2.401618e-01	1.026575e+00	7.696414e-01	-4.805872e-01	4.540045e-01	1.725056e+00	1.035563e+00
-5.023690e-01	-2.000403e-02	-2.000466e+00	-1.017432e-01	4.364075e-01	9.658843e-01	7.308739e-03	4.331994e-01	5.830658e-01	7.314451e-01	-1.210242e-01	5.031832e-01	8.350448e-01	9.242393e-01	1.034998e+00	1.636410e-01	2.259362e+00	6.145481e-01	-9.705651e-01	6.479567e-01
8.129522e-01	8.740711e-01	1.300301e+00	2.820880e-01	4.456215e-01	1.052389e+00	6.639966e-01	6.623324e-01	4.422260e-01	3.295268e-01	-6.687569e-02	-4.327351e-01	-1.670952e-01	4.480725e-01	-9.929346e-01	-3.309477e-01	-1.233618e-01	1.097038e+00	1.041197e-01	-1.089483e+00
7.476076e-01	-9.339478e-01	-2.320677e-01	-8.638463e-01	1.607243e-01	-2.817726e-01	4.841011e-01	9.487698e-01	1.587011e+00	9.323827e-01	-7.755276e-01	9.388781e-01	7.199422e-01	6.084019e-01	-2.727101e-01	1.153544e+00	6.553659e-02	2.148228e+00	-7.722520e-01	-7.168083e-01
-2.217588e-01	-4.001120e-01	-1.225311e+00	3.087132e-01	9.719140e-01	-6.134907e-01	-8.859806e-02	2.321006e-01	1.681953e+00	1.474153e+00	8.661654e-01	1.868973e-01	4.028963e-01	7.200158e-02	5.277724e-01	1.513174e+00	9.154079e-01	-3.239171e-01	9.482111e-01	2.984515e-01
1.387818e-01	4.303915e-01	4.127306e-01	6.942613e-01	-8.779271e-01	-3.261555e-01	9.987666e-01	1.034920e+00	1.168039e+00	5.630776e-02	2.377369e-01	-3.098159e-01	2.986852e-01	-3.487779e-02	1.073338e+00	4.516817e-01	8.053042e-01	2.002473e-01	7.675021e-01	3.513068e-01
8.730117e-01	-8.480102e-01	2.777563e-01	-9.904976e-02	1.374666e+00	3.692105e-02	1.710438e-01	8.247510e-01	2.010042e-02	2.866912e-01	-8.045087e-03	-2.133778e-01	-4.031837e-01	5.034907e-01	2.506603e-01	1.749425e-01	8.870917e-01	9.426014e-01	7.795128e-02	-1.211477e+00
9.587577e-01	9.509616e-01	1.494994e-01	9.417825e-01	3.941168e-01	-3.256539e-01	1.377340e+00	8.309883e-01	1.254322e-01	2.071720e-01	5.073236e-01	2.803556e-01	1.313747e+00	6.437517e-01	-3.863087e-02	4.784353e-01	-5.870131e-01	1.191685e+00	8.103159e-01	2.601494e-01
-4.375124e-01	1.716985e-01	1.481452e+00	1.123078e+00	4.482853e-01	8.653463e-01	1.984232e+00	1.629313e+00	8.097682e-01	2.587400e-01	-7.842200e-01	5.884145e-01	-4.337801e-01	-1.405872e-01	5.670332e-01	1.775456e-01	5.626643e-01	-5.641581e-01	8.653373e-01	6.518374e-01
1.760598e+00	9.047228e-01	-4.202353e-01	2.914243e-01	6.954299e-01	-4.815071e-02	9.896899e-01	3.995435e-01	1.316375e-01	-2.827838e-01	5.472177e-01	-7.903398e-01	1.210224e+00	-5.866854e-01	-2.463277e-02	5.099157e-01	7.159946e-01	6.334555e-01	1.153115e+00	-1.596360e-01
-2.298830e-01	-7.240685e-01	-9.705058e-01	-2.761437e-01	-2.248182e-01	-2.438437e+00	3.844455e-02	5.913132e-01	1.179837e+00	5.102525e-01	4.263382e-01	7.715366e-01	-1.029686e+00	7.373650e-01	1.633615e+00	-1.099661e+00	-3.508350e-01	2.118157e+00	-1.475879e-01	8.055403e-01
-4.888668e-01	2.757388e+00	9.375395e-01	-6.231949e-02	-7.997711e-01	-2.241571e+00	7.447900e-01	4.929272e-01	8.393106e-01	2.965538e-01	-4.510722e-01	1.823331e-01	-6.452858e-01	1.837491e+00	2.436978e-01	5.557619e-01	1.497640e+00	1.877661e-01	-2.235435e-01	7.777209e-01
-1.378280e-01	-8.007539e-01	-6.986650e-02	7.648258e-01	-1.003777e+00	8.710347e-02	7.418886e-01	6.689675e-01	6.280981e-01	1.413671e+00	-1.068109e-01	-6.744274e-01	4.102937e-01	-1.160324e+00	2.401005e-01	1.854765e+00	1.146989e+00	4.099503e-01	1.452513e+00	5.946787e-01
5.383050e-01	1.239879e+00	-4.015493e-01	3.905414e-01	9.260817e-01	-2.244149e+00	-4.733200e-01	-1.050519e+00	6.665336e-01	7.519728e-01	3.801547e-01	-8.263750e-01	-1.122541e-01	1.365532e+00	1.024963e+00	3.930790e-01	-6.609917e-02	6.147132e-01	1.522512e+00	-5.003229e-01
1.851101e-01	-3.957434e-01	-4.694582e-01	4.093069e-01	-2.345591e-01	-4.549895e-01	7.007686e-01	1.751020e+00	5.765638e-01	4.816545e-02	1.462790e+00	-4.416656e-01	4.163383e-01	-4.745091e-01	-3.549799e-01	1.570573e+00	1.310743e-01	1.174475e-01	3.601366e-02	3.000989e-01
-3.674877e-01	2.942969e+00	-1.213527e+00	8.858036e-01	9.629232e-01	1.528691e+00	8.028980e-01	1.768339e+00	2.664969e-01	1.178942e+00	2.229455e+00	4.097572e-01	-9.931862e-01	-7.542845e-01	1.182504e+00	-1.102326e+00	1.442187e-01	-5.843195e-02	-2.947795e-01	-3.092213e-01
3.508973e-01	1.090577e+00	9.996183e-01	-4.539327e-01	-2.339057e-01	1.193694e-01	3.519987e-01	4.906400e-01	1.239304e+00	1.324290e+00	1.166517e+00	-5.140607e-01	9.733231e-02	5.684187e-01	-4.464208e-01	1.288252e+00	-5.730905e-01	2.011099e-01	3.844313e-01	4.337422e-01
-8.615756e-02	-1.623822e-01	3.036571e-01	2.289009e-01	-1.855453e-01	3.313754e-03	7.461022e-01	6.983253e-01	5.289151e-01	-6.646181e-01	-2.493350e-01	7.497113e-01	1.128690e+00	-3.789543e-01	1.580240e-01	7.404669e-01	2.897741e-01	7.578382e-01	2.733288e-01	2.837650e-01
-2.949056e-01	1.041679e+00	6.351632e-01	2.460777e-01	3.935969e-01	9.234376e-01	2.345204e-01	1.059366e+00	3.311071e-01	2.095618e-01	4.338284e-01	-1.257060e+00	-1.718823e+00	6.128178e-01	4.095195e-01	-1.241064e+00	-7.749966e-01	-1.383736e-03	-2.255224e-01	1.179449e-01
5.919625e-01	3.496035e-01	3.099730e-01	9.499587e-01	-9.099106e-01	-3.024051e-01	6.480613e-01	1.123193e+00	7.708736e-01	5.557453e-01	3.892466e-02	8.253262e-02	8.022298e-02	-4.335244e-02	8.583665e-02	8.075537e-01	-3.034582e-01	-4.114169e-01	-1.203020e+00	1.528921e+00
1.320673e+00	-4.993479e-01	1.580718e-01	8.197310e-01	7.791879e-01	1.461593e-02	6.269163e-01	5.862954e-01	5.199713e-01	2.184307e-01	-2.131133e-01	-2.618243e-01	-1.636000e-01	3.352769e-01	9.523064e-01	-2.649467e-01	9.628231e-01	1.364941e-01	-2.405773e-01	-5.382981e-01
6.163293e-01	9.055162e-01	-7.138132e-01	9.123436e-01	6.989926e-02	1.086205e+00	1.322749e+00	1.094045e+00	5.408530e-01	1.399038e-01	9.964464e-02	-9.941149e-02	4.191212e-01	1.189173e+00	4.451944e-01	-1.287847e-01	5.144986e-01	1.402827e-01	-3.327197e-02	1.455518e-01
1.062786e+00	4.244190e-01	-8.230459e-01	3.140111e-01	5.979958e-01	3.661641e-01	2.290984e-01	1.127754e+00	6.905561e-01	1.332229e+00	-8.544859e-03	9.925220e-01	1.325184e+00	9.885973e-01	6.603776e-01	-4.729259e-02	3.944953e-01	9.800564e-01	8.150398e-01	3.320779e-01
-6.838262e-02	1.097455e+00	-1.146416e+00	1.848635e+00	1.470124e+00	-8.447238e-01	9.449975e-01	-1.679286e-01	-1.154750e-01	-5.073532e-02	-4.981685e-01	-1.166776e+00	6.039089e-01	9.398439e-01	5.869354e-01	1.028035e+00	1.086027e+00	1.754943e+00	-1.173729e+00	6.458619e-02
7.004099e-01	6.493932e-01	-2.679755e-01	1.168287e-01	9.536642e-01	1.177485e+00	8.179410e-01	5.649655e-01	5.754299e-01	8.393501e-01	1.132198e+00	7.527630e-01	-9.449624e-02	4.508020e-01	7.444506e-01	9.155989e-02	-7.374494e-01	8.813442e-01	-7.549199e-01	2.041635e-01
-5.569838e-01	2.884091e-01	1.738527e-01	7.093547e-01	1.372097e-01	2.478845e-01	8.909783e-02	5.753434e-01	2.851237e-01	1.436148e-01	-4.150416e-01	2.966361e-01	2.587334e-01	-1.674160e-01	-1.260634e-01	3.164102e-01	2.870255e-01	4.125036e-01	-9.990153e-02	3.158300e-02
-4.010707e-02	2.197683e-01	8.465336e-01	3.866346e-01	1.591591e+00	7.079909e-01	1.412425e+00	1.117703e+00	7.933485e-01	7.083727e-02	3.424624e-01	-2.420562e-01	5.430402e-02	-4.167411e-01	4.107048e-01	-1.593121e+00	5.341194e-01	3.544420e-01	-1.025861e+00	-1.438712e+00
1.785006e+00	-7.859057e-01	3.153438e-01	1.531159e+00	2.055175e-02	-2.586802e+00	-1.217688e+00	1.335033e+00	-1.274230e-01	-6.582035e-01	2.239414e-01	-8.093552e-01	-1.030481e+00	1.655053e+00	6.624226e-01	8.898801e-01	4.166434e-01	4.884099e-01	4.734441e-01	1.411840e-01
1.391394e+00	-4.023998e-01	2.019420e+00	1.970978e-01	1.021269e+00	-2.349610e+00	4.545788e-01	1.518366e+00	1.437504e+00	-1.132483e+00	1.151263e+00	2.175019e+00	1.381128e-02	6.740839e-01	-1.698045e-02	3.214406e+00	2.646378e-02	8.582377e-02	3.294115e+00	1.942624e+00
1.298620e+00	4.037503e-01	-1.287434e+00	1.102603e+00	-6.554170e-02	3.241349e-01	-1.048098e-01	2.976591e-01	9.101959e-01	1.232195e+00	-8.075981e-02	1.360871e+00	-1.554593e-01	1.195637e+00	9.133277e-01	3.048101e-01	8.498619e-01	5.468571e-01	-8.697357e-01	3.270388e-02
-3.803157e-01	-1.267620e+00	5.571888e-01	2.227292e-01	-6.927456e-01	2.856351e-01	-1.286703e-03	3.435280e-01	9.861914e-01	1.138061e+00	1.146983e+00	-1.081146e+00	1.302452e+00	8.006839e-01	6.298637e-01	-5.088912e-01	1.149917e+00	1.110667e+00	1.500390e-01	-5.079796e-01
-1.602281e+00	1.204894e+00	-1.743893e-01	1.534389e+00	4.716944e-01	-1.693187e-01	1.259112e+00	7.134317e-01	8.979751e-02	1.632806e+00	6.397736e-01	-1.231490e+00	6.053573e-01	-2.883265e-01	8.936904e-01	9.502774e-02	4.585206e-01	-6.959259e-02	-7.193782e-01	5.249512e-01
-1.144405e+00	2.890096e-01	-1.545279e+00	1.818712e+00	2.679137e+00	-1.489931e+00	-1.885656e-01	-4.661082e-01	5.891580e-01	-9.791722e-01	-7.797326e-01	-1.634225e-01	1.225138e+00	8.750818e-01	-7.322533e-01	1.508282e+00	2.423020e+00	-3.170260e+00	1.104257e+00	1.249527e+00
7.282813e-01	9.002457e-02	-7.384865e-03	6.962682e-01	1.502267e-01	1.098020e+00	6.359929e-01	1.609574e+00	1.056265e+00	2.017624e-01	3.135894e-01	-6.579893e-01	-1.629266e+00	-7.361369e-01	9.627681e-01	1.266771e+00	2.026613e+00	3.074309e-01	4.608540e-01	1.859495e+00
-5.168725e-01	1.699467e-02	1.540890e+00	3.582725e-01	9.653226e-01	5.528742e-01	8.935121e-01	1.026907e+00	7.223641e-01	3.522120e-01	-3.371551e-01	-1.851463e-01	-8.686290e-03	-1.993175e-01	1.096874e+00	-2.030960e-01	-8.755896e-02	4.795128e-01	-1.172538e+00	5.144912e-01
-1.072947e-01	-1.130151e+00	1.709658e+00	5.529898e-01	3.600091e-01	4.283323e-01	-5.598497e-01	3.976646e-01	1.493222e+00	-1.362078e+00	9.403542e-01	1.337376e+00	1.581939e+00	3.973447e-01	1.095179e+00	8.476666e-01	-2.155911e-01	8.595773e-01	2.576182e+00	-4.876395e-02
1.467813e-01	4.714907e-01	1.298786e+00	2.061174e-01	1.048026e-01	-9.000122e-01	8.892045e-01	1.525487e+00	1.104965e-01	7.681641e-02	-6.187152e-01	1.309042e-01	4.880734e-01	-1.442954e-01	8.192475e-01	7.811059e-01	-2.177237e-01	8.429005e-01	7.857281e-02	-7.389173e-02
-3.209760e-03	-9.019235e-02	1.233597e+00	2.109812e+00	1.313208e+00	1.280684e+00	2.639335e-01	3.046945e-01	-3.905444e-02	3.650453e-01	4.344270e-01	9.112517e-01	8.612746e-01	3.022654e-01	1.423686e+00	-1.141494e-02	5.761524e-01	6.317433e-01	3.184228e-01	1.401703e+00
2.151308e-01	3.939040e-01	1.230274e-01	-2.660632e-01	-1.170315e-01	-1.468329e-01	1.217955e+00	7.228782e-01	6.931177e-01	8.142066e-01	-3.914586e-02	6.640560e-01	6.439200e-01	2.045374e-01	2.285981e-01	9.170668e-01	-2.887607e-01	5.222467e-01	1.032763e+00	7.863371e-02
6.285903e-01	1.117161e+00	1.143716e+00	6.060793e-01	1.221425e-01	1.483940e+00	1.587288e-01	1.659205e+00	-1.199777e-01	-9.300326e-01	1.207293e+00	-6.967488e-01	-2.824996e+00	1.291186e+00	8.460539e-01	-3.153487e-01	1.015873e-01	-7.693553e-01	5.035253e-01	-3.922997e-01
6.810641e-01	-5.506396e-01	4.191448e-01	1.057687e+00	-1.709739e+00	2.962571e-01	-4.302328e-01	-2.869372e-01	2.015243e+00	1.210831e+00	1.832761e-01	-3.298291e-02	8.710981e-01	1.005167e+00	6.480138e-01	-7.854688e-01	-2.760210e-02	-6.314242e-01	1.898100e+00	2.105378e-01
8.626087e-01	-1.015780e+00	6.527987e-01	-9.553850e-03	-9.003905e-01	4.622905e-01	2.549347e-01	4.742278e-01	3.701447e-01	-2.848526e-01	1.405048e+00	4.263681e-01	8.593964e-01	-3.145491e-01	-1.732316e-01	-3.609943e-01	9.016499e-01	1.163164e+00	8.662845e-01	-6.346428e-01
1.601219e-02	-4.603147e-01	1.578061e+00	-5.107811e-01	9.862069e-01	-7.470755e-01	7.488164e-01	1.281900e+00	1.268110e+00	-3.595744e-01	1.690829e-01	-1.181708e+00	2.883719e-01	7.499609e-02	7.874696e-01	5.730357e-01	-5.698429e-01	2.777721e-01	-4.487152e-01	-5.894864e-01
-9.135955e-01	-1.517768e+00	5.207520e-01	1.469461e+00	-4.794866e-01	-2.279347e-01	8.145901e-01	1.708687e+00	1.175756e+00	1.600214e+00	-2.281487e-01	7.571422e-01	-1.015430e-02	1.470984e-01	-9.094490e-01	3.146945e-01	1.209428e+00	-1.343028e-02	-2.229330e-01	6.384517e-03
-7.268123e-01	6.112000e-01	2.630327e-01	2.819066e-01	-5.257026e-02	1.597201e-01	1.863722e-01	7.917306e-01	3.339197e-01	-3.871038e-01	-4.484567e-02	3.712951e-01	2.376485e-01	-8.024932e-02	-3.169748e-01	-4.733198e-02	3.434101e-01	4.614451e-02	1.957615e-01	1.039456e-02
4.626263e-02	-1.144301e+00	1.064669e+00	1.908843e-02	-1.744873e+00	7.602373e-01	1.398741e+00	7.465372e-01	-3.730489e-01	-1.296491e+00	-2.071072e-01	8.423543e-01	7.682904e-01	-7.634715e-01	5.969563e-01	7.289858e-02	4.582577e-01	1.387082e+00	1.728874e+00	-5.240111e-01
