9.561172e-03	-2.293215e-02	2.613739e-02	6.462102e-03	-1.606440e-03	-9.543436e-03	1.480131e-02	6.273639e-03	5.496260e-04	-3.737542e-02	-8.952590e-04	2.051700e-03	-6.730120e-03	-7.065204e-03	-3.779988e-04	1.296004e-02	1.050875e-02	-1.193488e-02	-1.037546e-02	2.624604e-02
1.508508e-02	-2.869765e-02	3.016743e-02	8.093253e-03	-2.320250e-03	-2.229386e-02	-2.721812e-03	-3.938386e-03	1.777633e-02	-3.589546e-02	1.353109e-02	1.413413e-03	-8.947878e-03	-4.624448e-04	9.609481e-04	2.741158e-02	4.833804e-03	-1.104130e-02	-1.084868e-02	1.416385e-02
6.615945e-03	-5.158675e-03	2.995421e-02	7.664215e-03	1.902859e-03	-3.534138e-02	-1.414210e-03	-5.503220e-03	1.068839e-03	-3.517806e-02	7.276424e-03	6.489141e-03	1.193455e-03	1.000032e-03	-1.194546e-02	6.123804e-03	-2.946050e-03	3.573590e-03	-8.452213e-03	3.875572e-02
1.382591e-02	1.431752e-02	1.997279e-02	1.446051e-02	1.334548e-02	-3.880044e-02	5.639367e-03	-1.276844e-02	6.520981e-04	-3.101935e-02	1.878217e-02	6.291545e-03	-1.275322e-02	7.323031e-03	-3.019033e-02	6.470695e-03	-1.527383e-02	-3.779571e-03	-4.727840e-03	3.466956e-02
2.366552e-03	1.714816e-02	6.737581e-03	3.123674e-02	1.688159e-02	-2.899089e-02	7.140567e-03	-8.643640e-04	1.111910e-02	-2.428749e-02	2.476715e-02	-5.764730e-03	2.589789e-04	1.060098e-03	-2.574797e-02	-7.606394e-03	-1.362538e-02	-2.621955e-02	-1.603762e-02	3.829321e-02
8.760817e-03	5.222098e-03	7.817963e-03	2.995602e-02	2.940813e-02	-2.435887e-02	-1.033920e-03	-9.439752e-03	1.205545e-02	-1.591342e-02	4.320651e-02	-1.559903e-02	3.263473e-03	4.135121e-05	-3.004445e-02	1.444201e-03	-2.464340e-02	-3.613866e-02	-5.764413e-03	2.945112e-02
9.365969e-03	7.189258e-03	3.035549e-03	2.328427e-02	3.649653e-02	-2.487565e-02	6.692126e-03	-5.722660e-03	1.571991e-02	-1.197908e-02	5.230817e-02	-2.094280e-02	6.709094e-04	3.132219e-03	-4.286469e-02	-9.385466e-04	-1.744530e-02	-4.341379e-02	-9.542807e-03	2.790717e-02
1.468477e-02	1.282327e-02	3.088989e-03	2.114707e-02	4.755331e-02	-2.629234e-02	1.994237e-02	-2.147048e-03	4.130304e-03	-1.197584e-02	5.022847e-02	-2.267414e-02	-8.928558e-03	1.035727e-02	-5.524226e-02	4.394665e-03	-2.624875e-02	-4.660172e-02	-8.027190e-03	2.843115e-02
9.981002e-03	1.508829e-02	-6.621747e-03	3.297396e-02	4.315010e-02	-1.729393e-02	1.956700e-02	4.989105e-03	7.586508e-03	1.695508e-03	4.200067e-02	-2.786229e-02	-3.364167e-03	5.016957e-03	-5.079419e-02	-9.410580e-03	-1.973084e-02	-6.112146e-02	-9.571807e-03	3.379805e-02
1.517780e-02	-2.682562e-03	5.909549e-03	2.747277e-02	4.033202e-02	-1.663514e-02	1.631759e-03	-8.508426e-03	8.037164e-03	5.049054e-03	5.471493e-02	-2.701542e-02	-2.388133e-03	7.742005e-03	-5.080179e-02	2.040557e-03	-2.777006e-02	-5.018104e-02	1.302783e-03	2.554372e-02
5.633130e-03	4.043313e-03	5.438756e-03	2.138242e-02	4.488461e-02	-1.778058e-02	8.799314e-03	-2.792701e-03	1.596446e-02	-5.153500e-03	4.951221e-02	-2.689690e-02	1.147628e-03	6.588112e-03	-5.458710e-02	1.139785e-03	-1.350557e-02	-5.370823e-02	-8.693869e-03	2.873259e-02
8.949250e-03	1.320038e-02	3.384441e-03	1.484801e-02	4.615641e-02	-1.157278e-02	1.438942e-02	1.262341e-03	9.780662e-03	-4.403775e-03	4.290931e-02	-2.959766e-02	-6.191377e-03	1.345180e-02	-6.025259e-02	5.433610e-03	-1.703102e-02	-5.587501e-02	-7.447486e-04	2.221783e-02
-6.557779e-03	1.652565e-02	-2.277166e-03	3.027014e-02	3.174664e-02	-3.229554e-03	1.331021e-02	5.635622e-03	1.163308e-02	1.091547e-02	3.264680e-02	-3.403067e-02	-1.786600e-03	1.902295e-02	-5.576225e-02	-7.106730e-03	-1.223933e-02	-4.219214e-02	-1.764429e-02	2.103858e-02
-3.890335e-03	7.354555e-03	8.276140e-03	3.149380e-02	4.689389e-02	-9.908705e-03	-8.434678e-03	2.678626e-03	1.723915e-02	3.779220e-03	4.190565e-02	-3.868452e-02	1.142467e-02	1.367255e-02	-5.027602e-02	-6.709775e-03	-2.477309e-02	-4.188104e-02	-1.198520e-02	2.171677e-02
-3.926236e-03	4.426668e-03	1.553599e-03	1.496917e-02	4.331389e-02	-7.593657e-03	-1.796127e-05	5.826232e-03	1.473167e-02	2.427873e-03	4.339705e-02	-3.645596e-02	1.186974e-02	9.895757e-03	-5.349940e-02	-6.988367e-03	-1.525174e-02	-4.005818e-02	-8.607791e-03	3.073302e-02
1.619329e-03	1.247648e-02	-5.779196e-03	6.439984e-03	4.462224e-02	-1.529635e-03	1.066488e-02	9.496935e-03	8.622781e-03	-2.055970e-03	3.462432e-02	-3.291346e-02	2.265599e-03	1.410670e-02	-5.295278e-02	-8.938005e-04	-2.220562e-02	-4.298666e-02	-1.545819e-04	2.805835e-02
-2.376031e-03	1.683554e-02	-1.297051e-02	2.537387e-02	4.308013e-02	-4.596903e-03	1.938348e-02	1.204491e-02	1.438698e-02	1.091085e-02	2.479472e-02	-3.671913e-02	1.726218e-03	1.617209e-02	-4.091417e-02	-1.596653e-02	-2.024654e-02	-5.321511e-02	-9.196187e-03	2.432657e-02
-7.604264e-04	2.686509e-03	1.773015e-03	2.224982e-02	5.192548e-02	-5.114578e-03	1.195129e-03	1.472998e-03	1.166041e-02	7.626284e-03	3.428441e-02	-3.347795e-02	1.356653e-02	1.210208e-02	-3.707231e-02	-6.436617e-03	-3.471999e-02	-4.523536e-02	-5.283049e-03	1.897129e-02
-4.999560e-04	8.838436e-03	2.093709e-03	1.404214e-02	5.117393e-02	-1.133195e-02	1.261397e-02	-1.626804e-03	1.542324e-02	2.451005e-03	3.227114e-02	-3.360439e-02	5.045546e-03	1.032073e-02	-3.965777e-02	-5.873513e-03	-1.893065e-02	-4.626615e-02	-6.899969e-03	2.255342e-02
-9.541782e-04	1.894849e-02	-6.413645e-03	4.879139e-03	5.272779e-02	-1.257049e-03	1.930591e-02	3.247158e-03	8.785832e-03	-2.505540e-03	2.555253e-02	-2.706945e-02	1.539197e-03	7.003542e-03	-4.073151e-02	1.963509e-03	-2.199415e-02	-4.742782e-02	1.426474e-03	1.544497e-02
-1.077772e-02	2.023527e-02	-1.209840e-02	1.492637e-02	4.079333e-02	2.413345e-03	2.155439e-02	9.125226e-03	1.413413e-02	1.405743e-02	1.498641e-02	-2.114933e-02	3.849621e-03	1.516743e-03	-2.976419e-02	-1.257998e-02	-1.292023e-02	-4.780544e-02	-6.989267e-03	9.299168e-03
-7.278086e-03	7.013673e-03	2.377206e-03	1.990495e-02	5.018251e-02	6.575856e-04	1.069986e-02	-6.025426e-03	8.895842e-03	1.110823e-02	2.942037e-02	-2.962085e-02	1.230855e-02	4.604276e-03	-2.729779e-02	-3.806460e-03	-3.070866e-02	-4.499285e-02	-8.295770e-04	4.525966e-03
-9.789632e-03	1.423002e-02	-1.354000e-03	9.747003e-03	4.788176e-02	-5.432225e-03	2.045371e-02	-5.887735e-03	9.361308e-03	3.983072e-03	3.126308e-02	-3.383133e-02	1.059313e-02	4.603265e-03	-2.939744e-02	-9.281701e-03	-1.225712e-02	-3.771964e-02	-3.195360e-03	7.284616e-03
-9.774070e-03	1.459166e-02	-5.428524e-03	6.121503e-03	4.746031e-02	3.848090e-04	2.939987e-02	-1.919315e-03	3.256832e-03	-4.062429e-03	2.885339e-02	-3.406406e-02	-1.758642e-03	9.604275e-03	-3.167898e-02	6.420468e-03	-9.827636e-03	-3.594292e-02	2.833781e-03	-2.854994e-03
-2.299364e-02	1.878673e-02	-2.016230e-02	2.753197e-02	4.067618e-02	1.067916e-02	3.508692e-02	7.576010e-03	1.823629e-02	1.481970e-02	1.754201e-02	-3.905086e-02	1.767504e-03	-6.976018e-05	-2.855812e-02	-1.740381e-02	-6.787740e-03	-4.520180e-02	-1.935041e-03	1.662349e-03
-2.286462e-02	-2.587617e-03	-3.424496e-03	2.553456e-02	4.035816e-02	1.007676e-02	2.486118e-02	-6.523669e-03	1.016219e-02	1.054368e-02	2.681093e-02	-4.185033e-02	1.112902e-02	3.089434e-03	-2.489383e-02	-1.071714e-03	-2.356526e-02	-3.236450e-02	6.419083e-03	-1.919373e-04
-2.757543e-02	-4.588342e-05	-9.023917e-03	1.714609e-02	3.924654e-02	6.100593e-03	3.743143e-02	-8.592491e-03	1.267471e-02	-1.801056e-03	1.843460e-02	-3.796265e-02	1.142353e-02	5.919435e-03	-2.529274e-02	-4.698279e-03	-6.039901e-03	-2.947111e-02	5.543838e-03	6.522775e-03
-3.136592e-02	-3.507040e-03	-1.819082e-02	6.156224e-03	2.986732e-02	1.296689e-02	4.053056e-02	-4.219313e-03	1.259523e-02	-6.297695e-03	1.756231e-02	-2.734393e-02	2.344094e-03	1.526937e-02	-2.492779e-02	1.145147e-02	-1.713182e-03	-2.266547e-02	1.531979e-02	-1.423122e-02
-2.526158e-02	1.080372e-02	-2.761168e-02	2.781186e-02	2.605710e-02	1.487307e-02	3.906770e-02	2.288492e-03	2.928753e-02	1.607440e-02	6.929203e-03	-3.810097e-02	7.661772e-03	4.678740e-03	-2.656584e-02	-2.174304e-02	-3.423204e-03	-4.057502e-02	1.954734e-02	-1.047682e-02
-2.151589e-02	-8.666990e-03	-3.988585e-03	2.414888e-02	2.472936e-02	8.235061e-03	2.922038e-02	-1.096277e-02	1.835115e-02	1.405716e-02	2.204098e-02	-4.740147e-02	2.287424e-02	1.004242e-02	-2.398551e-02	-7.862939e-03	-2.790123e-02	-2.880676e-02	2.714781e-02	-1.117634e-02
-1.919992e-02	1.734216e-03	-1.073480e-02	3.707745e-03	2.409925e-02	2.315990e-03	4.538167e-02	-1.180907e-02	1.526468e-02	6.932847e-03	1.062828e-02	-3.885959e-02	2.427625e-02	7.774662e-03	-3.107158e-02	-3.941696e-03	-7.764669e-03	-2.017442e-02	2.200987e-02	-1.131998e-02
-2.131253e-02	2.389231e-03	-1.731041e-02	-8.858074e-03	2.310720e-02	8.341501e-03	5.359796e-02	-7.524809e-03	1.551989e-03	-3.710462e-03	-1.010804e-03	-1.890333e-02	2.015301e-02	1.446644e-02	-3.300674e-02	1.365873e-02	-4.538624e-03	-9.633695e-03	2.245214e-02	-2.485355e-02
