8.451490e-01	6.748982e-01	3.475622e-01	7.829351e-01	2.185527e-01	2.687734e-01	6.522642e-01	6.194933e-01	6.114492e-01	2.785615e-01	5.188540e-01	3.771748e-01	5.295436e-01	3.072602e-01	3.699722e-01	3.896624e-01	8.398992e-01	5.586390e-01	9.434925e-01	4.293019e-01
1.117416e-01	-1.320961e-01	4.274187e-01	8.766535e-01	7.137280e-01	3.546297e-01	8.832177e-01	1.195164e+00	5.485670e-01	-2.504404e-01	8.566710e-01	7.178658e-01	1.008192e+00	2.344603e-01	2.387708e-01	5.927014e-01	7.334267e-02	8.856484e-01	4.762736e-01	6.559369e-01
7.711174e-01	7.834584e-01	6.023113e-01	9.289983e-01	4.717570e-01	2.188311e-01	4.292398e-01	5.479894e-01	5.777781e-01	2.363059e-01	5.026611e-01	3.965043e-01	3.621642e-01	3.187156e-01	4.190650e-01	3.228053e-01	8.223717e-01	7.328617e-01	5.097404e-01	3.589078e-01
6.557040e-01	3.782286e-01	6.712626e-01	9.250354e-01	7.643999e-01	5.722240e-02	3.108516e-01	5.311635e-01	6.981512e-01	4.661680e-01	6.086237e-01	8.960061e-01	5.899749e-01	7.598205e-02	5.721792e-01	3.768129e-01	8.922855e-01	7.532759e-01	1.152018e+00	7.841333e-01
6.071337e-01	1.030634e+00	5.943727e-01	6.045688e-01	9.821045e-01	5.120991e-01	6.176857e-01	6.583762e-01	6.102459e-01	-2.116131e-02	6.148131e-01	2.069353e-01	8.560612e-01	4.671636e-01	4.909398e-01	8.645674e-01	7.335733e-01	4.922216e-01	4.069771e-01	4.936856e-01
8.211668e-01	7.715030e-01	1.088973e+00	8.386087e-01	3.618938e-01	4.180148e-02	4.488459e-01	1.353325e+00	3.966364e-01	2.578838e-01	6.161775e-01	5.582379e-01	1.040548e+00	1.396936e-01	8.000346e-01	8.406116e-01	4.732440e-01	7.255876e-01	1.532104e-01	2.285702e-01
1.112491e+00	8.462297e-01	1.085396e+00	7.508956e-01	1.291404e-01	4.582459e-01	8.591712e-01	8.094565e-01	3.782235e-02	1.485603e+00	6.035104e-01	-5.401765e-02	3.431189e-01	4.440470e-01	3.814586e-01	6.408287e-01	2.537720e-01	4.018394e-01	-7.630589e-01	7.258266e-01
9.569228e-01	8.883690e-01	5.857535e-01	8.051455e-01	8.064342e-01	6.285494e-01	8.320364e-01	5.894403e-01	1.604547e-01	9.665342e-01	3.162364e-01	2.928422e-01	5.217890e-01	9.938709e-01	7.714220e-02	3.417896e-01	5.548118e-01	4.780332e-01	8.290166e-01	9.786263e-01
7.653563e-01	6.399113e-01	5.010657e-01	7.924520e-01	4.511444e-01	5.754110e-01	4.074166e-01	1.006061e+00	7.979955e-01	2.422101e-04	3.478916e-01	3.117739e-01	2.385013e-01	5.972982e-01	5.249864e-01	5.905873e-01	8.382913e-01	5.305595e-01	7.201649e-01	1.279937e-01
4.346310e-01	-3.528359e-02	3.793474e-01	6.665618e-01	9.502391e-01	1.084742e+00	4.615369e-01	4.026357e-01	2.745604e-01	8.261598e-01	6.485538e-01	1.377872e+00	2.787055e-01	4.604465e-01	-6.060619e-02	3.440119e-01	2.015056e-01	6.915055e-01	2.881611e-01	6.956710e-01
5.276671e-01	7.245362e-01	6.098385e-01	1.224879e+00	5.702134e-01	7.211393e-02	1.179879e+00	9.012467e-01	1.854392e-01	1.516466e-01	6.722399e-01	6.472430e-01	9.645651e-01	3.460861e-01	8.219251e-02	6.329711e-01	4.754322e-01	1.281221e+00	8.249393e-01	-1.338496e-01
9.066515e-01	9.100072e-01	5.954262e-01	5.208399e-01	5.375471e-01	2.499208e-01	4.486090e-01	4.832020e-01	7.929024e-01	3.913391e-01	6.707496e-01	2.434287e-01	2.407389e-01	3.477492e-01	5.163107e-01	2.284654e-01	6.476475e-01	5.241253e-01	7.400788e-01	5.870225e-01
6.008264e-01	6.224080e-02	4.403349e-01	1.007100e+00	8.633263e-01	7.533534e-01	4.204731e-01	6.987393e-01	3.191305e-01	4.944375e-01	1.973489e-01	1.706869e+00	9.461489e-01	6.647760e-01	1.938317e-01	4.835787e-01	3.090701e-01	7.549206e-01	6.764418e-01	1.749683e-01
1.204039e+00	4.770973e-01	6.342784e-01	7.432317e-01	2.632993e-01	2.208003e-01	4.908426e-01	7.796567e-01	3.842014e-01	-5.535083e-02	3.890718e-01	3.143791e-01	5.406036e-01	4.389461e-01	1.353052e-02	2.004541e-01	5.292114e-01	3.753813e-01	7.611099e-01	7.981125e-01
5.788283e-02	1.634642e+00	2.220935e+00	2.145658e-01	2.244122e-01	4.439255e-01	-1.384196e-01	1.074096e-01	2.763369e+00	2.246483e-01	9.056165e-01	-9.099397e-01	2.464636e-01	1.038834e+00	-7.398205e-01	8.097052e-01	1.308682e+00	-1.427769e+00	-1.735616e+00	2.194096e+00
5.908604e-01	7.835999e-01	5.156925e-01	7.236129e-01	5.759555e-01	8.452345e-02	5.128076e-01	8.133025e-01	5.392583e-01	2.468463e-01	7.017004e-01	7.257703e-01	8.772899e-02	3.404269e-01	4.858212e-01	3.348932e-01	1.094004e+00	8.267423e-01	2.954217e-01	4.568767e-01
1.008612e+00	6.873898e-01	7.637288e-01	7.457718e-01	1.905710e-01	3.260637e-01	2.377566e-01	7.041668e-01	3.429699e-01	9.084881e-02	4.282904e-01	2.316737e-01	1.329249e-01	5.526882e-01	8.181102e-02	7.485609e-01	3.346854e-01	4.930164e-01	4.043203e-01	8.980657e-01
8.887984e-01	8.596852e-01	7.135759e-01	7.844271e-01	6.835657e-01	6.229633e-01	8.051265e-01	4.616737e-01	1.075915e-01	9.703495e-01	2.711438e-01	2.368371e-01	4.790197e-01	8.856081e-01	1.275263e-01	3.774781e-01	5.896579e-01	4.366688e-01	8.182924e-01	9.877145e-01
7.889327e-01	8.767900e-01	6.639791e-01	9.386161e-01	4.501089e-01	1.723394e-01	4.631797e-01	5.797715e-01	5.154444e-01	2.886170e-01	5.390567e-01	3.841700e-01	2.675917e-01	4.033598e-01	4.336765e-01	2.409742e-01	7.983103e-01	7.933246e-01	5.371404e-01	4.824464e-01
4.330107e-01	5.859176e-01	1.097262e+00	9.611175e-01	5.882905e-01	3.290770e-01	3.349488e-01	4.954362e-01	8.902889e-02	4.137562e-01	1.002830e+00	7.165042e-01	6.450681e-01	4.046666e-01	1.949207e-01	3.893658e-01	5.352258e-01	6.589667e-01	7.011202e-01	4.626151e-01
7.040857e-01	5.507727e-01	7.635495e-01	6.980179e-01	1.790820e-01	3.474843e-01	2.041911e-01	7.027116e-01	4.862368e-01	-1.416935e-01	8.967148e-01	2.183245e-01	4.212913e-01	4.019783e-01	3.015186e-01	6.083867e-01	4.814739e-01	3.494348e-01	6.445890e-01	6.061906e-01
7.290235e-01	4.496149e-01	6.292081e-01	8.268011e-01	9.646919e-02	7.281115e-01	4.379630e-01	3.293497e-01	4.191464e-01	5.326992e-01	7.158412e-01	3.062064e-01	7.530516e-01	6.706925e-01	-2.189186e-01	3.020727e-01	8.721086e-01	9.169055e-01	5.810695e-01	4.646047e-01
8.085918e-01	6.524395e-01	6.267531e-01	8.248266e-01	4.047041e-01	6.197421e-01	3.880474e-01	1.023365e+00	7.606476e-01	3.947937e-02	3.503166e-01	2.811039e-01	2.056554e-01	6.117485e-01	7.084124e-01	5.353269e-01	7.883483e-01	5.286973e-01	7.298376e-01	1.490041e-01
7.966251e-01	3.142117e-01	7.374378e-01	8.127176e-01	2.605610e-01	6.466718e-01	3.411615e-01	2.768656e-01	5.200769e-01	6.768302e-01	7.768612e-01	3.910558e-01	7.426435e-01	7.745782e-01	-2.195463e-01	3.887750e-01	8.140593e-01	9.380771e-01	4.818934e-01	4.729410e-01
5.632157e-01	6.667336e-01	1.138720e+00	9.674841e-01	3.705910e-01	2.753642e-01	3.860365e-01	2.971084e-01	6.528482e-02	6.129558e-01	7.324034e-01	6.712310e-01	4.787239e-01	4.456766e-01	2.984646e-01	3.789067e-01	4.657604e-01	7.527192e-01	6.285420e-01	4.421449e-01
7.325409e-01	5.021368e-01	7.409139e-01	7.773934e-01	1.325079e-01	7.370174e-01	4.623103e-01	3.101361e-01	4.482707e-01	5.320294e-01	7.163486e-01	2.245143e-01	7.818699e-01	7.887038e-01	-2.601013e-01	3.672654e-01	9.267544e-01	9.617399e-01	5.970359e-01	5.280208e-01
3.764222e-01	7.141616e-01	9.456389e-01	6.873294e-01	4.592397e-01	1.824218e-01	1.787685e-01	3.693354e-01	1.510351e-01	4.288112e-01	7.261741e-01	5.433600e-01	3.486455e-01	4.740399e-01	1.989728e-01	1.570077e-01	7.504913e-01	5.846239e-01	5.856017e-01	4.483362e-01
5.637115e-01	5.853027e-01	5.578456e-01	1.096546e+00	7.685289e-01	6.408053e-01	3.977949e-01	7.865135e-01	1.693038e-01	-2.870659e-02	7.265890e-01	8.769525e-01	1.094804e+00	6.161677e-02	5.952641e-01	6.438042e-01	5.354618e-01	4.794984e-01	8.946761e-01	-1.205609e-01
-1.070967e-01	7.843555e-01	8.096250e-01	5.662588e-01	1.520064e+00	-5.230781e-01	4.726464e-01	3.140992e-01	6.482848e-01	2.319136e-01	1.169720e+00	8.135407e-01	1.875510e-01	1.125883e+00	4.111514e-01	9.662786e-01	8.145973e-01	5.602337e-01	1.040805e+00	1.408774e-01
2.046890e-02	6.030503e-01	9.096261e-01	5.558733e-01	8.056458e-01	6.345447e-02	3.952411e-01	3.930975e-01	8.244533e-01	4.487901e-01	9.065742e-01	5.147723e-01	4.005616e-01	9.957627e-01	3.294052e-01	1.036415e+00	7.261562e-01	5.412581e-01	9.255495e-01	4.296453e-01
8.624441e-01	5.685789e-01	5.225123e-01	8.837547e-01	3.599715e-01	5.631263e-01	3.326974e-01	9.814929e-01	7.765392e-01	-4.740602e-02	3.352340e-01	3.788334e-01	2.819780e-01	5.687361e-01	4.646078e-01	5.666922e-01	8.604660e-01	6.311422e-01	7.985735e-01	9.716565e-02
9.748099e-01	6.926476e-01	3.425569e-01	8.689312e-01	2.838166e-01	9.823158e-02	4.304177e-01	6.427531e-01	3.241617e-01	3.368312e-01	3.695497e-01	3.596412e-01	5.033039e-01	2.493515e-01	4.218515e-01	2.414355e-01	8.238992e-01	7.092215e-01	6.097545e-01	8.796722e-01
-3.975282e-01	2.046139e-01	7.265872e-01	2.744150e-01	1.549741e+00	3.340532e-01	8.407283e-01	1.526073e+00	1.777683e+00	1.264737e+00	1.466552e+00	-1.281131e+00	6.340494e-01	-1.992753e-01	3.011716e-01	8.570422e-01	1.492375e+00	1.773954e-01	-6.925299e-01	-8.793344e-01
8.147378e-01	4.412374e-01	4.064158e-01	7.598917e-01	7.287200e-01	3.575908e-01	2.155112e-01	4.474781e-01	4.453479e-01	4.241562e-01	4.734931e-01	8.598315e-01	6.928424e-01	2.290805e-02	3.842453e-01	6.641130e-01	4.604201e-01	5.594171e-01	6.536362e-01	4.549472e-01
6.804381e-01	6.019280e-01	6.307265e-01	9.634224e-01	9.222054e-01	9.834372e-02	5.764227e-01	1.200083e+00	3.962882e-01	-6.707374e-02	4.690119e-01	9.667952e-01	7.910133e-01	-2.443902e-01	4.947033e-01	5.208159e-01	5.194837e-01	8.790106e-01	7.976308e-01	4.767265e-01
4.421695e-01	5.656405e-01	-1.837656e-01	7.219258e-01	3.328530e-01	6.807745e-01	2.646496e-01	1.789009e-01	-9.626506e-04	3.772106e-01	1.489326e-01	2.788119e-01	7.611497e-01	1.029023e-01	5.143599e-01	3.434882e-01	6.128432e-01	1.240056e+00	9.355362e-01	6.619714e-01
6.739233e-01	6.199713e-01	6.324271e-01	7.490857e-01	1.520880e-01	7.097801e-01	4.875703e-01	4.002664e-01	4.523879e-01	5.540461e-01	7.221137e-01	1.549309e-01	8.042279e-01	6.950551e-01	-1.498187e-01	3.946411e-01	8.998907e-01	9.617018e-01	5.977109e-01	4.158083e-01
6.515450e-01	3.805019e-01	7.300391e-01	9.572620e-01	8.897203e-01	-4.471372e-02	2.607449e-01	5.710716e-01	6.357333e-01	3.893310e-01	6.049500e-01	9.761318e-01	6.684909e-01	4.882548e-02	7.156166e-01	3.545955e-01	8.980440e-01	8.228619e-01	1.211950e+00	8.081725e-01
6.750142e-01	6.755794e-01	5.854939e-01	8.538943e-01	3.838666e-01	6.956897e-01	2.953049e-01	9.911934e-01	8.858371e-01	-2.491728e-02	3.528025e-01	3.099703e-01	2.084756e-01	5.138143e-01	5.547580e-01	6.860372e-01	8.801434e-01	5.095205e-01	7.725768e-01	5.824080e-02
7.367432e-01	4.729566e-01	6.808647e-01	7.191548e-01	8.909000e-02	7.112704e-01	4.179858e-01	2.920708e-01	3.845814e-01	4.976642e-01	6.747403e-01	2.312869e-01	7.188259e-01	7.368611e-01	-2.546406e-01	2.830547e-01	9.019438e-01	9.123988e-01	5.403750e-01	5.167178e-01
5.488342e-01	8.113848e-01	2.572935e-01	6.472078e-01	1.019501e+00	3.341404e-01	5.203481e-01	8.554595e-01	4.037546e-01	2.262977e-01	5.848424e-01	-2.095131e-02	5.406222e-01	1.605936e-01	3.091050e-01	9.311048e-01	1.047885e+00	2.969164e-01	3.461329e-01	8.289791e-01
5.497915e-01	6.687463e-01	8.447243e-01	7.649810e-01	3.688447e-01	2.485722e-01	2.226284e-01	4.213771e-01	1.224873e-01	4.303142e-01	6.459886e-01	5.610711e-01	3.984183e-01	3.989407e-01	2.742847e-01	3.536478e-01	6.672807e-01	6.548718e-01	5.480935e-01	4.043235e-01
8.382915e-01	5.573290e-01	2.756503e-01	7.710752e-01	5.387742e-01	2.860225e-01	4.962405e-01	5.810367e-01	6.615498e-01	3.794703e-01	3.411844e-01	3.234025e-01	4.344415e-01	3.199405e-01	2.312197e-01	1.527653e-01	8.074558e-01	7.332109e-01	6.125271e-01	7.091150e-01
7.772688e-01	6.283596e-01	2.836230e-01	7.149210e-01	4.088465e-01	2.502399e-01	3.880242e-01	4.659257e-01	4.096648e-01	1.461565e-01	4.672048e-01	3.275619e-01	5.822953e-01	3.631046e-01	4.162569e-01	2.778552e-01	7.180079e-01	7.766886e-01	5.936913e-01	5.501749e-01
7.954077e-01	5.170903e-01	5.849554e-01	9.278932e-01	6.943477e-01	6.938302e-01	3.063647e-01	6.549659e-01	7.141833e-01	5.720691e-01	4.035521e-01	5.800735e-01	2.646882e-01	4.894331e-01	3.169580e-01	8.631087e-01	6.584890e-01	5.919705e-01	7.666577e-01	7.283507e-01
8.104855e-01	7.456895e-01	5.390167e-01	6.174771e-01	1.843702e-01	3.184291e-01	3.170124e-01	1.102265e+00	3.736487e-01	4.888260e-02	4.111261e-01	1.524035e-01	3.366118e-01	5.164487e-01	2.448881e-01	8.725373e-01	5.874073e-01	6.330696e-01	3.200055e-01	9.558367e-01
8.409695e-01	6.864595e-01	4.135864e-01	1.098210e+00	1.015910e+00	6.735286e-01	2.547181e-01	5.449344e-01	6.217673e-01	4.858353e-01	4.218622e-01	4.004926e-01	4.388877e-01	1.602823e-01	3.264100e-01	5.351603e-01	6.395700e-01	7.828724e-01	5.540364e-01	3.728916e-01
2.431872e-03	5.879465e-01	1.180905e+00	1.088998e+00	-3.515294e-01	8.476194e-01	1.057346e+00	1.055825e+00	6.768063e-01	-1.862032e-01	1.996111e+00	6.954383e-01	9.956750e-01	-7.972665e-02	1.918678e+00	-1.634739e-02	1.037276e+00	4.916569e-01	2.282228e+00	-1.874660e-02
1.043048e+00	1.109775e+00	3.048370e-01	6.599627e-01	7.466991e-01	4.511462e-01	7.157598e-01	1.167956e+00	3.330291e-01	-1.516289e-01	2.983593e-01	1.180423e+00	1.317005e+00	-1.693449e-01	4.194211e-01	1.116162e+00	4.412704e-01	7.666073e-01	3.703393e-01	-2.416474e-01
1.896299e-02	4.302626e-01	7.883337e-01	5.163760e-01	6.057384e-01	2.162206e-01	3.229705e-01	3.043701e-01	9.294039e-01	5.064663e-01	8.410465e-01	3.460893e-01	4.366137e-01	9.433195e-01	2.647265e-01	9.334468e-01	7.044336e-01	4.731140e-01	9.060802e-01	4.010719e-01
7.164065e-01	3.177859e-01	5.525560e-01	9.371748e-01	5.794324e-01	-1.955450e-01	3.558823e-01	5.791997e-01	5.179916e-01	6.181259e-01	5.919487e-01	8.512787e-01	6.444465e-01	8.605609e-02	5.325012e-01	4.181642e-01	7.326264e-01	7.051929e-01	9.097941e-01	7.944119e-01
8.743682e-01	7.267673e-01	5.588762e-01	8.529149e-01	4.254651e-01	2.749356e-01	4.629009e-01	5.783626e-01	4.859944e-01	3.155836e-01	4.366116e-01	3.678769e-01	3.451491e-01	3.699297e-01	3.763153e-01	2.985271e-01	7.188751e-01	7.271395e-01	4.962613e-01	5.046232e-01
8.195160e-01	3.023917e-01	6.568717e-01	9.763464e-01	9.521364e-01	7.343143e-01	4.433371e-01	8.791153e-01	5.402459e-01	2.941128e-01	5.795628e-01	9.829306e-01	7.036039e-01	2.842256e-01	3.479613e-01	3.724894e-01	3.854085e-01	6.394253e-01	5.051803e-01	2.131084e-01
8.099901e-01	5.446153e-01	7.350313e-01	1.323196e+00	8.890664e-01	1.310947e-01	2.999655e-01	9.857427e-01	6.032181e-01	4.836247e-02	5.180094e-01	5.460167e-01	9.952346e-01	7.642548e-02	1.092888e+00	5.330856e-01	3.392488e-01	6.241958e-01	8.601064e-01	3.372528e-01
5.089225e-01	6.462718e-01	9.099169e-01	7.703963e-01	2.551284e-01	2.559839e-01	2.850097e-01	4.339873e-01	3.714221e-02	5.064223e-01	6.821220e-01	5.137110e-01	4.671748e-01	3.965494e-01	2.195590e-01	3.524174e-01	5.477620e-01	5.846118e-01	4.712870e-01	3.738146e-01
7.253735e-01	5.952478e-01	4.035867e-01	7.342523e-01	4.381120e-01	2.417509e-01	4.252086e-01	5.098059e-01	5.386782e-01	3.480779e-01	4.730142e-01	3.704010e-01	5.331966e-01	3.442416e-01	3.083960e-01	2.041699e-01	8.597235e-01	8.473047e-01	6.137455e-01	6.065986e-01
6.931505e-01	5.729332e-01	-4.018689e-02	8.941657e-01	1.481303e+00	-1.866540e-01	5.554680e-01	1.224840e+00	4.081651e-01	6.598753e-01	5.070887e-01	-3.645053e-01	3.142418e-01	3.271954e-01	2.628866e-01	8.250718e-01	1.611904e+00	4.050466e-01	6.407148e-01	9.385699e-01
1.007568e+00	4.989593e-01	5.766851e-01	5.040446e-01	2.556186e-01	4.315782e-01	3.750808e-01	5.156613e-01	3.409081e-01	-3.085804e-01	4.824417e-01	3.968904e-01	4.574559e-01	1.733594e-01	4.201658e-01	6.950300e-01	3.529844e-01	4.262825e-01	6.728621e-01	5.403859e-01
8.145710e-01	7.293903e-01	3.138306e-01	6.857498e-01	2.837603e-01	2.991542e-01	6.815741e-01	5.661378e-01	6.297740e-01	3.164039e-01	4.121555e-01	4.308636e-01	5.373999e-01	3.000907e-01	4.459207e-01	3.675219e-01	9.314461e-01	4.644182e-01	9.294055e-01	4.299459e-01
5.768977e-01	1.024298e+00	6.742628e-01	6.304380e-01	9.016505e-01	4.487188e-01	6.011316e-01	6.616548e-01	6.222694e-01	7.153937e-03	5.962288e-01	2.120106e-01	8.622502e-01	3.987482e-01	4.670788e-01	7.772411e-01	6.433018e-01	4.622614e-01	3.958682e-01	4.497185e-01
8.197292e-01	5.944926e-02	6.055387e-01	7.667297e-01	6.647258e-01	4.438550e-01	6.085727e-01	8.460123e-01	6.829371e-01	7.164629e-02	5.916353e-01	4.762418e-01	8.272175e-01	6.060731e-01	5.054345e-01	4.562191e-01	1.752176e-01	6.614245e-01	2.465901e-01	5.443914e-01
8.168596e-01	5.341695e-01	4.356701e-01	8.998305e-01	9.352373e-01	5.962401e-01	1.206976e-01	3.989916e-01	5.859416e-01	4.450622e-01	4.651848e-01	7.293047e-01	6.336454e-01	2.278907e-01	3.476868e-01	6.208059e-01	5.244299e-01	7.152893e-01	7.590367e-01	2.766328e-01
8.952349e-01	4.376042e-01	5.277305e-01	5.252758e-01	2.354669e-01	5.263545e-01	3.000977e-01	4.352139e-01	3.196586e-01	-2.894393e-01	7.023790e-01	4.302099e-01	4.741021e-01	2.717933e-01	4.155492e-01	7.535509e-01	3.608976e-01	3.318656e-01	8.316229e-01	4.661258e-01
7.821869e-01	8.702870e-01	6.866765e-01	7.972830e-01	7.197235e-01	5.630329e-01	7.960460e-01	4.106762e-01	6.758689e-02	9.343966e-01	3.309416e-01	2.724396e-01	4.479791e-01	9.451994e-01	1.175433e-01	2.909534e-01	5.616259e-01	4.577912e-01	7.667863e-01	9.766584e-01
7.803511e-01	7.869074e-01	3.478325e-01	7.500150e-01	4.236469e-01	3.354619e-01	7.129190e-01	5.470420e-01	5.779476e-01	3.190803e-01	4.577500e-01	4.485809e-01	4.718829e-01	3.440162e-01	4.809169e-01	4.269331e-01	8.797187e-01	5.150616e-01	8.250947e-01	5.255309e-01
5.276377e-01	8.702475e-02	3.831192e-01	1.038983e+00	5.662108e-01	5.757126e-01	1.064394e-01	1.407548e+00	-2.434099e-01	1.546651e-01	2.462079e-01	1.059521e+00	7.712486e-01	3.754176e-01	1.242590e-01	5.251487e-01	7.588362e-01	8.920263e-01	5.764663e-01	7.403327e-01
5.264919e-01	2.811600e-01	6.885433e-01	1.028130e+00	9.408651e-01	4.881974e-01	5.020122e-01	1.282821e+00	4.183671e-01	-2.148009e-03	7.150878e-01	1.058414e+00	1.038971e+00	-3.498290e-02	3.179000e-01	5.770870e-01	2.887227e-01	7.332066e-01	4.798864e-01	3.726981e-01
5.281305e-01	8.141228e-01	4.775252e-01	7.181596e-01	7.941368e-01	8.899997e-01	9.823936e-01	1.403931e+00	5.532317e-01	3.163114e-02	3.427950e-01	1.520365e+00	1.039640e+00	5.035857e-01	-1.147948e-01	9.424487e-01	2.412885e-01	7.356680e-01	3.082321e-01	-1.643065e-01
3.133139e-01	6.009147e-01	7.945227e-01	9.585324e-01	9.769232e-01	-8.422877e-02	4.657467e-01	8.132819e-01	2.217938e-01	1.705208e+00	3.510122e-01	1.040368e+00	-7.533399e-03	2.158130e-02	4.972216e-01	1.875225e-01	2.004527e-01	5.327057e-01	-1.132438e-01	8.131704e-01
5.369302e-01	4.201386e-01	5.619681e-01	7.965236e-01	7.656121e-01	4.284723e-01	7.272675e-01	1.282881e+00	4.578986e-01	1.080724e-01	5.854438e-01	1.360830e+00	1.152491e+00	4.088897e-01	4.144686e-01	6.978696e-01	2.989075e-01	1.026695e+00	4.813698e-01	2.986303e-01
7.665861e-01	7.194423e-01	7.091453e-01	8.399537e-01	8.308106e-01	4.702289e-01	2.437620e-01	3.752032e-01	5.000181e-01	3.544504e-01	6.212997e-01	3.703390e-01	4.906450e-01	4.694996e-01	2.581018e-01	6.322717e-01	6.940448e-01	8.740543e-01	7.832476e-01	2.876568e-01
8.400918e-01	6.423053e-01	8.335083e-01	7.402057e-01	7.635032e-01	3.136748e-01	5.255421e-01	9.963505e-01	4.865462e-01	4.005090e-01	4.440463e-01	1.091852e+00	5.548290e-01	-5.896797e-02	4.486297e-01	4.254639e-01	3.893341e-01	6.367331e-01	2.999059e-01	1.390873e-01
6.900203e-01	3.515355e-01	6.951550e-01	9.749043e-01	6.663479e-01	-1.660858e-02	3.267510e-01	6.762347e-01	6.307890e-01	5.927492e-01	5.413497e-01	9.354294e-01	6.284121e-01	2.335618e-02	6.167777e-01	4.570090e-01	7.615438e-01	6.530136e-01	1.039836e+00	9.049793e-01
-1.741571e-01	4.114635e-01	6.386163e-01	5.228863e-01	6.067580e-01	2.852663e-02	2.961772e-01	5.914453e-01	8.617513e-01	6.940043e-01	8.260136e-01	5.009645e-01	2.990490e-01	8.375259e-01	3.106438e-01	1.055903e+00	8.895324e-01	3.530185e-01	1.130558e+00	6.433584e-01
4.712124e-01	9.748189e-01	7.708347e-01	1.040428e+00	5.352872e-01	6.255989e-02	3.141324e-01	7.229304e-01	9.589624e-01	2.989080e-01	7.623450e-01	3.900576e-01	5.452173e-01	2.353977e-01	1.751636e-01	2.902163e-01	7.908891e-01	7.837806e-01	4.926450e-01	2.990137e-01
3.324215e-01	3.332682e-01	6.599682e-01	1.051888e+00	8.792893e-01	4.413455e-01	5.238420e-01	1.267544e+00	4.642664e-01	-2.407466e-01	7.999048e-01	9.709682e-01	1.136389e+00	-8.298678e-03	4.226064e-01	6.513007e-01	2.850317e-01	8.846360e-01	4.942451e-01	2.944449e-01
7.265612e-01	4.307139e-01	7.182958e-01	1.002752e+00	6.579537e-01	5.810371e-02	4.470814e-01	6.906228e-01	6.431572e-01	5.776811e-01	5.046947e-01	1.040447e+00	6.676681e-01	-4.679022e-02	6.809208e-01	3.986590e-01	7.963190e-01	7.216823e-01	1.099122e+00	9.119818e-01
7.528618e-01	5.041756e-01	7.177067e-01	7.615523e-01	1.638652e-01	7.305786e-01	4.484763e-01	2.642801e-01	3.782331e-01	5.633708e-01	6.760013e-01	2.263634e-01	6.816723e-01	7.984264e-01	-3.050975e-01	3.022784e-01	8.661720e-01	9.769861e-01	5.378571e-01	5.686310e-01
8.833847e-01	7.686865e-01	6.705299e-01	8.345894e-01	6.520926e-01	5.947566e-01	8.132053e-01	4.415773e-01	8.736527e-02	9.477359e-01	3.641624e-01	2.384984e-01	4.770202e-01	8.970487e-01	1.641918e-01	3.839938e-01	6.309553e-01	4.291957e-01	8.935239e-01	9.245338e-01
2.693282e-01	4.841367e-01	1.525219e+00	8.152770e-01	7.912094e-01	3.737786e-01	9.653369e-01	2.888984e-01	4.741204e-01	1.131405e+00	8.332630e-01	6.490259e-01	9.141401e-02	2.700587e-01	-2.268623e-01	3.802282e-01	2.738941e-01	6.711369e-02	-6.766949e-02	8.034716e-01
8.625654e-01	1.147571e+00	6.784088e-01	6.015481e-01	9.106572e-01	6.330517e-01	6.470713e-01	7.372571e-01	6.472461e-01	4.718996e-02	5.481352e-01	3.068541e-01	7.366958e-01	4.025423e-01	5.788727e-01	8.949572e-01	5.502888e-01	4.605337e-01	3.212634e-01	3.129183e-01
7.528906e-01	4.760421e-01	6.212376e-01	9.409233e-01	9.255075e-01	6.154858e-01	5.387102e-01	8.281843e-01	3.294717e-01	1.574706e-01	5.694006e-01	7.948244e-01	7.094519e-01	1.932132e-01	3.423688e-01	5.429208e-01	4.541965e-01	6.072635e-01	6.658788e-01	5.485885e-02
-4.594754e-01	3.463000e-01	9.688946e-01	5.144160e-01	6.892222e-01	2.426417e-02	6.551953e-01	5.730373e-01	1.287982e+00	4.363989e-01	1.045853e+00	3.136733e-01	5.162334e-01	9.994604e-01	2.065049e-01	1.348988e+00	9.128970e-01	6.282587e-01	1.217421e+00	3.604730e-01
6.417607e-01	4.154577e-01	6.735078e-01	9.434593e-01	6.979711e-01	1.222807e-01	2.540600e-01	5.528414e-01	7.575332e-01	4.310653e-01	6.744201e-01	9.011351e-01	5.665861e-01	7.178610e-02	5.524569e-01	3.687634e-01	9.758109e-01	7.342293e-01	1.205120e+00	7.763302e-01
5.943442e-01	7.809169e-01	5.890054e-01	8.397289e-01	4.819557e-01	1.691912e-01	4.175245e-01	7.474297e-01	7.603251e-01	2.109923e-01	7.615817e-01	5.433857e-01	2.284079e-01	3.401901e-01	4.159190e-01	3.359739e-01	9.233202e-01	6.900731e-01	4.044678e-01	3.695205e-01
7.052367e-01	1.118349e+00	6.555396e-01	6.417560e-01	9.300515e-01	5.115297e-01	6.148030e-01	7.443629e-01	5.863157e-01	6.510571e-02	5.433081e-01	2.549985e-01	8.927844e-01	4.267399e-01	5.804112e-01	8.434429e-01	6.459451e-01	4.333924e-01	3.674641e-01	4.851921e-01
-1.728543e-01	5.099270e-01	9.751414e-01	6.038071e-01	5.349281e-01	9.731500e-02	3.289937e-01	4.364017e-01	6.285052e-01	2.562591e-01	1.008011e+00	2.604481e-01	4.812729e-01	8.769457e-01	4.683573e-01	9.407403e-01	9.350834e-01	3.007012e-01	1.245011e+00	5.811504e-01
8.996834e-01	9.074329e-01	7.324279e-01	7.193162e-01	6.785527e-01	6.101053e-01	7.820746e-01	3.388015e-01	9.066975e-02	9.946884e-01	2.803032e-01	2.275410e-01	4.422015e-01	9.307553e-01	1.302331e-01	3.712617e-01	6.024368e-01	4.570147e-01	8.533114e-01	1.027491e+00
7.342729e-01	4.171264e-01	4.667213e-01	9.716255e-01	1.303985e+00	3.165439e-01	5.215714e-01	1.083537e+00	1.125712e+00	2.726266e-01	6.391037e-01	5.212284e-01	1.055269e+00	4.624403e-01	5.310908e-01	6.319399e-01	6.625733e-01	7.966977e-01	-4.223811e-02	6.302319e-01
4.220583e-01	4.410680e-01	1.127622e-01	1.003615e+00	7.288336e-01	7.480134e-01	1.944769e-01	1.388156e+00	-3.052362e-01	3.079943e-01	3.366399e-01	5.836463e-01	6.707365e-01	3.200687e-01	6.706846e-01	4.485696e-01	9.097713e-01	6.704747e-01	3.341845e-01	5.510405e-01
9.543883e-01	9.655173e-01	7.688046e-01	8.249980e-01	7.575439e-01	6.366449e-01	7.540611e-01	2.748036e-01	1.806131e-01	1.010136e+00	3.660504e-01	1.818195e-01	3.200629e-01	1.083899e+00	8.283804e-02	2.084666e-01	6.110749e-01	4.546079e-01	8.995053e-01	1.138856e+00
4.446777e-01	-4.307063e-01	-8.376829e-02	3.935083e-01	9.659875e-01	8.257438e-01	4.889017e-01	8.820170e-01	2.940453e-01	7.292199e-01	4.064579e-01	3.957486e-01	6.067874e-01	9.729101e-01	4.372515e-02	4.247626e-01	9.416126e-01	1.094358e+00	6.336682e-01	7.107312e-01
7.705483e-01	7.028373e-01	3.076055e-01	1.203176e+00	1.296553e+00	5.586879e-01	-1.147962e-01	5.643655e-01	6.646530e-01	2.075236e-01	4.643863e-01	4.629099e-01	6.619302e-01	2.834481e-01	3.717213e-01	5.501656e-01	8.906275e-01	6.553021e-01	1.029885e+00	1.808081e-01
-2.235125e-01	8.357745e-01	6.150096e-01	4.608025e-01	7.906663e-01	4.125771e-01	4.067140e-01	1.201136e+00	5.854837e-01	2.162642e-02	5.353239e-01	6.510638e-01	7.964223e-01	3.854581e-01	9.730287e-01	6.336367e-01	9.627836e-01	4.616188e-01	-3.035939e-01	3.394090e-01
5.064285e-01	6.982998e-01	8.443980e-01	7.903377e-01	3.814349e-01	2.135186e-01	2.272107e-01	4.427583e-01	5.181983e-02	4.294497e-01	6.696534e-01	5.258988e-01	4.428370e-01	4.151073e-01	2.592813e-01	3.572192e-01	7.010766e-01	5.802108e-01	5.015360e-01	3.781375e-01
7.329889e-01	5.325110e-01	5.344313e-01	9.177498e-01	8.150260e-01	7.897565e-01	6.830188e-01	1.028394e+00	5.724575e-01	3.884037e-01	3.263251e-01	1.042447e+00	5.554840e-01	3.321045e-01	2.925530e-01	7.327704e-01	2.799917e-01	5.879876e-01	3.695510e-01	2.561061e-01
7.548182e-02	6.112380e-01	1.374550e+00	4.421867e-01	5.522275e-01	4.429715e-01	4.683703e-01	-2.919479e-01	3.561359e-01	1.313524e+00	9.622808e-01	7.340446e-01	4.514017e-01	-1.135896e-01	2.211133e-01	3.265106e-01	4.089749e-01	3.800317e-01	2.419430e-01	2.540670e-01
-5.110732e-02	6.070883e-01	8.176564e-01	5.057159e-01	4.938540e-01	-2.547671e-02	5.480351e-01	5.358831e-01	9.777337e-01	3.515354e-01	9.677790e-01	4.420145e-01	3.968264e-01	7.983122e-01	3.870407e-01	1.127898e+00	8.137187e-01	5.146646e-01	1.082277e+00	3.719738e-01
1.253039e+00	7.916448e-01	1.069386e+00	8.887792e-01	1.559930e-01	4.903182e-01	8.917166e-01	3.041997e-01	4.506674e-01	4.697873e-01	3.883149e-01	8.796442e-02	1.138493e+00	8.776374e-01	-3.491952e-01	4.942040e-01	8.368612e-01	9.697218e-01	8.832735e-01	5.590361e-01
7.710950e-01	7.309696e-01	4.677827e-01	7.708239e-01	3.896825e-01	3.084831e-01	4.990085e-01	5.469799e-01	6.345566e-01	3.048934e-01	4.792508e-01	3.516871e-01	3.820755e-01	3.037067e-01	3.528207e-01	3.017260e-01	8.454787e-01	6.036729e-01	7.965109e-01	4.119223e-01
7.399256e-01	4.479964e-01	5.246214e-01	8.990514e-01	1.002892e+00	6.984183e-01	4.625222e-01	1.092709e+00	3.676150e-01	5.537514e-01	4.789783e-01	1.023355e+00	7.146410e-01	2.480505e-01	1.481387e-02	8.065175e-01	2.262905e-01	5.875947e-01	2.905324e-01	2.113061e-01
5.302927e-01	6.664086e-01	8.194992e-01	8.555259e-01	3.997510e-01	1.622176e-01	2.408480e-01	3.979022e-01	6.279782e-03	5.193906e-01	7.400638e-01	6.116725e-01	5.171557e-01	4.483629e-01	2.041718e-01	3.910403e-01	7.237964e-01	5.940329e-01	4.615480e-01	4.547712e-01
7.802934e-01	4.457351e-01	6.922737e-01	7.168430e-01	3.020596e-01	3.142453e-01	4.273830e-01	5.965139e-01	4.593427e-01	-2.592270e-01	5.418552e-01	4.843885e-01	7.023126e-01	1.655601e-01	4.559016e-01	4.646251e-01	2.225623e-01	3.632190e-01	5.874032e-01	6.551920e-01
7.197551e-01	7.814994e-01	6.540670e-01	8.143397e-01	3.993356e-01	1.869753e-01	3.841760e-01	5.278733e-01	5.946193e-01	1.938085e-01	5.644320e-01	3.873291e-01	3.231642e-01	2.969983e-01	3.293877e-01	2.811856e-01	7.422212e-01	7.596553e-01	6.646603e-01	5.335874e-01
5.720999e-01	5.688305e-01	7.967846e-01	7.538543e-01	8.075134e-01	2.324479e-01	4.191735e-01	4.949998e-01	6.503237e-01	1.382104e-01	4.039672e-01	4.552963e-01	6.227829e-01	2.067975e-01	3.344542e-01	7.581394e-01	6.884943e-01	3.763757e-01	5.852094e-01	3.477373e-01
8.347079e-01	7.266637e-01	8.066876e-01	7.768470e-01	6.967407e-01	3.941069e-01	5.009125e-01	7.518302e-01	5.405889e-01	1.056775e-01	6.160024e-01	8.251688e-01	7.892669e-01	2.320603e-01	5.299251e-01	3.748182e-01	2.383663e-01	6.167877e-01	2.597253e-01	4.998154e-02
6.759404e-01	3.181908e-01	6.913815e-01	8.216950e-01	5.344045e-01	4.624244e-01	3.300176e-01	1.066297e+00	5.726433e-01	1.826058e-01	5.558893e-01	5.973353e-01	7.127161e-01	2.377890e-01	4.663582e-01	8.056729e-01	3.092098e-01	6.580725e-01	3.483857e-01	2.190453e-01
6.827765e-01	6.960401e-01	1.086424e+00	7.296725e-01	7.022997e-01	3.057648e-01	2.895588e-01	2.769671e-01	4.818094e-01	2.095574e-01	8.657550e-01	7.287696e-01	3.996782e-01	4.182355e-01	5.074146e-01	4.137505e-01	7.695307e-01	5.062265e-01	6.280755e-01	5.041038e-01
-2.868202e-01	1.086169e+00	1.633956e+00	5.075549e-01	1.019188e+00	-8.787812e-01	-4.997939e-02	-5.928293e-01	1.836217e+00	3.893646e-01	1.195731e+00	6.959761e-01	1.847039e-01	2.917284e-01	3.875794e-01	2.825648e-01	2.692369e-01	2.627767e-01	-3.794432e-01	1.772323e+00
1.307251e+00	7.219526e-01	2.957610e-01	6.858188e-01	8.179805e-01	4.321061e-01	1.036825e+00	4.728948e-01	9.576402e-02	6.385047e-01	6.915796e-01	-5.730295e-02	6.563892e-01	4.722381e-01	8.920302e-01	5.487654e-01	7.968592e-01	4.989176e-01	5.412806e-01	1.337380e+00
9.623974e-01	1.515491e+00	4.195053e-01	6.494161e-01	9.782084e-01	1.038265e+00	1.065881e+00	1.195519e+00	8.177146e-01	-1.873525e-01	5.524517e-01	1.953238e+00	1.317109e+00	7.078692e-01	4.526644e-02	8.262554e-01	4.070209e-03	8.134023e-02	7.292124e-01	1.259624e-01
4.380054e-01	8.650977e-01	5.575729e-01	7.209998e-01	2.200273e-01	3.410950e-01	6.385472e-01	1.369073e+00	5.467617e-01	4.234954e-01	8.695191e-01	1.141713e+00	1.203915e+00	5.332870e-01	4.131541e-01	1.298545e+00	2.831905e-01	7.852226e-01	4.395150e-01	-1.579555e-01
3.665010e-01	8.768929e-01	8.152925e-01	1.080510e+00	6.325579e-01	3.572237e-01	3.797532e-01	8.984664e-01	9.288354e-01	2.604536e-01	7.150789e-01	5.311380e-01	4.062136e-01	2.670413e-01	2.534586e-01	2.892422e-01	7.830634e-01	7.167842e-01	5.321453e-01	2.361625e-01
8.555490e-01	1.251503e+00	4.770117e-01	7.344220e-01	6.747229e-01	8.859523e-01	5.098541e-01	5.533386e-01	3.673085e-01	5.006909e-01	1.024674e+00	1.157488e-01	6.976362e-01	7.118226e-01	6.298139e-01	7.057010e-01	5.842823e-01	6.749332e-01	8.094673e-01	-3.544097e-02
6.351542e-01	3.494307e-01	7.193895e-01	8.596537e-01	7.607790e-01	4.459697e-02	2.773852e-01	6.247620e-01	7.658819e-01	2.896427e-01	6.787946e-01	9.158729e-01	6.565620e-01	1.609214e-02	6.560072e-01	3.825752e-01	9.165905e-01	6.484680e-01	1.035301e+00	7.435730e-01
2.505338e-02	4.715593e-01	7.099499e-01	5.540449e-01	6.160871e-01	-1.027640e-02	4.298463e-01	5.950647e-01	1.175541e+00	5.432444e-02	6.682143e-01	6.201168e-01	5.179702e-01	9.218383e-01	3.727746e-01	1.478053e+00	7.094787e-01	8.843640e-01	8.342349e-01	4.517726e-01
8.386154e-01	4.242282e-01	5.007970e-01	7.151061e-01	1.185097e+00	8.326403e-01	1.073303e+00	8.939646e-01	8.472648e-01	-1.942080e-02	9.786302e-01	3.327992e-01	5.972946e-01	3.999173e-01	5.339617e-01	4.250709e-01	6.318570e-01	9.614933e-01	2.395324e-01	3.289333e-01
4.426967e-01	1.966240e-01	2.243550e-01	1.111551e+00	1.047803e+00	2.861985e-01	5.312056e-01	1.386968e+00	1.679320e-01	7.009527e-02	7.528367e-01	8.659715e-02	8.544288e-01	4.968434e-01	6.210287e-01	-7.099786e-01	6.021095e-01	1.463828e+00	-2.073287e-02	-6.705335e-03
8.256354e-01	6.802234e-01	4.760062e-01	7.997058e-01	3.153322e-01	3.045446e-01	2.732111e-01	5.850534e-01	5.900851e-01	3.342079e-01	4.526179e-01	3.234761e-01	3.019352e-01	3.063362e-01	4.415717e-01	3.519937e-01	8.981405e-01	7.293885e-01	5.183875e-01	3.787715e-01
6.083076e-01	6.195534e-01	5.336657e-01	6.785652e-01	3.963218e-01	2.867594e-01	3.356421e-01	6.142314e-01	4.058126e-01	-1.157808e-01	5.839844e-01	5.235166e-01	4.309669e-01	1.649791e-01	4.469678e-01	7.537155e-01	5.649223e-01	4.037604e-01	6.576040e-01	5.636796e-01
6.859234e-01	8.907199e-01	2.232103e-01	7.230584e-01	7.980198e-01	2.651380e-01	5.648380e-01	5.569686e-01	7.970188e-01	3.483980e-01	2.594290e-01	1.362614e-01	4.331074e-01	1.566242e-01	2.826797e-01	2.374629e-01	7.685976e-01	6.818750e-01	7.008485e-01	3.974612e-01
8.127695e-01	4.599045e-01	8.189411e-01	7.382842e-01	8.008711e-01	9.369588e-01	6.309296e-01	7.488286e-01	1.261550e+00	4.187265e-01	6.695320e-01	9.962558e-03	1.038161e+00	6.045191e-01	4.066318e-01	9.602736e-01	5.660340e-01	1.607504e-01	-5.860358e-02	6.143623e-01
4.488192e-01	5.885031e-01	5.369339e-02	8.443782e-01	1.456989e+00	1.648016e-01	6.645465e-01	2.134310e+00	5.725225e-01	4.323858e-01	7.165948e-01	-2.718414e-01	8.056894e-01	9.482127e-02	3.771725e-01	1.163385e+00	1.456610e+00	1.436291e-01	3.590435e-01	7.884936e-01
8.423378e-01	3.947579e-01	7.913078e-01	8.100338e-01	5.603897e-02	6.714062e-01	4.485103e-01	1.676938e-01	2.366822e-01	7.005966e-01	6.450755e-01	3.041274e-01	6.502277e-01	9.203344e-01	-3.325493e-01	1.595031e-01	1.007455e+00	6.391884e-01	7.472942e-01	9.367357e-01
8.643405e-01	6.827869e-01	5.519162e-01	4.990065e-01	2.763261e-01	6.872749e-01	4.537540e-01	4.711688e-01	4.590147e-01	-2.816142e-01	6.094996e-01	4.678796e-01	4.512249e-01	3.514686e-01	3.910428e-01	7.720339e-01	3.676069e-01	1.968391e-01	7.494334e-01	4.928077e-01
7.872147e-01	8.012830e-01	2.758136e-01	8.097964e-01	4.285396e-01	3.026288e-01	6.062426e-01	4.873896e-01	5.847684e-01	3.381902e-01	3.284466e-01	5.313393e-01	5.523097e-01	3.148083e-01	4.307430e-01	3.606996e-01	8.219916e-01	5.402797e-01	8.780448e-01	5.045971e-01
8.052960e-01	1.091791e+00	9.645139e-01	7.635494e-01	6.577990e-01	6.709155e-01	7.332380e-01	4.119700e-01	2.173427e-01	9.429381e-01	2.788364e-01	2.958102e-01	4.224241e-01	1.006633e+00	-8.817659e-02	2.451639e-01	9.012635e-01	3.350591e-01	1.016611e+00	1.059793e+00
-1.658261e-01	3.481183e-01	9.972196e-01	5.994294e-01	8.742020e-01	-2.543808e-01	3.577888e-01	1.014089e+00	1.022371e+00	2.585037e-01	6.018355e-01	6.607809e-01	3.825399e-01	9.558376e-01	2.799412e-01	1.467715e+00	6.920553e-01	1.004126e+00	8.864957e-01	3.396716e-01
6.521494e-01	8.977628e-01	5.835512e-01	5.552301e-01	1.148852e+00	4.478577e-01	5.434818e-01	6.726699e-01	4.805633e-01	-1.540521e-01	5.827192e-01	6.478236e-02	6.855318e-01	6.046910e-01	7.500924e-01	1.105196e+00	9.471737e-01	5.022428e-01	4.065871e-01	3.176567e-01
8.090357e-01	2.819883e-01	6.117758e-01	9.373241e-01	7.844408e-01	4.501145e-01	3.906525e-01	8.424099e-01	4.785848e-01	1.952332e-01	3.865881e-01	8.814635e-01	4.720196e-01	3.869382e-01	3.164796e-01	3.755421e-01	6.156523e-01	8.942872e-01	5.660004e-01	-1.095068e-02
6.095921e-01	1.048851e+00	6.033551e-01	6.393294e-01	9.158000e-01	5.608109e-01	6.566930e-01	6.590455e-01	6.636726e-01	4.038295e-02	5.284885e-01	3.253918e-01	8.575748e-01	5.022837e-01	4.694944e-01	7.243555e-01	7.000260e-01	5.310657e-01	4.795117e-01	4.500251e-01
7.322202e-01	4.992837e-01	6.807447e-01	7.831258e-01	1.338664e-01	7.365756e-01	4.305530e-01	3.157644e-01	4.214406e-01	5.464386e-01	7.095091e-01	2.253458e-01	7.699378e-01	7.468455e-01	-2.644569e-01	3.204746e-01	9.188330e-01	9.486873e-01	5.824151e-01	5.163885e-01
2.613285e-01	3.872995e-01	2.218675e-01	2.035738e+00	2.946670e-01	2.326132e-01	8.943934e-01	1.680403e+00	-1.595592e-01	-3.520863e-02	2.389832e-02	1.297606e+00	6.325240e-01	2.278626e-01	3.356022e-01	3.546696e-01	4.154099e-01	1.297294e+00	4.443465e-01	5.139699e-01
4.522533e-01	8.857736e-01	7.797355e-01	4.880895e-01	3.163313e-01	1.088043e-01	3.482383e-01	5.348315e-01	1.084095e-01	5.437614e-01	9.465704e-01	4.003519e-01	5.562991e-01	5.786447e-02	3.502353e-01	3.545727e-01	7.488307e-01	7.415841e-01	7.386755e-01	2.437393e-01
8.715456e-01	5.251565e-01	4.736786e-01	1.093196e+00	6.971776e-01	6.196040e-01	1.311463e-01	5.953606e-01	6.839877e-01	4.807951e-01	6.215651e-01	9.967416e-01	5.822643e-01	1.497183e-02	3.331202e-01	5.545927e-01	3.591043e-01	7.916760e-01	8.605120e-01	2.930248e-01
7.423156e-01	7.973478e-01	4.906806e-01	7.974371e-01	3.680359e-01	2.880153e-01	3.738353e-01	4.713594e-01	6.394124e-01	3.082069e-01	4.143648e-01	3.955704e-01	2.914999e-01	3.274672e-01	2.428129e-01	2.507904e-01	8.218671e-01	6.983090e-01	8.822328e-01	4.117476e-01
7.265155e-01	8.041284e-01	4.694097e-01	7.777179e-01	3.636397e-01	2.549237e-01	5.995522e-01	5.117061e-01	6.552798e-01	2.106174e-01	5.149232e-01	5.012052e-01	5.853715e-01	2.529513e-01	2.617898e-01	2.935347e-01	8.033244e-01	5.603404e-01	9.824829e-01	3.590119e-01
8.094274e-01	8.052080e-01	4.232226e-01	8.062141e-01	3.874518e-01	3.235252e-01	7.007888e-01	5.599500e-01	6.030750e-01	2.517458e-01	4.555710e-01	4.848005e-01	4.706136e-01	3.230998e-01	4.768831e-01	3.849498e-01	8.335058e-01	4.989046e-01	8.710587e-01	4.696632e-01
-3.501931e-01	2.066606e-01	1.316811e-01	5.553933e-01	2.151247e+00	1.498362e-01	2.770036e-01	1.168808e+00	-1.415224e-01	1.048760e+00	6.901672e-01	7.058268e-01	1.230774e+00	1.414851e-01	6.337349e-01	9.145707e-01	1.511381e+00	9.088000e-01	1.633365e-01	2.207743e-01
5.072364e-02	8.044456e-01	7.577931e-01	8.767705e-01	1.196744e+00	-4.958265e-01	2.231843e-01	1.026521e+00	1.060058e+00	2.279584e-02	6.843632e-01	1.055636e+00	-8.026241e-03	8.877439e-01	3.107906e-01	1.439517e+00	1.090453e+00	7.269355e-01	8.525495e-01	2.961613e-01
5.728283e-01	4.030068e-01	7.702573e-01	9.007626e-01	8.763957e-01	4.815470e-02	4.678055e-01	5.458264e-01	7.140425e-01	4.650388e-01	5.627110e-01	1.020457e+00	6.410624e-01	6.862144e-02	6.841870e-01	4.340241e-01	8.097419e-01	8.891449e-01	1.171007e+00	8.873520e-01
5.631330e-01	5.454186e-01	1.136798e+00	1.354667e+00	3.871276e-01	9.213240e-01	4.787186e-01	5.251881e-01	7.102440e-02	3.429414e-01	9.320795e-01	8.405433e-01	8.176742e-01	7.868846e-01	-5.391607e-02	7.885294e-01	9.234555e-01	5.058355e-01	5.759339e-01	4.893186e-01
8.248523e-01	5.106674e-01	6.750314e-01	5.027681e-01	1.653253e-01	6.165423e-01	2.710525e-01	4.190723e-01	5.096417e-01	-3.665860e-01	6.994587e-01	4.207542e-01	3.375484e-01	3.232052e-01	2.650192e-01	6.177768e-01	4.150106e-01	1.211016e-01	9.747516e-01	4.471415e-01
7.151569e-01	6.148022e-01	9.088028e-01	7.270289e-01	6.044913e-02	8.800897e-01	1.499929e-01	1.893190e-02	4.104979e-01	7.165868e-01	5.743102e-01	2.695429e-01	8.686820e-01	9.309654e-01	-4.826600e-01	-1.596297e-02	1.040626e+00	1.041970e+00	6.012250e-01	7.745473e-01
5.729911e-01	9.366184e-01	8.690955e-01	1.131766e+00	5.549419e-01	2.226145e-01	4.581222e-01	8.178444e-01	1.106300e+00	2.572373e-01	9.681348e-01	4.789676e-01	6.090401e-01	2.969179e-01	2.649172e-01	2.396100e-01	9.072661e-01	8.508866e-01	5.545136e-01	3.165143e-01
6.702788e-01	3.033582e-01	6.395847e-01	8.898347e-01	7.497233e-01	-9.442769e-02	3.151641e-01	6.411878e-01	6.222411e-01	5.595137e-01	5.918012e-01	1.000708e+00	6.815925e-01	4.465185e-03	7.082758e-01	5.113072e-01	7.297703e-01	6.576948e-01	9.400943e-01	7.671286e-01
7.626929e-01	8.514748e-01	6.572007e-01	9.134889e-01	4.805589e-01	2.394416e-01	4.315394e-01	5.621806e-01	6.427504e-01	2.745388e-01	5.240683e-01	3.696211e-01	3.167614e-01	3.786485e-01	4.170438e-01	3.013125e-01	7.603886e-01	7.409250e-01	4.956424e-01	4.521531e-01
8.882267e-01	8.057316e-01	2.985290e-01	7.500894e-01	4.447513e-01	3.057996e-01	6.419734e-01	5.159979e-01	6.627081e-01	3.732320e-01	3.696564e-01	3.582633e-01	5.148222e-01	2.628853e-01	3.755962e-01	3.405313e-01	8.689609e-01	6.181042e-01	8.634146e-01	5.304344e-01
7.671454e-01	4.822102e-01	8.314518e-01	9.581094e-01	6.345605e-02	7.697244e-01	6.506192e-01	3.574904e-01	5.990318e-01	5.419689e-01	8.214441e-01	2.629695e-01	9.345498e-01	7.779415e-01	5.506517e-02	3.960558e-01	9.710013e-01	1.126976e+00	7.416350e-01	4.530902e-01
2.731535e-01	1.621134e-01	2.942197e-01	5.167605e-01	1.917429e+00	1.278449e+00	6.327617e-01	1.313003e+00	4.032631e-01	2.462147e-01	3.345920e-01	3.872730e-01	4.085712e-01	1.097475e+00	1.228062e-01	8.303391e-01	1.158139e+00	3.348896e-01	7.278753e-01	-1.118482e+00
9.747320e-01	6.713908e-01	2.857177e-01	7.119218e-01	5.924346e-01	4.326596e-01	5.789923e-01	4.298855e-01	5.161464e-01	4.590922e-01	1.846827e-01	2.262460e-01	5.398290e-01	2.839027e-01	4.031808e-01	2.170585e-01	8.372558e-01	5.797445e-01	8.671232e-01	7.201795e-01
9.398061e-01	4.629878e-01	8.749162e-01	8.843884e-01	9.239589e-02	7.113443e-01	6.453749e-01	2.951877e-01	4.533610e-01	6.063668e-01	6.603985e-01	2.732984e-01	9.053641e-01	8.444503e-01	-1.967609e-01	2.467635e-01	9.671180e-01	1.090765e+00	7.007496e-01	6.212245e-01
8.967115e-01	8.016782e-01	5.259290e-01	8.187444e-01	3.046751e-01	3.330420e-01	4.880593e-01	4.300477e-01	3.729779e-01	4.593690e-01	4.126186e-01	3.749674e-01	3.437045e-01	5.191607e-01	5.323587e-01	1.841196e-01	8.151439e-01	5.382273e-01	8.596974e-01	6.668035e-01
7.966505e-01	7.755986e-01	6.374932e-01	7.786769e-01	4.334033e-01	3.594768e-01	4.776869e-01	6.046848e-01	4.422230e-01	3.684284e-01	6.145085e-01	2.846695e-01	3.334749e-01	4.199248e-01	4.285413e-01	2.810258e-01	8.037095e-01	8.043992e-01	5.433700e-01	5.220608e-01
7.509770e-01	8.843979e-01	5.263558e-01	9.307462e-01	5.560085e-01	1.344771e-01	3.688458e-01	5.338778e-01	6.520384e-01	1.685705e-01	4.516661e-01	4.603189e-01	4.303402e-01	2.826883e-01	4.308912e-01	3.227217e-01	8.952481e-01	7.523778e-01	5.418082e-01	4.242491e-01
7.334381e-01	1.092503e+00	2.128262e-01	6.508954e-01	3.404524e-01	8.761651e-01	3.494191e-01	1.947407e+00	-5.808643e-03	6.568383e-01	4.625257e-02	8.503702e-01	7.483255e-01	-3.908797e-01	8.028021e-01	5.559822e-01	7.021310e-01	3.431081e-01	3.467245e-02	4.617446e-01
8.532670e-01	6.943858e-01	4.040215e-01	7.621034e-01	1.668267e-01	2.735995e-01	5.805389e-01	5.917789e-01	5.442129e-01	2.159595e-01	5.403503e-01	4.463241e-01	5.292158e-01	3.023597e-01	4.173223e-01	3.310706e-01	8.674614e-01	4.666164e-01	9.491583e-01	3.843664e-01
-2.327700e-02	6.118709e-01	1.805471e+00	5.017134e-01	6.469532e-01	7.074422e-02	5.800304e-01	2.825321e-01	1.518169e+00	4.216393e-01	9.676387e-01	3.096789e-01	2.984962e-01	3.905643e-01	-6.264014e-02	5.855979e-01	5.070500e-01	1.499514e-01	-7.532829e-01	1.308675e+00
1.445150e+00	-1.445700e-01	2.501000e-01	3.990230e-01	6.990237e-02	5.702859e-01	-1.330304e-02	6.141187e-01	2.176795e-01	-2.677634e-01	1.037448e+00	5.289129e-01	4.796625e-01	4.194342e-01	3.742001e-01	1.018082e+00	5.254669e-01	2.281505e-01	1.044277e+00	5.955249e-01
6.811723e-01	4.392028e-01	6.907628e-01	9.191847e-01	7.150398e-01	-6.062784e-02	2.252678e-01	6.486480e-01	6.860271e-01	5.938590e-01	5.521914e-01	1.012045e+00	5.387644e-01	6.948899e-02	5.487721e-01	3.937249e-01	8.016582e-01	5.762150e-01	1.069700e+00	7.695516e-01
7.117045e-01	7.307470e-01	4.104690e-01	7.607374e-01	3.501232e-01	3.061270e-01	4.662728e-01	5.194678e-01	6.427246e-01	3.397849e-01	4.081754e-01	3.683509e-01	5.517859e-01	2.695338e-01	2.736072e-01	2.656302e-01	7.716345e-01	7.200384e-01	8.505136e-01	4.035799e-01
5.092789e-01	7.359612e-01	1.203324e+00	1.149537e+00	5.993472e-01	3.650086e-01	3.076056e-01	1.670635e-01	1.963798e-01	3.855086e-01	7.242643e-01	6.184566e-01	4.358061e-01	5.551067e-01	4.072323e-01	1.029437e-01	6.181343e-01	6.886540e-01	6.089958e-01	4.588020e-01
7.692577e-01	1.152563e+00	7.160072e-01	6.204263e-01	8.815534e-01	5.324555e-01	6.016970e-01	7.143885e-01	6.835794e-01	-6.878381e-02	6.181544e-01	3.038437e-01	8.246779e-01	3.385740e-01	5.485032e-01	8.066520e-01	7.099127e-01	4.385323e-01	4.109412e-01	3.669033e-01
2.545942e-01	1.131984e-01	9.378757e-01	1.581423e+00	2.790553e-01	3.438312e-01	6.335143e-02	7.957606e-01	2.745003e-01	5.114571e-01	9.293564e-01	1.078019e+00	9.665471e-01	5.612859e-01	-1.256037e-02	4.875104e-01	7.999865e-01	7.256787e-01	9.922602e-01	6.398020e-01
4.626209e-01	8.430549e-01	1.090798e+00	7.358505e-01	7.399184e-01	-3.083586e-01	7.713339e-01	-8.037159e-02	7.900816e-01	1.197451e+00	1.022332e+00	5.351894e-01	2.957279e-01	3.401295e-01	6.288812e-01	1.189421e-01	-2.988534e-01	6.773223e-01	-3.533538e-01	1.209486e+00
8.065283e-01	8.611219e-01	8.621171e-01	7.527737e-01	1.156087e-01	6.609438e-01	3.733227e-01	3.543178e-01	6.771781e-01	-3.758024e-01	5.272969e-01	4.617287e-01	4.570013e-01	1.043227e-01	4.950657e-01	4.101984e-01	3.793066e-01	4.034040e-01	7.181131e-01	1.774812e-01
-5.364022e-01	6.691764e-01	8.964863e-01	7.327544e-01	7.406147e-01	8.040051e-01	3.786435e-01	3.930540e-01	1.397232e+00	5.208985e-01	5.110941e-01	1.038770e+00	3.840519e-01	8.339777e-01	5.964400e-01	7.769240e-01	7.929675e-01	4.281643e-01	5.674893e-01	3.599982e-01
8.618197e-01	8.084515e-01	7.325414e-01	7.727663e-01	6.668181e-01	6.338183e-01	7.320732e-01	4.138794e-01	1.265802e-01	9.224199e-01	3.336516e-01	2.543583e-01	4.214667e-01	9.480254e-01	1.665727e-01	4.338198e-01	5.584277e-01	4.145859e-01	8.502200e-01	9.993973e-01
6.726360e-01	4.570368e-02	4.763024e-01	8.587673e-01	8.880375e-01	4.407594e-01	5.105645e-01	8.269382e-01	9.351525e-01	2.885112e-01	7.856088e-01	5.418878e-01	8.517942e-01	6.789987e-01	5.463519e-01	4.031777e-01	3.241265e-01	7.919486e-01	2.313092e-01	5.601989e-01
6.947849e-01	3.559933e-01	8.108110e-01	9.523640e-01	3.302983e-03	2.542593e-01	4.062184e-01	6.978982e-01	-5.206422e-01	2.280178e-01	3.363078e-01	9.354190e-01	7.170972e-01	8.383392e-01	-2.488638e-01	9.036418e-01	1.015195e-01	7.460101e-01	6.388196e-01	6.733295e-01
-1.798705e-01	-1.079919e-01	-1.077657e+00	7.783359e-01	3.350021e+00	1.168873e+00	-1.235128e-01	1.623646e+00	2.749659e+00	1.168449e+00	1.011614e+00	1.035626e+00	1.220246e+00	1.068402e+00	-1.680814e-01	2.726608e-01	2.170492e+00	6.531958e-01	-3.037201e-01	-1.907211e-03
3.918075e-01	5.943180e-01	1.201325e+00	1.068214e+00	4.839375e-01	1.505138e-01	2.613446e-01	5.466002e-01	6.239462e-02	3.304360e-01	1.337528e+00	7.696863e-01	4.656931e-01	5.139204e-01	7.697991e-02	1.972712e-01	7.781091e-01	6.206649e-01	7.050540e-01	2.352857e-01
6.489286e-01	3.880345e-01	7.232685e-01	9.370708e-01	8.484108e-01	7.376634e-02	3.614208e-01	5.741278e-01	7.953614e-01	3.590726e-01	6.795111e-01	9.464180e-01	6.905752e-01	5.388605e-02	6.157561e-01	3.750910e-01	9.545029e-01	7.773990e-01	1.218556e+00	8.014879e-01
