-2.888202e+00	1.753479e+00	2.417929e-01	2.794754e+00	9.463695e-01	9.143109e-01	7.112479e-02	-5.060757e+00	-2.365185e+00	-1.191592e+00	-4.227995e-03	-1.398184e+00	5.114381e-01	8.092866e-01	2.866338e+00	1.000304e+00	2.582951e+00	4.017435e+00	2.078938e+00	-2.875427e-01
4.761020e+00	1.218491e+00	3.222235e+00	1.097362e+00	1.614099e-01	2.440785e+00	2.014140e+00	4.414491e+00	1.996284e+00	3.243137e-01	1.465409e+00	6.980087e-01	6.257731e-01	-2.172179e+00	-5.983095e-01	-3.788837e+00	-1.161794e+00	-4.967639e-01	-3.807929e+00	1.551505e+00
-2.362967e+00	5.759039e-01	-2.249791e+00	2.408613e+00	3.932317e+00	-3.049570e+00	9.434009e-01	-1.592059e+00	4.636710e+00	-4.773727e+00	-3.190350e+00	2.063533e-01	2.291744e+00	3.253110e+00	-6.567320e-01	1.249904e+00	8.093808e-01	-4.212446e-01	3.440652e+00	5.034003e+00
3.278542e+00	9.755581e-02	1.014030e+00	3.186837e+00	2.998192e+00	1.902020e+00	4.736007e+00	-7.760386e-01	-4.219446e-01	-4.514612e+00	2.007236e+00	3.370903e-01	-6.433522e-01	2.996727e+00	-1.552332e+00	-2.191903e+00	2.194219e+00	8.653633e-01	4.283758e-01	-4.011590e+00
-7.659450e-01	1.182245e-01	-1.567579e+00	9.318537e-01	3.406323e+00	-6.815699e-01	6.918952e-01	-1.678627e+00	-8.145118e-01	-6.271104e-01	-2.189742e-01	2.816631e+00	-5.590017e-01	7.862428e-01	9.158680e-01	2.417855e+00	1.791540e+00	-1.427975e-01	-3.013396e-01	1.730626e+00
-3.082322e-01	-1.727378e+00	-6.241627e+00	4.219093e-01	3.659033e+00	3.278728e+00	2.601960e+00	-1.961892e+00	2.570965e-02	-1.012988e+00	-3.663360e+00	-9.190331e-01	-7.777760e-01	-6.285988e+00	1.458913e+00	2.785979e+00	2.666051e+00	-7.147860e-01	3.393530e+00	-2.542566e+00
5.023163e-01	2.724470e-02	-2.040650e+00	5.087042e-01	-1.998220e+00	1.699957e+00	-3.597769e+00	-6.205068e+00	4.351810e+00	-2.878363e+00	5.778616e+00	3.380610e+00	-2.847669e+00	-5.723110e-01	2.344566e+00	1.727834e+00	2.921814e+00	3.430861e+00	-3.652671e+00	-1.900001e+00
1.926829e+00	-3.287322e+00	-2.590695e+00	7.616599e-02	4.728498e+00	-1.148470e+00	3.496703e+00	1.691932e+00	9.325398e+00	1.796240e-01	-6.506412e+00	-1.006553e+00	3.659241e+00	-4.835460e+00	1.884888e-01	-1.659106e+00	-2.659857e+00	3.759811e+00	6.061718e+00	3.727285e+00
-6.237879e-01	5.113739e+00	-2.119274e+00	7.760005e+00	-2.725793e+00	1.854679e+00	3.114883e+00	-5.536871e+00	-4.364705e-01	-3.336572e+00	-9.713934e-01	-2.299589e+00	1.017447e+00	2.691614e+00	1.802141e+00	2.517134e+00	3.807690e+00	-1.735268e+00	9.231677e-01	-6.911731e-01
-2.409348e-01	4.411732e+00	-2.259979e-01	-7.002230e-01	8.003397e-01	-2.388924e+00	-3.186406e+00	1.135178e+00	5.491475e-01	-2.798155e+00	1.221090e-01	4.160322e+00	-1.327350e+00	-4.668115e-03	3.584124e+00	-1.370396e+00	-6.989582e-01	-1.751033e+00	1.874990e+00	-1.795655e+00
-1.235255e-01	-1.337543e+00	-7.378142e-01	-1.183024e+00	1.505410e-01	3.564212e+00	-1.364638e+00	-1.254481e+00	1.247229e+00	-2.300132e+00	1.168953e+00	-6.245345e-01	-4.242069e+00	-9.847767e-01	1.643243e+00	1.034470e+00	1.158113e-01	4.931049e+00	-6.154108e-01	2.875949e+00
-6.496532e+00	-7.984330e+00	3.840378e+00	-6.726735e+00	1.653861e+01	-4.524308e+00	2.439984e+00	-3.418955e+00	1.692939e+00	8.700270e+00	-1.137657e+01	-1.224149e+00	8.281684e+00	-5.519999e+00	-6.730366e+00	2.921540e+00	1.354712e+00	2.931297e+00	4.417148e+00	8.755877e+00
5.486641e+00	-8.204468e-01	5.369449e-01	-3.223623e+00	4.907396e+00	3.515276e+00	4.219520e+00	1.481074e+00	-2.031324e-01	6.083356e-01	4.174845e-02	-6.766233e-01	1.701384e+00	-2.279654e+00	2.242116e+00	4.330414e-01	2.136065e+00	-1.333093e+00	5.192924e-02	-2.559707e+00
1.085706e+00	2.446306e+00	-5.620339e+00	-4.927626e-01	-2.158932e+00	-1.084829e+00	-6.307572e+00	9.686220e-02	6.829539e+00	7.068423e-01	2.147368e+00	-5.913529e-01	-3.856544e+00	-1.839321e+00	4.863686e+00	2.910752e+00	-2.950541e+00	3.302345e+00	-5.116733e-01	2.160614e+00
-4.939961e-01	-4.816833e+00	1.585147e+00	-1.178299e+00	-1.870445e+00	1.378885e+00	9.700654e-01	-3.343627e-01	-2.366162e+00	5.458580e-01	-2.665167e-01	4.334301e-01	-1.224659e+00	2.140991e+00	4.915467e+00	2.567126e+00	-7.867891e-01	1.128840e+00	3.025728e+00	-3.388173e-01
-1.369257e+00	2.000628e+00	4.272591e+00	-6.808551e-01	1.497679e+00	-2.665751e+00	1.094571e+00	-1.869466e+00	1.776127e+00	-3.352505e-01	-7.257447e-01	6.175459e-01	2.680904e-01	1.910764e+00	1.205502e+00	4.526986e+00	-4.249913e+00	-1.703431e+00	3.387203e+00	6.286811e+00
-3.628058e+00	6.675693e+00	1.228609e+00	8.120542e+00	-9.006220e+00	1.741444e+00	-6.648802e+00	1.830348e+00	-8.185955e+00	4.033697e-01	2.105290e+00	-4.644982e-01	-4.036669e+00	-3.051624e+00	5.827731e+00	2.784068e+00	-1.155303e+00	8.496076e+00	-3.436550e+00	1.171168e+00
-3.862221e+00	1.755546e+00	1.094002e+00	5.409650e+00	-1.028392e+00	-1.568551e+00	2.676657e+00	-5.165005e+00	2.032741e-01	2.545558e+00	9.750117e-02	-1.145958e+00	2.215975e+00	3.181807e+00	-6.908425e-03	5.345430e-01	5.500624e-01	8.637866e-01	-6.635604e-02	9.142568e-01
4.138583e-01	3.705920e+00	-1.030168e-01	5.242356e+00	-3.046022e+00	2.003895e+00	-3.056900e+00	5.780112e+00	3.212277e+00	-1.614535e+00	-2.748522e+00	-8.072266e-01	4.458913e+00	-1.507702e+00	1.026923e+00	-2.590808e+00	-4.191212e+00	3.348862e-01	6.368563e-01	1.028442e+00
3.098880e+00	3.101595e+00	4.667901e+00	-8.159688e-02	6.872721e-01	2.326412e+00	-4.461202e+00	7.203833e+00	5.327172e+00	1.659147e+00	-2.929686e+00	-2.926512e+00	8.749804e+00	-1.677776e+00	1.177086e+00	-1.190410e+00	-5.380088e+00	-3.402602e+00	9.848830e-01	1.570820e+00
-9.976208e-02	7.923243e-01	-1.219729e+00	-1.070744e+00	-2.483866e+00	5.570033e+00	9.146689e-01	2.544078e-01	-7.737811e-01	1.489750e+00	-1.555484e+00	-5.111802e-01	-1.044743e+00	4.270991e-02	1.329754e+00	1.582324e-02	-1.658527e+00	1.846488e+00	-1.458063e+00	1.884509e+00
1.303227e+00	-1.073916e+00	3.404695e-02	-6.168088e-01	-1.228377e+00	2.562229e+00	1.477658e+00	2.767652e+00	5.998286e-01	-1.537356e+00	1.646352e+00	-7.446252e-01	-1.321417e+00	-2.259706e-01	2.071019e+00	-1.858941e-01	5.286382e-02	5.502534e-01	1.376244e+00	2.487491e+00
-1.076043e-01	6.673605e-01	3.017646e+00	6.521245e+00	3.002917e+00	1.815002e+00	-1.890907e-02	5.133565e-01	-3.075107e+00	3.650622e+00	-1.571707e+00	-2.457514e+00	3.790215e+00	-3.157856e+00	-5.946421e-01	-2.020063e-01	-1.353723e+00	-2.179817e-01	-1.341026e+00	3.083972e+00
-2.775246e+00	3.317063e+00	-3.276952e+00	5.795495e+00	-1.751770e-01	2.836751e+00	-5.559202e+00	-2.182974e+00	5.481646e+00	-6.217298e+00	-1.082341e+01	-5.243303e+00	2.171550e-01	-2.905324e-02	2.132485e+00	4.733791e+00	1.531748e+00	6.642585e+00	1.110583e+00	4.117234e+00
1.284093e+00	1.736669e+00	-1.198081e+00	3.054988e-01	2.040137e+00	7.314945e-01	1.239895e-01	8.398722e-01	-2.135568e+00	4.135121e-02	5.491332e-01	1.794361e+00	-6.707888e-01	1.314853e+00	-7.485944e-01	-7.950830e-01	1.595972e+00	-6.278521e-01	-5.784482e-01	-2.121594e-01
-2.630548e-01	-2.073556e+00	1.564492e+00	-1.769622e+00	-2.678376e+00	3.782826e+00	-1.172627e+00	1.528034e+00	2.627172e+00	1.463628e+00	-4.532359e-01	2.623718e+00	-1.022432e+00	2.268813e+00	3.427870e-01	-2.121184e+00	1.699906e-01	-2.704119e+00	-9.349184e-01	8.731831e-01
6.096280e+00	-4.744094e+00	2.604082e+00	-1.152239e+01	-2.570434e+00	-2.693582e+00	6.174926e+00	6.736184e+00	7.098520e+00	-1.511509e+00	3.319859e+00	-7.500315e+00	-7.309127e+00	-2.861949e+00	5.806399e+00	8.674567e+00	-6.619424e+00	8.250883e+00	7.554813e+00	4.909164e-01
-1.861198e+00	-2.472866e+00	2.031962e+00	-3.141849e+00	2.306477e+00	-1.494250e+00	5.591664e+00	-1.744186e+00	-4.451034e+00	4.940496e+00	1.672615e+00	2.275354e-01	2.698946e+00	4.340885e+00	-2.252605e-01	-2.653624e-02	3.168559e-01	-1.284469e+00	5.019306e+00	1.267328e+00
-4.481989e+00	3.593993e+00	5.222003e-01	2.719961e+00	3.965857e-01	-1.862524e+00	3.415934e+00	-2.624205e+00	-1.837395e-01	4.525143e+00	1.547662e+00	-5.449684e-01	3.305317e+00	-4.135280e+00	-1.639514e+00	6.401089e-02	2.915157e+00	-2.245927e+00	-5.425273e-02	-5.689173e-01
-1.445419e+00	-1.267321e+00	-2.913386e-01	-2.316195e+00	2.078308e-01	5.909813e-01	3.081990e+00	1.982769e+00	-6.537229e-01	9.492967e-01	1.269492e+00	2.570993e+00	-2.016418e+00	-3.589927e-01	-1.805559e+00	6.363423e-01	6.906501e-01	2.303495e-01	5.080307e-01	3.478989e+00
1.759038e+00	1.997459e+00	-3.239179e+00	4.931992e+00	-3.947454e+00	-3.402400e+00	-2.204531e+00	1.172966e-01	-1.741543e+00	4.871305e+00	3.761663e-01	6.180034e+00	7.709892e+00	1.766890e+00	4.215327e+00	6.479471e-01	-1.728722e+00	8.005093e+00	1.421220e+00	-1.261123e-01
-6.408955e-02	-4.182406e+00	9.395790e-01	-5.664517e+00	2.570590e+00	9.803981e-01	2.715736e+00	1.873390e+00	2.048097e+00	8.112391e-01	-7.752665e-01	-2.742812e+00	-3.191702e-01	-5.132747e+00	4.263496e-01	3.040241e+00	-1.578625e+00	3.075318e+00	2.867286e+00	3.059011e+00
-4.371306e+00	3.943395e+00	1.152953e+01	4.687602e-01	4.954196e+00	2.071757e+00	3.607948e+00	-4.758625e+00	-6.107929e+00	-4.090383e+00	-3.584422e-01	-7.145669e+00	2.681091e+00	8.782956e-01	-3.062170e-02	8.339742e+00	-4.753695e+00	6.149336e+00	-1.743268e+00	3.244169e+00
-1.705975e+00	-2.910656e+00	1.135318e+00	3.080203e+00	2.522033e-01	1.294482e+00	5.259770e+00	-2.482764e-02	-1.157000e+01	4.750774e+00	1.711635e+00	1.255475e+00	-2.667448e+00	2.430500e+00	-7.928534e-01	9.411551e-02	-3.613998e+00	7.644509e+00	-1.086849e+00	4.539125e+00
1.556539e+00	1.062341e+00	-4.047634e+00	-2.539911e+00	2.169868e+00	2.083452e+00	1.275535e+00	3.006959e+00	-3.326199e+00	3.741666e+00	-4.188727e+00	-7.271227e-01	-1.061566e+00	-8.649131e-03	2.858270e+00	2.374280e-01	1.389604e+00	-1.865289e-01	3.223261e+00	7.022175e-01
1.489549e+00	3.412103e-01	9.849355e-01	-3.842818e-01	1.414714e+00	1.403227e+00	3.164098e+00	-1.599104e+00	1.246930e+00	-2.061089e-01	-1.939896e+00	1.540869e+00	2.428435e+00	4.217224e-01	4.884390e-01	-3.085282e+00	-3.989027e-01	8.918866e-01	3.199443e+00	-2.392954e+00
1.308538e+00	-2.931532e+00	-7.662493e-01	3.232171e-01	7.948079e+00	-1.982845e+00	2.048656e+00	1.153397e-01	-1.779349e+00	-4.740085e+00	2.838458e+00	4.839687e-01	-6.268695e-01	1.633889e+00	-1.284493e+00	-1.668021e+00	3.641176e+00	3.933496e+00	1.496661e+00	-1.688088e+00
-2.908831e-01	1.886830e-01	8.675325e-01	2.618983e-01	1.069158e+00	1.326376e+00	1.173807e+00	1.120152e-01	1.366639e+00	-2.352991e-02	1.531235e+00	8.463660e-01	-2.287087e-01	-7.087141e-01	7.321127e-01	-4.687275e-01	-7.988027e-01	1.863345e+00	2.096587e+00	6.253930e-01
-8.244102e-01	5.740756e-01	5.657197e-01	-7.363107e-01	-3.322756e+00	-1.831177e+00	9.206215e-01	2.939713e+00	-1.660674e-01	1.998615e+00	2.274249e+00	7.415766e-01	-1.795775e+00	-5.429845e-01	3.344091e-01	1.016850e+00	-6.610029e-01	6.862530e-02	3.133321e+00	1.226549e+00
-1.475204e+00	-7.775263e+00	7.224391e+00	-2.766611e-01	-2.503286e+00	1.361013e+00	-9.105963e+00	1.087551e+00	2.589148e+00	8.424018e+00	3.655609e-01	3.702286e+00	2.315641e-01	9.453949e-01	-1.022485e+00	-3.002230e+00	2.452442e+00	-1.803002e+00	-2.471892e+00	6.044707e-01
-2.117286e+00	4.226064e-01	7.467581e-01	-1.292699e+00	1.743317e+00	1.509139e+00	-2.652088e+00	-2.109525e-01	4.156343e-01	-1.459750e+00	-1.488708e-01	2.186132e-01	1.982847e+00	1.681084e+00	1.305030e+00	9.194678e-01	2.611647e+00	-3.385169e+00	7.514626e-01	-3.252677e-01
-2.112805e+00	4.882125e+00	-2.478395e+00	7.566994e-01	-4.808734e+00	5.378926e+00	5.052498e-01	2.222577e+00	-2.136158e+00	5.775544e-01	-3.948412e+00	3.752115e+00	-7.239039e-01	6.586017e+00	1.931702e+00	-4.042362e+00	4.752600e-01	-2.983368e+00	3.347846e-01	-8.304070e-01
4.387950e+00	2.619783e+00	-3.632748e+00	-5.115015e-01	1.768554e+00	7.222522e+00	3.315153e-01	-5.627894e-01	8.660876e-01	-2.050760e+00	-3.615817e+00	-2.514824e+00	-5.361286e-01	-4.494140e-01	3.782362e+00	-8.904983e-01	2.178741e+00	3.013714e-01	2.646708e-01	-2.235111e+00
8.406073e-01	-1.313699e+00	4.970533e+00	-6.209745e-01	4.473249e-01	-1.773386e+00	1.451393e+00	1.217940e-01	1.426501e+00	1.711316e+00	1.145144e+00	1.748512e+00	1.675390e+00	5.506232e-01	-2.817039e+00	2.323405e+00	3.910668e-01	-1.982851e-01	1.006320e+00	2.261613e+00
2.204429e+00	2.574419e+00	-3.655046e-01	2.717155e+00	6.012691e+00	6.856984e-01	2.312505e+00	2.262339e+00	-5.365356e+00	1.203835e-01	-1.800022e+00	5.993636e-01	-1.301246e-01	-1.963300e+00	-5.516676e-02	8.124187e-01	2.218578e+00	-6.325860e-01	-2.599154e+00	3.348268e-01
-3.777244e-02	1.033350e-01	2.535269e+00	-3.552870e-01	-2.764464e-01	5.857530e-01	2.562932e-01	9.404779e-01	7.584324e-02	1.559199e+00	1.644747e+00	1.267864e+00	1.419724e-01	9.399285e-01	-4.767106e-01	-6.294743e-01	-1.120246e+00	1.582209e+00	2.229450e+00	7.021186e-01
-4.553069e-01	6.255964e-02	5.981863e-01	-2.509576e+00	1.042508e+00	1.495739e+00	1.420337e+00	-1.296652e-01	-1.380766e-02	1.873039e+00	-7.252270e-01	1.327824e+00	-4.366010e-01	1.178732e+00	1.166835e+00	-4.025864e-01	5.092978e-01	2.670916e-01	1.696181e-01	1.383831e+00
4.175313e+00	-2.105910e+00	1.196006e-01	-1.360050e-01	-6.541233e-01	2.480965e+00	8.826496e-01	-3.681939e-01	-3.236841e+00	3.819714e+00	4.693435e+00	4.567741e+00	-1.745629e+00	1.972662e+00	-1.766487e+00	-1.877718e+00	-6.705096e-01	3.274912e+00	-1.326386e+00	-8.738187e-01
-5.034626e-01	-3.032064e+00	4.189510e-01	-3.237420e-01	-5.662402e-01	-2.008675e+00	-4.801644e+00	1.415303e+00	4.315826e+00	5.751466e+00	-3.734926e-01	3.384386e+00	-4.440430e-01	-1.967585e+00	-1.888670e+00	1.541306e-02	1.129917e+00	-2.020648e+00	-1.207657e+00	3.965070e+00
3.206671e+00	9.375745e-02	-1.638606e+00	-3.671103e+00	-6.331759e-01	2.785935e+00	3.430046e+00	9.658945e-01	-1.392064e-01	-1.029721e+00	-1.705270e+00	-2.606032e+00	-2.628112e+00	-2.398528e+00	3.098768e+00	3.321763e+00	-1.673711e-01	6.408339e-01	3.146334e+00	3.176269e-01
-4.713483e+00	3.596140e-01	1.415823e+01	-7.225159e+00	2.411342e+00	-3.731543e+00	2.025517e+00	-6.691142e-01	7.222031e-01	7.082229e-01	4.299479e+00	-5.579691e+00	5.811976e+00	6.727819e-01	-3.579698e+00	2.750627e+00	2.738303e+00	-5.435053e-01	-9.302551e-01	-1.084836e+00
-1.114313e+00	-5.223806e-01	-2.678595e-01	-2.031543e+00	-4.107864e-01	1.692267e+00	-1.280104e+00	7.906278e-01	3.373401e+00	-1.824017e+00	-1.004188e+00	-1.629938e+00	-3.783485e-01	8.883387e-01	2.433444e+00	4.004838e-01	1.068728e+00	-1.508294e+00	4.365119e+00	2.229920e+00
-1.664867e+00	4.706280e+00	-4.057330e-01	4.217336e+00	-1.377390e+00	-2.518026e-01	-2.665010e+00	3.024212e+00	4.001353e+00	4.803973e+00	1.939011e+00	-1.827388e+00	2.911825e+00	7.568485e-01	-9.786336e-01	-7.807052e-02	-4.869357e+00	2.854859e+00	-4.240072e+00	3.607909e+00
-6.301286e-01	-7.658357e-01	7.205849e-01	-1.249657e+00	2.887195e+00	1.966123e+00	7.336075e-01	-1.064332e+00	-2.626141e-01	-1.011797e-01	1.976056e-01	1.487749e+00	-4.718653e-01	9.944392e-02	-1.978529e-01	1.662097e+00	1.278249e+00	-1.176036e+00	-1.693058e+00	2.422366e+00
-5.504069e-01	6.704902e-01	-7.788378e-01	1.273053e-01	-1.046182e-01	2.109141e+00	-7.267354e-01	-2.616191e+00	-1.574382e+00	1.361724e-01	-1.197358e+00	1.252257e-01	-1.961374e-01	2.937289e-01	3.466179e+00	2.569819e+00	1.858153e+00	2.168887e-01	5.411865e-01	-4.256449e-01
1.239738e+00	-1.774870e+00	-2.368775e+00	3.025490e+00	-1.947500e+00	9.481454e-01	-1.978509e-01	-3.226980e-01	6.776184e+00	-3.294753e+00	-5.172929e-01	3.851972e+00	-7.907032e-01	-3.408506e-01	1.168961e+00	-6.604530e+00	1.824112e+00	4.463018e+00	-5.146692e-01	-1.204912e+00
6.332894e+00	8.635489e+00	-3.613157e+00	1.251251e+01	-1.660822e+00	1.954332e+00	5.781629e+00	1.114373e-01	-7.541092e-01	-3.186222e+00	4.662502e+00	4.870713e+00	6.317869e+00	1.566789e+00	1.305364e+00	-8.267257e+00	2.669162e+00	-4.879831e+00	-3.278460e+00	-7.179364e+00
4.603694e+00	1.107597e+00	2.099230e+00	-7.322081e-01	3.165366e+00	1.492467e+00	-1.769913e+00	2.102467e+00	9.534168e-01	3.752058e-01	-9.899537e-01	8.145464e-01	-1.642048e+00	2.248899e+00	-5.791101e-01	5.980797e-02	-1.939490e+00	1.418465e-01	9.873583e-01	-1.309840e+00
5.008172e+00	-3.552185e+00	-1.710876e+00	6.732558e-01	1.021555e+00	-3.010861e+00	-4.060785e-01	5.052325e+00	1.519103e+00	1.846122e+00	1.884497e+00	3.268208e-01	-2.490710e+00	-8.419433e+00	-8.005712e-01	1.227339e+00	4.944574e+00	-2.879606e+00	3.935021e+00	1.045133e+00
-5.226096e-01	1.098562e+00	5.778528e-01	-5.932304e-01	1.075179e+00	-6.019232e-01	1.637519e+00	-9.849974e-01	-2.929709e-01	8.171140e-01	6.859832e-01	1.087125e+00	-1.564561e+00	-1.021799e+00	8.205055e-01	1.458134e+00	1.598387e-02	3.045430e+00	-6.431271e-01	1.326691e+00
1.790396e+00	1.741940e+00	-6.872281e-01	1.301445e+00	1.408671e+00	1.802565e+00	2.710365e+00	1.109536e+00	-5.028919e-02	3.940050e+00	-2.826400e+00	1.616442e+00	1.508783e+00	-5.562314e+00	7.712550e-02	5.358028e-01	-3.539577e+00	-1.079486e+00	2.167007e+00	-7.325793e-01
1.996438e-02	-1.813415e+00	4.540802e+00	6.812423e-01	8.239980e-01	9.173035e-01	4.234411e+00	-1.128398e-01	-2.752850e+00	4.113282e+00	3.326684e+00	8.369234e-01	2.160362e+00	2.773611e+00	-1.366939e+00	-1.791642e+00	-2.240675e-01	-3.297461e+00	3.881791e-01	4.947916e-01
4.589521e+00	4.761074e-01	3.521632e-01	5.849632e+00	-1.667522e+00	-1.143867e+00	-1.532932e+00	1.832045e+00	1.801289e+00	-4.808062e+00	5.085052e+00	-3.178545e-01	-1.940851e+00	3.382056e+00	1.924516e-02	6.043141e+00	-1.265695e-01	2.087437e+00	-1.849183e+00	-1.520079e+00
1.143576e-01	3.933812e+00	4.844950e-01	1.126690e+00	2.261717e-01	-2.386980e-01	-6.990018e-01	2.859966e+00	2.990521e+00	-1.208177e+00	2.071874e+00	-6.585057e-01	3.333052e+00	7.597626e-02	-7.535426e-01	-8.213772e-01	-1.780343e+00	3.874246e+00	-2.637473e+00	1.504657e+00
2.368817e+00	3.595890e+00	7.920844e-01	3.136893e+00	-2.472427e+00	1.341126e+00	6.566494e+00	4.436306e+00	-1.890847e+00	-3.106843e+00	3.692587e+00	2.450464e+00	4.061866e-01	-4.071448e+00	-6.362885e-01	1.055520e+00	-2.007621e+00	-2.810345e+00	5.425039e-01	-1.630342e-01
-8.815363e+00	1.987805e+00	5.846582e+00	5.250113e+00	-2.291064e+00	-3.113700e+00	-1.287234e-01	6.754517e+00	1.647022e+00	-5.422096e+00	2.187836e+00	-1.225977e+00	5.876022e+00	6.631033e-01	-1.596998e+00	-2.790398e+00	-4.431648e+00	1.391193e+00	1.546362e+00	5.301775e+00
-2.228587e+00	1.207837e+00	-5.779707e-02	-2.570990e+00	6.378034e-01	9.282836e-01	1.939842e+00	5.192887e+00	-1.437733e+00	2.367360e+00	-2.951283e+00	-7.894469e-01	3.548136e+00	-5.145154e-01	2.174877e+00	-1.343067e+00	6.355974e+00	-5.611561e+00	3.443399e-01	-9.428532e-01
2.948099e-01	8.423067e+00	2.060602e+00	6.815256e-01	-6.021775e+00	3.602909e+00	-1.463570e+00	-2.609768e+00	8.678324e-01	3.042626e+00	-4.281708e+00	-3.593761e+00	9.482849e-01	2.263874e+00	8.029014e+00	-4.632051e-01	-6.823148e-01	7.075766e+00	-3.504781e+00	-9.832783e-01
9.676853e-01	-6.498973e-01	-4.153792e-01	-2.620543e+00	-1.393916e-02	2.867259e+00	-3.218610e+00	4.315633e-02	2.138987e+00	1.314502e+00	-8.780598e-01	1.411495e+00	-1.024464e+00	2.502504e+00	1.474450e+00	-4.017310e-01	2.742942e+00	-6.692892e-01	-5.831802e-02	-2.333473e-01
8.407430e+00	-2.468226e+00	5.977240e+00	-4.418767e+00	3.203723e+00	4.105357e+00	-2.508524e+00	7.770661e+00	1.687173e+00	4.640352e+00	6.910562e-02	-9.713560e-01	6.133667e-01	-1.310311e+00	-1.333218e+00	-2.078590e+00	-2.400052e+00	-3.579971e+00	1.220230e+00	-1.598434e+00
1.431969e+00	1.386345e+00	6.685176e+00	3.095065e-01	1.819734e+00	1.133102e+00	-1.729943e+00	5.267159e+00	1.975197e+00	8.942595e-01	-2.441652e+00	-1.694236e+00	6.604726e+00	5.431328e-01	1.106781e+00	-1.574797e+00	-3.372564e+00	-5.658711e-01	6.591753e-01	1.198310e+00
1.444572e+00	2.594207e+00	-1.102910e+00	1.855984e+00	1.293645e+01	1.462262e+01	-1.507573e+00	-4.917472e+00	-9.797260e+00	4.972399e+00	-4.374473e+00	-3.487913e+00	1.220453e+01	1.889163e+00	8.822668e+00	-7.409711e+00	1.628594e+01	-1.052422e+01	-1.185404e+01	-1.609526e+01
-3.129956e+00	2.515725e+00	-2.253774e-01	5.353959e+00	-3.832857e+00	1.845067e+00	-6.069896e+00	9.364833e-01	4.748285e+00	-4.056998e+00	-4.008060e+00	-3.326756e+00	1.280490e-01	-6.910699e-01	3.282432e+00	3.347989e-01	1.117745e+00	3.569108e+00	3.399245e-01	1.928101e+00
-1.831723e+00	6.917082e-01	-3.356466e-01	3.637206e+00	1.471746e+00	4.175177e+00	1.130326e+00	-1.604568e+00	-2.246876e+00	-8.710458e-01	-7.352301e-02	4.084565e+00	2.646998e+00	7.085358e-01	8.052239e-01	-5.469894e+00	2.634561e+00	2.176411e+00	-6.406003e-01	-2.065874e+00
-2.022518e+00	-2.441746e+00	-3.557289e+00	1.141057e+00	1.366807e+00	-2.576256e-01	1.968614e+00	-2.209722e+00	-1.146471e-01	8.445422e-01	-3.174497e+00	3.438150e+00	3.221884e+00	-3.662068e-01	1.305525e+00	1.380696e-01	1.991627e+00	7.416787e-01	1.044038e+00	1.289178e+00
1.013199e+00	-1.267990e+00	2.101053e+00	-1.770263e+00	1.238307e+00	-2.116281e-01	3.308213e+00	3.138381e-01	-9.255156e-01	2.304990e+00	-1.171939e+00	5.122148e-01	-2.787109e-01	3.100243e+00	1.214047e+00	9.563020e-01	-2.127623e-01	1.162143e+00	4.088119e+00	1.591899e+00
-9.845747e-01	-2.118172e+00	2.636964e+00	-2.095008e+00	-7.020900e-01	3.091702e-03	-4.598432e-01	5.984848e-01	-5.883389e-01	2.306220e+00	-1.647434e+00	-6.835927e-01	-1.037555e+00	2.700732e+00	-1.846344e-01	1.318584e+00	1.876914e+00	1.282724e+00	3.153559e+00	1.572465e+00
2.367827e+00	-1.400549e+00	-2.454968e+00	4.273553e-01	1.959591e+00	2.766082e+00	-1.373979e+00	-2.677018e-02	3.312580e+00	-7.964919e-01	-8.954544e-01	2.024934e+00	-7.989635e-01	-1.995962e+00	-5.252248e-02	-7.895322e-01	6.168510e-01	-6.782876e-01	2.279638e-01	2.578494e+00
5.706061e-02	-1.584726e-01	-2.237644e+00	4.997175e-01	9.781127e-01	3.458157e+00	7.738719e-01	6.790040e-01	6.479351e-01	-4.660045e-01	-2.362312e+00	5.963638e-01	-5.608931e-01	7.333503e-01	9.462019e-02	1.465369e+00	-1.765149e-01	-1.362628e-01	-2.337543e-01	3.673408e+00
2.160315e+00	2.596092e+00	1.720821e+00	2.090782e+00	-1.660109e-01	7.598834e-01	-1.396532e+00	2.541881e-01	5.285347e+00	-2.556163e+00	-2.564319e-01	-4.826503e-01	-9.953856e-01	2.019808e+00	-1.482260e+00	1.668725e+00	-1.598181e+00	-1.030025e+00	7.820107e-01	1.099857e+00
2.710116e+00	-6.566483e-01	4.470238e-01	6.417140e+00	1.667617e+00	-1.561901e-01	1.494647e+00	-1.946000e+00	-3.184183e+00	-1.240279e+00	5.460506e-01	1.750333e+00	-2.207731e+00	4.136956e+00	1.314903e+00	-2.277414e+00	4.621062e+00	6.737490e+00	6.189600e-01	-2.491414e+00
1.377387e+00	-7.191860e-01	2.897303e+00	-8.668593e-01	2.557346e-01	6.772921e-01	6.851792e-01	6.731513e-01	2.616698e+00	1.303882e+00	-1.107835e+00	5.474427e-01	-5.281107e-01	1.765076e+00	-2.451087e+00	8.938343e-01	-9.737559e-01	3.959351e-01	1.841435e+00	2.069596e+00
-1.528523e-01	-5.017646e-01	1.054026e+00	1.501642e+00	-1.667632e+00	1.857887e+00	-7.840453e-01	1.688505e+00	2.050198e+00	1.321465e+00	-1.002747e+00	-8.441238e-01	3.131492e-01	1.385612e+00	-1.770950e+00	1.279546e+00	-5.817335e-01	1.761894e-01	1.832494e+00	2.781487e+00
6.320470e-01	-7.103999e-01	4.487913e-01	-2.213057e+00	-2.014922e-01	4.745378e+00	2.016096e+00	-1.788983e+00	-1.268312e+00	1.534672e+00	-3.123411e+00	-2.241995e+00	-3.138955e+00	-2.420920e+00	5.015861e+00	-3.788886e-01	-9.252414e-01	6.913387e+00	-1.251913e+00	-1.025026e+00
-9.350258e-01	5.905218e+00	4.187855e-01	4.818014e+00	3.488341e+00	4.675351e+00	9.390551e+00	3.550960e-01	-4.909405e+00	-1.302080e+00	-1.299617e+00	-1.953335e+00	6.606288e+00	1.503818e-02	-1.285552e+00	-3.636309e+00	8.769334e-01	-4.263219e+00	-3.896741e-01	1.339432e+00
2.259063e+00	1.806655e+00	-3.144404e+00	2.746993e+00	4.691414e+00	7.385927e+00	1.392596e+00	-1.128693e+00	1.520147e+00	-2.595443e+00	-5.963561e+00	-3.947557e-01	2.235797e+00	4.610894e-01	-4.302387e-01	-9.666446e-01	1.984780e+00	-1.691077e+00	-1.458881e+00	9.005126e-01
-1.124022e+00	1.025314e+00	-2.395648e+00	6.668935e-01	4.383290e-01	4.904917e+00	2.154287e+00	-3.895967e-01	9.789813e-02	-1.442878e+00	-1.490624e+00	3.209526e-01	2.175690e-01	1.608264e+00	7.391395e-01	4.846344e-01	-7.798113e-01	-6.672112e-01	2.951945e-02	2.007372e+00
8.872342e+00	4.192245e+00	-3.175554e+00	-8.513309e-02	-3.967483e+00	-1.101844e+00	1.561924e+00	1.527407e-02	5.087917e+00	-5.509888e+00	7.172671e+00	-2.244125e+00	-1.444461e+00	6.507339e+00	1.164961e+00	2.984530e+00	6.694232e+00	-3.374244e+00	8.390642e-01	-4.988508e+00
1.471012e+00	-1.167120e+00	3.889591e+00	1.448467e+00	-9.315909e-01	-2.120402e+00	2.420904e+00	1.518095e+00	-5.692312e+00	2.135256e+00	-7.824655e-01	1.484737e-01	6.229083e+00	-1.563365e+00	8.030599e+00	-6.790139e-01	9.115788e+00	8.659560e-01	9.230911e-01	6.074806e-01
-4.084427e-02	1.249473e+00	2.441675e+00	2.111364e+00	2.534500e+00	2.950379e+00	-1.655239e-01	8.343653e-01	5.754815e+00	-1.567890e+00	-1.552623e+00	-2.459289e+00	2.707054e+00	2.122844e+00	-2.824710e-02	-1.760812e+00	-4.600068e+00	1.755755e-01	2.004202e-01	2.532270e+00
1.448569e-01	-1.317010e-01	4.389896e+00	-2.738705e+00	-9.634805e-01	3.752525e-03	-2.103665e+00	6.213464e-02	-8.210261e-02	1.094960e+00	4.576713e+00	-3.247971e-01	-2.205061e+00	-2.771257e+00	2.346643e+00	2.629763e+00	-2.098444e+00	3.220664e+00	2.531329e+00	9.276798e-01
-1.043203e+00	-2.423564e+00	2.066419e+00	-2.353916e+00	-1.970424e+00	2.793052e+00	-1.656728e+00	1.321916e+00	2.378986e+00	7.697573e-01	-1.340402e-01	1.010862e+00	-4.813954e-01	1.689152e+00	6.776492e-01	2.417850e-01	-8.647909e-02	-2.276379e+00	5.222522e-01	1.915727e+00
2.847956e+00	5.052106e+00	1.948704e-01	4.166231e+00	2.672626e+00	-1.640852e+00	1.053156e+00	1.996213e+00	-1.156792e+00	3.474056e+00	2.228376e+00	5.664277e+00	-4.087589e+00	-2.956838e+00	-2.239270e+00	3.111432e-01	-3.242112e+00	7.101012e-01	-4.752969e+00	6.434422e-01
3.251955e+00	4.489644e+00	-5.712718e+00	8.495238e-01	6.690445e+00	-6.265079e+00	3.056202e+00	1.526915e+00	-3.936455e+00	1.694281e+00	-2.103770e+00	5.595313e+00	6.944305e-01	-5.456171e+00	1.131171e+00	-1.033460e+00	5.080196e+00	3.074419e+00	3.633500e+00	3.591509e-01
1.936374e+00	2.971541e+00	2.990126e+00	1.238928e+00	5.136259e+00	1.627713e-01	-1.907371e-01	1.315219e+00	4.884321e+00	-2.597616e+00	-8.230613e-01	-5.556234e-01	4.294137e+00	1.481464e+00	-2.860041e-01	-1.202211e-01	-1.277507e+00	-2.261144e+00	1.197521e+00	8.741588e-01
1.567369e+00	-1.919530e+00	-3.185027e+00	6.707612e-01	6.409083e+00	3.071743e+00	5.271726e-01	-1.045331e+00	-5.646833e+00	6.098108e+00	-4.197088e+00	2.209380e+00	1.260877e+00	-3.403970e+00	-5.786648e-01	-1.756225e+00	3.093208e+00	6.321037e+00	-1.936126e+00	-2.920758e+00
-2.125478e+00	-8.504818e-01	-2.221414e+00	1.650357e+00	3.279139e+00	5.796526e-01	-2.421951e+00	-1.724277e+00	4.445141e-01	-2.274945e+00	-3.824352e+00	-7.786886e-01	1.372446e+00	1.585506e+00	2.426875e+00	-1.517875e+00	3.342000e+00	4.601879e+00	3.771357e+00	-1.322920e-01
-3.011340e+00	2.833718e-01	-2.197802e+00	1.671520e+00	-1.828581e+00	2.574943e+00	-2.162937e+00	1.080447e+00	2.492584e+00	-2.709138e+00	-2.053178e-01	1.340424e-02	8.235362e-01	2.041424e-01	1.373477e+00	3.886962e-01	-1.260502e+00	1.419153e+00	1.047484e+00	3.084807e+00
3.958444e+00	2.313249e+00	-6.022574e+00	3.951154e-01	9.147027e+00	-7.201655e+00	3.789651e+00	5.329468e+00	-3.160212e+00	-6.657901e+00	1.908632e+00	8.946464e+00	-2.713761e-01	-5.910092e+00	-3.575017e+00	2.017945e+00	5.133144e+00	-3.265904e+00	1.638727e+00	-1.378743e+00
-1.134373e+00	-4.033155e+00	3.824997e-02	-3.022731e+00	-3.475811e+00	4.240965e-01	-2.039513e-01	-2.936957e-01	-1.287173e+00	2.390627e+00	1.730703e+00	4.911446e+00	-3.080643e+00	3.513217e+00	4.080857e-01	1.858676e-01	-1.255240e-01	3.341056e+00	2.000828e+00	6.840466e-01
1.870530e+00	1.020208e+00	1.902719e+00	9.460300e+00	-7.642682e-02	-5.821834e+00	-1.012919e+01	5.580667e+00	1.188050e+00	2.136720e-02	3.542414e+00	2.738648e+00	5.434837e+00	-9.116700e+00	3.559162e+00	-5.915498e+00	1.967561e+00	5.240329e+00	-6.043421e+00	-2.547703e-01
3.988117e+00	-3.575637e-01	-1.560691e+00	-1.182668e+00	-3.674020e-01	7.232936e+00	3.342888e+00	2.804751e+00	-1.454709e+00	-5.098962e-01	-1.134550e+00	-1.187148e+00	-1.153922e+00	-1.142514e+00	2.797365e+00	-3.116170e-01	1.329445e-01	2.031480e+00	9.407121e-01	-1.085906e+00
4.791158e+00	-7.750236e-01	8.360114e+00	9.926422e-01	2.156309e+00	8.532079e-01	9.227952e-02	5.574721e+00	1.033772e+00	2.512589e+00	1.907336e+00	-2.465117e+00	6.015562e-01	2.023114e+00	-7.185060e-01	-6.588443e-01	-5.336832e+00	8.021134e-01	8.484844e-01	1.218893e+00
-2.149742e+00	1.156129e+00	8.164470e-01	1.487918e+00	-2.321943e-01	2.227189e+00	1.452592e+00	5.691479e-01	1.397590e+00	-9.541440e-01	-3.921055e-01	8.644324e-01	-7.317544e-01	4.305288e-01	2.863129e+00	-2.719975e-01	-8.340378e-01	5.796987e-01	-9.736602e-01	5.856219e-01
-3.673669e+00	-1.499739e+00	1.324051e+00	5.169387e-01	-1.823437e+00	2.947501e+00	-2.261698e-01	3.281750e+00	-1.639922e+00	-5.447452e+00	2.776293e-01	-9.066551e-02	3.921484e-01	-1.011318e+00	-1.121104e+00	-5.463674e-01	-7.328027e-01	2.245095e+00	3.790317e+00	2.843514e+00
-1.651974e+00	-1.043192e+00	2.245923e-01	3.035133e-01	1.419466e+00	8.805143e-01	2.099851e+00	-1.829824e+00	1.491485e+00	1.542980e-01	-4.470319e+00	8.367985e-01	1.399189e+00	2.610062e+00	-2.801381e-02	-3.960740e-01	3.907428e-01	4.904579e-02	3.724523e+00	-1.781655e+00
1.598478e+00	-3.425720e-01	3.494441e+00	1.558289e+00	-3.583005e+00	3.668308e+00	2.283012e+00	3.526015e+00	-6.021346e-01	2.796599e+00	1.393338e+00	-3.710444e+00	1.505276e+00	6.587860e-02	3.963864e+00	-5.510327e+00	-6.924016e-01	-2.375697e-01	-1.420444e-01	-2.478971e+00
5.583903e-01	3.031993e+00	3.966027e+00	3.287220e+00	-2.696344e+00	1.599864e-01	-1.248577e+00	-5.003001e+00	-1.134977e-01	1.300050e+00	3.695506e+00	5.620308e+00	-2.848884e+00	3.958983e-01	2.142187e+00	1.574133e-01	-7.375201e-01	3.532015e+00	-5.484771e+00	2.554843e+00
-8.466538e-01	-4.042595e-01	-2.316470e-01	-2.462566e+00	-4.394535e-01	-1.783104e+00	1.638155e+00	-9.905679e-01	1.274113e+00	2.430087e+00	3.006025e+00	1.921025e+00	2.698740e+00	-2.523145e+00	-1.172950e+00	1.907638e+00	2.389580e+00	2.622915e+00	1.374050e-01	-1.569054e+00
2.240426e+00	4.914904e+00	7.212612e+00	6.423295e+00	3.113897e+00	-1.923209e+00	-5.507351e+00	3.076930e+00	-2.876795e+00	-3.880343e+00	5.684459e+00	-2.181057e+00	2.576185e+00	1.536148e-01	4.467344e+00	-3.212148e-02	3.294937e+00	2.778104e+00	-4.676926e+00	-5.817310e+00
-3.871512e-01	-3.013297e+00	2.628841e+00	-3.514747e+00	-2.750657e+00	3.506618e+00	-1.599154e+00	2.389082e+00	2.964152e+00	3.566697e-01	8.178489e-01	7.958597e-01	-1.325504e+00	7.180181e-01	8.126584e-01	4.581134e-02	-1.017418e+00	-3.238215e+00	-7.082262e-02	1.051878e+00
1.220461e+00	1.342369e+00	4.165039e+00	2.944706e+00	-1.182663e+00	-6.602017e-01	2.915216e+00	-5.154450e-01	-2.477061e+00	3.234601e+00	3.518292e+00	-2.306377e-01	1.785688e-01	-9.260491e-01	8.256861e-01	-4.694770e-01	-6.170976e-01	6.815188e-01	-1.721729e+00	2.196952e-01
-8.066379e-01	-2.082711e+00	-1.945728e+00	-3.476229e+00	1.798384e+00	3.073130e+00	5.013134e-01	4.697054e+00	7.075942e-02	1.089158e+00	-4.222748e+00	1.475776e+00	1.230663e+00	1.881155e-01	1.372767e+00	-1.160398e+00	2.598676e-01	-6.122161e+00	6.910008e+00	2.112701e+00
2.599889e+00	3.120664e+00	-5.052335e+00	7.434952e+00	5.829972e+00	-2.014538e+00	6.791504e+00	1.398471e+00	7.403311e-01	1.429378e+00	-4.390529e+00	3.849281e+00	2.539759e+00	-2.314631e+00	-4.032557e+00	-9.499491e-03	-5.385689e-01	9.023253e-01	-4.556675e+00	3.489319e+00
-1.481258e+00	4.174695e+00	4.935200e-02	2.906975e+00	-2.008846e+00	-7.837598e-01	-8.005921e+00	2.570018e-01	1.724823e+00	1.056292e+00	3.266786e+00	-1.259448e+00	3.629501e+00	-2.663210e+00	2.369384e+00	2.464119e-01	-1.130127e+00	3.222696e+00	-4.254676e+00	-1.152272e+00
-4.357568e+00	-3.669690e+00	-5.273850e+00	4.315676e+00	3.952989e+00	-2.798809e+00	-1.599776e+00	-1.077175e+00	-9.786769e-01	1.785004e+00	-2.472013e+00	2.665727e+00	3.622708e+00	-1.092067e+00	3.104252e-01	-1.764386e+00	4.786987e+00	1.698143e+00	3.776393e+00	1.476205e+00
2.805363e+00	-1.359952e+00	-1.680889e+00	-1.056052e+00	2.149957e+00	4.320248e-01	-2.081762e+00	-2.318284e+00	6.179453e-01	-4.153337e-02	3.060378e+00	2.418195e+00	-1.397139e+00	-3.035330e-01	-9.708773e-01	5.045758e+00	2.905976e+00	-1.277547e+00	1.843351e+00	-1.265919e+00
-8.267367e-01	3.318450e+00	2.166432e+00	5.059830e+00	-2.148555e+00	-2.287425e+00	-3.206866e+00	4.970214e+00	-4.455217e-01	-6.410869e-01	2.030204e+00	2.571373e+00	2.894326e+00	-1.566122e-01	2.241455e+00	-5.560968e+00	1.307596e+00	1.913503e+00	-9.170735e-01	-2.291518e+00
-4.375677e+00	2.727840e+00	-3.993604e+00	1.059544e+00	-9.577544e-01	-1.857958e-01	5.804661e-02	4.595018e+00	2.242586e+00	1.270676e+00	-3.510403e+00	-1.713434e+00	-2.343684e+00	-1.659866e+00	1.341154e+00	1.186251e-01	1.411197e+00	-1.229381e+00	9.292465e-01	5.720427e-02
6.575159e-01	-1.780594e-01	3.126337e+00	5.700309e-01	2.713872e+00	4.706271e+00	1.290166e+00	4.385675e+00	-4.476387e+00	1.105574e+00	-4.255899e+00	-5.541960e+00	-1.639568e+00	2.034219e+00	1.969299e+00	1.383648e+00	-1.205611e+00	7.494942e+00	-6.032028e-01	1.347905e-01
6.451562e-01	4.440673e+00	-3.897626e+00	7.595816e+00	-3.778799e-01	7.163173e-01	-8.814806e+00	7.114738e+00	6.059271e+00	-4.488328e+00	5.794858e+00	8.582560e-01	2.022315e+00	-2.422070e+00	-4.987008e+00	4.047327e+00	-1.996442e+00	-1.969337e+00	-5.793101e+00	2.794846e+00
-1.423815e+00	4.240025e+00	-4.982569e-01	4.341779e+00	-3.838845e+00	1.689239e+00	-8.938711e-01	4.345051e+00	2.380559e+00	-5.685035e-01	8.244756e-02	2.772545e-01	3.955533e+00	-2.411081e+00	7.967355e-01	-3.262622e+00	-5.697441e-02	6.669035e-01	-3.328700e+00	-9.370859e-01
9.062600e-01	-1.315819e+00	-1.352829e+00	1.090626e+00	-1.939596e+00	1.781563e+00	1.430550e+00	7.729358e-01	4.611640e-01	3.741655e-01	2.894457e+00	3.863209e+00	-2.495471e+00	1.443650e+00	-3.303478e-01	-1.586670e+00	1.935460e+00	-2.656840e+00	-1.701348e+00	-1.681827e-01
-1.838461e+00	-3.924370e-01	1.562215e+00	4.295624e-01	3.929533e+00	-2.562369e-01	1.910535e+00	3.030834e-01	-2.660341e+00	-6.017344e-01	2.509107e+00	1.648197e+00	-9.379351e-01	9.106629e-01	-1.171653e+00	1.710249e+00	1.105844e-01	2.776342e-01	1.080856e+00	2.742428e-01
3.251075e+00	2.553955e+00	4.156328e+00	4.719078e+00	-4.528445e+00	2.047196e+00	2.736300e+00	2.439698e+00	-1.526927e+00	-2.631056e+00	6.441206e+00	-1.515199e+00	-2.272627e-01	4.302511e+00	-4.024557e-01	-2.054902e+00	-9.115818e-01	-1.197611e+00	-3.767411e-01	-1.124407e+00
4.522367e+00	2.043336e+00	-8.513837e+00	-3.713820e+00	1.731607e+00	8.545185e+00	6.922176e+00	1.160600e+01	-3.160985e+00	6.380806e-01	-7.286876e+00	-5.019665e+00	5.728503e+00	1.953509e+00	1.578808e+00	-5.643953e+00	2.034597e+00	-3.258221e+00	5.134149e+00	-2.045510e+00
6.386890e-01	2.162847e+00	3.462404e+00	1.521104e+00	3.162446e+00	1.347025e+00	-2.181800e-01	-3.365941e-02	4.004956e+00	-1.519850e+00	-1.424766e+00	-1.586736e+00	2.880969e+00	3.260966e+00	-7.388495e-01	1.974523e-01	-6.875288e-01	-4.433349e-01	1.115238e+00	5.838972e-01
6.132545e-01	5.055979e+00	-3.110462e+00	1.599380e+00	5.826230e+00	-3.618131e+00	3.147888e-01	1.069821e+00	-2.679448e+00	-5.142298e-01	2.878674e+00	9.988575e-01	1.763275e+00	-1.359065e+00	-9.812046e-01	3.689368e+00	-4.504895e-01	-1.002367e+00	3.584015e-01	2.905853e+00
-1.296689e+00	1.085445e+00	2.053288e+00	-2.721019e+00	3.675768e+00	3.257711e+00	4.274709e+00	1.228425e-01	1.739320e+00	-1.088018e+00	-2.554784e+00	-2.577731e+00	1.423489e+00	-2.666221e+00	-1.487025e+00	3.757507e+00	-1.887925e+00	4.517835e-01	1.333198e+00	2.426768e+00
1.548955e+00	1.721413e+00	1.119818e+00	8.282481e-01	-1.980379e+00	-1.489353e+00	-2.362179e+00	-1.615722e-01	1.937971e+00	2.081644e+00	-7.780728e-01	-8.557521e-01	-5.470598e-02	-3.284466e+00	5.134696e+00	1.617852e+00	-2.584333e-01	3.422821e+00	-7.761826e-01	4.097200e-01
6.756634e-01	-7.333076e-01	1.913318e+00	-6.252081e-01	-2.695989e+00	3.882486e+00	-2.815688e-01	2.872260e+00	-1.553919e+00	-2.043408e+00	4.701751e+00	1.492553e-01	1.573219e+00	-2.900440e+00	-1.086875e+00	3.341545e+00	4.164442e-01	2.573981e+00	-1.460929e+00	-1.193352e+00
2.847294e+00	3.689583e+00	-3.232541e+00	-9.412780e-01	3.520561e+00	-1.716487e+00	1.680738e+00	1.286130e+00	-2.356244e+00	3.135958e-01	-8.246856e-01	3.200014e+00	-7.245558e-02	-3.282345e-02	1.316383e+00	-6.962191e-01	2.590697e+00	-1.661776e-01	1.675829e+00	-1.158890e+00
-9.346137e-02	-5.482305e-01	-1.817771e+00	-9.995724e-01	-2.038089e-01	2.320983e+00	1.488459e+00	7.255053e-01	7.937230e-01	1.537093e+00	-1.157908e+00	2.633586e+00	-2.767881e-02	1.024914e+00	4.391616e-01	-9.494105e-01	1.509282e+00	-2.126981e+00	2.565920e-01	2.451094e+00
5.197057e+00	1.420696e-01	1.229397e+00	-3.881757e+00	7.231647e+00	2.299156e+00	7.840211e-01	1.664075e+01	-8.178955e+00	5.791116e-01	-6.238336e-01	-6.092149e+00	3.794755e+00	-8.994880e+00	-4.008803e+00	-7.679246e-01	5.322446e-02	-2.960187e+00	3.638717e+00	9.152599e-01
1.002410e+00	1.946288e+00	4.405329e+00	3.048500e+00	-2.540877e+00	6.539946e+00	-5.544005e+00	1.120346e+00	2.735379e+00	1.633318e+00	-3.848443e+00	3.187503e-01	-8.418975e-01	-1.074220e+00	1.535538e+00	-1.038135e+00	-1.453216e+00	-2.123880e+00	-4.857325e+00	3.026768e+00
9.962614e-01	-5.764379e-01	-4.651583e+00	5.245805e+00	6.208240e-01	3.909049e+00	1.146729e+00	-3.175611e+00	2.184483e+00	-3.234904e+00	-3.009605e+00	2.482725e+00	-4.171339e+00	2.292969e+00	-1.165884e-02	-4.025235e+00	4.279692e+00	4.619139e+00	-1.897078e+00	-9.153584e-01
2.063918e+00	3.509017e+00	7.829855e+00	-3.900481e+00	-1.916943e+00	4.001957e+00	-4.677820e+00	8.704663e+00	4.483107e+00	3.048034e+00	-2.904682e+00	-4.173076e+00	7.665269e+00	-4.545854e+00	5.686363e+00	-4.133861e+00	-5.562889e+00	-2.554708e+00	1.751011e+00	-1.049362e+00
-1.041589e+00	3.026631e+00	1.658559e+00	-1.514440e+00	4.945522e-01	-1.227665e+00	-7.307852e-02	-5.829660e-01	3.444364e+00	4.745082e+00	2.246862e+00	4.096781e+00	2.399893e+00	-2.863472e+00	-4.143216e-01	-2.821268e+00	-6.641820e-01	-4.577732e-01	-1.333102e+00	-6.661369e-01
5.366831e-01	-4.215530e-01	7.975494e-01	-2.765867e-01	-1.875275e+00	-1.720566e+00	6.905058e-01	-8.052875e-01	1.933566e+00	-9.120836e-01	4.434472e+00	2.184963e+00	-7.718307e-01	1.353660e+00	-7.686562e-01	2.015260e+00	-7.620585e-02	1.063870e+00	9.914485e-01	1.572786e+00
1.453101e-01	2.162516e+00	1.622740e+00	-8.321792e-01	1.650170e+00	8.196140e-01	1.194210e+00	-1.138495e+00	-2.839892e-02	-8.189485e-01	1.910166e+00	1.381065e-01	1.997639e-01	6.733867e-01	1.427936e-01	1.585381e+00	5.477651e-01	8.650787e-01	1.516342e-02	1.584379e+00
1.055601e+00	1.625646e+00	2.779437e+00	1.563027e+00	2.530675e+00	5.491138e-01	5.521069e-01	1.803259e-01	6.195988e+00	-1.647124e+00	-9.435321e-01	-6.523837e-01	4.502052e+00	-9.504537e-01	-3.963761e-01	-8.435788e-01	-2.641994e+00	-4.760782e-01	1.694286e+00	9.367924e-01
9.131859e-01	6.150927e-01	1.966369e+00	6.287247e-01	2.203065e+00	9.776241e-01	-1.136713e-01	-3.143136e-01	1.187048e+00	1.255558e+00	9.299300e-02	8.132343e-01	-7.785749e-01	-7.605645e-02	1.093595e-01	1.485888e+00	-1.947310e-01	9.366393e-01	-1.310693e+00	6.709479e-01
5.060302e+00	2.501621e+00	-1.835494e+00	-2.557281e+00	2.563781e+00	8.854158e+00	3.318951e+00	-3.515594e-02	-1.389594e+00	-2.369555e+00	-5.291972e+00	1.126256e+00	3.762204e+00	3.720011e+00	5.633192e+00	1.195422e-01	2.407385e+00	-5.969988e+00	-4.540856e-01	-1.996100e+00
-2.737006e+00	2.821404e+00	-5.228578e-01	-2.695618e+00	1.049220e+00	-1.855575e+00	3.453364e+00	1.260542e+00	-1.822125e+00	5.384774e+00	6.698718e-01	-3.220494e-01	2.834037e+00	4.430026e+00	6.054576e-01	1.367134e+00	-4.295730e+00	-3.054217e+00	4.481469e+00	3.748543e+00
2.435134e+00	4.286764e-01	-6.195443e-01	6.908007e+00	6.221964e+00	5.261824e+00	1.229259e+00	7.631131e-02	3.596464e+00	-9.293641e+00	-7.984380e+00	-5.514885e+00	-2.630823e+00	4.656739e+00	-5.286658e+00	8.205540e+00	-1.120549e+00	3.671964e+00	-3.216710e-02	7.873581e+00
8.207081e+00	-1.763593e+00	7.680728e-01	-3.444646e+00	4.521162e+00	-2.135947e+00	8.692697e+00	1.383553e+00	-4.861333e+00	1.547024e-01	4.144566e+00	2.734248e+00	-8.075100e-01	3.192384e+00	2.779643e+00	3.358033e+00	7.730088e-01	1.865364e+00	2.474818e+00	-1.241286e+00
-1.034703e+00	-2.183599e-01	-1.861667e+00	-2.429342e+00	7.819101e-01	1.518484e+00	-1.268290e+00	-1.744691e+00	-3.549770e+00	9.648462e+00	-3.412351e-01	3.037163e+00	1.685365e+00	-2.163862e+00	4.523034e+00	-3.321575e+00	3.868359e+00	2.527471e+00	-1.293206e-02	-2.900353e+00
5.378916e+00	-3.631526e+00	3.837422e+00	4.303084e+00	6.282085e+00	-3.059880e+00	-4.906734e+00	3.196064e+00	-1.762392e-01	-1.260083e+00	1.650990e+00	-5.505080e-01	-9.251967e-01	-2.845399e-01	-2.439424e+00	6.241026e+00	1.685971e+00	5.108233e+00	-1.756959e+00	4.183715e-01
7.485063e-01	-4.473575e-01	-1.722729e+00	-3.091203e+00	3.756381e+00	1.894963e+00	1.300864e+00	3.696269e+00	-2.300999e+00	3.000906e+00	-3.661970e+00	3.334752e+00	3.824466e+00	-2.105063e+00	4.607821e-03	-2.523777e+00	6.135477e+00	-6.898970e+00	2.071833e+00	9.701909e-01
-2.782599e+00	5.963652e+00	3.611599e+00	7.154194e+00	-1.101018e+00	6.117899e+00	-4.722849e+00	-1.630970e+00	-7.122043e+00	3.386292e+00	-2.780919e+00	2.785707e+00	3.445510e+00	2.447027e+00	3.067733e+00	-7.576135e+00	-8.153549e-01	4.233697e+00	-5.273430e+00	1.242585e+00
-2.836463e+00	-1.223337e+00	1.530696e+00	-1.003923e+00	-1.211810e+00	-1.485551e+00	2.541988e+00	2.137987e+00	4.543621e-01	-9.314709e-01	2.601109e+00	3.167566e+00	-2.052518e+00	-9.839330e-01	-3.047417e+00	4.548366e+00	-6.597902e-01	-3.016749e+00	4.250229e+00	4.528924e+00
-1.034339e+00	-3.727406e-01	-1.901326e+00	-1.688489e+00	4.488622e-01	1.603589e+00	4.919582e-01	9.730784e-01	2.010496e-01	1.535342e+00	-2.644286e+00	2.075504e-01	-6.115757e-01	-1.657257e-01	1.095822e+00	3.276763e-01	1.546186e-01	4.584104e-01	1.538806e+00	3.213727e+00
1.391138e+00	5.335246e+00	-1.873345e+00	3.170307e+00	3.624467e+00	4.367351e+00	5.203628e-02	-1.475234e-01	7.649535e+00	-8.731209e+00	-7.022151e+00	-4.413915e+00	1.994840e+00	5.145558e-01	1.657767e+00	-9.101746e-01	-1.384522e+00	-1.092701e+00	4.274608e+00	1.634382e+00
8.978046e-01	-1.198245e+00	-2.998849e+00	-4.847861e+00	-2.197453e+00	1.745398e+00	-1.479766e-01	3.591197e+00	3.389716e+00	3.728864e+00	-3.993854e+00	4.159185e+00	-1.656573e+00	-5.773260e-01	2.108143e-02	-1.886943e+00	1.540155e+00	-2.632868e+00	8.993100e-01	2.295329e+00
9.050231e-01	1.288488e+00	2.491062e+00	1.187046e+00	3.479353e+00	1.735764e+00	-6.334253e-01	5.151137e-01	4.206351e+00	-7.709621e-01	-1.266055e+00	-1.638202e+00	2.150727e+00	4.203942e+00	-2.747157e-01	-1.481517e+00	-2.560586e+00	2.666274e-01	2.216456e-01	1.825600e+00
6.667060e-02	1.991174e-01	1.773803e+00	-6.889893e-01	3.059559e+00	1.044313e+00	3.514935e+00	-1.433136e+00	-2.156880e+00	1.178293e-01	1.867955e+00	1.933925e+00	-1.722711e-01	2.258527e+00	3.124170e+00	-1.063052e+00	5.219893e-01	6.771003e-01	2.767276e+00	-1.303265e+00
-9.263318e-02	-1.043814e+00	9.311847e-01	-4.196213e-01	9.859364e-01	9.121321e-02	-7.877158e-02	-3.019082e+00	1.607503e+00	2.222804e+00	1.638424e+00	1.215175e+00	-3.434154e-01	-4.849577e-01	-1.356546e-01	1.149376e+00	-1.154124e-01	3.278061e+00	1.258717e+00	1.048997e+00
-1.089990e+00	-1.967476e+00	1.257289e+00	-2.680004e+00	2.437201e+00	-7.917522e-01	1.586580e+00	-7.448859e-01	1.932878e+00	1.062604e+00	3.736180e-01	3.317224e+00	1.897679e-01	7.362023e-01	1.700493e+00	-4.947665e-01	2.255749e+00	2.102922e+00	-1.364469e+00	-8.201299e-01
-1.334491e+00	1.511456e+00	1.718947e+00	-1.164127e+00	-1.566426e-01	2.795706e+00	8.852330e-01	-3.057166e+00	5.603136e-01	2.615897e+00	-1.590471e+00	4.013865e-01	1.161024e+00	1.553105e+00	4.030298e-01	3.606412e-01	4.017973e-01	-3.514016e-03	1.781133e+00	-3.770979e-01
-1.533327e+00	1.886036e+00	-8.150792e-01	5.344826e-01	-2.293749e-01	9.877497e-01	9.266915e-01	-1.778531e+00	5.190599e-01	-1.550576e+00	-5.453351e-01	-9.516071e-02	-7.669898e-01	2.754335e+00	2.252511e+00	3.471567e-01	1.797846e+00	6.115270e-01	3.015298e-01	-8.342753e-02
-1.098587e-01	3.451737e+00	1.075266e+01	-2.384331e+00	4.232288e-01	6.350448e-01	-2.575802e+00	1.791559e+00	1.643926e+00	6.114874e+00	1.377690e+00	-4.717953e+00	2.818600e+00	-1.675653e+00	3.476787e+00	1.419060e+00	-6.802605e+00	3.761417e+00	-1.665978e+00	-5.784164e-01
5.383648e+00	-6.026709e-01	-6.948951e+00	6.451315e-01	2.321544e-01	5.364285e+00	2.577613e+00	5.415951e+00	4.187301e+00	6.955302e+00	-5.435358e+00	1.047065e-01	1.399304e+00	3.491536e-01	1.270233e+00	-1.857847e+01	2.817204e+00	1.011868e+01	-6.133906e-01	-3.324791e+00
4.323412e-01	2.909162e-02	-5.092557e+00	1.162465e+00	2.019601e+00	3.021394e+00	-9.172586e-01	-1.380681e+00	-2.917992e+00	6.420554e+00	-1.799597e+00	2.643421e-01	-2.934696e-01	4.051245e+00	-2.426522e-01	3.887720e+00	3.013548e+00	3.629349e+00	-4.266990e+00	-5.424774e-01
1.534347e+00	1.432672e+00	3.993542e+00	2.884097e+00	3.897598e-01	4.173306e+00	-1.107841e+00	2.033228e+00	1.213498e+00	-1.820543e+00	-4.541609e+00	1.683301e+00	-9.633792e-01	3.385648e+00	-3.721796e-01	-5.710968e+00	1.523196e-01	1.149901e+00	-1.076536e+00	3.280348e-01
-2.976192e+00	2.767687e+00	2.573386e+00	1.260067e+00	2.893538e-01	1.245977e+00	6.502866e+00	-8.149624e-01	-1.767672e+00	2.501540e+00	9.219977e-01	-6.811018e-01	4.203543e+00	9.920819e-01	-1.982083e-01	-3.497989e+00	3.202509e-01	-3.233727e+00	8.195895e-01	3.779871e-01
5.059097e-01	-3.761468e-01	-4.127181e+00	3.909411e+00	9.504387e-01	4.672030e+00	1.619787e+00	4.017752e-01	2.514646e-01	-6.253967e-01	-1.443184e+00	3.571403e+00	-2.305056e+00	5.133384e-01	1.199325e+00	-6.267942e-01	-2.790031e-01	5.381281e-01	-4.153437e+00	2.812589e+00
5.644319e+00	-4.153376e+00	-1.656467e+01	1.154189e+01	-2.134538e+01	-3.153646e+00	8.000774e+00	-8.337275e+00	3.431759e+00	5.977306e+00	1.115550e+00	1.229128e+01	-1.259446e+01	1.614993e+01	1.056239e+01	-7.792837e+00	1.236055e+00	1.564296e+01	-7.499850e+00	-6.800138e-01
3.364731e+00	2.964351e+00	-4.907215e+00	-2.884558e-01	-2.872484e+00	2.741015e+00	4.216166e+00	-1.847505e+00	1.184369e+00	4.278400e+00	2.964251e+00	1.605701e+00	-5.692235e+00	-1.118529e+00	2.216489e+00	-4.701268e+00	-4.703013e-01	7.752357e+00	-2.650102e+00	-3.069386e+00
-2.685082e-01	-2.942089e-02	-2.040730e+00	-7.376465e-02	-1.873206e+00	2.398332e+00	-7.272667e-01	1.624184e+00	2.891047e+00	-1.300806e+00	5.615433e-01	9.565253e-01	1.103898e+00	-1.315567e+00	-1.513148e-02	2.252478e+00	8.715132e-01	2.120636e+00	-1.575206e+00	1.412246e+00
-6.995019e-02	-2.091229e+00	1.905582e+00	2.626244e-01	-5.287359e+00	9.319483e-02	-1.966874e+00	-1.035087e+00	5.466840e-01	4.368383e+00	3.294851e+00	-2.326369e+00	-6.768621e-01	4.484159e+00	1.832720e+00	3.284079e+00	2.496513e+00	-4.489709e-02	-1.120641e+00	-2.452152e-01
-1.141594e+00	1.179505e-02	-1.546084e+00	-2.466878e-01	-1.975000e+00	-4.317195e-01	-3.514493e+00	-2.282704e+00	2.135902e+00	5.372076e+00	8.129191e-01	4.731720e+00	-1.820576e+00	-6.176148e-01	2.455849e+00	-1.627974e+00	-1.355135e-01	4.750784e+00	-2.957592e+00	1.521320e+00
-2.059278e+00	-4.380574e+00	7.444264e+00	8.092160e-01	-5.693565e+00	7.667330e+00	-5.579580e+00	1.096565e+00	5.138040e+00	-2.058609e+00	-1.720211e+00	-4.396831e+00	1.713312e+00	7.826330e+00	2.435384e+00	-2.749102e+00	-9.190214e-01	-5.912781e-01	8.198338e-03	1.367928e+00
7.103387e-01	-1.620769e+00	2.478105e-01	-5.153228e-01	3.761174e-01	2.317533e+00	6.529502e-01	-1.548528e+00	-2.972501e-01	1.231838e+00	6.320152e-01	1.282595e+00	-4.831939e-01	1.085873e+00	2.774425e+00	1.317090e+00	9.965616e-01	3.206201e-01	6.501579e-01	-2.399021e-01
-1.229071e+00	5.626422e+00	1.896897e+00	1.915101e+00	1.837968e+00	2.679849e+00	-5.609193e-01	-4.685088e+00	2.318393e+00	-5.984099e+00	6.614599e-01	-4.665666e+00	2.601176e+00	5.906999e+00	2.970457e+00	2.850603e+00	1.559683e+00	-1.514691e+00	3.941360e+00	-1.905120e+00
4.894590e+00	4.057616e+00	4.488147e+00	7.023375e+00	-6.931676e+00	8.710567e-01	-1.333945e+00	3.968721e-01	2.267383e+00	1.689643e+00	5.862594e+00	-7.185672e-01	-1.403443e+00	3.018975e+00	2.994644e+00	-3.352020e+00	-1.092852e+00	9.026337e-01	-5.059396e+00	-2.149684e+00
6.837517e-01	1.805784e+00	4.024379e+00	9.393365e-02	-7.517800e-02	-6.491645e-01	4.003540e+00	-2.729912e-01	-3.234591e+00	1.371665e+00	4.363175e+00	-1.752899e+00	1.918825e+00	2.430899e-01	1.543945e+00	1.355915e+00	-9.469661e-01	-8.017913e-01	1.805679e+00	4.878407e-01
1.135243e+00	2.726486e+00	-1.400326e+00	-1.511504e+00	-2.584961e+00	-6.425349e-01	1.056557e+00	3.120403e+00	2.512649e+00	-4.959480e-01	2.909741e+00	2.167418e-01	2.375205e+00	-9.993415e-01	6.945793e-01	1.759017e+00	-3.619716e-01	7.259456e-01	7.348549e-01	9.829937e-01
-1.058163e+00	3.503828e+00	1.081329e+00	1.591308e-01	-1.166430e+00	3.096343e+00	3.154181e+00	-8.142196e-01	2.397821e+00	-1.778592e+00	-3.238530e-01	-2.315774e+00	-1.505379e+00	4.709244e-01	-9.636840e-02	2.296271e+00	-3.947695e+00	1.812336e+00	3.636847e+00	1.800016e+00
-3.438584e+00	-8.918249e-01	5.447773e-01	-1.144451e-01	7.656228e-01	-4.099247e-01	2.930790e+00	-2.348131e+00	1.616806e+00	-1.138480e+00	-1.134046e+00	6.513772e-01	-1.025572e-01	2.514635e-01	3.204416e+00	3.460705e+00	-6.098050e-01	3.317050e+00	8.375884e-01	2.872121e+00
6.128129e+00	5.163281e+00	3.248926e+00	3.289140e+00	1.731948e+00	5.184079e+00	-3.984529e+00	8.164112e-01	5.251506e-01	-3.915478e+00	1.619837e+00	-5.733515e+00	1.430659e+00	-5.288738e-01	4.591240e+00	1.169918e+00	3.848418e+00	-3.319902e+00	-4.010299e+00	-2.199599e+00
