4.105411e-03	-1.797141e-03	4.457328e-03	-8.707473e-04	5.694422e-03	5.594084e-03	1.030114e-04	1.280680e-03	1.707051e-03	-9.161207e-05	2.244435e-03	-5.619860e-03	-8.894219e-03	-6.964027e-03	-1.693982e-03	-7.613869e-03	-2.079775e-03	3.661728e-04	-3.743591e-03	3.569011e-03	-6.984174e-04	-8.588693e-03	-6.246919e-03	-5.768057e-03	4.194147e-03	8.076677e-03	5.764456e-03	1.447500e-03	6.982922e-03	-2.931502e-03	-9.443656e-04	-3.291658e-03	3.801434e-03	1.853661e-03	-2.046208e-03	5.813583e-03	6.237634e-03	-3.935093e-03	1.875940e-03	7.217900e-04
3.911618e-03	-1.984474e-03	4.465893e-03	-1.170560e-03	5.641652e-03	5.163605e-03	4.031094e-04	1.502545e-03	1.744210e-03	3.238944e-04	2.028385e-03	-6.236927e-03	-8.905512e-03	-6.914780e-03	-1.664747e-03	-8.144506e-03	-1.911057e-03	8.720774e-04	-4.005665e-03	3.980870e-03	-8.590810e-04	-8.672471e-03	-6.259776e-03	-5.735261e-03	4.537311e-03	8.680064e-03	5.815067e-03	1.934232e-03	6.450376e-03	-2.436592e-03	-8.069954e-04	-3.115045e-03	3.742569e-03	1.589406e-03	-2.341355e-03	5.808661e-03	6.204333e-03	-4.237471e-03	1.516137e-03	1.171711e-03
3.906581e-03	-1.935371e-03	4.588715e-03	-1.064250e-03	5.624020e-03	5.338512e-03	8.635791e-05	1.252589e-03	1.774126e-03	6.545300e-05	2.450329e-03	-6.153280e-03	-9.270403e-03	-6.875948e-03	-1.546019e-03	-8.152011e-03	-2.015631e-03	7.364254e-04	-3.897447e-03	3.897530e-03	-8.739518e-04	-8.621573e-03	-6.297926e-03	-5.873828e-03	4.587763e-03	8.584457e-03	6.014445e-03	1.895166e-03	6.485909e-03	-2.721756e-03	-9.434568e-04	-3.240750e-03	4.122571e-03	1.787147e-03	-2.414942e-03	5.938915e-03	6.543144e-03	-4.318551e-03	1.664108e-03	9.189992e-04
4.613006e-03	-1.980867e-03	4.698860e-03	-1.019372e-04	5.951664e-03	5.765224e-03	-2.929463e-04	2.097891e-03	1.663550e-03	-6.599462e-05	2.350852e-03	-6.379126e-03	-1.003760e-02	-8.022031e-03	-1.905391e-03	-8.373547e-03	-2.911008e-03	5.229255e-04	-3.908187e-03	3.793199e-03	-1.137730e-03	-9.764426e-03	-6.941101e-03	-6.456778e-03	4.919991e-03	9.002797e-03	7.166158e-03	1.708072e-03	7.198680e-03	-3.468799e-03	-7.141033e-04	-3.648631e-03	4.025611e-03	2.733647e-03	-1.973174e-03	6.601307e-03	6.778287e-03	-4.680469e-03	2.059651e-03	1.159060e-03
3.980211e-03	-2.137590e-03	4.603912e-03	-3.627239e-04	5.829370e-03	5.203912e-03	-7.843701e-06	1.850543e-03	1.583880e-03	-6.202805e-05	2.141877e-03	-5.926523e-03	-9.739125e-03	-7.470237e-03	-1.564301e-03	-7.852257e-03	-2.656264e-03	7.585625e-04	-3.798310e-03	3.562265e-03	-7.442256e-04	-9.422244e-03	-6.777038e-03	-5.791965e-03	5.127633e-03	8.390470e-03	6.342893e-03	1.759718e-03	6.686630e-03	-2.900590e-03	-8.975434e-04	-3.390108e-03	4.064933e-03	2.611981e-03	-1.963441e-03	5.999049e-03	6.551240e-03	-4.268303e-03	1.554084e-03	1.153085e-03
5.637811e-03	-2.011574e-03	4.660962e-03	1.214438e-03	6.654547e-03	4.631607e-03	-1.391497e-03	3.846265e-03	9.990346e-04	-2.555658e-04	2.971228e-03	-7.109346e-03	-1.383494e-02	-1.049011e-02	-1.625752e-03	-7.980718e-03	-5.812620e-03	1.724072e-03	-2.144128e-03	3.180687e-03	-1.951443e-03	-1.355623e-02	-8.585425e-03	-7.281909e-03	7.550863e-03	8.383612e-03	9.323388e-03	6.050679e-04	7.251298e-03	-3.482841e-03	-1.092444e-03	-2.531640e-03	5.172753e-03	6.138737e-03	-1.704316e-03	7.808903e-03	7.284513e-03	-5.131372e-03	2.900324e-03	1.984620e-03
6.083166e-03	-2.408016e-03	4.603940e-03	1.960284e-03	6.779514e-03	5.455267e-03	-1.520200e-03	3.519191e-03	1.168982e-03	-2.308039e-04	3.215628e-03	-6.879072e-03	-1.433836e-02	-1.054875e-02	-1.456943e-03	-8.026582e-03	-6.574618e-03	1.675672e-03	-1.779404e-03	3.369448e-03	-2.251076e-03	-1.377726e-02	-9.136141e-03	-8.011068e-03	7.486942e-03	8.321906e-03	9.790870e-03	1.000304e-03	7.592525e-03	-4.443466e-03	-8.780932e-04	-2.825445e-03	5.054534e-03	6.459785e-03	-1.817481e-03	8.358756e-03	7.221536e-03	-5.359046e-03	2.954915e-03	2.090844e-03
5.018327e-03	-2.111746e-03	4.141787e-03	2.178651e-03	5.892974e-03	4.855600e-03	-2.995559e-04	3.234887e-03	6.571492e-04	5.026018e-04	2.696996e-03	-5.818462e-03	-1.337559e-02	-1.002656e-02	-1.263277e-03	-7.364458e-03	-6.120538e-03	1.580071e-03	-1.389344e-03	2.975177e-03	-1.376474e-03	-1.325850e-02	-9.302402e-03	-7.810169e-03	7.815754e-03	7.201146e-03	8.934309e-03	8.870161e-04	7.243769e-03	-3.611313e-03	-1.231379e-03	-2.505750e-03	4.950840e-03	6.572777e-03	-2.094365e-03	7.549205e-03	6.461110e-03	-4.699990e-03	2.451965e-03	1.802424e-03
4.899593e-03	-2.043845e-03	4.348429e-03	1.597479e-03	5.639698e-03	4.695437e-03	-4.205429e-04	3.061690e-03	7.204333e-04	4.723787e-04	2.756534e-03	-5.982556e-03	-1.335700e-02	-9.737284e-03	-1.020223e-03	-7.622048e-03	-5.844612e-03	1.940428e-03	-1.471007e-03	2.989616e-03	-1.574856e-03	-1.314907e-02	-9.211478e-03	-7.544203e-03	7.572944e-03	7.579707e-03	8.827026e-03	8.799643e-04	6.874722e-03	-3.405661e-03	-9.697254e-04	-2.578466e-03	5.399934e-03	6.161928e-03	-2.342854e-03	7.919834e-03	6.394880e-03	-4.685845e-03	2.541050e-03	1.571606e-03
5.653892e-03	-2.056626e-03	4.307978e-03	2.107477e-03	6.265863e-03	4.562308e-03	-7.582101e-04	3.591264e-03	8.296983e-04	2.122668e-04	2.831781e-03	-6.513797e-03	-1.384538e-02	-1.003450e-02	-1.544013e-03	-7.420629e-03	-6.483522e-03	1.716340e-03	-1.858001e-03	2.895046e-03	-1.424718e-03	-1.373480e-02	-9.207277e-03	-7.779711e-03	7.926979e-03	7.435817e-03	9.634948e-03	5.631617e-04	7.202165e-03	-3.492320e-03	-1.079331e-03	-2.431490e-03	5.059964e-03	6.612162e-03	-1.982263e-03	7.690825e-03	6.886557e-03	-4.918870e-03	2.509428e-03	1.996827e-03
5.152825e-03	-2.206857e-03	4.488480e-03	2.067231e-03	6.563138e-03	5.232248e-03	-6.930405e-04	3.831458e-03	7.820823e-04	7.523437e-04	2.752853e-03	-6.662870e-03	-1.430123e-02	-1.035018e-02	-1.119188e-03	-7.769151e-03	-6.419373e-03	1.470634e-03	-1.805814e-03	2.781185e-03	-1.772590e-03	-1.403197e-02	-9.307055e-03	-7.851829e-03	7.836049e-03	8.244893e-03	9.407314e-03	9.868630e-04	7.205620e-03	-3.493975e-03	-1.087189e-03	-2.500795e-03	4.963667e-03	6.789717e-03	-2.306155e-03	8.214877e-03	6.971977e-03	-5.194177e-03	2.597724e-03	1.708954e-03
5.716645e-03	-2.205868e-03	5.315156e-03	1.655694e-03	7.366218e-03	4.443852e-03	-1.445998e-03	4.000752e-03	7.009090e-04	9.470304e-05	2.675804e-03	-7.527887e-03	-1.537094e-02	-1.016391e-02	-1.311291e-03	-7.663465e-03	-6.086285e-03	2.051742e-03	-2.128202e-03	2.996754e-03	-2.208349e-03	-1.459970e-02	-8.525619e-03	-7.681433e-03	8.064081e-03	8.252436e-03	1.000772e-02	6.420299e-04	7.227934e-03	-3.393271e-03	-8.033854e-04	-2.398151e-03	4.868149e-03	7.192062e-03	-2.288289e-03	8.123453e-03	6.892081e-03	-5.672567e-03	3.069054e-03	1.976065e-03
6.226515e-03	-1.510285e-03	5.219290e-03	2.457319e-03	7.469567e-03	3.648267e-03	-1.300653e-03	4.764782e-03	7.312830e-04	2.631804e-04	2.284055e-03	-7.420132e-03	-1.578578e-02	-1.061239e-02	-1.301610e-03	-7.244972e-03	-6.576571e-03	1.848726e-03	-2.481372e-03	2.068181e-03	-1.909755e-03	-1.533218e-02	-8.399748e-03	-7.981382e-03	8.937494e-03	6.942986e-03	1.073506e-02	1.375888e-04	7.542018e-03	-3.196291e-03	-7.963251e-04	-2.211864e-03	4.796909e-03	7.842997e-03	-1.519516e-03	7.884369e-03	7.215452e-03	-5.956841e-03	2.734996e-03	1.687038e-03
6.764913e-03	-1.460122e-03	4.300300e-03	3.677857e-03	6.673306e-03	3.504600e-03	-5.635975e-04	4.623215e-03	1.540384e-03	-9.112637e-05	2.411528e-03	-6.545419e-03	-1.511376e-02	-1.041608e-02	-1.536162e-03	-6.872641e-03	-6.861994e-03	1.630744e-03	-2.580672e-03	1.385130e-03	-1.282801e-03	-1.451568e-02	-8.923228e-03	-8.002926e-03	9.211851e-03	5.183012e-03	1.094857e-02	9.753488e-05	7.509211e-03	-2.990713e-03	-7.837085e-04	-2.048777e-03	4.206999e-03	7.261573e-03	-1.069458e-03	7.484588e-03	6.702095e-03	-4.849710e-03	1.880271e-03	1.521722e-03
7.168614e-03	-1.489234e-03	3.489897e-03	3.954848e-03	6.320274e-03	3.565400e-03	-4.175339e-04	4.681491e-03	1.681921e-03	-8.417796e-05	2.105799e-03	-5.700028e-03	-1.420660e-02	-1.043817e-02	-2.456878e-03	-5.786904e-03	-7.640720e-03	1.768774e-03	-2.005035e-03	1.476074e-03	-6.823194e-04	-1.399683e-02	-8.995214e-03	-8.214597e-03	9.441801e-03	4.105805e-03	1.090789e-02	-2.111061e-04	7.480103e-03	-3.352446e-03	-1.069477e-03	-1.750803e-03	4.077165e-03	6.642352e-03	-4.815310e-04	6.763702e-03	6.473167e-03	-4.550568e-03	1.784471e-03	1.716124e-03
6.550869e-03	-2.071655e-03	3.132138e-03	4.132272e-03	5.784897e-03	4.178428e-03	1.323035e-04	4.816760e-03	1.762524e-03	3.963191e-04	1.564416e-03	-4.958031e-03	-1.246861e-02	-1.013399e-02	-2.805282e-03	-5.221115e-03	-7.602572e-03	1.204219e-03	-1.553944e-03	1.415506e-03	-5.313149e-04	-1.312243e-02	-9.450658e-03	-8.529422e-03	9.457950e-03	3.742881e-03	9.980729e-03	-3.186102e-04	7.337597e-03	-3.669371e-03	-1.236143e-03	-2.406396e-03	3.606222e-03	6.290735e-03	-2.904425e-04	6.918011e-03	6.074188e-03	-3.373283e-03	2.221398e-03	1.161916e-03
7.168511e-03	-2.011179e-03	3.311876e-03	4.645425e-03	6.134552e-03	4.636146e-03	1.910183e-04	5.144954e-03	1.825831e-03	3.771548e-04	1.780097e-03	-4.777524e-03	-1.329286e-02	-1.033043e-02	-3.009371e-03	-5.182725e-03	-7.947071e-03	1.287207e-03	-1.987717e-03	1.173176e-03	-9.357091e-04	-1.317971e-02	-9.139882e-03	-8.406522e-03	9.540087e-03	3.008083e-03	1.069863e-02	-3.514524e-04	7.200096e-03	-3.865984e-03	-1.131755e-03	-2.247685e-03	3.283712e-03	6.602913e-03	-1.777545e-04	6.835059e-03	5.876088e-03	-3.940314e-03	1.967067e-03	1.329634e-03
8.854837e-03	-3.142876e-03	2.540783e-03	9.879817e-03	5.896745e-03	4.411126e-03	3.726430e-03	6.553502e-03	1.932500e-03	2.313607e-03	-2.174103e-03	-1.356102e-03	-8.442473e-03	-1.039543e-02	-7.351372e-03	-1.472886e-03	-1.239210e-02	6.614042e-04	-2.233610e-03	-1.037561e-03	1.793618e-03	-1.248622e-02	-1.092896e-02	-1.076211e-02	1.128775e-02	-1.820156e-03	1.234306e-02	-2.636768e-03	8.833951e-03	-4.462976e-03	-1.905718e-03	-2.115984e-03	-1.316543e-04	5.977056e-03	3.007086e-03	5.548646e-03	3.768672e-03	-2.810148e-03	2.624912e-03	7.030552e-04
8.563479e-03	-3.090825e-03	2.332889e-03	9.827282e-03	6.083642e-03	4.488521e-03	3.779757e-03	6.888679e-03	1.927488e-03	2.092080e-03	-2.297966e-03	-1.463844e-03	-8.090194e-03	-9.931108e-03	-7.269429e-03	-1.677793e-03	-1.238969e-02	2.233983e-04	-2.483217e-03	-9.385966e-04	1.668948e-03	-1.191969e-02	-1.068292e-02	-1.031011e-02	1.104105e-02	-1.688945e-03	1.222420e-02	-2.510045e-03	7.847304e-03	-4.382298e-03	-1.900878e-03	-2.087218e-03	-3.613892e-04	6.104497e-03	2.965202e-03	5.335530e-03	3.311367e-03	-2.198571e-03	2.802743e-03	7.219677e-04
8.840426e-03	-3.086293e-03	1.815374e-03	1.044605e-02	5.731799e-03	4.393882e-03	4.084651e-03	7.076962e-03	2.118678e-03	2.566811e-03	-3.136906e-03	-1.513167e-03	-8.072808e-03	-1.031052e-02	-7.661363e-03	-1.653586e-03	-1.288352e-02	5.077502e-04	-2.589661e-03	-8.629855e-04	1.612206e-03	-1.219141e-02	-1.098970e-02	-1.046593e-02	1.134023e-02	-2.020967e-03	1.266313e-02	-2.747300e-03	7.891125e-03	-4.292685e-03	-1.602756e-03	-2.198490e-03	-5.228926e-04	6.213177e-03	3.267848e-03	5.662410e-03	2.975991e-03	-1.538383e-03	3.107855e-03	5.913955e-04
8.760486e-03	-2.898358e-03	2.091329e-03	1.019347e-02	5.751938e-03	3.744231e-03	4.496258e-03	7.201231e-03	1.826990e-03	2.447015e-03	-3.230313e-03	-1.077004e-03	-7.687946e-03	-9.816165e-03	-7.449311e-03	-1.541787e-03	-1.248063e-02	3.573315e-04	-2.724249e-03	-1.406594e-03	2.214546e-03	-1.169146e-02	-1.080470e-02	-1.019995e-02	1.146657e-02	-2.530079e-03	1.179970e-02	-2.554635e-03	7.658390e-03	-3.755950e-03	-2.042227e-03	-1.880739e-03	-6.579456e-04	6.235811e-03	3.347743e-03	4.920166e-03	2.895065e-03	-1.407529e-03	2.620093e-03	4.294526e-04
9.478394e-03	-2.734377e-03	1.725588e-03	1.197955e-02	6.098709e-03	3.105568e-03	4.954869e-03	7.756558e-03	1.731264e-03	2.768943e-03	-4.327763e-03	-8.120377e-04	-7.454446e-03	-1.025961e-02	-8.010178e-03	-6.106346e-05	-1.386599e-02	-6.094641e-04	-2.681802e-03	-2.215089e-03	2.901523e-03	-1.236391e-02	-1.135644e-02	-1.088457e-02	1.300900e-02	-4.362028e-03	1.292649e-02	-3.594670e-03	9.070455e-03	-4.192032e-03	-2.448073e-03	-2.144803e-03	-2.067938e-03	7.571233e-03	4.536318e-03	4.605109e-03	2.991923e-03	-8.189648e-04	2.765327e-03	9.098076e-05
8.948561e-03	-2.998641e-03	1.657729e-03	1.083028e-02	5.558954e-03	3.386740e-03	4.627626e-03	7.400939e-03	1.679539e-03	3.004683e-03	-4.469359e-03	-7.460193e-04	-7.067578e-03	-9.724608e-03	-7.794864e-03	-1.444332e-04	-1.287092e-02	-1.302423e-04	-2.211532e-03	-2.170183e-03	2.567381e-03	-1.160786e-02	-1.077636e-02	-1.007503e-02	1.219122e-02	-3.890289e-03	1.174180e-02	-3.304312e-03	8.234867e-03	-3.501430e-03	-2.371347e-03	-1.769610e-03	-2.241340e-03	6.834546e-03	4.072127e-03	4.654732e-03	2.769610e-03	-5.889277e-04	3.226406e-03	-1.959398e-04
8.846183e-03	-2.688308e-03	1.060866e-03	1.139467e-02	5.378840e-03	2.945974e-03	5.090558e-03	7.243347e-03	1.716448e-03	3.094195e-03	-4.703668e-03	-1.037032e-04	-6.184772e-03	-9.608111e-03	-7.384637e-03	5.441746e-04	-1.255223e-02	-1.557285e-04	-2.112178e-03	-2.827097e-03	3.103046e-03	-1.062565e-02	-1.050088e-02	-9.727606e-03	1.204738e-02	-5.117190e-03	1.150053e-02	-3.512432e-03	8.099861e-03	-3.483324e-03	-2.543656e-03	-1.546777e-03	-2.525845e-03	6.897081e-03	4.072386e-03	3.787729e-03	1.997848e-03	-5.216716e-04	2.422459e-03	-8.827281e-06
8.715101e-03	-2.775293e-03	1.039820e-03	1.130813e-02	5.429399e-03	3.391523e-03	5.041700e-03	7.504796e-03	1.774003e-03	2.640185e-03	-4.183461e-03	-6.557224e-05	-6.679440e-03	-9.638683e-03	-7.544071e-03	3.304260e-04	-1.240985e-02	-2.002098e-04	-2.185559e-03	-2.949507e-03	2.651746e-03	-1.039763e-02	-1.034318e-02	-9.374818e-03	1.229492e-02	-4.872406e-03	1.129454e-02	-3.215005e-03	7.887415e-03	-3.623458e-03	-2.228226e-03	-1.666295e-03	-2.467318e-03	6.566790e-03	4.079779e-03	3.608499e-03	2.141973e-03	-7.563837e-04	2.136764e-03	5.068456e-04
8.855063e-03	-2.665591e-03	1.248937e-03	1.216212e-02	5.383233e-03	2.293119e-03	5.479663e-03	7.721630e-03	1.177716e-03	3.636811e-03	-4.865922e-03	-3.129689e-05	-7.265115e-03	-9.522182e-03	-6.813949e-03	2.854995e-04	-1.213508e-02	-4.697353e-04	-2.593149e-03	-3.715447e-03	3.282543e-03	-1.083974e-02	-1.060468e-02	-9.161595e-03	1.272897e-02	-6.087453e-03	1.130521e-02	-2.765279e-03	8.174222e-03	-2.725657e-03	-2.181832e-03	-1.060934e-03	-2.904966e-03	7.528405e-03	3.720743e-03	3.028571e-03	1.865758e-03	-3.678784e-04	1.423082e-03	2.683102e-04
7.854410e-03	-3.598632e-03	1.152281e-03	1.223854e-02	5.423940e-03	2.513101e-03	5.830458e-03	6.784331e-03	8.598323e-04	4.057713e-03	-4.807764e-03	6.690838e-04	-6.088765e-03	-9.075327e-03	-6.915488e-03	2.174169e-04	-1.167635e-02	-1.851693e-04	-2.285882e-03	-3.917259e-03	3.631066e-03	-9.554912e-03	-1.083818e-02	-8.879418e-03	1.263654e-02	-6.351335e-03	1.002119e-02	-2.496560e-03	7.987418e-03	-2.606534e-03	-2.267748e-03	-1.421602e-03	-2.837122e-03	6.592465e-03	3.466655e-03	2.128225e-03	1.906737e-03	1.084490e-04	1.773116e-03	7.750950e-04
8.322524e-03	-3.058142e-03	1.212524e-03	1.308729e-02	5.947859e-03	2.397970e-03	5.888247e-03	7.247232e-03	6.555484e-04	4.449414e-03	-4.383890e-03	3.309379e-05	-7.832232e-03	-9.879966e-03	-6.236989e-03	-3.118719e-04	-1.179929e-02	-5.980645e-04	-2.868239e-03	-4.350011e-03	3.057005e-03	-1.063459e-02	-1.104270e-02	-9.311222e-03	1.300278e-02	-5.766112e-03	1.117931e-02	-2.140828e-03	8.656535e-03	-2.506896e-03	-2.101597e-03	-1.355010e-03	-3.083737e-03	8.410257e-03	3.063757e-03	2.832147e-03	1.343345e-03	-5.313136e-04	1.145907e-03	6.934677e-04
7.284936e-03	-3.043048e-03	7.812968e-04	1.323068e-02	5.516871e-03	1.451520e-03	6.413502e-03	6.638537e-03	5.726909e-04	4.361267e-03	-5.071693e-03	7.690097e-04	-6.629068e-03	-8.333940e-03	-5.521244e-03	1.985776e-04	-1.141517e-02	-7.860621e-04	-2.941410e-03	-4.376716e-03	3.445564e-03	-9.387572e-03	-1.111788e-02	-8.819565e-03	1.300728e-02	-6.681669e-03	9.949435e-03	-1.688052e-03	8.136551e-03	-2.074692e-03	-2.878448e-03	-1.064179e-03	-3.753295e-03	8.525631e-03	3.043630e-03	1.711786e-03	4.095890e-04	1.337652e-03	8.889787e-04	7.620550e-04
2.736150e-03	-2.848575e-03	-9.259183e-04	1.341775e-02	3.096591e-03	-1.231582e-03	1.012327e-02	5.140925e-03	3.429312e-05	7.130159e-03	-5.443604e-03	1.936882e-03	-4.715820e-03	-5.378912e-03	-1.452274e-03	1.428239e-03	-5.322883e-03	-1.725086e-03	-2.831336e-03	-6.961526e-03	4.830405e-03	-5.363744e-03	-1.116252e-02	-4.817366e-03	1.254074e-02	-8.294856e-03	4.176134e-03	8.533883e-04	7.105765e-03	2.063274e-03	-3.409850e-03	-1.974167e-04	-5.059733e-03	8.061940e-03	-8.090521e-04	-2.431035e-03	-3.513893e-03	5.983455e-03	-3.311207e-03	-3.957265e-04
2.292259e-03	-3.082047e-03	-1.224540e-03	1.383854e-02	2.841935e-03	-9.938184e-04	1.032410e-02	4.611678e-03	-1.288555e-04	7.094913e-03	-5.317632e-03	2.568626e-03	-4.138195e-03	-4.943655e-03	-1.045541e-03	1.701246e-03	-4.512398e-03	-1.889839e-03	-2.549788e-03	-7.494119e-03	4.940767e-03	-4.201945e-03	-1.069434e-02	-4.275640e-03	1.202323e-02	-8.673850e-03	3.192174e-03	9.371973e-04	7.072992e-03	2.335884e-03	-3.579298e-03	-3.949271e-04	-5.241019e-03	7.699429e-03	-1.129227e-03	-2.920209e-03	-4.120735e-03	6.229171e-03	-3.617499e-03	-4.915459e-04
2.989255e-03	-3.808138e-03	-1.392481e-03	1.391191e-02	2.823308e-03	-6.025447e-04	1.069007e-02	5.078322e-03	1.278720e-04	7.286258e-03	-5.158687e-03	2.508146e-03	-4.491701e-03	-5.371626e-03	-1.340961e-03	1.515498e-03	-5.266073e-03	-2.167396e-03	-2.664382e-03	-6.827652e-03	4.417456e-03	-4.757592e-03	-1.099913e-02	-3.834716e-03	1.189608e-02	-8.394051e-03	3.882668e-03	1.202352e-03	7.064064e-03	2.186530e-03	-3.449970e-03	-2.498429e-04	-5.607485e-03	7.780387e-03	-1.380972e-03	-2.831524e-03	-4.174438e-03	6.674783e-03	-3.836272e-03	-3.633291e-04
2.336554e-03	-2.772565e-03	-1.182650e-03	1.495688e-02	2.681000e-03	-1.065847e-03	1.125001e-02	5.080105e-03	-3.797592e-04	7.628742e-03	-5.994132e-03	3.612930e-03	-4.404210e-03	-5.122764e-03	-1.097648e-03	1.978563e-03	-5.008839e-03	-2.842458e-03	-2.993272e-03	-8.092454e-03	5.450293e-03	-4.903702e-03	-1.112390e-02	-3.931192e-03	1.258330e-02	-9.899654e-03	3.546900e-03	8.725994e-04	7.335582e-03	2.761173e-03	-3.917708e-03	-1.032377e-04	-5.833957e-03	8.703370e-03	-8.136347e-04	-3.375278e-03	-4.237493e-03	6.534733e-03	-4.118678e-03	-1.009504e-03
2.046361e-03	-2.644729e-03	-1.346707e-03	1.409571e-02	2.460450e-03	-1.425383e-03	1.079931e-02	4.544450e-03	-2.427527e-04	7.325623e-03	-5.451543e-03	3.226029e-03	-3.886966e-03	-4.446580e-03	-7.305233e-04	1.661486e-03	-4.482432e-03	-2.249825e-03	-2.781834e-03	-7.667969e-03	5.407008e-03	-4.349042e-03	-1.043286e-02	-3.786108e-03	1.165859e-02	-9.266496e-03	3.219874e-03	1.162108e-03	6.361997e-03	2.986718e-03	-3.806191e-03	2.015505e-04	-5.210246e-03	7.676531e-03	-1.307677e-03	-3.471883e-03	-4.315060e-03	6.467717e-03	-4.398810e-03	-5.930584e-04
2.026470e-03	-2.383887e-03	-1.628711e-03	1.594433e-02	2.374246e-03	-2.709992e-03	1.181585e-02	4.760243e-03	-4.161898e-04	8.638281e-03	-6.312725e-03	4.190969e-03	-4.517771e-03	-4.536863e-03	2.121766e-05	2.764391e-03	-3.684613e-03	-2.619279e-03	-2.882368e-03	-1.005751e-02	5.799448e-03	-4.375810e-03	-1.047200e-02	-3.916538e-03	1.301473e-02	-1.195339e-02	2.708805e-03	5.103236e-04	8.325938e-03	3.571915e-03	-3.748168e-03	5.252597e-04	-5.866747e-03	8.928617e-03	-1.121465e-03	-4.591858e-03	-4.897851e-03	6.993089e-03	-5.148307e-03	-1.910011e-03
2.194963e-03	-2.415117e-03	-1.048999e-03	1.528420e-02	2.549768e-03	-2.837125e-03	1.145894e-02	4.559937e-03	-3.155914e-04	8.282062e-03	-5.941283e-03	3.673931e-03	-4.726164e-03	-4.474006e-03	-1.706534e-04	2.459353e-03	-3.843885e-03	-2.549964e-03	-2.911168e-03	-9.487000e-03	5.872148e-03	-4.584707e-03	-1.047977e-02	-4.009237e-03	1.273316e-02	-1.127461e-02	3.086168e-03	4.619862e-04	7.955418e-03	3.319865e-03	-3.608028e-03	1.849378e-04	-5.224202e-03	8.556164e-03	-1.255413e-03	-4.165635e-03	-4.685725e-03	6.775233e-03	-4.765467e-03	-1.520704e-03
1.737620e-03	-2.511443e-03	-7.361046e-04	1.442970e-02	2.105060e-03	-2.023338e-03	1.138726e-02	4.383012e-03	-5.985483e-04	7.676452e-03	-5.428212e-03	3.655678e-03	-4.240071e-03	-4.233463e-03	-2.924051e-04	1.774566e-03	-3.715321e-03	-2.853809e-03	-2.831353e-03	-8.643724e-03	5.873015e-03	-4.504698e-03	-1.003221e-02	-3.633435e-03	1.210079e-02	-1.014662e-02	3.141964e-03	1.015277e-03	7.201275e-03	3.440557e-03	-3.821386e-03	1.281899e-04	-4.929330e-03	8.001941e-03	-1.508529e-03	-4.253823e-03	-4.765879e-03	6.718652e-03	-4.610254e-03	-1.371260e-03
1.812962e-03	-2.314032e-03	-4.186632e-04	1.399354e-02	2.664127e-03	-2.622762e-03	1.103620e-02	4.249215e-03	9.991942e-05	7.350046e-03	-4.985115e-03	3.007502e-03	-5.198476e-03	-3.678240e-03	6.384790e-04	2.446070e-03	-3.789049e-03	-2.590029e-03	-3.212995e-03	-7.553841e-03	5.741660e-03	-4.928385e-03	-9.558730e-03	-3.465488e-03	1.191950e-02	-1.079613e-02	3.974344e-03	1.035814e-03	6.456977e-03	3.454587e-03	-3.721274e-03	6.004950e-04	-4.902976e-03	7.611952e-03	-2.039894e-03	-3.975801e-03	-5.854694e-03	6.866718e-03	-4.604434e-03	-1.731823e-03
4.947869e-05	-1.609992e-03	-1.372181e-03	1.306111e-02	6.523227e-04	-1.641851e-03	1.091487e-02	2.997310e-03	1.518323e-04	6.153175e-03	-4.620720e-03	4.514106e-03	-1.323067e-03	-2.539006e-03	1.448944e-03	3.943772e-03	-3.106236e-03	-4.045866e-03	-1.800020e-03	-7.607988e-03	6.834701e-03	-2.189475e-03	-6.987643e-03	-1.910564e-03	9.298730e-03	-1.118571e-02	2.669548e-03	6.166736e-04	5.492176e-03	3.174589e-03	-4.897922e-03	-1.293889e-05	-5.231658e-03	6.073957e-03	-1.726513e-03	-4.696679e-03	-6.230836e-03	7.345211e-03	-5.376068e-03	-2.256533e-03
5.491502e-04	-1.512056e-03	-8.449540e-04	1.241838e-02	-1.793379e-04	-2.145185e-03	1.061093e-02	3.055982e-03	3.680362e-04	6.024440e-03	-4.327303e-03	5.531974e-03	-5.114731e-04	-2.465062e-03	1.667584e-03	4.088499e-03	-2.692903e-03	-4.428437e-03	-1.625543e-03	-8.282591e-03	6.746666e-03	-1.395230e-03	-6.057352e-03	-1.088680e-03	8.512637e-03	-1.142643e-02	2.360828e-03	-2.437820e-04	5.143019e-03	2.905603e-03	-4.495203e-03	2.555579e-04	-4.859952e-03	5.166503e-03	-1.523257e-03	-5.333448e-03	-6.240397e-03	6.950904e-03	-5.174751e-03	-2.543556e-03
6.862116e-04	-1.071744e-03	-1.012886e-03	1.239756e-02	-5.430135e-04	-3.187644e-03	1.062162e-02	2.589716e-03	-3.768066e-04	6.539472e-03	-4.304544e-03	5.117067e-03	-3.439249e-04	-2.736568e-03	1.545768e-03	4.098945e-03	-2.274290e-03	-3.836980e-03	-1.276720e-03	-8.723893e-03	7.629746e-03	-1.845910e-03	-6.309799e-03	-1.430740e-03	8.624289e-03	-1.142637e-02	2.360569e-03	-6.009267e-04	5.782343e-03	3.432913e-03	-4.272800e-03	4.455505e-04	-3.848295e-03	5.305683e-03	-1.455538e-03	-5.750115e-03	-5.613463e-03	6.310448e-03	-5.851715e-03	-2.452418e-03
7.901808e-04	6.449767e-04	1.275121e-04	9.222098e-03	-3.084216e-03	-5.747528e-03	8.831052e-03	5.551814e-04	-2.089822e-03	5.310309e-03	-1.210143e-03	5.379185e-03	2.974786e-03	-1.710073e-03	2.958899e-03	4.517301e-03	-2.079683e-04	-4.723166e-03	-6.792363e-04	-7.883859e-03	1.047095e-02	-1.292013e-03	-2.038449e-03	-5.858849e-05	5.450698e-03	-1.225713e-02	1.669645e-03	-3.268012e-03	5.743108e-03	5.435708e-03	-5.017997e-03	5.114385e-04	-6.052603e-04	1.442921e-03	-1.464273e-03	-5.771954e-03	-4.290651e-03	4.754727e-03	-7.052262e-03	-3.726791e-03
7.629331e-04	8.296946e-04	4.425411e-04	9.054239e-03	-3.161869e-03	-5.773878e-03	8.087433e-03	-2.693602e-04	-2.185645e-03	5.253355e-03	-6.507610e-04	5.243035e-03	3.051930e-03	-1.521516e-03	3.208065e-03	4.617089e-03	1.838030e-04	-4.748005e-03	-4.254260e-04	-7.952536e-03	1.025451e-02	-9.232283e-04	-1.715131e-03	-3.398669e-05	5.019861e-03	-1.201663e-02	1.560511e-03	-3.938803e-03	6.111311e-03	5.325350e-03	-4.921374e-03	2.608321e-04	-2.570668e-04	1.286830e-03	-1.613734e-03	-5.343590e-03	-4.095583e-03	4.124300e-03	-6.548742e-03	-4.074064e-03
9.955645e-04	1.707026e-03	4.836706e-04	9.679786e-03	-3.482340e-03	-6.535716e-03	8.560398e-03	-1.221348e-04	-2.918638e-03	5.774564e-03	-9.451075e-04	5.516982e-03	3.204398e-03	-1.716011e-03	2.982407e-03	4.396979e-03	2.968286e-04	-5.356540e-03	-9.773733e-04	-8.133175e-03	1.128871e-02	-1.089762e-03	-1.483210e-03	1.009760e-04	5.701134e-03	-1.282585e-02	2.048473e-03	-4.091552e-03	5.969975e-03	5.890544e-03	-4.848339e-03	3.130327e-04	-1.176241e-04	1.424246e-03	-1.655931e-03	-5.632217e-03	-4.767495e-03	4.107163e-03	-6.940207e-03	-4.271319e-03
9.281803e-04	1.871316e-03	5.903664e-04	9.357242e-03	-3.226607e-03	-6.976784e-03	8.774881e-03	-9.249121e-04	-3.278725e-03	6.287804e-03	-8.275626e-04	5.249898e-03	2.935589e-03	-1.655057e-03	3.621089e-03	4.552805e-03	6.846858e-04	-4.731384e-03	-1.258079e-03	-8.000281e-03	1.154678e-02	-1.464237e-03	-1.714788e-03	1.905991e-04	5.496856e-03	-1.298503e-02	2.232539e-03	-3.748711e-03	5.916640e-03	6.355810e-03	-4.898775e-03	4.502286e-04	3.156136e-04	1.599289e-03	-2.246260e-03	-5.562238e-03	-5.329060e-03	3.983338e-03	-7.412926e-03	-4.143534e-03
1.154836e-03	1.538689e-03	1.061777e-04	9.146987e-03	-2.730410e-03	-5.738813e-03	8.502592e-03	-4.442304e-05	-2.808445e-03	5.375543e-03	-7.730766e-04	5.362298e-03	2.633869e-03	-2.014860e-03	3.320387e-03	4.614766e-03	1.741448e-04	-4.480503e-03	-1.135842e-03	-8.237047e-03	1.075727e-02	-1.291337e-03	-1.879609e-03	-5.050130e-05	5.448902e-03	-1.258061e-02	2.199200e-03	-4.389832e-03	5.953097e-03	5.928304e-03	-5.043662e-03	4.689022e-04	-5.701933e-05	1.982523e-03	-1.539944e-03	-5.622702e-03	-4.784096e-03	3.817296e-03	-7.035225e-03	-3.617407e-03
1.528370e-03	1.881626e-03	4.153869e-04	9.988204e-03	-2.694932e-03	-6.677794e-03	8.515827e-03	-9.707764e-05	-2.900977e-03	5.948219e-03	-6.833269e-04	5.744113e-03	1.886677e-03	-2.040659e-03	3.297887e-03	4.799291e-03	6.185355e-04	-4.574687e-03	-1.348172e-03	-8.908526e-03	1.108358e-02	-1.556594e-03	-1.763272e-03	-2.487540e-04	6.055904e-03	-1.363928e-02	1.986831e-03	-4.787132e-03	6.610199e-03	5.874417e-03	-4.910360e-03	4.648666e-04	9.262279e-05	2.238028e-03	-1.311111e-03	-5.633842e-03	-4.206898e-03	3.166155e-03	-7.458291e-03	-4.241789e-03
1.424253e-03	1.756977e-03	6.456432e-04	9.616489e-03	-3.073899e-03	-6.680082e-03	8.720435e-03	-3.908570e-04	-3.286126e-03	6.000629e-03	-2.612335e-04	5.567911e-03	2.148767e-03	-1.748164e-03	3.354689e-03	4.022921e-03	6.254089e-04	-4.642329e-03	-1.596455e-03	-8.683935e-03	1.092116e-02	-1.537037e-03	-2.301116e-03	-2.141528e-04	5.612496e-03	-1.304818e-02	2.039827e-03	-4.423546e-03	6.098995e-03	6.484544e-03	-4.938849e-03	6.591377e-04	9.269985e-04	2.265367e-03	-1.996357e-03	-5.376441e-03	-4.241893e-03	3.430480e-03	-7.491938e-03	-3.902790e-03
1.670821e-04	2.257602e-03	6.489140e-04	9.037072e-03	-4.071357e-03	-7.040408e-03	8.949768e-03	-8.551776e-04	-2.695824e-03	5.570958e-03	-1.516055e-04	6.735728e-03	3.640097e-03	-1.401755e-03	3.686786e-03	4.879611e-03	7.316812e-04	-5.198716e-03	-4.913764e-04	-8.632904e-03	1.140869e-02	-6.672703e-04	-1.254928e-03	2.058081e-04	5.066078e-03	-1.331067e-02	1.108791e-03	-4.696044e-03	6.374276e-03	5.955734e-03	-5.882703e-03	5.272336e-04	9.452413e-04	1.190261e-03	-1.484355e-03	-5.721986e-03	-4.846673e-03	3.864053e-03	-7.370142e-03	-4.623800e-03
5.755933e-04	2.122659e-03	8.575579e-04	9.287604e-03	-3.615558e-03	-6.785504e-03	8.926139e-03	-6.512138e-04	-2.753283e-03	5.758391e-03	-1.739146e-04	6.635678e-03	3.410954e-03	-1.712490e-03	3.390873e-03	4.815182e-03	3.286691e-04	-5.279429e-03	-7.765704e-04	-8.232062e-03	1.126851e-02	-1.144374e-03	-1.700780e-03	2.369835e-05	5.480800e-03	-1.329370e-02	1.717710e-03	-4.829831e-03	6.431324e-03	5.568765e-03	-6.072868e-03	3.258825e-04	7.283930e-04	1.410059e-03	-1.384667e-03	-5.512878e-03	-4.446253e-03	3.535385e-03	-7.081757e-03	-4.577122e-03
5.439788e-04	2.267088e-03	1.406685e-03	8.747160e-03	-4.428816e-03	-6.523424e-03	9.081689e-03	-6.713527e-04	-2.691432e-03	5.751184e-03	4.084042e-04	7.754507e-03	4.282745e-03	-1.691746e-03	3.518011e-03	4.179398e-03	5.352446e-04	-5.643702e-03	-7.888143e-04	-8.246961e-03	1.149968e-02	-2.054413e-04	-1.798852e-03	1.259418e-04	4.739571e-03	-1.265798e-02	1.392529e-03	-4.985175e-03	5.462380e-03	5.359912e-03	-6.273227e-03	4.522010e-04	1.180566e-03	1.139220e-03	-1.257057e-03	-6.108324e-03	-5.315822e-03	3.371456e-03	-6.703221e-03	-4.653060e-03
2.380287e-04	2.122550e-03	1.962413e-03	7.993321e-03	-4.692249e-03	-6.136885e-03	8.960777e-03	-6.284818e-04	-2.944086e-03	5.784746e-03	3.443354e-04	7.578921e-03	4.228889e-03	-1.596406e-03	3.391229e-03	3.489872e-03	1.575471e-04	-5.477188e-03	-7.425989e-04	-7.768660e-03	1.124586e-02	-2.530804e-04	-1.910330e-03	1.984072e-04	4.658283e-03	-1.190925e-02	1.216639e-03	-4.523923e-03	5.450128e-03	4.908336e-03	-6.342194e-03	2.552345e-04	1.715477e-03	1.225865e-03	-1.622314e-03	-5.552464e-03	-4.856979e-03	3.138661e-03	-6.437499e-03	-4.353349e-03
2.941363e-04	2.524208e-03	2.393359e-03	7.575033e-03	-4.715630e-03	-6.304806e-03	9.106373e-03	-6.297144e-04	-2.815459e-03	5.646172e-03	1.719758e-04	8.295078e-03	4.357705e-03	-1.090373e-03	3.540026e-03	3.706812e-03	4.016458e-04	-5.644565e-03	-7.764789e-04	-7.603040e-03	1.182270e-02	-3.491587e-04	-1.560339e-03	1.672975e-04	4.029958e-03	-1.235170e-02	1.083517e-03	-4.893262e-03	4.914197e-03	5.007880e-03	-6.629696e-03	4.158402e-04	1.406165e-03	1.060930e-03	-1.320432e-03	-5.810505e-03	-5.308191e-03	3.125355e-03	-5.913183e-03	-4.821599e-03
7.804163e-05	8.481624e-04	7.295021e-03	4.990766e-04	-7.926594e-03	-1.963862e-03	8.532019e-03	-1.409126e-03	-5.902154e-04	2.422515e-03	-5.714088e-04	1.422756e-02	4.967883e-03	2.502080e-03	1.527010e-03	-1.805736e-03	-9.941955e-05	-3.385210e-03	8.581546e-04	-2.265176e-03	9.525617e-03	3.510675e-03	-4.917993e-03	-6.302375e-04	-1.058516e-03	-6.797595e-03	-7.545979e-04	-2.066640e-03	-2.059865e-03	2.989975e-03	-8.542783e-03	2.769566e-03	5.321099e-03	-9.707693e-04	1.078243e-04	-6.656855e-03	-7.909372e-03	-6.736134e-04	1.412235e-03	-4.261259e-03
-1.024092e-04	1.108919e-03	7.038545e-03	3.297614e-04	-8.037511e-03	-1.507854e-03	8.528957e-03	-1.036571e-03	-2.688889e-04	1.862829e-03	-3.333872e-04	1.467827e-02	4.878824e-03	2.747622e-03	1.566386e-03	-1.788473e-03	-7.823313e-05	-3.268705e-03	6.689282e-04	-2.292667e-03	9.288528e-03	3.876694e-03	-4.969011e-03	-4.411470e-04	-1.173354e-03	-6.674465e-03	-8.404381e-04	-2.174809e-03	-2.335832e-03	2.678389e-03	-8.720773e-03	2.575836e-03	5.151284e-03	-9.294595e-04	4.534628e-04	-6.486641e-03	-8.105996e-03	-7.274665e-04	1.235881e-03	-4.333789e-03
-1.441758e-04	1.555893e-03	6.781491e-03	5.305539e-04	-8.214538e-03	-1.659821e-03	8.364179e-03	-1.064661e-03	-4.761701e-04	2.109520e-03	-5.410830e-04	1.488221e-02	4.854715e-03	2.538048e-03	1.571229e-03	-1.957835e-03	2.540400e-04	-3.341217e-03	4.064219e-04	-2.558756e-03	9.305908e-03	4.149430e-03	-4.855472e-03	-1.927110e-04	-9.783172e-04	-6.963130e-03	-7.462103e-04	-2.193545e-03	-2.383881e-03	2.885082e-03	-8.679798e-03	2.278375e-03	5.360094e-03	-7.920107e-04	6.110166e-04	-6.552769e-03	-8.264319e-03	-5.337875e-04	1.123218e-03	-4.434456e-03
-2.607613e-04	1.166414e-03	6.987961e-03	7.597970e-04	-7.524025e-03	-1.776844e-03	8.488703e-03	-1.508179e-03	-3.657315e-04	2.114497e-03	-2.436623e-04	1.434292e-02	4.741746e-03	2.543563e-03	1.656409e-03	-1.334476e-03	-1.364783e-04	-3.349524e-03	6.885255e-04	-2.497485e-03	9.498676e-03	3.656499e-03	-4.999857e-03	-4.762011e-04	-1.145359e-03	-6.981869e-03	-1.726295e-04	-2.156049e-03	-1.944712e-03	2.660725e-03	-8.906972e-03	2.445969e-03	5.304003e-03	-1.049625e-03	5.784627e-04	-6.838340e-03	-8.067245e-03	-4.181102e-04	1.045636e-03	-4.396105e-03
-3.349390e-04	1.281632e-03	7.222725e-03	-1.254738e-04	-7.912169e-03	-1.474014e-03	8.315055e-03	-1.278623e-03	-4.894633e-04	1.741099e-03	4.877893e-05	1.470433e-02	4.808875e-03	2.951851e-03	1.594433e-03	-1.601060e-03	3.922417e-05	-3.457585e-03	7.045685e-04	-2.094522e-03	9.193464e-03	4.050244e-03	-4.881897e-03	-2.970356e-04	-1.305451e-03	-6.541265e-03	-6.574951e-04	-2.033852e-03	-2.287513e-03	2.598794e-03	-8.910749e-03	2.581221e-03	5.194887e-03	-8.919975e-04	4.008442e-04	-6.559244e-03	-8.181411e-03	-7.505731e-04	1.364318e-03	-4.713608e-03
-4.369267e-04	1.332749e-03	7.103177e-03	2.472935e-04	-7.753465e-03	-2.115885e-03	8.576950e-03	-1.060198e-03	-4.525517e-04	2.058613e-03	-2.685043e-04	1.452668e-02	4.798421e-03	2.708241e-03	1.753261e-03	-1.547175e-03	8.857163e-05	-3.448777e-03	6.412620e-04	-2.495802e-03	9.434891e-03	3.634449e-03	-4.568235e-03	-4.259211e-04	-1.022496e-03	-6.965258e-03	-4.262149e-04	-2.315263e-03	-2.261384e-03	2.927391e-03	-8.764043e-03	2.513238e-03	5.222655e-03	-9.652432e-04	6.023735e-04	-6.715765e-03	-8.041309e-03	-7.524941e-04	1.324571e-03	-4.633903e-03
-1.209016e-04	1.178835e-03	7.409546e-03	3.761261e-04	-7.879103e-03	-1.712741e-03	8.370996e-03	-1.279320e-03	-5.292979e-04	2.093901e-03	-4.163822e-04	1.455924e-02	4.684353e-03	2.484108e-03	1.553778e-03	-1.620165e-03	-1.645122e-04	-3.477141e-03	7.471972e-04	-2.201386e-03	9.318463e-03	3.542715e-03	-4.958728e-03	-5.796529e-04	-1.145329e-03	-6.352200e-03	-5.897810e-04	-2.019629e-03	-2.115832e-03	2.559080e-03	-8.683533e-03	2.457997e-03	5.231897e-03	-8.204320e-04	3.855015e-04	-6.537262e-03	-8.159130e-03	-6.624055e-04	1.495740e-03	-4.366858e-03
