1.293778e+00	1.047440e+00	5.483763e-01	4.437268e-01	1.324727e+00	4.713867e-02	9.816501e-01	2.053310e+00	-2.361711e-01	1.600786e-01	4.947996e-01	-7.803737e-01	3.640354e-01	4.039663e-01	1.609703e+00	4.284776e-01	9.283607e-01	1.565460e+00	-1.482438e+00	9.045660e-01	-9.413203e-01	6.330495e-01	4.190365e-01	-3.162661e-01	2.767155e+00	1.183758e+00	-3.733886e-01	1.215465e+00	-6.821384e-01	1.327934e+00	3.066777e+00	-4.221535e-01	-1.092589e+00	1.313909e+00	2.518606e+00	-5.035799e-01	2.228236e+00	1.463918e+00	-4.388008e-01	1.345635e+00
-1.515018e-01	1.180060e+00	2.742158e-02	1.006964e+00	1.808138e+00	4.752484e-01	1.328480e+00	1.189080e+00	-3.995982e-01	-1.143450e+00	1.882241e+00	-7.902418e-02	1.520315e+00	1.328477e+00	1.844452e+00	5.819994e-01	2.021736e-01	1.391964e-01	-7.179719e-01	3.405524e-01	-8.199711e-01	-4.757443e-01	1.322114e+00	1.598079e+00	-1.327032e+00	5.811834e-01	-2.106846e-01	-2.273322e-01	1.033164e+00	-1.065382e+00	1.650547e+00	-4.782030e-01	7.749327e-01	-3.923469e-01	1.411158e+00	1.294631e+00	1.892138e+00	2.636353e+00	2.999846e-01	3.241755e+00
-4.233232e-01	1.678626e-01	1.853426e+00	6.776568e-01	1.253949e+00	1.127370e-01	-1.931819e-01	2.113087e+00	-2.153931e-01	-4.301674e-01	2.330518e+00	4.022904e-02	1.984079e+00	1.287817e+00	1.696915e+00	1.174397e+00	1.427404e+00	4.568302e-01	-1.247423e-01	-1.226572e-01	-6.106328e-01	1.158269e-01	1.312908e+00	1.121083e+00	-1.598976e+00	1.758335e+00	4.164846e-01	-4.953243e-01	2.504682e-01	-4.359937e-01	1.013986e+00	2.714533e-01	1.634479e+00	-4.316560e-01	1.508758e+00	4.592274e-01	1.831595e+00	1.797319e+00	2.973769e-01	3.110576e+00
6.595924e-01	1.295654e+00	1.028799e+00	1.426539e-01	2.532037e+00	-1.073258e+00	2.716679e-01	2.363382e+00	-7.258539e-01	-4.120646e-01	8.903989e-01	6.248781e-02	4.271940e-01	1.270111e+00	1.230086e+00	1.482149e+00	6.492381e-01	8.973258e-01	-1.623067e-01	-1.193290e-01	-1.415490e+00	7.867234e-01	1.991899e+00	1.072060e+00	-9.644639e-01	2.439347e+00	-9.015630e-01	5.076108e-01	-2.577601e-01	7.200611e-01	1.877275e+00	-2.729289e+00	8.044709e-01	1.576400e+00	4.894309e-01	8.069998e-01	1.029857e+00	1.418184e+00	3.460102e-01	1.524664e+00
1.130804e+00	1.586840e+00	-1.414228e-01	-1.115322e+00	5.210752e-01	8.718440e-01	2.112969e+00	1.489315e+00	6.827266e-01	9.183127e-01	3.209546e+00	-7.385459e-01	-1.021993e+00	1.168454e+00	1.612313e+00	-1.920425e-01	1.030503e+00	6.632862e-01	-8.476188e-01	-7.267809e-02	-2.076952e-01	1.287288e+00	-1.242192e+00	7.176012e-01	2.217362e+00	3.687729e-01	2.834791e-01	1.254548e+00	8.017649e-01	4.915936e-01	1.935273e+00	-2.778619e+00	2.186359e-01	-5.178594e-01	1.740056e+00	4.775884e-02	-1.136780e-01	9.452954e-01	1.003577e+00	1.460440e+00
4.620444e+00	3.564001e+00	1.672225e+00	5.502538e+00	4.604141e+00	1.242378e-01	-2.015667e+00	3.471795e+00	-5.009660e+00	1.248143e-01	-1.284778e+00	4.027984e+00	2.729211e+00	-3.520617e+00	-3.458110e+00	2.248753e+00	-5.247720e+00	4.604791e+00	-2.449126e+00	1.328884e+00	1.991603e+00	3.826216e-01	-2.728282e+00	3.716753e+00	5.778437e-01	2.156919e+00	-3.011884e+00	7.349663e-01	3.172515e+00	4.165238e+00	-2.162451e+00	2.780074e-01	-1.132315e+00	-3.361922e+00	-1.905916e+00	4.087425e+00	2.633493e-01	-4.140522e+00	4.577545e+00	-6.763461e-01
9.863680e-01	-8.693158e-02	3.273344e-01	1.187665e+00	2.460117e+00	-5.772542e-01	7.291884e-01	1.279441e+00	-1.040631e+00	1.897857e+00	1.728558e+00	2.452634e+00	6.665870e-01	-1.488244e-01	-3.684458e-01	1.392837e+00	9.560340e-02	1.801077e+00	3.498885e-01	7.649494e-01	1.635102e+00	2.582635e+00	-5.748742e-01	1.528329e+00	-2.181011e+00	1.857912e+00	1.086859e-01	-5.775127e-01	1.381105e+00	-6.484265e-01	-2.449052e-01	9.916997e-02	-1.565491e-01	-3.355110e-01	1.293791e+00	1.485006e+00	4.153105e-01	5.237675e-01	9.471815e-01	2.398805e+00
6.780047e-01	1.655131e+00	3.298115e-01	1.261936e+00	2.846188e+00	4.225257e+00	-1.733573e+00	1.837214e-01	2.819295e+00	4.506555e-01	1.477359e+00	-1.679979e-01	1.840610e+00	-1.108983e+00	4.376179e-01	-3.610193e-01	-5.097513e-01	1.191720e+00	9.451661e-02	1.195056e+00	-1.645717e+00	-1.183959e-01	9.269105e-01	-7.789303e-01	-1.926341e+00	3.169878e-01	-1.478597e+00	3.096803e+00	-1.673289e+00	-1.235000e-01	1.874518e+00	9.013038e-01	3.098295e+00	-9.155360e-01	2.432545e+00	4.594352e-01	9.483942e-01	-9.407800e-02	2.839156e-01	4.902722e+00
9.528458e-01	1.820934e+00	4.419203e-01	-2.859585e-02	2.099192e+00	2.593379e-01	-1.345758e-01	8.703754e-01	-4.963342e-01	8.312511e-01	5.614427e-01	2.400271e-01	1.755228e+00	7.335673e-01	3.720698e-01	1.151620e+00	7.927339e-01	1.189751e+00	-2.055246e+00	4.413733e-01	-8.169785e-01	-2.114485e-01	1.575373e+00	2.417104e+00	-2.166804e+00	9.727228e-01	-7.943828e-01	2.686909e-01	1.445798e+00	-7.616489e-01	2.524032e+00	-1.841123e-02	2.058105e+00	9.925477e-01	6.131629e-01	1.425244e+00	2.183439e+00	1.215529e+00	3.875745e-01	2.754219e+00
1.036561e+00	-1.127243e-01	5.518179e-01	8.134827e-01	5.883341e-01	9.332147e-01	8.782502e-01	2.413727e+00	-1.226933e+00	4.917490e-01	2.292086e+00	1.701837e+00	5.393110e-01	1.150521e+00	1.567657e+00	1.946993e+00	2.129183e-01	1.157728e+00	6.599185e-01	1.471337e-01	-1.463383e-01	2.721205e-02	5.590417e-01	1.112716e+00	-1.591148e+00	-2.424565e-02	-4.775368e-01	2.513719e+00	-1.530161e-02	-1.653054e+00	2.152479e+00	1.061562e+00	2.459575e-01	4.402117e-01	-6.415850e-01	1.100404e+00	7.210189e-01	1.036335e+00	1.049988e+00	4.148850e+00
-1.297066e-01	-5.395286e-01	1.076579e+00	-7.846686e-02	-7.450798e-01	7.409930e-03	6.011461e-01	2.085265e+00	-8.007150e-01	-1.679355e-01	1.444940e+00	-2.450923e-01	2.586821e+00	2.169211e+00	1.991939e+00	2.397673e+00	9.671216e-01	2.144724e+00	-8.182627e-01	1.509090e+00	8.150660e-01	3.410233e-01	8.813392e-02	1.265098e+00	1.855981e+00	1.811117e+00	-4.341740e-01	-8.150073e-01	2.923915e-01	-1.158204e+00	1.933455e+00	-7.761995e-01	-1.184293e+00	1.303705e+00	2.460944e+00	-4.991303e-02	1.177536e+00	1.644760e+00	-5.880080e-01	1.894562e+00
3.677252e-01	-3.173102e-01	1.463745e+00	5.332415e-01	-1.227861e-01	-3.166792e-01	9.500803e-01	1.110634e+00	3.840641e-01	1.021126e+00	1.030782e+00	1.009908e+00	4.240079e-01	6.021452e-01	1.043355e+00	3.396410e-01	1.370665e+00	1.619834e+00	1.018846e+00	-2.266992e-01	9.690962e-01	7.949956e-01	-5.612229e-01	1.054555e+00	4.549071e-01	3.239748e-01	-1.348366e-01	4.352667e-01	1.147762e+00	3.633851e-02	-3.062722e-02	9.407764e-01	-2.394690e-02	-2.738103e-01	1.052848e-01	1.319008e+00	3.164641e-01	5.185825e-01	9.514282e-01	1.388613e+00
-4.937051e-01	6.578783e-01	1.013584e+00	8.112058e-01	1.660529e+00	7.417734e-01	-8.414716e-01	4.670187e-01	5.616398e-01	-3.379657e-01	2.002280e+00	-1.098392e+00	1.524066e+00	-6.020643e-02	2.459397e+00	2.460949e-01	4.839039e-01	3.467289e-01	3.328179e-01	1.680722e+00	-3.273055e-01	-5.282205e-01	1.851550e+00	2.464163e-02	1.934958e-01	7.443216e-01	1.140244e+00	4.502068e-01	-7.550716e-01	1.625653e+00	1.417345e+00	1.906743e-01	2.119272e+00	-5.164761e-01	2.621504e+00	-5.240451e-01	1.725683e+00	1.570267e+00	-7.533457e-01	2.715645e+00
1.447073e+00	1.102225e+00	-3.745515e-01	4.087558e-01	1.768535e+00	2.687447e-01	1.314409e+00	1.087094e+00	-3.634689e-01	1.476737e+00	2.328471e+00	-6.210572e-02	3.279359e-01	1.616528e+00	1.459341e+00	1.270746e+00	9.747588e-01	-2.394734e-01	-1.911356e+00	1.325584e-01	3.533128e-01	2.394265e+00	-4.321771e-01	5.845746e-01	-3.284082e-02	1.666850e+00	-1.052997e+00	-4.734115e-01	7.798420e-01	5.741023e-01	1.931673e+00	-1.348972e+00	6.802494e-03	6.381225e-01	1.129362e+00	7.088941e-02	1.264424e+00	1.693930e+00	1.068496e-01	8.234836e-01
-2.891364e-01	-5.183837e-01	-4.941962e-03	1.004247e+00	1.965981e+00	-7.192239e-01	2.022998e+00	1.724268e+00	-1.784333e+00	2.674621e-01	1.374951e+00	7.139329e-01	1.919553e+00	1.287767e+00	6.551063e-01	1.599040e+00	2.749980e-01	2.079702e+00	-9.995248e-01	1.502581e+00	4.883757e-01	1.326179e+00	-2.153405e-01	3.156420e+00	-5.533127e-01	9.060194e-01	-2.608040e-01	5.331988e-01	2.225311e+00	-2.721231e+00	1.868601e-01	-7.658876e-01	-1.413583e+00	4.247425e-01	2.048273e+00	1.900425e+00	1.785909e-01	1.545247e+00	1.153723e+00	2.504196e+00
3.969458e+00	4.254903e-01	2.403731e-02	-9.690403e-01	-5.480230e-01	4.365082e-01	5.483159e-01	2.889222e+00	3.380524e-01	3.993487e+00	2.664095e+00	3.495789e+00	8.553642e-01	1.499781e+00	-2.845038e-01	1.033497e+00	-3.255958e-01	5.363748e-01	-1.629328e+00	-1.908607e+00	1.329508e+00	2.207346e+00	-1.374937e+00	-1.314146e+00	-1.499273e+00	2.759761e+00	-6.124725e-01	1.042759e+00	6.194121e-01	1.838245e-01	5.066457e+00	-6.320136e-03	1.205812e+00	-6.484850e-02	-6.341769e-01	6.032994e-01	3.133187e-02	-7.799531e-01	-3.027219e-01	3.829090e+00
-2.571824e-01	1.321438e+00	9.658780e-01	6.209020e-01	8.569894e-01	1.497672e+00	-1.949924e-01	1.472826e+00	-3.184683e-01	-1.607314e+00	5.206752e-01	-2.456056e-01	1.326089e+00	1.007208e+00	1.051534e+00	1.915811e+00	2.259685e-01	1.658799e+00	-9.715963e-01	-8.664604e-01	-1.902943e+00	4.015502e-01	1.499836e+00	1.525565e+00	6.769867e-01	1.709309e+00	-8.539274e-01	6.038789e-01	1.300284e+00	-6.084785e-01	8.674073e-01	5.928700e-02	-3.244733e-01	3.921385e-01	1.276717e+00	4.151093e-01	2.270662e+00	1.411566e+00	4.157976e-01	1.667289e+00
2.540895e+00	9.127663e-01	-3.586312e-01	-5.293631e-01	1.830084e+00	-1.025032e+00	4.173629e-01	1.841229e+00	-2.182782e+00	1.259728e+00	1.155794e+00	2.112044e+00	9.515632e-01	6.911471e-01	7.507147e-01	1.156509e+00	-1.063112e-01	1.377880e+00	-2.918668e+00	5.032784e-01	4.675357e-01	1.757280e+00	1.451554e+00	2.023125e+00	-1.847392e+00	1.320331e+00	-2.496853e-01	-2.088708e-01	1.678624e+00	9.171891e-02	3.201021e+00	7.008332e-02	1.517787e+00	7.523927e-01	4.580697e-01	1.395856e+00	1.063694e+00	2.902394e-01	1.182366e+00	2.524291e+00
3.923693e-01	3.212086e-01	-5.805035e-01	5.873962e-01	-2.369302e-01	4.086568e-01	7.660539e-01	9.813087e-01	-1.873089e-01	1.091472e+00	1.704128e+00	1.673189e+00	8.917097e-01	6.796143e-01	1.042920e+00	1.779059e+00	2.615368e-01	4.770119e-01	3.515854e-01	4.571272e-01	1.753980e+00	1.350700e+00	1.704076e+00	1.542076e+00	-7.777132e-02	6.053148e-01	-4.418003e-01	-6.370493e-01	1.124674e+00	-1.005527e+00	2.199734e+00	7.154241e-01	-5.328481e-01	2.381037e-01	1.371110e+00	-8.910791e-02	5.618353e-01	9.676653e-01	2.758974e-02	1.226954e+00
1.946030e+00	-1.008032e+00	4.475598e-01	7.118939e-01	2.551753e+00	6.349601e-02	4.816561e-01	1.117564e+00	-1.493740e-01	1.212689e+00	1.499023e+00	1.731271e-01	1.861722e+00	9.710679e-01	1.612763e-01	-3.661704e-01	2.905405e-01	2.366328e+00	-1.552802e+00	1.066258e+00	1.075831e+00	1.755215e+00	-9.902182e-01	1.371900e+00	2.533306e-01	1.026294e+00	-6.106396e-01	-1.873880e-02	1.588083e+00	8.078073e-01	3.054799e-01	1.030251e+00	3.156438e-01	-1.083451e+00	1.387735e+00	1.451830e+00	-5.971285e-01	8.848336e-01	1.522446e+00	2.875956e+00
2.530807e+00	7.134640e-01	-9.863522e-01	1.564766e+00	8.859182e-01	1.333234e+00	-1.972274e-01	1.359055e+00	1.632621e-01	8.623254e-02	1.614253e+00	5.768034e-01	1.703626e+00	1.317305e+00	1.824415e+00	1.144518e+00	-1.023575e+00	1.241807e+00	-1.474450e+00	1.087531e+00	5.138538e-01	6.546313e-01	4.767852e-01	9.026434e-01	-2.385498e-01	-3.982366e-01	-7.707145e-01	5.110915e-01	1.962696e-01	-1.237410e+00	2.605697e+00	9.237741e-01	-5.420684e-02	4.191996e-01	1.165777e+00	1.812259e+00	9.691487e-01	7.315501e-01	8.445835e-02	1.964171e+00
1.527278e+00	5.940380e-01	-1.416328e-01	7.235570e-01	1.806875e+00	-1.967055e-01	1.194094e+00	1.393178e+00	-7.100762e-01	3.862204e-01	1.869156e+00	-8.635733e-01	1.205228e+00	5.259478e-01	1.986929e+00	1.622342e-01	4.889194e-02	2.751178e-01	-3.130891e-01	1.335360e+00	8.321164e-01	4.336312e-01	8.225322e-01	1.894376e+00	-1.065621e+00	-4.472013e-01	-6.901024e-01	-2.705847e-01	4.775297e-01	-1.955999e+00	1.999075e+00	6.099082e-01	1.935351e+00	3.124545e-01	2.042839e+00	2.029728e+00	1.829884e+00	2.208883e+00	3.727195e-01	2.768610e+00
1.625194e+00	-4.967982e-01	7.893557e-01	3.036191e-01	2.069432e+00	-2.597650e-01	5.264028e-01	1.361223e+00	-6.684875e-01	9.200107e-01	5.592830e-02	7.743516e-01	1.568106e+00	-5.277362e-01	-4.887053e-01	2.836348e-01	-4.133413e-01	2.153677e+00	-6.713128e-01	9.135973e-01	1.548775e+00	2.955926e+00	1.184764e+00	1.276593e+00	2.108298e-01	1.672572e+00	-1.899150e-01	7.793724e-04	2.309905e+00	-8.976567e-01	3.959231e-01	8.136680e-01	-1.244250e+00	8.747667e-01	1.638562e+00	1.360930e+00	2.719324e-01	1.041386e+00	5.869991e-01	1.424601e+00
-8.737939e-01	3.195056e-01	6.749810e-01	1.646304e+00	8.736181e-02	5.677158e-01	2.677613e+00	2.367936e+00	-3.911379e-01	-9.028974e-01	7.495696e-01	7.068856e-02	2.230071e+00	1.064391e+00	2.172633e+00	1.420556e+00	-3.426734e-01	7.045118e-01	-7.553167e-02	3.577400e-02	1.379344e-01	1.254612e+00	1.844937e-01	1.097162e+00	2.442607e+00	2.564045e-01	7.270504e-01	-5.823991e-01	1.113652e+00	-1.589900e+00	-8.843192e-01	1.221752e-01	-2.250443e+00	5.438646e-02	2.253149e+00	1.833214e-01	1.912841e+00	1.592508e+00	-4.055806e-01	1.296709e+00
1.727629e-01	2.310136e+00	2.785218e-02	8.457344e-01	2.829525e+00	1.133841e+00	1.041634e+00	2.441329e-01	6.646831e-02	-1.498155e-01	9.088210e-01	1.546166e+00	1.943444e-01	8.749499e-01	7.668038e-01	1.485983e+00	-1.085614e+00	2.986741e-01	-7.547083e-01	-7.489051e-02	-1.781333e-01	6.324860e-01	1.363535e+00	9.607214e-01	-2.279052e-01	1.275348e+00	6.190456e-01	-1.316544e-02	2.338780e-01	-1.611285e-01	1.613121e+00	-1.760141e+00	1.056281e+00	-1.581722e-01	4.921818e-01	1.126034e+00	1.068900e+00	1.428074e+00	-3.334247e-01	2.013304e+00
-2.607318e-01	8.416568e-01	5.931233e-01	2.462713e+00	4.040002e-01	1.772294e+00	1.675525e+00	2.055557e+00	-5.211997e-02	-3.567182e-01	3.851963e-02	9.035385e-01	2.066945e+00	-1.599006e-01	7.285902e-01	2.200045e+00	-6.363064e-01	1.481266e+00	-2.120541e-01	4.640848e-01	-2.751147e-01	8.117356e-01	-5.179716e-01	-1.039942e-01	2.223103e+00	5.598806e-01	8.311086e-01	6.226807e-01	3.782960e-02	1.286759e-01	-6.191504e-01	5.654529e-01	-8.620784e-01	-4.336737e-01	9.408564e-01	-4.638637e-01	2.686028e+00	1.479080e-01	-5.541375e-01	1.395957e+00
1.871839e-01	-1.638410e+00	9.480247e-01	1.524180e+00	1.203801e+00	-1.283085e-01	6.905239e-01	1.687281e+00	4.602536e-02	5.167206e-01	9.059051e-01	8.016998e-01	3.763127e+00	1.295136e+00	2.213814e-01	8.466144e-01	2.658793e-01	2.366694e+00	-4.083899e-01	1.480171e+00	1.792179e+00	2.787541e+00	-7.140326e-02	2.373388e+00	-1.726405e-01	1.811238e+00	-2.518169e-01	-9.538442e-01	2.136955e+00	-1.931744e+00	-1.068469e+00	-2.454597e-01	-1.675833e+00	-3.825328e-01	2.615755e+00	8.580563e-01	-5.333094e-02	1.416030e+00	8.857372e-01	1.528494e+00
5.672640e-02	7.437446e-01	-3.231404e-01	2.115527e-01	1.212503e+00	-5.395885e-01	1.442692e+00	8.931860e-01	-1.635373e+00	1.736402e+00	3.371314e-01	2.748576e+00	-3.274922e-01	-9.536056e-01	-5.773952e-01	1.656110e+00	1.980681e-01	2.407397e+00	1.421884e+00	9.152869e-01	1.228436e+00	1.892675e+00	-1.503396e-01	2.508124e+00	-5.443850e-01	2.125608e+00	-7.270042e-01	5.390871e-01	1.262651e+00	-5.028516e-01	7.388597e-01	4.599519e-01	-1.250301e+00	7.478375e-01	7.358076e-01	8.282861e-01	3.859554e-01	3.764621e-01	1.367228e+00	3.054826e+00
9.683111e-01	1.760983e+00	5.818713e-01	-2.857476e-01	1.059060e+00	-2.500470e-01	4.096226e-01	2.073260e+00	-9.563409e-01	-4.764363e-01	2.165175e+00	6.129216e-01	2.886941e-02	8.510226e-01	2.243943e+00	1.815734e+00	9.300931e-01	4.099306e-01	8.774568e-01	-7.580408e-01	-1.114967e+00	-1.747792e-01	1.354828e+00	1.090164e+00	-6.121598e-01	1.223559e+00	-8.005025e-01	-9.048795e-01	-8.826103e-01	1.866261e-02	2.504403e+00	-1.399893e+00	2.512763e+00	2.665614e-01	1.388892e+00	1.291865e+00	1.509757e+00	2.361572e+00	3.926865e-01	3.037159e+00
8.299590e-01	1.253629e+00	3.305493e-01	1.739426e+00	1.944772e+00	1.467920e+00	-3.541358e-01	2.770580e+00	1.163541e+00	-1.951960e+00	1.815082e+00	-3.011190e+00	1.998584e+00	6.834285e-01	1.882915e+00	3.754862e-02	4.182336e-01	9.010898e-01	-5.847455e-01	1.956499e+00	-8.087235e-01	-8.359912e-02	2.816570e-02	4.525057e-01	1.041484e+00	1.012079e+00	-3.518384e-01	-3.675307e-01	-3.710005e-01	6.345691e-01	1.138613e+00	-1.898542e+00	1.101423e+00	-1.170191e+00	2.668388e+00	8.007032e-01	1.497674e+00	1.184399e+00	4.032748e-01	1.829515e+00
7.107390e-01	-6.486882e-01	2.647732e+00	1.709988e+00	1.392987e+00	2.497499e+00	1.189641e+00	2.577008e+00	-1.410280e+00	7.247361e-02	1.297805e-01	-1.257492e-01	3.084657e+00	-1.258944e-01	1.883433e+00	-5.381396e-02	2.286941e+00	1.856531e+00	-4.172453e-01	-6.326914e-01	-1.002660e+00	2.032309e-01	-3.210830e-01	-6.547157e-01	1.284083e+00	1.349716e+00	-7.303357e-01	1.238831e+00	-6.101651e-01	-9.001236e-02	1.970857e+00	1.791375e-01	-3.457799e-01	-2.245960e-01	2.141806e-01	1.091908e+00	1.454873e+00	1.152415e+00	1.146707e+00	7.292858e-01
-1.668908e-01	-3.926526e-01	7.719560e-01	1.577780e+00	1.395178e+00	3.598978e-01	1.139416e+00	1.012595e+00	-1.117421e+00	4.492302e-02	4.740324e-01	1.618664e+00	1.659869e+00	-1.591624e-01	3.612451e-01	1.474791e+00	-3.578763e-01	2.598621e+00	3.313004e-01	1.046967e+00	6.486425e-01	1.692902e+00	2.988012e-01	1.415299e+00	7.596446e-01	8.177964e-01	1.217929e+00	-4.429738e-01	1.539314e+00	-1.347182e+00	-5.441415e-01	8.623034e-01	-1.492242e+00	-1.037382e-01	1.957781e+00	1.071483e+00	1.324844e+00	1.527106e+00	4.837181e-01	2.318361e+00
4.041165e-01	8.587564e-01	-6.888124e-01	-1.799579e-01	5.444975e-01	-9.864982e-02	1.978587e+00	2.353088e+00	-1.433305e+00	-1.369982e-01	3.846083e+00	8.533949e-01	-8.019488e-01	1.419401e+00	2.574408e+00	1.239275e+00	1.161456e+00	3.763951e-02	5.828868e-01	1.913404e-01	5.025315e-01	1.364117e+00	2.393438e-02	1.422886e+00	4.405730e-01	7.891778e-01	-9.067514e-02	6.038048e-01	-3.113107e-01	-3.642460e-01	2.849673e+00	-1.457326e+00	-7.182374e-01	6.987588e-02	1.762425e+00	-3.830873e-01	-1.857685e-01	1.936337e+00	6.819868e-01	2.844928e+00
9.879450e-01	1.335596e+00	1.436651e+00	6.969146e-01	1.644946e+00	1.226667e+00	8.761383e-01	1.874501e+00	1.388470e+00	-4.908533e-01	-4.541802e-02	-1.404486e+00	8.568378e-01	-2.501956e-01	1.065578e+00	-8.500536e-01	1.683007e+00	1.144661e+00	1.096702e-01	2.443569e-01	-2.129825e+00	9.817665e-02	6.286045e-01	-1.186834e+00	1.216878e+00	9.287927e-01	-4.867351e-01	2.215308e-01	-1.930229e-01	6.072036e-01	1.466532e+00	-1.208657e+00	7.345967e-01	1.930013e+00	1.546368e+00	5.302173e-01	2.299027e+00	1.780341e+00	3.500043e-01	1.151023e+00
-2.451393e-01	2.138586e+00	5.329501e-01	-4.653983e-01	1.427161e+00	-1.306889e-01	-2.001504e-01	1.762520e+00	-2.105425e+00	-1.416116e-01	3.224781e+00	4.306701e-01	-4.326288e-01	1.562995e+00	2.919203e+00	2.518969e+00	1.543890e+00	-1.229070e-01	4.786295e-01	-1.469306e-01	-1.921368e+00	-2.054251e-01	1.759195e+00	1.844182e+00	-1.062990e+00	1.292030e+00	1.127971e+00	-3.973843e-01	-8.805241e-02	6.028840e-01	2.136093e+00	-1.171232e+00	2.022789e+00	-2.435038e-01	3.611890e-01	-1.581614e-02	1.808402e+00	2.004854e+00	-1.609993e-01	3.019880e+00
-1.428134e+00	1.360858e+00	1.389362e+00	7.380793e-01	1.119038e+00	1.884842e+00	6.902106e-01	-9.424195e-01	-2.838439e-01	6.649950e-01	1.123762e+00	2.853550e+00	1.805461e+00	9.006377e-02	-7.130273e-01	1.545336e+00	5.992961e-01	1.769208e+00	1.120134e+00	5.530534e-01	9.068432e-01	6.206895e-01	-7.936107e-02	4.952445e-01	-8.312302e-01	2.157886e+00	1.042207e+00	-1.434401e+00	7.645588e-01	7.347839e-01	1.049818e-01	8.092636e-01	-1.321547e-01	-1.480624e+00	4.064712e-01	-4.735339e-01	2.275418e+00	2.024179e+00	7.401925e-01	3.711107e+00
7.660456e-01	2.575111e-01	1.588596e+00	1.565444e+00	6.240139e-01	1.693582e+00	2.094915e+00	1.736043e+00	-2.281846e+00	1.434100e+00	6.313012e-01	1.385120e+00	1.822732e+00	-5.006759e-01	2.232124e+00	1.317295e-01	2.700358e+00	1.568576e+00	2.556050e-01	-1.185081e+00	4.560162e-01	1.340413e-02	-1.206619e+00	3.084519e-01	1.021634e+00	1.773021e+00	1.844844e-02	6.946975e-02	-1.011351e+00	7.938275e-02	2.966215e+00	-2.529230e-01	-7.658794e-02	-3.990505e-01	-1.884588e-02	1.101518e+00	1.451617e+00	2.099767e+00	1.289500e+00	1.996066e+00
1.478325e+00	1.316802e+00	-3.620673e-01	2.937408e-01	1.863264e+00	1.778126e+00	7.313443e-01	1.643609e+00	-3.970473e-01	-1.376818e-01	1.969314e+00	-4.003916e-01	4.623192e-02	-5.013448e-01	1.907271e+00	1.108994e+00	-1.308571e+00	-6.712849e-01	-1.142204e+00	-6.755827e-01	-5.614154e-01	2.471960e+00	1.338040e+00	6.080015e-01	6.910506e-01	5.039376e-01	-6.730934e-01	1.429699e+00	6.490694e-01	-8.141125e-01	1.785402e+00	-1.545953e-01	5.326234e-01	-6.634461e-01	1.814466e+00	9.847483e-01	8.662703e-01	1.015958e+00	5.584086e-01	2.241683e+00
-3.548356e-01	3.337296e-01	2.592752e+00	-1.558777e+00	1.818514e+00	-4.302313e-01	2.084338e+00	2.676136e+00	-2.327757e+00	7.188750e-01	2.176636e+00	-7.725431e-01	1.125341e+00	2.287413e+00	1.666908e+00	1.172286e+00	2.401720e+00	1.317726e+00	-7.815969e-01	-8.153563e-01	-1.406120e+00	7.304108e-01	6.386456e-01	9.756541e-01	1.691188e+00	2.105234e+00	4.012202e-01	-2.838868e-01	5.260197e-01	2.664094e-01	1.560456e+00	-3.162161e+00	5.709289e-02	8.104100e-01	2.128030e+00	-2.728722e-02	1.471850e+00	2.785181e+00	7.050879e-01	1.662968e+00
-7.949984e-01	1.041187e+00	8.866611e-01	1.119174e+00	2.224764e+00	-2.263416e-01	1.627376e-01	1.162134e+00	-1.515928e+00	3.935064e-01	1.240867e+00	2.202643e+00	1.101024e+00	1.336345e-01	-1.182098e-02	2.515780e+00	-5.514450e-01	2.042533e+00	3.758662e-01	6.291412e-01	7.394071e-01	1.099150e+00	1.225939e+00	3.554023e+00	-2.226650e+00	1.755817e+00	2.507442e-01	-5.659503e-01	1.094823e+00	-1.760364e+00	5.772045e-01	-3.188902e-01	-2.558217e-01	3.141001e-01	1.290633e+00	1.791726e+00	1.349677e+00	1.429243e+00	6.052768e-01	3.430348e+00
1.594628e+00	7.314119e-01	-4.103935e-01	8.935432e-01	1.192263e+00	5.681930e-01	8.135983e-01	1.920772e+00	-2.925235e-01	1.233707e+00	8.080731e-01	6.973811e-01	1.453636e-01	-7.243100e-01	9.605656e-01	1.251396e+00	-1.844784e-01	3.476080e-01	-1.863329e-01	2.113126e-01	-5.153427e-01	1.740795e+00	1.325964e+00	6.884680e-01	4.790086e-01	1.879165e-01	-3.983666e-01	1.706197e+00	4.199160e-01	-4.257353e-01	9.086163e-01	3.371048e-02	1.186361e+00	7.995028e-01	9.608970e-01	1.109415e+00	7.493628e-01	-4.720265e-01	1.991577e-01	1.215214e+00
7.579504e-01	1.815297e+00	1.635550e-01	-1.000169e+00	7.339027e-01	8.291985e-01	1.661866e+00	6.557607e-01	-1.012893e+00	2.424504e-01	5.424448e-01	1.700165e+00	-2.329041e-02	1.472857e+00	5.739403e-01	1.830137e+00	-1.812605e-01	1.804577e+00	-1.703931e+00	-6.590873e-01	-1.577438e-01	8.377254e-01	4.937815e-01	6.386295e-01	1.038188e+00	6.088401e-01	-9.047779e-02	4.548320e-01	1.132146e+00	1.291205e-01	2.845013e+00	-1.158490e+00	-3.863616e-01	2.678931e-01	-3.823836e-01	7.360493e-01	1.284180e+00	7.199029e-01	8.755911e-01	1.933119e+00
1.210669e-01	-1.946772e-01	4.395621e-01	2.225647e+00	1.988425e+00	1.166518e-01	6.512955e-01	1.078932e+00	-6.131000e-01	-1.315652e-01	6.861029e-01	9.981171e-01	2.182678e+00	-2.532266e-01	8.987109e-01	6.404023e-01	-8.340404e-01	1.086724e+00	-2.803437e-01	1.443038e+00	2.363967e-01	1.591874e+00	1.378172e+00	1.503679e+00	-6.316881e-01	6.398889e-01	3.272911e-01	1.783600e-01	1.184367e+00	-1.517122e+00	2.741576e-01	2.340162e+00	-1.121974e+00	4.155998e-01	2.167099e+00	1.315608e+00	1.804135e+00	1.351119e+00	1.577160e-01	2.650118e+00
2.254126e-01	7.213806e-01	6.785585e-01	2.065930e-01	6.325242e-01	-1.056726e+00	1.488226e+00	1.841605e+00	-1.593575e+00	6.237898e-01	2.418071e+00	1.733652e+00	3.270673e-01	1.792187e+00	2.005173e+00	1.134791e+00	6.021698e-01	8.076659e-01	4.868554e-01	1.683127e-01	-6.935076e-01	3.508603e-01	5.691879e-01	2.088821e+00	-6.982949e-01	1.982971e+00	1.132637e-01	9.550669e-01	3.823885e-01	-6.117284e-01	2.410843e+00	-5.883967e-01	-6.857715e-01	1.096440e+00	6.776987e-01	1.361843e-01	1.496384e+00	2.160246e+00	-1.087988e-01	2.914056e+00
2.807715e-01	7.466065e-02	9.565361e-02	1.482540e+00	2.313661e-01	-2.074188e-02	-4.066229e-02	1.845517e+00	-1.534114e+00	1.719954e-01	2.889981e+00	6.586872e-01	1.711764e+00	1.070194e+00	1.131052e+00	1.919484e+00	6.388971e-01	1.828867e+00	-3.941287e-01	6.895022e-01	1.078117e+00	2.932212e-01	1.246719e+00	1.761108e+00	-5.080457e-01	1.636743e+00	-6.915390e-02	-1.580265e+00	1.472109e-01	1.720982e-02	2.627004e+00	-5.669892e-03	4.416696e-01	-3.650655e-01	3.009520e+00	-5.715325e-01	1.884248e+00	2.678690e+00	1.376854e-02	3.035094e+00
1.457486e+00	1.468969e+00	7.155690e-01	-8.733388e-01	1.995070e+00	8.965924e-01	-2.636152e-01	6.237198e-01	3.527203e-01	1.327243e+00	-4.296658e-02	-9.742694e-02	2.639941e-01	-3.569081e-01	-9.311313e-01	1.040696e+00	1.643567e-01	2.547355e+00	-7.401389e-01	1.616314e+00	1.425602e-02	1.229053e+00	4.724391e-02	1.008248e+00	-4.506888e-02	1.969296e+00	-1.896694e+00	3.514404e-01	1.077563e+00	1.357000e+00	2.216391e+00	-8.907051e-01	6.369886e-02	8.328016e-01	4.501173e-01	6.406779e-01	1.119383e+00	-1.781768e-03	1.524370e+00	1.798304e+00
-1.148901e+00	9.363239e-01	1.388748e+00	8.030080e-01	1.318519e+00	1.222842e+00	2.682026e-01	1.724079e+00	-2.824615e-02	-6.788545e-03	1.193716e+00	-7.734950e-01	1.389947e+00	1.538693e-02	3.331599e-01	1.040106e+00	1.261650e+00	1.185626e+00	4.407848e-01	-2.574530e-01	-8.944722e-01	1.395622e+00	1.827958e-01	2.064763e+00	1.830203e-01	3.569880e+00	-8.354432e-01	-8.755149e-01	1.238783e+00	-3.790633e-01	2.938096e-01	-4.774189e-01	2.859041e-01	3.645518e-01	2.286988e+00	-2.904763e-01	2.429986e+00	2.178267e+00	8.679123e-01	2.063180e+00
1.228601e+00	1.708438e+00	7.069885e-01	8.937180e-01	3.290397e+00	1.166370e+00	1.071465e-01	-2.021229e-01	1.137553e+00	7.917239e-01	-4.976483e-02	-7.493470e-01	1.835340e+00	2.242412e-01	-2.493233e-01	-3.446968e-01	1.424125e-01	2.581501e-01	-1.217130e+00	1.008111e+00	-1.003798e+00	9.369611e-01	1.268763e+00	1.344093e+00	1.092982e-01	6.808140e-01	-1.327636e+00	7.010526e-01	9.573190e-01	6.478513e-01	1.043547e+00	1.871197e-01	1.107456e+00	1.036032e+00	9.293113e-01	-4.038358e-02	1.547290e+00	2.103311e+00	-1.814072e-01	9.124204e-01
1.360563e+00	9.412428e-01	-5.495805e-01	-8.173143e-01	4.040988e-01	1.436352e+00	1.297727e+00	1.009711e+00	2.684572e-01	9.503718e-01	1.388106e+00	1.521888e+00	4.714216e-01	7.398788e-01	4.730762e-01	6.266117e-01	2.578873e-01	5.891068e-01	-1.049672e+00	6.039704e-01	1.005911e+00	1.753591e+00	3.639650e-01	1.021873e+00	-3.910728e-01	4.662544e-01	-1.027372e+00	7.591036e-01	9.367680e-01	-1.118483e+00	2.807517e+00	-5.549811e-01	-6.322803e-01	9.741553e-01	1.489229e+00	7.014483e-01	7.834999e-02	1.020073e+00	1.207239e-01	3.291317e+00
2.055103e-02	7.642009e-02	1.138688e-01	1.264608e+00	9.787185e-01	-5.696406e-01	1.535702e+00	1.377546e+00	-7.553274e-01	7.559848e-01	7.447927e-01	1.755907e+00	8.886310e-01	-7.025465e-01	4.564885e-01	9.001232e-01	6.081754e-01	2.172951e+00	1.830412e+00	1.568225e+00	1.090200e+00	1.151479e+00	-5.833739e-01	2.077764e+00	-1.098422e+00	1.869129e+00	-5.228657e-01	-2.229465e-01	8.900245e-01	-1.434369e+00	2.636498e-01	4.273704e-01	-9.825708e-01	2.287472e-01	1.304885e+00	1.465842e+00	8.724037e-01	1.528118e+00	1.082687e+00	2.938151e+00
1.041356e-01	5.699053e-01	2.534343e-01	1.021962e+00	8.037817e-01	-1.996136e-01	1.116038e+00	7.941839e-01	4.038149e-02	5.767121e-01	4.827184e-01	1.452164e+00	1.221317e+00	-1.440547e-01	-2.980011e-01	1.000659e+00	-2.515743e-01	1.390082e+00	-7.679969e-01	1.583780e-01	2.904822e+00	2.427022e+00	7.628650e-01	1.627521e+00	-1.002505e+00	2.284926e+00	-6.819118e-01	-9.484647e-01	1.685761e+00	-6.319410e-01	8.508552e-01	1.122159e+00	-1.987704e+00	6.029304e-01	1.299031e+00	4.047106e-01	1.853860e+00	1.314155e+00	9.010448e-01	2.794308e+00
1.841364e-03	1.252854e-01	9.423090e-01	1.225469e+00	-1.763002e-01	1.082127e+00	1.718142e+00	1.747808e+00	7.141919e-01	9.407267e-02	1.746160e-01	3.972897e-01	2.618444e+00	-5.650630e-01	2.704276e-01	1.484340e-02	-3.624603e-01	2.106012e+00	-5.275239e-02	9.614899e-01	1.463971e+00	1.511050e+00	-5.089975e-01	1.160662e+00	1.069662e+00	1.505263e+00	-1.041832e+00	-3.162412e-01	1.330023e+00	-1.371408e+00	4.909299e-01	-2.724130e-02	-8.424429e-01	-3.305390e-01	2.303243e+00	8.450011e-01	1.107091e+00	7.427743e-01	6.962460e-01	2.554612e+00
-4.171859e-01	7.860393e-01	5.917827e-01	1.409545e+00	2.434303e+00	8.340277e-01	-6.475898e-02	1.818086e+00	-1.275219e+00	5.418000e-01	2.378790e+00	6.553940e-01	8.060186e-01	7.385214e-01	2.095648e-01	1.594580e+00	2.748511e-01	1.247346e+00	-4.989619e-02	2.696167e-01	6.876760e-02	1.568056e+00	8.846111e-01	2.307049e+00	-1.121665e+00	2.293939e+00	9.446786e-01	-1.810996e-01	5.356321e-01	1.161263e+00	9.187781e-01	-1.464668e+00	1.879701e+00	-8.923428e-01	3.789789e-01	-1.927851e-01	3.670019e-01	6.850610e-01	8.526788e-01	2.482161e+00
5.698966e-01	8.122817e-01	2.458069e-01	-2.261560e-01	1.545799e+00	-1.064719e+00	9.392098e-02	1.097449e+00	-2.970177e-01	4.467760e-01	1.758525e+00	1.068652e-02	-8.379065e-01	1.001697e+00	2.151630e+00	9.277407e-02	2.187868e+00	2.811717e-01	1.440376e+00	9.673428e-02	-1.058026e+00	2.539519e-01	1.407915e+00	1.219734e-01	-1.022943e+00	1.103544e+00	6.001023e-01	-1.010964e+00	8.209846e-01	1.716465e-01	1.394669e+00	-6.976635e-01	1.335062e+00	1.178615e+00	5.024257e-01	1.506738e+00	1.368686e+00	1.795319e+00	1.811824e-01	9.604636e-01
1.038019e+00	1.384776e-01	-1.112639e+00	4.506042e-01	-1.967401e-01	-3.102337e+00	7.084255e-01	2.277113e+00	-2.713084e-01	-9.957646e-01	2.638887e+00	-4.674023e-01	-1.821837e+00	3.076764e+00	3.422082e+00	1.376122e+00	-7.125759e-01	9.676968e-01	-1.995613e+00	7.058439e-01	7.366823e-01	3.423055e+00	9.271692e-01	1.131146e+00	1.456767e+00	2.228078e+00	2.283579e-03	-7.763952e-01	1.215942e+00	1.274067e-01	2.106328e+00	-1.150939e+00	-5.662139e-01	2.261010e+00	2.981118e+00	-2.561020e-01	6.246959e-01	1.454299e+00	-1.307122e+00	1.217832e+00
1.142312e+00	2.165696e+00	-2.589634e+00	-3.328998e+00	-1.381018e+00	-3.448935e+00	7.742734e-01	2.748032e+00	9.329646e-01	-1.606299e+00	3.620457e+00	-2.182943e-01	-2.782513e+00	3.990879e+00	-1.780220e-01	3.937845e+00	-2.567128e+00	1.215662e+00	-1.651828e+00	3.828888e+00	3.415307e-01	1.254612e+00	1.554428e+00	2.550726e+00	1.198330e-01	-8.574789e-01	-1.681693e+00	-3.975866e-01	2.804358e+00	-3.512137e-01	1.796368e+00	-1.121280e+00	-1.394824e+00	2.462954e+00	2.772754e+00	2.376319e-01	1.978676e+00	5.108785e-01	-5.356627e-01	4.657587e+00
1.279553e+00	1.727761e+00	1.583547e+00	3.906149e+00	3.489099e+00	4.057918e+00	5.755177e-01	-8.399150e-01	-1.028703e+00	1.874155e+00	-2.031284e+00	6.111759e-02	2.613929e+00	-2.004175e+00	2.391522e+00	-1.321905e+00	1.464766e-01	1.229048e+00	-7.751439e-01	-1.010134e+00	-9.892290e-01	-1.492969e-01	6.287609e-01	1.333297e+00	1.557823e+00	-7.071570e-01	-1.009590e+00	3.612107e+00	-4.936106e-01	-4.175035e-01	2.042720e+00	4.942378e-01	9.937455e-01	-5.293019e-01	-1.866220e+00	3.315656e+00	1.261023e+00	-5.233265e-01	2.864414e-01	-9.529353e-01
2.321219e-01	1.730807e+00	1.422074e+00	5.064587e-01	6.648400e-01	-1.899709e-01	2.442986e-01	1.459934e+00	9.291779e-01	-3.400577e-02	1.188579e+00	7.906582e-01	1.578466e-01	1.754239e-02	8.467916e-01	7.298873e-01	8.123777e-01	1.078429e+00	8.086267e-01	-7.588401e-01	-1.582840e+00	-3.038361e-01	6.757392e-01	9.214936e-01	4.332764e-01	2.393105e+00	-9.610738e-01	7.889398e-01	-2.468701e-01	6.989252e-01	2.088853e+00	-1.090476e+00	1.203288e+00	5.958676e-01	1.223303e+00	9.369369e-01	1.139081e+00	1.381314e+00	1.683885e-01	1.583168e+00
-5.904440e-02	1.591886e+00	6.128713e-01	-4.241198e-01	5.736300e-01	1.234652e+00	2.131717e+00	3.472530e-01	-3.539263e-01	-1.053270e+00	1.046855e+00	9.631082e-01	-1.906294e+00	7.240427e-01	1.100172e+00	3.419085e-01	1.431716e-01	2.785079e+00	-8.263737e-01	-1.312545e+00	-1.155032e-01	8.402849e-01	-2.680447e-01	9.463585e-01	2.481830e+00	1.112971e+00	-3.166201e-01	2.682087e-01	1.196329e+00	-2.693268e-01	2.347018e+00	-3.103135e-01	-1.626551e+00	7.386917e-01	9.785321e-01	1.224045e+00	1.201551e+00	2.740870e+00	1.277680e+00	2.477121e+00
6.574890e-01	1.686939e+00	7.087338e-01	-2.399178e-01	3.272803e+00	1.200621e-01	2.452297e-02	9.585605e-01	3.333782e-01	-5.740744e-01	1.364439e+00	-3.266373e-01	3.333821e-01	1.747614e+00	8.844086e-01	1.475436e+00	-2.213988e-01	-1.185597e-01	-1.197220e-01	-1.017951e+00	-7.861171e-01	2.479353e-01	1.995441e+00	1.480353e+00	-1.442707e+00	1.049791e+00	-5.301742e-01	-7.737446e-01	3.171330e-01	7.874343e-02	7.473073e-01	-2.238943e+00	2.554659e+00	4.708254e-01	4.495840e-01	2.080009e+00	8.011613e-01	2.257963e+00	3.664260e-01	1.864876e+00
4.239045e-02	1.434950e+00	1.277402e+00	7.725851e-01	1.054849e+00	-1.749440e-01	9.816509e-01	2.307084e+00	-1.496229e-01	-8.432485e-01	1.172687e+00	-1.106604e+00	6.316873e-02	1.174143e+00	1.834763e+00	4.613332e-01	-1.630025e-02	1.931045e+00	1.977162e-01	6.867152e-01	-2.085568e+00	4.645717e-01	9.302545e-01	1.469448e+00	1.741106e+00	1.481766e+00	-5.062022e-01	1.661672e+00	1.423427e+00	4.636602e-01	3.493935e-01	-2.168066e+00	-6.584878e-01	4.440707e-02	6.963680e-01	6.800491e-01	1.767283e+00	1.197032e+00	-7.024837e-01	1.605084e+00
7.435098e-01	1.361245e+00	1.116353e+00	-3.299327e-02	2.994181e+00	-2.232388e-03	-7.128440e-02	1.333111e+00	-1.764172e+00	-4.598558e-01	1.874101e+00	3.912309e-02	4.214407e-01	9.674851e-01	1.740124e+00	1.818159e+00	5.502543e-01	4.565326e-01	-3.107866e-01	-6.013391e-02	-1.262855e+00	3.932424e-01	2.809592e+00	1.834473e+00	-2.458449e+00	4.300986e-01	-3.092459e-01	1.650311e+00	4.294790e-01	-5.887671e-02	1.613913e+00	-1.624252e+00	2.579540e+00	5.518761e-01	-6.399702e-01	9.882114e-01	1.357431e+00	1.455662e+00	1.497292e+00	2.298502e+00
-4.472571e-01	1.132671e+00	8.142024e-01	1.201145e+00	3.106911e+00	3.752287e-01	-2.116260e-01	1.138550e+00	-7.052829e-01	-2.267989e-01	2.059006e+00	-1.235105e+00	2.276440e+00	1.824985e+00	9.191214e-01	1.947157e+00	8.611372e-01	2.284487e-01	-1.530937e+00	5.623306e-01	-9.449083e-01	-8.400387e-03	1.756737e+00	3.402960e+00	-2.671241e+00	1.234569e+00	-4.447487e-01	-6.598657e-01	1.220891e+00	-8.543926e-01	1.139243e+00	-1.392042e+00	1.697113e+00	-3.855733e-01	1.742051e+00	8.386318e-01	2.530862e+00	3.356850e+00	8.203266e-01	2.870205e+00
-2.003638e-01	5.151303e-01	1.547083e+00	6.394328e-01	2.814910e-01	1.238987e+00	4.475634e-01	1.142693e+00	4.822804e-01	7.579065e-01	1.086881e+00	6.352605e-01	2.235051e+00	8.740306e-01	1.117226e+00	1.245642e+00	1.459544e+00	8.512808e-01	1.395456e-01	-1.513787e-01	-3.834182e-01	-1.762422e-01	4.268107e-01	1.666153e+00	-7.017955e-01	6.348061e-01	-3.955345e-01	-1.663531e-01	1.113685e+00	-8.513222e-01	4.175470e-01	1.462672e+00	4.911624e-01	-7.464034e-01	1.233065e+00	1.777152e-01	2.523421e+00	1.590322e+00	1.300737e-01	2.377309e+00
-8.696783e-01	1.538275e+00	4.294664e-01	5.696276e-01	8.851140e-01	-6.276661e-01	1.149464e+00	5.337876e-01	-1.120613e+00	-2.405299e-01	6.731415e-01	1.689802e+00	1.057561e-01	1.123036e-02	2.610135e-01	2.324446e+00	-5.281587e-01	1.649423e+00	7.755274e-01	2.824456e-01	1.202103e+00	-3.412655e-01	1.083510e+00	2.208894e+00	1.422552e-01	1.909743e+00	4.284817e-01	-1.186966e+00	5.534356e-01	2.558958e-01	1.252484e+00	-3.273272e-01	-4.970188e-01	-1.900514e-01	8.432336e-01	1.324584e+00	2.022442e+00	1.970445e+00	-1.437734e-01	3.834415e+00
1.654746e+00	1.246958e+00	6.343618e-01	-1.206133e-01	4.660371e-01	2.532092e-01	9.332159e-01	7.763703e-01	7.924599e-01	2.218118e-01	8.809642e-01	4.995663e-01	1.902630e+00	1.722802e+00	1.318192e+00	6.287031e-01	4.452329e-01	9.482766e-01	-1.196770e+00	5.763643e-01	1.898361e-01	-3.935321e-01	3.312752e-01	1.291529e+00	1.558282e-01	-9.490362e-01	-1.237220e+00	-3.425863e-01	3.220184e-01	-1.003126e+00	2.127959e+00	5.972625e-01	-4.769294e-01	-3.456307e-02	2.156354e+00	1.348976e+00	2.259390e+00	2.787537e+00	-4.544987e-02	2.315198e+00
2.822307e+00	5.209495e+00	4.833321e-01	3.325602e+00	8.048307e+00	1.586109e+00	1.655964e+00	4.130064e+00	-8.669702e+00	-2.810631e+00	-9.348384e-01	1.729499e+00	3.133225e+00	6.126052e+00	4.639641e+00	3.704833e+00	-6.728697e+00	4.112802e-01	-4.565641e+00	1.583611e-01	-8.874355e+00	-2.905007e-01	-9.370124e-01	5.469366e+00	3.014056e+00	-3.171520e+00	3.356156e+00	4.731554e+00	3.229039e+00	8.704467e-02	-4.161865e+00	-3.871665e+00	-1.563050e-01	-3.556053e+00	-4.273547e+00	5.177634e+00	1.374644e+00	-1.959832e+00	3.051057e+00	3.562393e-02
2.489321e+00	6.888528e-01	-1.718468e+00	-4.403757e-01	-1.689668e-01	-2.331524e+00	7.906607e-01	2.960607e+00	-1.098543e+00	-4.863564e-02	9.492235e-01	1.481926e+00	-1.110975e-01	6.627162e-02	1.057699e+00	4.413487e-01	2.032856e-01	2.526573e+00	1.272711e-01	1.581846e+00	1.134409e+00	9.936993e-01	7.780574e-01	2.105241e+00	9.348959e-01	1.257935e+00	-5.959599e-01	-8.554696e-01	9.906652e-01	-4.040943e-01	2.768418e+00	1.297946e-01	-1.020558e+00	1.012152e+00	2.495623e+00	1.540872e+00	-1.483400e-01	5.405713e-01	1.686085e-02	2.151447e+00
-1.014649e+00	7.550988e-01	1.665322e+00	6.402284e-01	2.492314e+00	-8.155463e-01	3.160254e-01	1.047283e+00	-1.054545e+00	9.864455e-02	1.869828e+00	-5.831017e-01	8.606031e-01	1.829173e+00	1.910734e+00	1.770278e+00	1.748167e+00	-4.393476e-01	-5.154378e-01	-1.422023e+00	-1.432054e+00	-1.356080e-01	2.358546e+00	2.401589e+00	-1.643843e+00	1.673988e+00	5.286761e-01	4.059945e-01	9.106164e-01	-2.899265e-01	7.772413e-01	-1.084822e-01	2.608239e+00	1.156127e+00	5.632599e-01	3.461814e-01	2.375637e+00	2.897148e+00	4.844950e-01	2.512248e+00
1.424218e+00	-5.233786e-01	1.090057e+00	4.564887e+00	2.642531e+00	3.718199e+00	1.115478e+00	-2.643438e-01	-1.891559e+00	2.806429e+00	-2.162336e+00	1.030256e+00	4.451485e+00	-1.700450e+00	3.436053e+00	-1.444603e+00	2.311929e+00	1.138094e+00	-1.847480e-01	-6.011967e-01	8.183174e-01	3.035852e-01	-4.609683e-01	-3.084749e-01	9.566127e-01	1.109932e-02	5.364879e-01	7.242474e-01	-1.472461e+00	-5.256528e-01	2.208612e+00	1.161687e+00	1.720555e+00	-3.036683e-01	-1.375620e+00	2.260652e+00	1.239150e+00	6.070298e-01	3.853635e-01	-8.732637e-01
1.077395e+00	1.489929e+00	5.529441e-02	8.903896e-01	1.381784e+00	-1.229574e+00	-4.214139e-01	8.563562e-01	5.733783e-01	-7.025601e-01	5.386485e-01	-7.865584e-01	-1.901196e-01	6.112281e-01	2.441835e+00	6.725689e-02	3.809248e-01	1.128621e+00	-2.178790e-01	1.784191e+00	-2.219665e-01	1.589530e-01	1.548990e+00	1.256092e+00	1.048824e+00	8.009974e-01	-4.744632e-01	-2.091212e-01	2.517148e-01	6.284075e-01	2.178320e+00	1.980293e-01	-5.436229e-01	1.504024e+00	1.524853e+00	8.084462e-01	1.804988e+00	1.245767e+00	-1.186424e+00	7.710281e-01
3.345772e-01	6.807897e-01	1.386697e+00	7.892788e-01	2.079930e+00	1.091098e-01	1.838102e+00	7.084108e-01	5.866702e-02	1.636782e+00	5.225422e-01	5.957310e-01	2.158359e+00	8.603676e-01	-7.865942e-01	5.752236e-01	1.572259e-01	1.777457e+00	-1.006197e+00	4.988041e-01	3.074218e-01	8.089401e-01	2.487511e-02	2.201848e+00	-8.274748e-01	1.320773e+00	-1.702125e+00	9.765975e-01	1.915264e+00	-1.102556e+00	3.969914e-01	8.228589e-02	-9.537570e-01	-8.860972e-02	1.474269e+00	1.225676e+00	1.806729e+00	2.038395e+00	3.925209e-01	2.826909e+00
2.434799e-01	2.433190e-01	8.942719e-01	5.112584e-01	-8.993537e-01	1.880142e+00	3.596336e-01	1.833874e+00	8.486000e-01	4.150816e-01	1.133490e+00	-1.486564e-01	1.558837e+00	-3.198483e-01	1.596155e+00	6.883728e-01	1.397490e+00	9.045020e-01	5.312797e-01	-1.556457e-01	-6.385529e-01	6.631592e-01	-1.797865e-01	-4.849272e-01	1.665178e+00	1.544653e+00	-5.560349e-01	6.531886e-01	-2.765311e-01	-1.174979e-01	1.889981e+00	7.892672e-01	1.126804e+00	5.516547e-01	1.745080e+00	-3.776096e-01	1.554901e+00	9.180753e-01	1.873845e-02	1.760915e+00
2.421342e+00	1.748544e+00	-1.097454e+00	-5.239231e-01	-3.492496e-01	2.877611e-01	7.124481e-01	1.333613e+00	2.375373e-01	1.439110e-01	1.232034e+00	1.398181e+00	-1.180081e+00	4.230433e-01	2.193868e+00	1.131624e+00	-2.136090e-01	5.634079e-01	-8.725489e-02	-7.920209e-01	3.898001e-01	1.094080e+00	-2.466654e-01	1.281694e-01	6.782287e-01	5.179295e-01	-7.808483e-01	2.856239e-01	8.750654e-02	-8.478285e-03	3.094648e+00	-2.324032e-01	-2.235730e-01	7.761555e-01	1.575931e-01	2.016777e+00	5.250154e-01	2.207316e-01	9.942177e-01	1.804233e+00
1.942621e+00	1.346946e+00	4.792259e-03	6.426851e-02	-6.375398e-01	2.852840e+00	1.540290e+00	4.812783e-01	1.238633e-01	1.901146e+00	-3.963561e-01	2.377706e+00	4.346398e-01	9.770560e-02	1.980202e-01	1.870751e+00	3.016194e-03	2.245932e+00	-6.477975e-01	-1.260915e+00	-4.496980e-01	9.416543e-01	-1.465863e+00	2.376978e-01	1.482482e+00	1.795539e-01	-2.181480e+00	1.116111e+00	9.053703e-01	-1.199956e+00	2.172975e+00	1.914234e+00	-4.570890e-01	1.465125e+00	-3.864126e-01	1.388221e+00	1.691344e+00	2.869264e-01	1.039968e+00	1.741265e+00
1.689156e+00	1.750324e+00	-1.133995e+00	1.823008e+00	1.304169e+00	-3.197027e-02	-9.045997e-01	1.110419e+00	2.110827e-01	-9.200216e-01	6.435584e-01	-6.323542e-01	1.178264e+00	5.876778e-01	1.824993e+00	5.029932e-01	-1.527908e+00	1.546710e+00	-8.657971e-01	2.173006e+00	1.559243e-02	-3.190657e-01	1.513206e+00	1.797475e+00	8.823434e-02	6.727841e-02	-1.193463e+00	7.696977e-01	-2.320031e-01	-9.188458e-02	3.225969e+00	-2.134277e-01	4.180903e-01	3.177002e-01	1.751087e+00	2.325516e+00	1.849036e+00	5.001111e-01	-5.295935e-01	1.867064e+00
3.976030e-01	7.991472e-01	1.385313e+00	6.720146e-01	1.040098e+00	9.854458e-01	-1.523726e-01	2.221947e+00	-3.902655e-01	-6.067332e-01	1.010010e+00	-7.520301e-01	7.442927e-01	9.088549e-01	2.336337e+00	9.626457e-01	1.366816e+00	9.028789e-01	-1.284292e+00	-5.838772e-01	-3.120894e+00	8.805988e-01	1.675022e+00	3.399971e-02	8.320818e-01	1.214682e+00	-1.224017e-01	8.937973e-01	1.132255e+00	-3.533761e-01	1.269325e+00	3.557422e-02	1.280183e+00	1.391043e+00	9.054071e-01	6.011282e-01	2.278271e+00	6.487172e-01	-6.629399e-02	3.161052e-01
1.683011e+00	2.250969e+00	5.305694e-01	4.721197e-02	1.309223e+00	1.304616e+00	9.833348e-01	1.670320e-01	5.828648e-01	1.949104e+00	1.257798e+00	1.128634e+00	-6.669989e-03	8.093034e-01	1.035936e+00	1.204228e+00	-2.665085e-02	-1.779795e-01	-6.501992e-01	-3.981621e-01	-2.327055e-01	-2.461849e-01	2.113255e-01	6.125130e-01	-5.852975e-01	8.531593e-02	-5.646375e-01	9.245844e-01	-4.414050e-01	5.766936e-01	3.387316e+00	-4.023451e-01	2.442553e+00	1.336793e+00	-2.664165e-01	5.503654e-01	1.804601e+00	1.092954e+00	-3.702880e-02	1.941889e+00
1.086100e+00	3.250275e-01	7.374675e-01	5.558427e-01	1.110654e+00	-1.864192e-01	1.270544e+00	1.397204e+00	-1.529247e+00	5.230892e-01	1.584620e+00	7.285456e-01	-5.595453e-01	7.044416e-01	1.711349e+00	8.891915e-01	8.593890e-01	1.164293e+00	-2.265455e-01	-8.125315e-01	8.127772e-01	1.337036e+00	5.596097e-02	1.609429e+00	6.466732e-01	1.350477e+00	-5.656962e-01	3.316884e-01	8.545808e-01	1.730515e-01	1.968023e+00	-2.822499e-02	-1.357723e+00	3.230850e-01	5.143143e-01	1.340143e+00	1.012743e+00	1.567018e+00	1.331036e+00	8.109456e-01
1.158946e+00	1.031010e+00	2.353440e+00	5.969454e-01	2.134152e+00	1.922147e+00	1.310881e+00	1.601930e+00	-3.823668e-01	1.520261e+00	-9.645503e-01	-6.861665e-01	1.305677e+00	-1.051252e+00	2.017828e+00	-2.771960e-01	2.913038e+00	1.105585e+00	8.426565e-01	-3.468239e-01	-1.936544e+00	-6.721508e-01	3.686941e-01	-1.522064e+00	1.587155e+00	5.114377e-01	1.352002e-01	1.463953e+00	-1.263724e+00	6.300770e-01	1.584838e+00	-1.914194e+00	1.451720e+00	1.408891e+00	-5.870312e-01	1.715257e+00	1.481348e+00	6.653236e-01	4.321875e-01	1.566754e-01
-1.283680e+00	3.020565e-01	1.208924e+00	1.056965e+00	1.198911e+00	-5.493095e-01	-1.198494e-01	1.285964e+00	-1.380672e+00	4.261789e-02	1.897301e+00	1.455906e+00	1.636018e+00	1.991179e+00	1.358404e+00	3.230789e+00	1.258071e+00	6.536255e-01	1.110981e+00	8.707226e-01	-7.658678e-01	-1.557127e+00	2.234504e+00	2.693885e+00	-2.250201e+00	1.307095e+00	4.085618e-01	-3.082625e-01	4.786477e-02	-9.362906e-01	1.188435e+00	3.982905e-03	1.350655e+00	-4.101244e-02	2.552727e-01	3.439271e-01	2.069249e+00	3.062605e+00	-1.925827e-01	4.201144e+00
1.192264e+00	1.846224e+00	6.849250e-01	-4.044489e-01	1.958211e+00	2.708949e-01	-1.176580e-01	1.539961e+00	2.738904e-01	1.369937e-01	2.443420e+00	-4.365561e-01	-5.455501e-01	2.912960e-01	1.085381e+00	9.125362e-01	6.023282e-01	2.018847e-02	-2.676173e-01	3.061185e-01	-1.178835e-01	3.804628e-01	8.016408e-01	8.672557e-01	-1.324018e+00	1.327623e+00	-8.608885e-01	-5.783450e-01	2.338538e-01	1.120170e+00	2.411241e+00	-1.456871e+00	2.029833e+00	-4.208057e-01	1.010276e+00	1.548313e+00	1.445154e+00	1.671080e+00	4.094719e-01	2.122499e+00
-3.094549e-01	2.594908e-01	8.723268e-01	1.251956e+00	2.518287e+00	7.634409e-01	1.826866e+00	1.418316e+00	-1.604957e+00	1.323437e+00	1.710461e+00	5.394433e-01	6.257928e-01	8.387910e-01	8.661441e-01	1.450324e+00	9.245779e-01	6.672620e-01	-8.533604e-01	8.083352e-01	-1.418201e+00	4.984333e-01	9.354902e-01	6.075362e-02	5.508708e-01	1.386722e+00	1.007569e+00	1.712909e+00	-5.501774e-03	9.312994e-01	2.001650e+00	-5.404933e-01	1.156825e+00	7.181558e-01	2.620625e-01	-1.000325e+00	1.432170e+00	1.269667e+00	-1.306357e-01	2.312944e+00
8.053455e-03	1.811047e-01	-1.854077e-01	9.129313e-01	1.293576e+00	-6.848455e-02	7.490266e-01	1.208968e+00	-6.904954e-01	4.372013e-01	2.082526e+00	1.261314e+00	2.343327e+00	2.409423e+00	1.148835e+00	1.260257e+00	4.681000e-01	7.327883e-01	-7.379134e-03	6.326867e-01	1.186811e-02	6.466729e-01	2.299168e+00	2.789420e+00	-2.124057e+00	1.684718e-02	-3.298239e-01	-8.865898e-02	2.029335e+00	-2.190836e+00	9.398050e-01	5.272987e-01	-7.055979e-01	-7.101459e-01	8.383694e-01	9.917927e-01	9.940146e-01	2.216877e+00	2.514058e-01	2.341841e+00
1.072368e+00	-1.228508e+00	1.198687e+00	4.017874e+00	1.134281e+00	-2.248773e-01	-2.266176e+00	2.197409e+00	-9.878350e-01	-1.632994e+00	1.320651e+00	9.075285e-01	4.849509e+00	-2.382470e+00	-1.513344e+00	-2.322278e+00	8.202618e-01	6.096531e+00	-3.522628e-01	1.315996e+00	7.386877e-01	-2.443928e-01	-3.386778e+00	-6.339374e-01	2.987535e+00	2.592337e+00	-4.618696e-01	7.572176e-03	2.996579e+00	4.138810e+00	-4.023359e+00	1.779101e+00	5.487203e-01	-4.951949e+00	2.650590e+00	2.712740e+00	-2.044291e+00	-2.434120e+00	4.253266e+00	-2.455059e-02
-4.032781e-01	-1.782308e-01	1.935644e-01	1.983715e+00	4.237471e-01	6.049514e-01	9.187863e-02	1.948707e+00	-4.746461e-01	-1.043145e+00	2.158496e+00	8.620677e-01	1.981563e+00	7.565079e-01	2.228611e+00	1.187356e+00	9.116011e-01	8.587475e-01	8.629790e-01	8.404122e-01	-7.346661e-01	-5.077417e-01	1.416914e+00	1.059938e+00	-1.212232e+00	6.127012e-01	9.516116e-01	-2.624608e-01	2.961067e-01	-1.089917e+00	9.924926e-01	1.610685e+00	6.051737e-01	-9.567197e-01	1.078639e+00	6.547225e-01	1.705946e+00	1.970653e+00	3.352366e-01	3.698526e+00
7.785918e-01	1.100931e+00	-2.619789e-01	-1.265435e-01	2.446736e+00	-6.994248e-01	-1.863456e-02	5.473907e-01	-8.768502e-01	3.795648e-01	1.828575e+00	-3.929149e-01	-7.086683e-01	1.319361e+00	1.947684e+00	9.541904e-01	1.356639e+00	4.005884e-01	-6.361721e-02	8.497873e-01	-1.996303e-01	1.178231e+00	6.736913e-01	1.292692e+00	4.856930e-01	8.572147e-01	8.661641e-01	-1.097951e+00	1.166574e+00	7.591097e-01	-5.911626e-02	-1.337219e+00	8.282825e-01	1.641725e-02	7.765658e-01	2.327479e+00	4.084263e-01	1.358110e+00	-7.821362e-02	3.310743e-01
-1.168961e-01	7.691404e-02	2.369157e-01	1.199867e+00	3.372254e-01	-8.928187e-01	-4.679474e-02	1.242350e+00	-1.968604e+00	-7.377959e-01	1.721451e+00	7.190091e-01	7.060982e-01	1.645747e+00	2.428375e+00	1.960559e+00	1.806096e-01	1.226034e+00	2.707511e-02	4.125525e-01	3.741169e-02	3.165129e-01	1.619531e+00	2.501031e+00	2.875167e-01	7.405006e-01	-5.217874e-02	2.850420e-01	3.124366e-01	-2.841079e-01	2.124418e+00	9.699896e-01	4.377074e-02	7.905017e-01	1.261909e+00	8.569657e-01	1.762584e+00	1.781284e+00	3.069440e-01	2.061850e+00
-1.654883e-01	8.929100e-01	9.899542e-01	4.248307e-01	2.031740e+00	-4.719219e-01	1.020222e+00	2.214579e-01	-7.731193e-01	1.682146e+00	3.048877e-01	1.116629e+00	6.577521e-01	-6.144453e-01	-9.729444e-01	1.118158e+00	1.631200e+00	2.514158e+00	1.198572e+00	1.482983e+00	5.381957e-01	1.007915e+00	-4.447520e-01	2.360988e+00	-2.758482e-01	2.121488e+00	-1.193073e+00	-6.345754e-01	1.673781e+00	-8.949714e-02	-9.914041e-02	-8.254915e-01	-4.725550e-01	-8.725674e-02	1.230879e+00	1.160820e+00	1.246459e+00	2.228697e+00	9.036049e-01	2.674871e+00
-1.914344e+00	1.066928e+00	-1.455236e-01	-9.608060e-01	-8.954506e-02	-2.236255e+00	4.890400e-01	2.553043e+00	-7.996378e-01	-3.303477e+00	3.547243e+00	5.215048e-02	-1.235916e+00	2.274691e+00	-3.787154e-01	3.293680e+00	-1.121597e+00	1.948309e+00	2.518500e-01	2.054609e+00	-6.759085e-01	1.242565e+00	1.875127e+00	3.071740e+00	8.710986e-01	4.524317e+00	-6.746651e-01	-9.804369e-01	1.713049e+00	-1.981149e-01	2.110158e+00	-1.552249e+00	-1.932645e+00	9.463951e-01	3.518225e+00	-1.073270e+00	1.445108e+00	3.610059e+00	4.750695e-01	4.855024e+00
6.570322e-01	8.497716e-01	7.120998e-01	1.458235e+00	4.998140e-01	1.338420e+00	4.606403e-01	1.535465e+00	8.056315e-01	-1.896470e-01	5.191878e-01	-3.050601e-02	1.941938e+00	3.817205e-01	9.388508e-01	5.149986e-01	1.611017e-02	2.017569e+00	-8.149635e-01	4.229232e-01	-6.764059e-01	7.073936e-01	-3.001017e-01	-2.563781e-01	2.357793e+00	1.681567e+00	2.646786e-01	3.064296e-01	2.924399e-01	1.242062e-01	1.638940e+00	-6.583465e-01	-2.914908e-01	-8.746859e-02	1.940940e+00	7.535072e-01	1.446573e+00	6.232970e-01	2.377632e-01	9.174003e-01
-2.577617e-01	-8.956095e-02	5.479588e-01	9.033310e-01	5.931032e-01	4.341428e-01	1.286477e+00	1.425172e+00	2.090958e-02	5.291411e-01	1.595934e+00	9.195849e-01	1.961040e+00	1.325993e+00	1.048733e+00	1.477310e+00	1.728142e+00	1.432719e+00	7.993555e-01	1.142658e-01	-4.656865e-01	7.358452e-01	2.124699e-01	1.514216e+00	-2.740495e-01	8.883629e-01	1.109347e-01	5.423525e-01	9.246006e-01	-6.774362e-01	2.647237e-02	-1.359604e+00	2.056316e-01	-7.595676e-01	1.160671e+00	-3.858604e-01	6.035772e-01	1.467293e+00	1.475320e+00	2.095566e+00
1.240791e-02	-5.944812e-01	1.768402e+00	4.906535e-01	9.372630e-01	1.766780e+00	8.893452e-01	1.735072e+00	-8.577613e-01	1.226717e-01	1.669868e+00	6.167647e-01	1.673751e+00	2.285005e-01	1.956078e-01	1.623052e+00	1.301840e+00	1.205071e+00	-7.269366e-01	-2.867364e-01	2.228213e+00	1.925358e+00	3.409970e-01	-1.824710e-01	4.662610e-01	2.013015e+00	-1.182903e-01	-1.391397e+00	-6.717213e-02	5.365137e-01	2.231383e+00	-7.794325e-01	-4.052545e-01	3.607132e-01	1.719971e+00	-7.974485e-01	9.800144e-01	2.068801e+00	1.535939e+00	2.028710e+00
5.440498e-01	1.491263e+00	-1.761174e-01	-9.394759e-01	9.395993e-01	-8.746610e-01	2.469420e-01	1.290175e+00	-9.662142e-01	1.947960e+00	2.692306e+00	1.070769e+00	2.554976e-01	2.071607e+00	8.677918e-01	2.183330e+00	1.795417e+00	1.121517e+00	-8.150479e-01	-4.313264e-01	-9.461282e-02	3.579488e-01	9.583908e-01	3.359504e+00	-8.601248e-01	2.287885e+00	-8.970232e-01	-4.098828e-01	1.532369e+00	-7.623412e-01	2.788474e+00	-1.249130e+00	2.563791e-01	8.075908e-01	1.103210e+00	4.617064e-01	9.538350e-01	1.846634e+00	6.722550e-01	2.698059e+00
-1.471786e-01	1.458709e+00	1.428616e+00	7.670303e-01	3.211422e+00	1.746120e+00	-8.518771e-03	7.146090e-01	-7.928420e-01	6.074700e-01	1.122010e+00	6.379386e-01	1.544637e+00	2.255061e-02	-6.546279e-01	1.825646e+00	-9.808647e-02	9.892878e-01	-1.314351e-01	-3.492917e-01	-1.171744e+00	1.518717e+00	1.257235e+00	1.970077e+00	-1.307367e+00	2.101734e+00	-7.517089e-01	1.427208e-01	6.474374e-01	1.462403e-01	1.567144e-01	-9.422757e-01	1.196347e+00	-2.396549e-01	1.642833e+00	5.767682e-01	1.773820e+00	2.498702e+00	8.774701e-01	2.766806e+00
-9.276003e-01	1.198876e+00	-7.429179e-02	6.933166e-01	1.987395e+00	5.851819e-01	5.624925e-01	1.898913e-01	-1.092165e+00	3.842676e-01	2.350380e+00	9.912025e-01	2.515260e-01	1.297048e+00	1.904538e+00	2.751425e+00	1.107286e+00	1.192205e-01	1.396842e-02	6.399977e-01	-6.670825e-01	1.688993e-01	1.212629e+00	7.607605e-01	-8.791193e-01	7.078418e-01	2.113652e+00	-1.457410e+00	4.711100e-01	9.227201e-02	2.420269e-01	-1.628506e+00	2.482992e+00	-8.223652e-01	3.217932e-01	1.035601e+00	1.560359e+00	1.922440e+00	-3.279107e-01	2.597353e+00
3.347551e-01	-1.633706e-01	2.055038e-01	-1.075337e+00	-6.565099e-01	-1.613298e-01	1.753540e+00	2.048859e+00	-1.050839e-01	5.719806e-01	1.853478e+00	6.184869e-01	1.819910e-01	1.014780e+00	1.773165e+00	1.288014e-01	1.539878e+00	1.643147e+00	1.140034e-01	5.455861e-01	6.870127e-01	6.011898e-01	-3.378902e-01	1.014268e+00	7.713011e-01	7.466577e-01	-7.355799e-02	1.049585e+00	1.492769e+00	-1.212647e+00	1.785474e+00	-4.023177e-01	-9.814964e-01	4.956517e-01	1.182201e+00	1.205602e+00	4.938246e-02	7.709787e-01	9.875631e-01	3.037821e+00
7.649189e-01	1.144025e-01	2.926091e+00	2.642427e+00	2.284670e+00	2.167769e+00	9.001586e-01	1.262380e+00	-2.082693e+00	1.732265e+00	-6.063808e-01	1.352148e+00	2.748348e+00	-1.078858e+00	1.096301e+00	9.814772e-01	1.279538e+00	2.130847e+00	-3.545699e-01	-1.590268e+00	-7.846360e-02	8.735661e-01	-3.733360e-01	7.089721e-02	5.617713e-01	2.519350e+00	-3.888246e-01	1.235832e+00	-8.679793e-01	7.304885e-02	1.646905e+00	-1.579374e-01	3.111473e-01	1.576848e+00	-9.423174e-01	1.184664e+00	1.580147e+00	5.739879e-01	1.184994e+00	6.939741e-02
1.158315e+00	-1.745988e-01	3.499381e-01	-3.020461e-01	1.962322e-02	-2.150187e-01	1.251158e+00	9.669010e-01	-9.045973e-01	1.262252e+00	1.899734e+00	1.588655e+00	1.078513e+00	1.725816e+00	1.143319e+00	1.793588e+00	1.322585e+00	2.085920e+00	-6.277942e-01	7.825072e-01	1.863305e+00	-5.372348e-01	-4.610998e-01	1.033696e+00	2.036702e-03	-7.762807e-01	-1.060271e-01	-4.001647e-01	5.465101e-01	-5.567509e-01	2.038811e+00	3.422271e-01	-7.771126e-02	-1.905932e-01	3.753086e-01	1.735937e+00	6.774970e-01	1.325389e+00	7.744228e-01	3.077790e+00
-1.638482e+00	5.324131e-01	1.149986e+00	1.865455e+00	1.068544e+00	1.696275e-01	1.298733e+00	1.533223e+00	-4.127974e-01	-9.466834e-01	2.051588e+00	7.234617e-01	1.797448e+00	1.105285e+00	7.021247e-01	1.007589e+00	1.708308e-01	1.514198e+00	5.270574e-01	6.299585e-01	-6.845677e-01	1.067352e-01	3.547192e-01	2.366698e+00	-7.614499e-01	1.163942e+00	2.388882e-01	5.698370e-01	1.201789e+00	-9.561657e-01	-6.304764e-02	2.809226e-01	-5.224152e-01	-1.507489e+00	1.481912e+00	8.031636e-01	1.869110e+00	2.097988e+00	4.058767e-01	3.964569e+00
