-2.477321e-01	-1.470249e+00	1.212757e+00	-1.230754e-01	-3.039337e+00	3.129279e+00	-7.163763e-01	5.017146e+00	1.842466e+00	3.794437e-01	-1.301053e-01	3.970511e+00	3.780173e-01	-9.810556e-01	7.691311e-01	2.050512e+00	1.162449e+00	1.684617e+00	-5.174236e-01	1.494312e+00	-9.988178e-01	2.293791e+00	-5.889326e-01	-1.015557e+00	-1.921930e+00	1.069049e+00	1.014592e+00	1.645617e+00	1.051730e+00	-1.100880e+00	-1.239347e+00	1.987830e+00	-1.231586e+00	7.484834e-01	-1.354112e+00	1.689440e+00	9.511210e-01	1.999996e-01	6.610055e-01	2.990608e+00
2.090359e+00	-1.292212e+00	-9.728330e-01	-5.861120e-01	-9.351309e-01	1.698124e+00	3.627483e-01	1.896965e+00	8.302893e-01	1.933056e+00	-1.368683e+00	9.640559e-01	1.431106e+00	2.170473e+00	2.496449e+00	-4.625614e-01	-3.383322e+00	2.963963e-01	9.330459e-01	-9.761590e-01	1.954894e+00	-1.378281e+00	-1.554521e+00	-2.309584e+00	1.493560e+00	9.364206e-02	2.854244e-01	8.505050e-01	-3.109323e-01	1.680619e+00	-1.300540e+00	2.143038e-01	-3.810409e-02	6.415013e-02	5.987139e-01	-5.161438e-01	-5.733373e-01	6.126225e-01	1.535867e+00	-8.903772e-01
9.866880e-01	4.963452e-02	1.007412e+00	-3.053869e-02	-3.420668e-01	2.324084e+00	1.257328e+00	-1.155271e+00	1.448001e+00	-1.240098e+00	-3.583255e-01	1.293036e+00	1.359616e+00	7.429265e-01	-6.443237e-01	9.371122e-01	1.697257e+00	2.090014e-01	1.458186e+00	9.211613e-01	1.437098e+00	3.862869e-01	1.875492e+00	-1.013742e+00	-3.079849e-01	5.375483e-03	1.087326e+00	2.830957e-01	-1.438232e+00	-1.602828e-01	-9.571528e-01	1.639559e-01	2.420130e-01	2.584617e+00	-8.882893e-01	3.848457e-01	8.979800e-03	-5.313203e-01	1.450215e+00	2.240271e+00
3.086092e+00	-2.770725e+00	7.093064e-01	2.622628e+00	9.722140e-01	1.308391e+00	3.284588e+00	-6.246255e-01	1.191744e-02	-3.500992e+00	-3.394120e-01	-1.662043e-01	-1.360856e+00	-2.595464e+00	-1.524506e+00	2.481701e-01	1.022418e+00	2.285386e+00	6.991164e-01	1.529901e+00	-1.026167e+00	-5.776818e-01	4.661008e-01	-1.212087e+00	-7.640083e-01	-1.444589e+00	3.104516e+00	-8.406569e-01	1.001097e+00	-1.608792e+00	2.289582e+00	4.654218e-01	2.841915e+00	1.004814e+00	-6.315345e-01	1.185235e-01	-2.396839e+00	3.162112e-01	8.533289e-01	3.073716e+00
-2.310917e+00	1.871661e-01	1.344926e+00	1.477348e-01	-1.122444e+00	8.797336e-02	9.968544e-01	1.638074e+00	1.454105e+00	1.086719e+00	1.427339e+00	3.238236e-01	4.134429e-01	6.229031e-01	8.523346e-01	8.769513e-01	5.094288e-02	-1.070799e+00	-3.347036e-01	-8.142123e-01	-4.570771e-03	5.544443e-01	3.556367e-01	-6.265003e-02	7.824907e-01	7.437196e-01	-3.430413e-01	5.499812e-01	5.217241e-01	8.779173e-01	8.589160e-01	-9.538410e-01	-1.209215e-01	1.633781e+00	5.072287e-01	-1.627434e+00	3.954520e+00	-6.018192e-01	-4.778045e-01	7.879861e-01
-3.665541e-01	3.899013e+00	4.072711e+00	4.838102e+00	-1.047418e+00	1.861740e+00	1.568817e+00	2.440056e-01	-2.023132e-01	-4.674841e-01	3.052082e+00	1.178702e+00	1.115287e+00	9.348521e-01	2.859015e-01	-1.168905e+00	-2.185905e-01	2.970299e+00	-2.094104e+00	-2.042063e+00	2.126188e+00	1.452539e+00	-3.621855e+00	7.518626e-01	-8.365510e-01	4.824471e-01	1.807306e+00	-1.470250e+00	2.159479e+00	1.512480e+00	1.271068e+00	6.866073e-01	-1.198281e+00	-3.538018e-01	2.267381e+00	-6.971397e-01	-1.823255e+00	-6.918378e-01	-1.291362e+00	9.564560e-01
3.040374e+00	2.822831e-01	-1.393024e+00	1.441848e+00	9.468222e-01	3.982414e-01	-5.365553e-01	3.157880e+00	-7.847450e-01	-1.302667e+00	1.926593e+00	-6.673543e-01	-6.677329e-01	1.624617e-01	-4.309531e+00	-5.844500e-01	2.160374e+00	-6.981841e-01	2.823053e+00	3.416958e+00	-1.136189e-01	-2.476328e-01	1.168832e+00	-1.988787e+00	6.330376e-01	3.735859e-01	1.000482e+00	2.325038e-01	1.153298e+00	-1.692755e+00	3.414417e+00	2.454177e+00	-4.130852e-01	-1.190208e+00	1.797181e+00	-8.068006e-01	1.275176e+00	-2.444722e+00	-3.156044e+00	-1.659564e-01
3.083546e+00	-2.211359e+00	3.944434e-01	2.117327e+00	3.454580e+00	-1.685350e+00	1.778910e-01	9.796964e-01	4.444806e-01	-3.990011e-01	2.147267e+00	1.257432e+00	1.372137e+00	1.276419e+00	1.044587e+00	1.066169e+00	2.300341e-01	2.485877e+00	2.331402e+00	4.259819e-01	2.414305e+00	3.649023e+00	1.666273e+00	-1.904108e-01	-1.629797e+00	3.905818e-01	2.916661e+00	-5.667636e-01	-1.310826e+00	1.936975e+00	5.262164e-01	1.484240e+00	-8.191277e-01	2.440906e+00	6.729863e-01	6.616320e-01	-2.561671e+00	-2.615822e+00	-2.434501e+00	-1.139887e+00
-1.534225e-01	7.912295e-01	1.700268e+00	1.180343e+00	2.849535e+00	2.637493e+00	-7.540000e-01	-1.557798e+00	-4.847136e-01	-6.291581e-01	1.070839e+00	2.904075e+00	1.384985e+00	4.566312e-02	-1.592387e+00	1.465201e+00	2.584226e+00	-9.818758e-01	2.342769e+00	1.769553e-02	-2.803920e-01	1.102314e-01	-6.100888e-01	1.427631e+00	9.318678e-01	5.272501e-01	3.127459e-01	4.360931e-01	3.407680e-01	1.392039e+00	-1.155039e+00	1.130071e+00	9.755226e-01	1.725381e+00	-5.154177e-01	3.073300e-02	-2.068574e+00	-5.203060e-01	1.154277e+00	1.784556e+00
2.503637e-01	2.589845e+00	2.625683e+00	2.439304e+00	-6.876701e-01	2.226587e+00	4.722057e-01	-1.967848e+00	1.151434e+00	-1.667361e+00	6.461949e-01	-2.575264e+00	-1.711142e+00	-5.571713e-01	1.134440e-01	-5.839963e-01	1.686347e+00	1.421272e+00	1.905658e-01	2.308783e+00	7.423996e-01	-4.498414e-01	1.380249e+00	-6.045190e-01	-5.098930e-01	-3.481789e-01	9.395543e-01	-3.874090e-01	-3.187253e-01	-1.028898e+00	-2.208108e-01	-2.574094e-01	5.656749e-01	3.960095e-02	3.483213e-01	2.626538e+00	-1.524133e+00	5.547744e-03	1.062403e+00	-1.345018e+00
3.031074e-02	-2.099869e+00	-1.649630e+00	1.079781e+00	-1.653586e+00	9.804899e-01	3.911869e-01	4.548628e-01	-1.508582e+00	-2.518705e+00	-5.052698e-02	-1.554207e+00	-1.005610e+00	-4.691762e-01	2.969482e-01	1.478545e+00	1.685067e-01	1.444024e+00	-1.120358e+00	2.667407e+00	-1.995229e+00	-2.441349e+00	2.868267e-01	1.643821e+00	2.005350e+00	-1.583143e-01	7.671458e-01	4.750688e-01	-2.488611e+00	5.835643e-02	3.426792e+00	5.833684e-01	2.380166e+00	2.840124e+00	2.566261e+00	1.139850e+00	9.702579e-01	4.620731e-01	-5.131943e+00	8.331402e-02
3.679053e+00	3.943143e+00	-2.923019e+00	3.994464e+00	2.252797e+00	-7.484596e-01	-9.143707e-01	5.154670e+00	3.614588e+00	-1.280000e+00	-1.186560e+00	-4.818057e-01	-6.812449e+00	5.835175e+00	-7.408015e+00	7.754340e+00	-2.661138e+00	-3.327993e-01	6.786996e-03	2.672039e+00	2.762529e+00	-1.906288e-01	3.388102e+00	-2.879103e-01	1.268015e+00	-1.366072e+00	-2.719095e+00	7.621213e+00	2.373140e+00	1.747555e+00	5.185071e+00	5.436064e+00	-2.376590e-01	-5.420586e+00	1.091821e+00	-3.768987e+00	4.013575e+00	2.475761e+00	-2.603811e+00	-4.134594e+00
-8.272368e-01	2.909914e+00	1.749285e+00	1.752393e+00	-4.234919e+00	4.698961e+00	1.748013e+00	5.617587e-01	1.031439e+00	6.285315e+00	-3.276265e+00	-3.498864e-01	1.152182e+00	-1.342571e+00	-2.682219e-01	-3.519792e+00	-1.238564e+00	-1.952346e+00	-4.327696e+00	2.461059e+00	1.068380e+00	-1.403948e+00	-1.249099e+00	2.087978e+00	-1.148715e+00	-3.724156e+00	-1.973624e+00	2.580248e+00	6.471193e-01	8.941394e-01	2.347281e+00	-3.538245e+00	5.844390e-01	-1.632997e+00	5.780299e-01	2.465641e+00	-6.187098e-01	9.786418e-01	4.585472e+00	2.157115e+00
1.790037e+00	7.905165e-01	-2.106790e+00	-7.718537e-01	-2.164205e+00	5.549663e-01	-2.355004e+00	-6.675785e-01	5.780658e-02	2.679443e-01	-9.148247e-02	-1.637402e+00	-2.047906e-01	-2.510988e-01	3.029917e-02	-3.591338e+00	1.928125e+00	1.258639e+00	4.143517e+00	4.455025e+00	3.645298e+00	1.728823e+00	-1.168715e+00	-7.233410e-01	-1.945708e+00	3.394893e+00	4.465379e-01	4.012419e+00	3.046628e-01	-2.284437e+00	-1.432698e+00	2.404794e+00	-3.068952e+00	-2.990920e+00	-1.339461e+00	2.230819e+00	2.351283e+00	-3.060327e-01	2.030896e+00	-6.589402e-02
-1.592987e-01	9.847920e-01	-3.481777e-01	-1.169475e+00	-1.620086e-01	2.283900e-01	8.770886e-01	4.326980e-01	1.650925e+00	1.844539e+00	8.298562e-01	-1.276943e+00	1.037864e+00	-4.955245e-01	-2.825763e-01	-1.377065e-01	1.670954e+00	1.110762e+00	8.686103e-01	2.021273e+00	1.961042e+00	9.795153e-01	-5.528086e-01	2.324099e-01	2.261739e-01	2.477683e-01	2.321320e+00	2.064890e+00	1.218777e-01	7.255760e-01	1.092052e-01	-1.582538e+00	-9.984271e-01	1.170591e+00	-1.318635e+00	-1.270510e+00	4.155212e-01	1.569164e+00	3.070945e-01	-7.369021e-01
-3.179477e+00	6.846245e+00	-2.678129e-03	2.608457e+00	-2.814261e+00	2.612358e+00	8.722886e-01	-2.590595e+00	1.045566e+00	2.206279e+00	-1.064762e-01	2.330260e-01	1.204726e+00	-1.889143e+00	3.299845e+00	2.001829e+00	1.088429e+00	1.902477e+00	-2.183388e+00	4.868823e-01	3.083823e+00	1.998475e+00	-2.067130e+00	5.124102e+00	-8.568483e-01	-2.498191e-01	1.860507e-01	2.842931e+00	9.926565e-01	-1.720718e+00	2.628250e+00	-4.169582e+00	1.806994e+00	8.067461e-01	1.559664e+00	2.781383e+00	1.109195e+00	2.291985e+00	-3.477260e+00	3.164199e+00
-7.707677e+00	3.123945e+00	-1.441488e+00	-2.694246e+00	-5.394319e-02	-2.910117e+00	-1.040607e+00	-1.385509e+00	-1.604448e+00	3.451662e+00	6.334736e-01	2.369968e-01	2.777770e-01	2.273926e+00	3.028606e+00	-5.036859e+00	1.023574e+01	-4.736150e+00	-7.191376e-01	3.435287e+00	-1.406245e+00	2.984942e+00	-1.756814e+00	4.364495e-01	4.260650e+00	3.324462e+00	-6.273111e+00	7.333094e-01	2.459784e+00	-5.851163e-01	-3.907108e-01	1.399098e+00	8.309574e-01	-1.129791e+00	-9.846263e-01	1.248125e+00	2.091324e+00	2.601010e+00	1.089651e+00	1.911828e+00
5.388952e-01	7.042322e-01	4.626108e-01	-1.073499e-01	3.188829e-01	1.972896e+00	-5.598097e-01	-1.718345e+00	1.864778e-01	1.511842e+00	-6.448013e-02	5.252299e-01	5.157995e-02	-1.069857e+00	3.599667e-01	-2.722412e-01	1.697314e+00	5.308642e-01	1.135276e+00	-6.812007e-02	1.001552e+00	8.411429e-01	8.664431e-01	5.676368e-01	9.457614e-01	-1.053965e+00	-1.465042e-01	2.368168e+00	-4.537676e-02	9.372512e-01	-1.347536e-01	-7.567018e-01	-1.563815e-01	9.648322e-02	-7.170079e-02	5.549493e-01	-1.144857e+00	-7.411973e-01	-5.943401e-01	2.296353e+00
3.798222e-01	2.045922e-01	-1.075130e+00	2.274510e+00	1.696411e+00	-8.263117e-01	6.384367e-01	-1.981057e+00	-4.163684e-02	-1.793537e-01	6.502970e-01	-1.323811e-01	-3.371521e-01	2.324276e+00	-2.818118e+00	-2.033758e+00	2.653176e+00	-7.286500e-01	1.977279e+00	1.969059e+00	1.843087e+00	1.498213e-01	4.198205e-01	8.671248e-01	-2.477661e+00	1.761927e+00	6.080207e-01	1.680439e-01	1.653270e+00	1.710992e+00	-3.042578e+00	1.442070e+00	3.767900e-01	-2.021072e+00	7.761932e-01	1.743872e+00	1.613228e-01	1.811553e-01	-1.037498e+00	4.374370e-01
-1.985345e+00	-1.463292e+00	-1.841350e+00	2.220792e+00	1.641371e+00	-8.161776e-01	-1.890419e-01	4.440590e-01	-3.749753e-01	1.961437e+00	1.412564e+00	-9.065804e-01	-4.608280e-01	4.025977e+00	-3.486094e+00	-6.428679e-01	4.120539e+00	-7.920391e-02	-1.993013e-01	1.110664e+00	2.425237e+00	3.269593e+00	4.471734e-01	1.497827e-01	-2.663203e+00	1.554958e-01	-8.025255e-02	3.312111e-01	2.309617e+00	3.571342e+00	-3.659821e+00	1.738838e+00	-1.298398e-01	-3.965094e+00	2.526442e+00	2.471428e+00	3.689553e+00	4.664711e-01	2.205314e-01	-2.710158e-01
9.967335e-01	1.648476e+00	-3.093363e+00	-2.709247e-01	2.534715e-01	-5.951806e-01	1.977267e+00	-2.799583e-01	6.943550e-01	7.894813e-01	-1.455480e-01	1.112389e+00	-7.731499e-01	-4.328388e-01	1.476942e+00	2.141639e-01	1.871755e+00	4.896694e-01	4.726802e-01	1.991520e+00	1.986444e-01	-5.242709e-01	7.689688e-01	-5.621088e-01	1.430300e+00	1.840683e+00	8.029442e-01	2.256265e+00	-2.393546e+00	1.370251e+00	6.754406e-01	3.054403e-01	1.464688e-01	-1.481295e-01	-1.736942e+00	3.113855e+00	-1.315395e+00	1.271780e+00	-1.303853e+00	-3.841265e-01
1.417286e+00	-7.162249e-01	1.209391e+00	7.898102e-01	-6.029739e-01	7.657376e-01	-6.227399e-01	-1.287759e+00	2.114031e+00	1.379644e+00	-1.145967e-01	-1.555086e-01	-3.492775e-02	-3.861908e-02	-2.176493e-01	5.230685e-01	3.294125e-01	1.171319e+00	-6.613135e-01	-7.665495e-01	1.389338e+00	-2.956526e-01	-1.037555e+00	-5.261053e-02	1.061131e+00	6.073744e-01	1.349152e+00	8.066078e-01	-2.510891e-01	2.047124e+00	1.262849e+00	1.862971e-01	1.091409e+00	3.739481e-01	9.113855e-01	5.440185e-01	2.096128e+00	-7.528315e-01	1.630079e+00	1.332745e+00
-8.133893e-02	1.003477e+00	5.229523e-01	-9.095377e-01	6.868098e-01	-1.493435e+00	-7.543038e-01	2.302422e-01	1.130075e+00	-9.977343e-01	-2.812081e+00	-1.853013e+00	-6.652880e-01	-1.373961e+00	-9.004960e-01	2.408870e+00	6.617342e-01	1.409449e+00	-3.067076e-01	1.012140e+00	4.539748e+00	-5.937435e-01	-7.020655e-01	-2.659353e-01	8.282798e-01	2.919523e+00	-4.639063e-02	2.354269e-02	7.674629e-01	-4.937175e-01	-2.238571e+00	8.125779e-01	1.431077e+00	2.817768e-01	3.276840e+00	1.476263e+00	-7.174835e-01	2.113279e+00	-4.730292e-01	3.574794e-01
-3.155744e+00	1.921379e+00	1.160092e+00	-1.771145e+00	2.050648e+00	-9.114016e-01	8.429860e-01	3.383928e+00	-1.958169e+00	-3.310956e+00	6.926008e-01	-8.519798e-01	-2.109630e-01	1.922119e+00	-2.242332e+00	-5.147174e-01	2.363435e+00	7.693465e-01	-1.619344e-01	2.193595e+00	-2.001761e+00	2.290032e+00	7.027589e+00	2.227626e+00	-1.405603e+00	6.194774e+00	-2.627227e+00	1.698413e+00	-3.287572e+00	-2.799058e+00	3.150450e-01	7.972367e-01	-3.488560e-01	2.215165e+00	-5.985905e+00	1.818434e+00	6.011737e-01	1.294720e+00	-1.044587e+00	5.060775e+00
-5.065104e-01	3.755316e-02	-7.314032e-01	1.253692e-01	1.947702e-01	-5.639652e-01	1.320591e+00	1.590837e+00	-6.782946e-01	1.172085e+00	-5.752860e-01	2.218247e-01	1.974844e+00	2.795044e+00	7.348603e-01	2.804362e+00	-1.377496e+00	2.175515e+00	-1.457331e+00	-9.640256e-01	4.262222e+00	-3.516199e-01	5.087654e-01	-5.868372e-01	-2.232107e+00	2.785344e+00	9.083756e-01	3.039794e-01	-1.922889e+00	-3.171030e-01	-2.994582e+00	1.519579e+00	-1.498031e+00	2.199669e-01	-8.171053e-01	1.895031e+00	1.778651e-01	-1.312627e+00	3.595062e+00	2.632465e+00
5.427758e-01	1.090955e-01	-7.035728e-01	-1.147855e-01	-5.451503e-01	-1.940092e-01	9.790113e-01	-9.740199e-01	1.394884e+00	4.883186e-01	4.433061e-01	-2.694681e-01	1.568940e+00	2.118652e-01	4.071667e-02	1.583747e+00	-7.521347e-01	1.732527e+00	-6.646603e-01	1.397030e+00	-2.805225e-01	-1.025391e+00	4.170887e-01	8.024138e-01	-7.385864e-01	1.663590e+00	1.442602e+00	2.071993e-01	-7.238580e-02	1.066072e+00	-7.864602e-01	1.492694e-02	5.361389e-01	1.376801e-01	8.787213e-01	2.273002e+00	1.669390e-01	6.985857e-01	-1.529049e-01	-9.820583e-01
2.076270e+00	-6.788023e-01	1.267194e+00	9.066522e-01	-1.349449e+00	-1.004725e+00	-9.688773e-01	1.714336e+00	1.293119e+00	-3.628436e+00	4.589791e+00	1.609283e+00	1.237957e+00	-1.310669e+00	3.288403e+00	-1.695781e+00	-1.862901e+00	2.911451e+00	-6.257877e-01	1.271598e+00	-8.633843e-02	-4.951099e-01	1.519542e+00	-1.463625e+00	3.701018e+00	-1.688219e+00	8.910758e-01	7.874918e-01	-7.610828e-01	-1.049805e+00	1.648480e+00	1.062879e-01	-1.883104e-01	6.916083e-01	1.430589e-01	1.014680e+00	6.542265e-01	2.082408e+00	1.217478e+00	7.561984e-01
1.117973e+00	-4.114851e-01	-5.901897e-01	-6.854009e-01	2.044268e+00	-1.128264e-01	-1.937067e+00	7.239018e-01	6.629300e-01	7.048864e-01	-1.557581e+00	-4.276074e-02	7.382699e-01	2.627681e-02	7.727467e-01	4.385148e-01	-7.692969e-01	3.005035e+00	1.343601e+00	6.584020e-01	1.584115e-01	9.703005e-01	-6.712549e-01	-1.168060e+00	8.148186e-01	1.478078e+00	1.237834e+00	7.830886e-01	1.087723e+00	-5.103838e-01	9.176969e-01	1.023356e+00	1.698503e+00	2.557587e+00	4.146792e-01	-3.663575e-01	-1.769454e-01	3.834595e-01	2.386169e+00	1.817460e+00
1.117468e-01	2.393356e+00	-2.614543e-01	1.275087e+00	5.270754e-01	-8.775377e-01	-2.033210e-01	2.514441e+00	-1.570683e+00	1.937565e+00	1.548077e+00	1.434707e+00	2.695108e+00	-2.067093e+00	-1.513867e+00	-6.752993e-01	1.702574e+00	-5.783781e-01	2.551560e+00	9.071577e-01	1.086692e+00	-6.107175e-01	4.193396e-02	-1.072789e+00	-7.805529e-01	6.429277e-01	-1.906591e+00	-2.388275e-01	-1.297541e+00	1.200757e-01	5.484060e-02	2.029613e+00	1.577513e+00	4.497039e-01	4.147168e+00	1.616394e+00	-1.826738e+00	-5.581002e-01	-2.113617e-01	2.417136e-02
8.052803e-01	-1.040060e+00	-6.571741e-02	8.626223e-01	-8.665088e-01	1.446887e+00	3.909276e-01	-1.815790e-01	1.939723e+00	1.075380e+00	4.912194e-01	-3.989426e-01	-8.254586e-01	-9.909468e-01	-9.957398e-01	3.045228e-01	-1.020111e+00	2.753157e-01	-1.852729e-01	5.349303e-01	1.002851e+00	-1.083343e+00	-2.315502e+00	-2.450441e+00	1.399601e+00	1.154114e+00	4.269996e-01	-2.275011e-01	-1.101772e+00	-4.690061e-01	2.122912e+00	-1.301956e+00	-4.323355e-03	1.023134e+00	3.106570e+00	-4.308684e-01	-9.412925e-01	1.979976e+00	1.617442e+00	2.609398e-01
9.714849e-01	-3.480823e+00	1.096069e+00	3.729395e+00	6.656605e-01	3.264080e+00	-2.573234e+00	-3.967127e+00	-2.026979e+00	-6.234673e-01	-1.975912e+00	-8.544278e-01	-2.277766e-01	-3.135224e+00	-2.013865e+00	4.891898e+00	-2.489931e+00	-1.764828e+00	-3.569081e+00	-7.751035e-02	4.273404e+00	-2.193962e+00	1.903589e+00	3.086105e-01	2.434698e-01	-2.782252e+00	2.283612e+00	3.626195e+00	-2.231972e+00	4.353231e+00	2.159144e+00	-3.868656e+00	3.016724e+00	-1.593944e+00	4.688281e+00	4.039104e+00	1.301585e+00	2.552685e+00	4.702993e+00	-3.377905e+00
-2.988669e-01	-3.397493e-01	-3.171547e-01	2.130077e+00	1.488580e+00	8.195491e-01	-7.229632e-01	1.309844e+00	-7.100064e-01	-1.297338e+00	2.808129e+00	-1.481929e+00	-5.489439e-01	-1.468483e-02	5.347675e-01	6.986770e-01	-1.667134e+00	1.208252e+00	-2.133944e-01	-3.399019e-01	1.762515e+00	-1.962064e-01	-2.043418e+00	-4.328352e-01	4.188848e-01	2.676656e+00	1.686346e-01	4.665572e-01	5.414051e-01	-2.033138e+00	-3.940762e-01	4.735146e-01	2.925836e-01	1.531533e+00	1.488230e+00	5.831562e-01	1.393840e+00	1.711776e+00	-2.815355e-01	8.897958e-01
4.484504e+00	-4.458784e+00	6.391767e-01	-9.711433e-01	-1.497677e+00	3.970166e+00	5.579469e-01	1.895351e+00	2.151255e+00	1.031393e+00	1.940041e+00	3.726004e+00	-2.337602e+00	4.362331e-01	2.497527e-02	1.419518e+00	3.669370e+00	-7.133122e-01	-3.706882e+00	1.680938e+00	2.467292e+00	4.021913e-01	2.707697e+00	2.877079e-01	9.041071e-01	-1.491362e+00	3.143876e+00	-4.737717e-01	-3.888231e+00	4.401169e+00	-1.346862e+00	3.853805e+00	-2.110879e-01	-2.602551e+00	2.371935e+00	1.110823e+00	2.580746e+00	1.161381e+00	-2.466211e+00	9.802149e-01
-2.663431e+00	2.230807e+00	2.298860e+00	-1.046954e+00	-1.822616e+00	2.425363e-01	-1.203961e+00	2.081738e+00	2.298151e+00	2.772540e+00	1.244537e-01	1.086155e+00	-2.933548e+00	2.226678e+00	-2.293704e+00	1.878143e+00	-2.949837e+00	1.001844e+00	2.219999e+00	-2.572616e+00	3.453494e+00	-7.034705e-01	-4.514812e+00	1.867995e-01	5.888724e-01	4.574415e+00	4.516825e-01	3.207480e+00	2.595395e+00	-1.262573e+00	-4.037918e-02	-1.520372e+00	-2.510206e+00	-1.121737e+00	2.323461e+00	-6.129302e-01	-1.158727e+00	2.815600e+00	1.973947e+00	2.013957e+00
-1.737991e+00	-1.012026e+00	6.983984e-01	1.516439e+00	-2.778214e-01	2.873453e+00	1.501521e+00	3.320440e-01	-5.565274e-01	1.204037e+00	-5.636336e-01	5.527287e-01	3.923215e-01	3.506837e-01	9.517733e-01	6.795163e-01	1.725921e+00	1.088325e+00	-5.461997e-01	2.124118e-01	3.617120e-01	3.044013e+00	1.091079e+00	-5.395791e-01	-3.148569e-01	1.673149e+00	1.933828e+00	-7.587364e-01	-1.326152e-02	3.804339e+00	-1.063151e+00	-8.827129e-02	-1.723917e+00	2.379224e+00	-3.469974e-01	-2.079193e+00	9.889560e-01	7.704540e-01	3.830925e-01	2.387419e-02
9.224980e-01	1.119458e+00	-2.980894e+00	1.145603e+00	-4.758867e-01	-2.303371e+00	-2.079371e-01	3.138676e+00	-3.391910e-02	-9.891131e-01	1.222622e+00	1.624309e+00	4.991385e-01	1.022782e+00	2.129832e+00	4.408889e-01	2.366955e-01	1.402552e+00	4.864014e-01	-4.512080e-01	-2.586083e-01	1.060147e+00	4.970540e-02	7.238126e-01	9.561525e-01	1.676940e+00	-5.648456e-01	-9.794529e-02	1.643095e+00	1.063019e-01	2.362010e+00	4.651413e+00	1.503231e+00	-1.541280e+00	1.641991e+00	2.474568e+00	-1.199802e-01	6.207060e-02	1.397694e+00	-1.346156e+00
-1.733600e-02	-2.112993e+00	4.947666e-02	-1.893304e+00	-5.603335e+00	-3.793615e+00	1.528551e+00	1.084867e+00	-2.948436e+00	2.657766e+00	3.246204e+00	3.968688e-01	1.868374e+00	1.309855e+00	4.586342e+00	5.569748e+00	-5.406820e-02	-1.578212e+00	2.075437e+00	-5.629167e+00	2.694161e+00	2.784358e+00	-2.151557e+00	1.678663e+00	1.986304e+00	-1.918589e+00	3.896556e+00	4.432199e+00	5.460406e-02	-6.380952e-01	-2.002152e+00	-1.350953e+00	7.634810e-01	2.574359e+00	-3.209873e+00	-2.644042e+00	8.025985e+00	1.675263e+00	-1.441058e+00	4.462875e-01
-2.242412e-01	-9.140696e-02	8.629109e-01	2.016395e+00	1.353762e+00	2.132046e-01	-1.054695e+00	8.116680e-01	1.920560e+00	-4.332411e-01	1.431129e+00	1.467917e+00	3.015278e+00	9.123341e-01	1.700878e+00	3.763048e-01	-8.385904e-01	9.169358e-01	2.519944e+00	4.877217e-01	5.142897e-01	-7.815746e-01	9.461692e-01	-1.890232e+00	7.974780e-01	2.212426e+00	1.178173e+00	2.389412e+00	-1.945522e+00	-9.179752e-01	2.811632e-01	-7.569441e-01	8.415738e-01	2.013911e+00	3.171633e-01	-8.754669e-01	1.510903e+00	1.841794e-01	1.822178e+00	-9.244517e-01
-2.892052e+00	2.972047e+00	4.410847e+00	2.479836e+00	-2.239063e+00	9.244619e-01	1.612307e+00	-9.997444e-01	-3.076283e-01	2.146408e+00	1.258217e+00	-7.442492e-02	-1.867413e+00	-2.594519e+00	1.926070e+00	6.834204e-02	2.213461e+00	2.194722e+00	-1.582186e-01	-2.808122e-01	-5.196739e-01	8.334735e-01	1.015355e+00	-1.535249e+00	-7.389771e-01	4.377609e-01	3.268141e+00	4.613359e-01	-7.021161e-02	5.448239e+00	2.408747e+00	9.330745e-01	6.642126e-01	-1.115300e+00	2.279685e+00	-2.245943e+00	-9.337046e-02	9.061342e-01	9.878323e-01	5.950873e-01
3.414418e+00	1.190560e-01	1.081729e+00	9.428956e-01	3.891783e+00	-1.370657e+00	2.868057e+00	-7.308702e-01	-2.648555e+00	2.055256e+00	2.534728e+00	-3.165665e+00	-1.459867e+00	1.715523e+00	-1.963261e+00	1.897166e-02	-2.796555e+00	8.067178e-01	-2.044042e+00	-9.779278e-01	-5.587742e-02	-3.197740e-01	1.872883e+00	8.185348e-01	1.714813e-01	-1.056861e+00	7.016623e-01	5.283459e-01	5.375427e+00	3.600077e+00	8.974046e-01	-1.721765e-01	2.798590e+00	-1.346611e+00	3.845914e+00	-7.241844e-01	1.548307e+00	1.185827e+00	2.113242e-02	-5.410212e+00
8.818605e-01	-9.227705e-01	1.831334e+00	-1.782583e+00	6.352483e-01	1.012816e+00	-2.005892e-01	-2.949150e-01	8.943110e-02	-5.722324e-01	5.018473e-01	-9.423662e-01	1.031254e-01	5.094668e-01	-1.480617e+00	1.082048e+00	-1.711649e+00	7.316482e-02	1.016793e+00	1.125891e+00	1.891130e+00	-8.287758e-01	1.199479e+00	9.848282e-01	-9.552688e-01	1.846997e+00	8.036120e-01	1.213183e+00	1.126141e+00	7.105180e-01	-1.037913e+00	1.855622e-01	6.085430e-02	1.514709e+00	8.319548e-01	1.921002e+00	2.458046e+00	-3.656227e-01	7.861002e-01	1.737961e+00
-7.913559e-01	-9.952304e-02	2.318492e+00	4.935544e+00	3.696573e+00	1.413166e+00	2.637689e+00	-7.831198e-01	1.603924e-01	-2.267913e+00	2.766599e+00	5.102848e-01	1.025766e-01	-2.038772e+00	2.031184e+00	1.246896e+00	1.321077e+00	-3.524338e+00	-1.784119e+00	2.320380e+00	3.368666e-01	-1.327427e+00	4.315032e+00	-2.127008e+00	7.335218e-03	-1.661192e+00	3.512899e-02	8.447066e-01	-2.415454e-01	2.780308e+00	3.394391e-01	-3.029156e+00	6.744501e-01	-9.178380e-01	-2.849394e+00	4.044340e-01	1.750633e+00	-3.332304e+00	1.394392e+00	8.658376e-01
4.904821e+00	-1.306457e+00	1.412813e-01	4.654731e-01	-9.503317e-01	6.854591e-01	-4.075465e-01	2.852007e-01	3.334513e+00	8.676272e-01	-1.125860e-01	1.482644e+00	-4.269144e-01	9.661237e-01	-1.173798e+00	2.059439e+00	1.650246e+00	4.625437e-01	-4.711541e-01	1.093913e+00	2.296921e+00	4.414368e-01	-9.335541e-01	-1.152043e-02	-3.447129e-01	8.616593e-01	1.069915e+00	1.636870e+00	-4.783317e-01	1.087601e+00	-7.100488e-01	7.151214e-01	4.151392e-01	4.687899e-01	3.539712e-01	-9.543598e-01	1.433003e+00	-5.136379e-01	8.566327e-01	-1.473102e+00
8.563849e-01	2.666107e-01	-2.090331e+00	1.796546e+00	-3.985357e-01	2.606931e+00	1.564850e+00	1.414850e+00	5.683215e-01	1.208538e+00	1.894387e+00	-8.036147e-01	-1.537937e+00	-1.037941e-01	-8.175441e-01	-6.814495e-01	9.898528e-01	8.040930e-01	-5.151033e-01	7.084216e-01	1.096157e-01	-1.241458e+00	1.567355e+00	-1.434587e-01	1.615594e+00	-1.460152e+00	8.498097e-01	1.146655e+00	-1.313869e+00	2.804804e+00	1.892664e+00	3.198766e-01	5.031713e-01	-8.271191e-01	-5.328914e-01	-2.096410e-01	3.075539e-01	-1.227481e+00	6.556214e-01	7.622876e-01
2.139589e+00	8.863962e-01	-5.403298e-01	8.461812e-01	-1.511074e+00	2.759842e+00	-5.427287e-01	9.692326e-02	-1.024101e+00	5.867178e-01	-1.054368e+00	-1.565159e+00	8.035941e-01	1.634350e+00	1.574379e+00	1.012936e+00	-4.318704e-01	-1.517524e+00	-1.884255e+00	1.867538e+00	3.151196e+00	9.087296e-01	7.317558e-01	1.632802e+00	1.622419e+00	7.381500e-01	-1.639505e-01	-1.110981e+00	-9.488628e-01	1.308340e-01	-2.070999e+00	4.638938e-01	-8.372866e-01	1.984742e-01	5.829015e-01	-2.161661e+00	8.529761e-01	2.106918e-01	-8.594888e-03	-9.727665e-01
-3.364995e-02	4.921827e-01	4.132228e-01	-1.858895e-01	1.414504e-01	3.188000e-01	9.895100e-01	1.144689e+00	1.074974e+00	1.246726e+00	-1.008300e+00	9.886142e-01	2.198076e+00	1.355946e+00	-3.942565e-02	9.062489e-01	-4.628253e-01	3.108711e+00	9.839833e-01	-1.862522e-01	1.769893e+00	7.861145e-03	2.110423e+00	2.800511e+00	1.965886e-01	1.459990e+00	-6.566290e-01	7.195379e-02	-3.225528e-01	-1.353500e+00	7.944974e-01	-1.882201e+00	7.779450e-01	-4.161398e-01	-6.688235e-01	1.094658e+00	2.494450e+00	-7.078256e-01	1.042672e+00	1.955036e-01
7.510326e-01	5.273379e-01	9.786553e-01	-4.748754e-01	-1.701731e+00	3.596992e-01	2.258122e-01	-7.852401e-02	2.783399e+00	1.685557e+00	4.371026e-01	6.694520e-01	1.192725e+00	9.032418e-01	-3.389859e-01	5.688400e-01	-2.687504e-01	3.271886e-01	3.923640e-01	8.462231e-01	-9.709547e-01	-4.539774e-02	3.493224e-01	-3.687342e-01	2.201875e+00	1.483794e-01	2.025260e-01	-3.294004e-01	-5.644298e-01	-3.029607e-01	1.970041e+00	-1.952618e-01	4.756146e-01	8.984004e-01	1.389359e-01	-3.025040e-01	7.504801e-01	-1.289014e-01	1.541284e-01	1.196182e+00
2.458280e+00	-2.599439e+00	-2.788512e+00	-3.227085e+00	4.478809e-01	2.169212e+00	-1.588949e+00	8.636378e-01	2.668798e+00	-4.024641e+00	1.680708e+00	4.271364e+00	2.407864e-01	2.396831e+00	2.552406e+00	3.403080e+00	-5.330939e+00	2.960406e+00	4.365973e+00	4.238783e-01	-4.914055e-01	-4.891076e+00	1.906825e+00	1.857502e-01	1.358404e-01	3.014493e+00	1.339494e+00	1.948612e+00	-7.656957e-01	-2.500933e+00	2.030294e+00	-3.020936e-01	-1.330071e+00	2.569861e+00	1.646819e+00	-1.309284e+00	-1.462239e+00	-2.947411e+00	-1.509334e+00	-2.562928e-01
2.445326e+00	3.263944e+00	-2.089760e+00	-1.391197e+00	-1.473893e-01	-1.057840e+00	-2.369612e+00	-1.258721e+00	3.664942e+00	2.720921e+00	2.927340e+00	-8.085995e-01	-3.574418e-02	-2.483696e-02	4.214064e+00	-1.923274e+00	-1.900670e+00	1.344894e+00	-5.862227e-02	1.970354e+00	-4.506311e-01	6.047105e-01	4.020426e+00	-8.951304e-01	2.409119e+00	1.385448e+00	-5.451785e-01	1.744524e+00	5.556746e-01	-2.193157e+00	2.171477e-01	-1.943795e-01	3.849442e+00	-1.585890e+00	-3.241305e-01	1.673933e+00	3.501568e+00	-6.278951e-01	-3.038746e+00	-2.930384e-01
9.994842e-02	1.028557e+00	1.887304e+00	8.183777e-01	-1.736227e-01	-1.021815e+00	-1.791817e+00	8.818336e-01	-8.681981e-01	9.526264e-01	1.402767e+00	1.153870e+00	-1.321415e+00	-2.444008e+00	4.885733e+00	1.293209e+00	-3.974215e-01	-1.885480e-01	6.070010e-01	-8.892544e-01	3.288409e-01	-1.443790e+00	-8.242006e-01	-1.008338e+00	-4.294128e-01	3.144238e+00	3.190694e+00	2.727476e+00	-2.178280e+00	1.600073e-01	-2.389868e-01	1.177777e+00	1.564148e+00	3.984484e+00	-2.385498e+00	7.949990e-02	2.445325e+00	1.131458e+00	-7.651067e-01	6.788594e-01
-2.232699e-01	-3.090378e+00	2.215934e+00	4.615355e-01	2.981358e+00	3.925670e+00	-6.106212e-01	1.675872e+00	-3.963915e+00	2.849817e+00	1.129220e+00	1.664675e+00	-3.249309e+00	-7.162224e-01	-3.188009e+00	1.923754e+00	7.761106e-02	-8.555182e-01	2.678734e+00	6.117032e+00	-1.328311e+00	3.605623e+00	1.386495e+00	9.302899e-01	-1.703861e+00	-8.815738e-01	-1.629553e+00	1.594360e+00	5.870064e+00	-2.255908e+00	-3.333134e+00	-2.559221e+00	-4.039509e+00	5.955036e-01	5.449784e+00	4.199313e+00	-5.739142e-01	2.457688e+00	-1.481276e+00	2.850382e+00
-2.156631e+00	-2.728619e+00	-7.189714e-01	5.492484e-01	3.360478e+00	5.787683e-01	3.011959e-01	3.794785e-01	-1.544613e+00	-1.665390e+00	-1.620392e+00	-7.169846e-01	3.007014e+00	7.103295e-01	9.907468e-01	4.597591e+00	1.710677e+00	3.399343e-01	-2.296182e-01	6.580825e-01	-6.601284e-01	-5.563125e-01	8.165710e-01	-1.168020e+00	-5.621094e-01	-1.047752e+00	3.059460e+00	1.761869e-01	8.964570e-01	3.582471e+00	-3.981026e+00	9.888901e-01	-7.765928e-01	3.722629e+00	1.274320e+00	7.015299e-01	2.373639e+00	1.873386e+00	1.772629e-01	-1.777699e+00
2.849054e+00	-2.876326e+00	-9.355900e-01	-1.300344e+00	6.494841e-01	-5.757472e-01	3.477066e+00	3.324981e+00	-1.302754e-01	2.695928e+00	-2.722092e+00	7.737362e-01	2.098407e-01	-2.664526e+00	-5.035526e+00	-3.571336e+00	1.642911e+00	-2.140482e+00	4.195256e-01	2.677324e+00	2.637912e+00	-1.887621e+00	-4.986271e-01	3.069378e+00	-1.948581e+00	-1.025464e+00	-4.444510e+00	-1.869636e+00	3.371860e+00	-2.328287e+00	-1.892112e+00	-3.546600e+00	-1.192414e+00	-2.109017e+00	3.483302e+00	2.012834e+00	2.772429e+00	-2.085053e+00	3.441305e+00	2.365737e-01
-5.806090e-01	1.385677e-01	-3.814314e-02	-6.212298e-01	-1.720860e-01	1.367655e+00	2.582978e-01	9.468009e-01	5.073378e-01	2.092275e+00	7.365890e-02	-8.889501e-02	9.575928e-02	8.167507e-01	-5.338963e-01	1.025689e-01	-8.368158e-01	-1.661019e-01	-1.121153e+00	1.194509e+00	6.920760e-01	2.099571e-01	2.034362e-01	1.014305e-01	8.804473e-01	1.018181e+00	4.875063e-01	3.739657e-01	9.779760e-02	2.343947e-01	5.124253e-01	-3.480213e-01	2.374209e-01	1.063217e+00	1.430859e+00	1.335212e+00	4.941360e-01	1.290315e+00	-4.475028e-01	3.624623e-01
2.076381e+00	1.971363e+00	2.563729e+00	-6.273355e-01	3.865285e-01	4.457963e-01	3.908693e-01	5.403572e-02	3.493447e-01	1.170842e+00	4.024494e-01	4.607491e-01	1.657052e+00	2.257654e-01	6.407533e-01	-5.810400e-01	1.401632e+00	5.329139e-01	-1.352536e+00	1.169048e+00	4.031347e-03	8.158397e-01	3.949419e-01	6.743991e-01	-1.416951e+00	7.393811e-02	1.500755e+00	2.977122e-01	5.351127e-01	1.143917e+00	-2.009281e-01	4.056184e-01	1.075814e+00	2.496149e+00	1.381919e+00	9.452965e-03	4.451956e-01	9.551840e-01	1.869282e-01	-1.164647e+00
2.395042e+00	-3.573187e+00	-2.342409e+00	2.997275e+00	-2.232168e-01	2.826025e+00	2.087251e+00	-8.600395e-01	-3.742436e-03	1.134109e+00	2.319345e-01	-1.909316e+00	7.599119e-01	5.671735e-01	3.859226e-01	-1.502737e+00	-1.535065e+00	1.195609e+00	-1.103318e+00	2.800526e+00	1.483388e+00	1.658713e+00	1.742984e+00	-3.680313e+00	-1.033288e+00	-5.183597e+00	3.451389e+00	4.313963e+00	8.622684e-01	-6.878172e-01	-1.322289e+00	-1.311728e+00	-5.847084e-01	-8.653912e-01	-3.707020e+00	2.966625e+00	6.141992e-01	4.176024e-01	-4.038897e+00	4.719403e+00
-1.202546e+00	1.837194e+00	-1.480034e+00	1.180061e+00	2.214333e+00	5.652590e+00	-4.234971e+00	6.108347e+00	-6.753171e-01	-1.407863e-01	-2.924011e+00	1.980106e+00	3.359056e-01	5.558502e-01	2.279727e+00	-4.298920e+00	5.416210e-01	-1.723249e+00	6.900912e-01	3.834046e+00	-2.793814e+00	3.378141e-01	1.514336e+00	-5.854428e+00	7.056228e-01	1.500391e+00	-4.477644e+00	-2.368073e+00	-7.084834e-01	2.402903e-01	1.942695e+00	1.924619e+00	3.328078e+00	5.174436e-01	1.560389e-01	1.457633e+00	1.616108e+00	6.731824e-01	-1.206315e+00	4.273498e+00
2.187718e+00	1.970410e+00	7.951193e-01	9.469979e-01	7.341676e-01	4.956942e-01	1.020463e+00	1.741745e+00	8.889864e-03	-3.354704e-01	1.688362e-01	-5.754306e-03	-2.634310e+00	-1.297909e+00	2.067241e+00	9.953425e-01	7.161695e-01	3.973720e-01	-1.401618e+00	5.623053e-01	-7.987104e-01	8.149430e-01	-4.948017e-01	8.006690e-01	6.266581e-01	8.563452e-01	2.304645e-01	-1.157341e+00	1.538401e+00	1.244639e-01	-2.288697e+00	-1.481477e+00	3.598298e-01	-6.776550e-02	7.390935e-02	2.324452e+00	3.911443e-01	4.070306e-01	1.774065e+00	-1.090278e+00
9.538619e-01	3.060500e+00	-4.011373e-01	2.293894e+00	-1.519761e+00	-1.940582e-02	-1.832105e+00	3.719808e-01	1.535741e+00	3.834496e+00	4.801172e-01	2.022140e+00	1.930690e+00	-4.149576e+00	3.550682e+00	1.333955e-01	1.952425e+00	-7.068943e-01	1.821605e+00	1.699975e+00	-1.147141e+00	-2.501146e+00	-1.421224e+00	-2.265686e-01	2.302189e+00	4.693443e-01	-4.870127e-01	-4.606639e-01	-1.816685e+00	1.103803e+00	6.412242e-01	-2.181236e-01	2.476706e+00	-9.813010e-02	2.621844e-01	-9.700527e-01	-2.302517e+00	-3.167861e+00	1.499899e+00	-2.487077e+00
9.598401e-02	6.899019e-01	-1.273943e-01	1.760762e-01	-1.251077e+00	2.009932e+00	-3.710702e-01	1.149773e+00	1.182874e+00	3.316231e-01	7.854586e-01	1.076493e+00	7.839932e-01	6.488733e-01	5.413106e-01	1.537467e-01	1.417869e-01	-3.034475e-03	8.031230e-01	1.227746e+00	1.042222e+00	6.370869e-01	-3.956806e-01	-1.642606e+00	4.785334e-01	1.684489e+00	-5.853685e-01	5.117315e-01	3.770922e-01	-1.158194e+00	8.585084e-01	4.359681e-01	-1.357330e-01	7.510984e-01	3.811138e-01	-8.770308e-01	-4.354486e-02	-3.509996e-01	7.724644e-01	3.489029e-01
-3.217687e+00	3.583567e+00	2.188293e+00	5.795087e-01	4.359625e+00	8.772987e-01	5.358608e+00	2.852123e+00	4.243164e+00	-1.098012e-01	4.525436e-01	3.098235e+00	-1.485041e+00	-2.269022e-02	-9.501130e-01	3.356049e+00	1.683251e+00	1.068323e+00	2.988946e+00	-4.264811e+00	2.557104e+00	1.002225e+00	-7.366895e-01	-1.794155e+00	-3.530097e+00	5.024726e-01	-2.335223e+00	2.089586e+00	-2.078168e-01	7.143555e-01	-3.105996e+00	-1.572081e+00	-7.816528e-01	7.521879e-02	1.010757e+00	2.449146e+00	2.501517e+00	-1.859379e+00	-1.686275e+00	1.099655e+00
8.059805e-01	-6.171275e-01	2.582776e-02	8.605009e-01	5.534090e-01	4.015644e-01	-6.637353e-01	4.041887e-01	1.468814e+00	1.114133e+00	-1.710766e+00	1.788841e+00	3.111210e+00	-1.054779e+00	2.498104e+00	1.412901e+00	-1.596061e+00	2.312764e+00	-1.606214e+00	-1.135703e+00	2.008037e+00	-1.214140e+00	-1.651749e+00	-2.215363e+00	-1.497906e-01	-1.729574e-01	-2.148387e-02	-7.759416e-01	2.312797e+00	1.563400e+00	-1.272239e+00	-6.101958e-01	1.360084e+00	4.061429e-01	2.779504e+00	4.477549e-01	-6.419582e-01	2.096815e+00	2.131434e+00	2.905111e-01
2.279449e+00	-2.346595e-01	-1.734289e+00	2.356915e+00	-3.799602e-01	1.213623e+00	3.318428e+00	2.015225e+00	1.486802e+00	6.735726e-01	-6.011610e-01	2.941869e+00	-8.232108e-01	-9.358000e-01	3.455448e-01	-3.860302e-01	2.291971e+00	1.833950e+00	-2.318169e-01	-1.028001e+00	-2.797003e+00	-1.266476e+00	-1.029231e+00	-7.230322e-01	-9.325561e-01	-1.073052e+00	-2.196590e+00	-1.240322e+00	1.211700e+00	1.054942e+00	2.031155e+00	5.886173e-01	1.352302e+00	-8.754324e-01	-7.456909e-01	-2.004684e+00	-7.235384e-01	9.476162e-01	1.270158e+00	5.578497e-01
1.411007e-01	-1.848347e+00	5.003317e-01	-3.909695e+00	-3.622951e+00	1.195644e+00	-1.052043e+00	-4.528715e-02	-4.266497e+00	3.842248e-01	-3.224144e-01	-2.701270e+00	3.050016e+00	2.957776e+00	6.538724e+00	-2.916357e+00	4.962331e-01	4.432407e-01	-1.740078e-01	1.125536e+00	2.977460e+00	1.412836e+00	9.271554e-01	8.641730e-01	1.337767e+00	-1.081164e+00	1.402626e+00	2.011446e+00	2.559039e-01	-9.638138e-01	1.501581e+00	4.455904e+00	-1.881502e+00	-2.218421e+00	7.797829e-01	-1.980291e+00	1.105341e+00	3.054909e+00	2.492540e+00	-1.791907e+00
4.466481e-01	1.671398e+00	1.685782e+00	1.384776e+00	-1.941545e+00	3.770267e+00	2.796869e+00	4.327427e+00	1.401334e+00	3.031024e+00	-4.316130e+00	2.028955e+00	-3.401022e+00	-4.271224e-01	4.846175e+00	2.664594e-01	-3.238928e-01	3.493259e+00	-2.100499e+00	1.163721e+00	4.638423e-01	-1.216275e+00	-4.756784e-01	-2.569974e+00	-9.129705e-01	-1.907853e+00	-3.952479e+00	-2.449784e+00	8.136812e-01	1.171804e+00	-2.826231e-01	-6.300204e-01	3.268483e+00	-7.720238e-01	3.001413e+00	5.306852e+00	2.115502e+00	2.686143e+00	-3.701122e+00	-3.003333e+00
-2.424502e+00	2.451225e+00	1.182565e+00	9.607961e-01	-1.209855e+00	-1.230608e+00	5.287245e-01	-1.124598e+00	7.255015e-01	1.056479e+00	6.409228e-01	1.023885e+00	2.247264e-01	3.117634e+00	2.167723e+00	-4.131321e+00	2.900553e+00	-2.077250e-02	2.795730e+00	1.806856e+00	-3.558012e-01	-1.621183e+00	1.702518e+00	-1.735934e+00	-2.738899e+00	1.482922e+00	7.841588e-02	1.458038e+00	-3.938736e-02	2.847141e+00	1.141436e+00	1.292428e-01	-1.378979e+00	-6.253156e-01	8.294358e-01	3.617176e-01	-1.685627e+00	2.894606e-01	-1.957909e+00	1.745474e+00
2.294383e+00	-1.361196e+00	-1.445887e+00	1.217084e+00	1.449970e+00	1.688200e+00	-1.368388e+00	1.324683e+00	1.437370e+00	3.443384e+00	2.726190e+00	3.796912e+00	3.439633e+00	8.481575e-01	-1.428211e+00	5.363230e+00	-1.360006e-01	4.494459e-01	2.969021e+00	3.356712e+00	3.398727e+00	-1.073840e+00	5.259450e-01	2.137691e+00	2.348479e+00	-7.020981e-01	-8.011718e-01	-2.726085e+00	-1.887234e+00	3.649954e-01	2.467314e-01	2.240237e+00	1.801311e+00	-5.110744e-01	-4.181982e+00	2.383683e+00	-1.875110e-01	-2.104848e+00	8.602685e-02	3.108220e-01
1.785814e+00	-1.331800e-01	-4.699076e+00	-4.735623e+00	-2.784930e+00	1.519472e+00	-1.176180e+00	5.591376e+00	-1.416192e+00	-1.391975e+00	2.167444e+00	-4.093181e-01	4.501450e+00	1.383591e+00	3.287129e+00	-7.166147e-01	1.674448e+00	1.920908e+00	-6.806388e-01	2.853083e+00	-1.610943e+00	2.650376e+00	6.850597e+00	1.351348e-01	5.077599e-01	5.505753e-01	-2.511357e+00	1.405496e+00	-1.788243e+00	-1.730797e+00	3.935837e+00	4.163071e+00	-1.276044e+00	-1.344115e+00	-1.826206e+00	-6.193061e-01	2.118438e+00	-1.896113e+00	-2.047426e+00	8.275414e-01
1.362346e+00	1.667217e-01	8.905543e-01	-1.395214e-01	-3.056361e-01	-4.344825e-02	1.445178e+00	-4.776531e-02	-3.309420e-01	4.814178e-01	8.299103e-01	-3.687349e-01	1.755919e+00	1.837775e+00	-7.098364e-01	1.089136e+00	-7.002541e-01	8.857270e-02	-5.798039e-01	3.361009e-01	1.169120e+00	-1.224948e+00	1.412851e+00	1.647493e+00	-3.639039e-01	1.335061e+00	-1.089038e-01	1.379917e+00	4.683550e-01	-5.844341e-02	3.201691e-01	1.357552e-01	-1.605419e-01	4.623552e-01	2.027319e-01	7.992842e-01	5.416841e-01	1.563036e-01	1.188761e+00	-5.516829e-01
7.037571e-01	2.306312e+00	-6.998185e-01	-7.527176e-01	9.201818e-01	2.491945e+00	2.429411e+00	-2.930191e+00	-2.469034e+00	-9.423240e-01	-1.118487e+00	1.852496e-01	2.790403e-01	1.015791e+00	3.198415e+00	-1.480010e+00	-2.558596e+00	6.352212e-01	-4.208185e+00	-2.784260e+00	1.741624e+00	-8.246947e-01	-6.291285e-01	4.383696e+00	3.038728e+00	3.778026e-01	-2.350205e+00	-2.104719e+00	3.508053e+00	9.449843e-01	8.265675e-02	-2.906204e+00	7.928277e-01	-3.116841e+00	2.902267e+00	6.973502e+00	-3.059016e+00	1.559715e+00	1.320000e+00	1.576492e+00
-7.576522e-01	3.933572e-01	-9.365873e-01	1.737927e+00	-1.886907e-01	-1.713379e+00	8.132265e-01	2.194390e-02	8.356549e-01	2.867268e+00	1.806584e+00	1.333793e+00	-1.647939e-01	1.806486e+00	-2.307536e-02	-2.059052e-01	1.839678e+00	-7.037300e-01	2.131708e+00	-9.188186e-01	1.042878e+00	1.665166e+00	1.087244e+00	9.210656e-01	-4.807003e-01	8.708305e-01	-1.148579e+00	5.471254e-01	1.155805e+00	9.332871e-01	-1.566263e+00	-2.418294e+00	-6.406419e-01	-1.032729e+00	6.903029e-01	1.139262e+00	1.538455e+00	1.254251e+00	-3.121995e-01	-9.170379e-01
-2.962352e+00	-3.767482e+00	-1.357875e+00	-2.172879e+00	-3.217013e+00	-5.885778e+00	3.753254e+00	-4.731718e+00	-1.774243e-01	1.483092e+00	3.607133e-01	-4.161373e+00	2.292537e+00	2.219066e+00	-2.750019e+00	-2.831674e+00	2.228663e+00	-6.304569e+00	-8.452152e-02	1.446729e+00	3.595819e+00	6.610793e+00	-1.887623e+00	-8.676351e-01	5.474036e+00	-4.461178e+00	4.646828e+00	8.110042e+00	6.105319e+00	3.247369e+00	4.714262e-01	5.533950e+00	-8.016519e-01	-1.085666e+00	5.887725e+00	6.646538e-01	6.687680e-01	4.502774e+00	1.394937e+00	6.641577e-01
1.357679e+00	-8.276868e-01	2.114671e+00	8.240464e-01	2.134168e+00	4.562299e+00	-1.452925e+00	-3.470379e+00	3.125404e-01	1.483298e-01	1.969286e+00	1.316695e+00	-2.183026e+00	-1.223471e+00	-3.186581e+00	-7.993374e-01	2.952947e-01	-3.303525e+00	1.140841e+00	-1.455315e+00	2.446275e+00	-3.513530e-01	1.617515e+00	1.094674e+00	2.001390e+00	-1.199113e-01	-3.780571e-01	3.464993e+00	5.607682e-01	-1.064191e+00	1.395420e+00	-2.277568e+00	-2.104548e+00	4.683853e-01	-4.028613e-01	7.163429e-01	-1.123033e+00	-1.833310e+00	1.361020e+00	2.321420e+00
1.578060e+00	1.814298e+00	-7.287852e-01	2.820175e+00	5.247339e-01	-1.760289e+00	1.765839e+00	1.037788e+00	1.482529e+00	-7.140922e-02	4.720876e-02	2.236884e-01	4.334923e-01	9.907924e-01	-3.721924e-03	1.571351e+00	3.773759e-01	1.996108e+00	-1.138797e-01	1.563458e+00	1.240736e+00	1.543796e-01	-4.507626e-01	4.273458e-01	-7.580195e-01	1.693931e+00	7.292916e-01	3.404062e-02	1.212471e+00	-4.155328e-01	4.280907e+00	4.453131e-01	7.326363e-01	7.648016e-01	1.744063e+00	-5.786575e-01	1.679117e+00	-2.304885e-01	-4.111131e-01	-8.279298e-02
-8.807879e-01	8.101084e-01	1.058312e+00	-8.377993e-01	1.205412e+00	3.119107e-01	6.908000e-02	-1.431216e-03	7.391747e-01	7.438691e-01	9.267771e-01	3.650604e-01	-2.505265e-01	3.283708e-01	8.907931e-02	4.172959e-02	5.262874e-02	2.336589e-01	-1.528614e+00	6.718056e-01	5.480763e-01	3.779419e-01	6.254947e-01	2.497621e-01	1.172275e+00	2.950040e-01	2.242557e-01	7.512024e-01	-4.278391e-01	2.199965e-01	4.506831e-01	-5.571305e-01	8.593783e-01	1.118104e+00	6.632604e-01	-4.309442e-01	4.014896e-01	2.603441e-01	-1.614436e-01	2.684022e-02
1.812225e+00	8.343951e-01	-1.479676e+00	-2.453294e-01	1.191863e+00	1.460387e+00	6.929925e-01	2.070485e+00	-7.657851e-01	-5.514306e-01	1.097378e+00	3.946581e-01	1.122786e+00	-8.895999e-01	2.007622e+00	5.666497e-01	-1.250452e-01	1.124787e+00	-1.476313e-01	-5.864565e-01	1.765110e+00	4.873822e-01	1.484573e+00	1.909638e+00	1.174686e+00	1.760672e+00	-3.056739e-01	-3.860310e-01	8.762687e-01	-1.340007e-02	7.059028e-01	-2.158260e+00	6.415401e-01	2.024900e+00	9.059607e-01	1.070466e+00	1.845352e-01	-1.401739e-01	6.331486e-01	-1.751305e+00
-2.040250e-01	8.776859e-01	-1.988463e-01	-6.993047e-01	1.425333e+00	6.718687e-01	1.200438e+00	1.473067e+00	-1.444359e-01	-9.125063e-01	1.358068e+00	1.466153e-01	8.297493e-01	1.701318e+00	-7.465245e-01	1.778851e+00	5.925477e-01	2.265525e+00	-1.826168e-01	4.719641e-01	-8.391389e-01	-5.086382e-01	2.189387e+00	1.360212e+00	9.260079e-03	7.900846e-01	5.016968e-01	1.729407e-01	1.030225e+00	6.012283e-01	-9.534268e-01	-2.006849e-01	1.608116e+00	8.499701e-01	9.656335e-01	1.340594e+00	1.246964e+00	-5.591434e-01	1.490867e-01	-4.778607e-01
-1.874083e+00	-1.131545e+00	-7.159201e-01	1.912282e+00	1.740173e+00	1.607816e+00	4.593644e-01	1.216890e+00	9.775398e-02	-5.796273e-01	8.105632e-01	-2.177934e-01	7.179915e-01	-6.292226e-01	-7.981204e-01	1.510729e+00	1.010711e+00	-1.347559e+00	3.541142e-01	9.212882e-01	1.105915e+00	1.005387e+00	-8.462686e-01	-8.945708e-01	8.815186e-01	1.661584e+00	1.513370e+00	1.889986e+00	7.987279e-02	-2.890713e-02	-1.010980e+00	-1.315563e+00	-1.192203e-01	2.609616e-01	-2.948575e-01	1.761413e+00	9.095128e-01	1.636566e+00	-9.210023e-01	8.492435e-01
7.627131e-01	9.867811e-01	1.101511e+00	-5.406139e-01	-8.290469e-01	6.835668e-01	8.158613e-01	8.963092e-01	2.162537e+00	4.108183e-01	1.216559e+00	-4.081579e-01	3.812478e-01	2.286239e-01	-9.806030e-01	1.333528e+00	-3.505620e-01	6.332196e-02	-6.179139e-01	5.469595e-01	1.321910e+00	-1.687868e-01	3.063779e-02	4.668218e-01	1.140740e+00	8.785989e-01	1.821797e-01	9.152195e-01	-6.815736e-01	1.956070e-01	6.468520e-01	7.548999e-02	-6.474018e-02	5.976729e-02	4.056972e-01	3.332320e-01	1.502975e+00	-6.191748e-02	8.551438e-02	6.382563e-01
2.397417e-01	-2.847856e-01	-5.527585e-01	-1.340577e+00	-4.502242e-02	2.689706e+00	5.162148e-01	-1.436362e+00	1.221921e+00	-1.401659e+00	7.695872e-01	9.596062e-01	-1.469721e+00	-5.078468e-01	-1.978628e+00	-1.477940e+00	3.932367e-01	2.620220e-01	4.533218e+00	1.511010e+00	9.720912e-01	3.668588e-01	-2.960608e-01	-4.081123e-01	7.645446e-01	9.678425e-01	9.945460e-01	1.679164e+00	2.067805e+00	-2.176229e+00	1.922293e+00	-1.246535e+00	-2.753746e-01	7.490841e-01	-6.762220e-01	1.360078e+00	-1.692035e+00	-1.325310e+00	1.200179e+00	3.928346e+00
1.793298e+00	-2.477029e+00	-3.309071e+00	-5.917282e-01	1.780238e+00	-4.485331e-01	1.470936e+00	1.619982e+00	-1.179384e+00	-7.495549e-01	-2.032539e+00	-2.583153e+00	7.254695e-01	3.072753e+00	-2.916891e-01	3.161158e+00	2.089384e+00	1.447161e+00	6.210671e+00	1.095325e+00	-5.211697e-01	-1.632060e-01	-2.141021e+00	2.253023e+00	-2.056895e-02	7.502459e+00	-8.991636e-01	5.971829e-01	-1.518869e+00	-1.772796e+00	-2.295096e+00	2.881045e+00	-2.557363e+00	6.087150e+00	-8.004636e-01	-3.389979e-01	-1.408091e+00	1.750717e+00	1.430264e+00	-2.787381e+00
5.126454e-01	6.392015e-01	5.774278e-03	1.585669e+00	6.823807e-01	1.623490e+00	9.493787e-01	5.548684e-01	1.789415e+00	-2.801778e-01	1.408408e+00	-1.935729e-01	-2.242146e-01	-6.767749e-01	9.009428e-01	2.805752e-01	5.052705e-01	-3.528212e-01	-1.164539e+00	1.388896e+00	1.259967e-01	1.145223e-02	9.761558e-01	-1.327470e-01	1.292589e+00	-5.316257e-01	5.500778e-01	1.403710e+00	7.532696e-01	1.105265e+00	1.917002e+00	1.019549e-01	1.803819e+00	-6.994594e-01	4.879682e-01	8.323701e-02	5.151488e-01	-1.092747e-01	9.559369e-02	5.222368e-01
-2.837912e+00	-4.408283e+00	-3.938088e-01	-3.029468e+00	1.584506e+00	2.499441e-01	9.270015e-01	-8.946990e-01	4.040473e+00	1.501829e+00	9.628478e-01	1.912239e+00	-4.429485e-02	2.890055e+00	-1.786004e+00	-6.874166e-01	3.210456e+00	-1.529843e+00	2.311933e+00	-6.132049e-01	1.143496e+00	-3.245737e+00	3.949497e-01	-6.267709e-01	2.346012e+00	-6.525557e-01	1.296238e+00	1.173984e+00	2.624512e+00	1.674028e+00	-8.775645e-01	-8.986617e-01	-6.528028e-01	-1.812187e+00	4.640801e+00	-1.331797e+00	9.014372e-02	2.675672e-01	1.233306e+00	-2.858909e+00
-7.408242e-02	-1.756985e-01	7.781616e-01	1.040303e+00	-6.863314e-02	-2.837663e-01	7.331740e-01	1.438874e+00	7.320748e-01	-3.251181e-01	1.243137e+00	8.709485e-01	1.355458e+00	7.946486e-01	1.486255e-02	-3.771505e-01	-1.048129e+00	9.985553e-01	-3.786400e-01	6.962967e-01	2.686179e-01	1.855422e+00	-6.140722e-01	1.237014e-01	-3.869528e-01	1.680788e+00	2.019188e+00	1.540299e+00	1.790008e-01	-7.401233e-01	4.935812e-02	7.704510e-01	-9.654328e-01	1.685738e+00	8.002394e-01	-3.871563e-01	1.648570e-01	8.215293e-01	-6.197604e-01	7.423331e-01
-1.005873e+00	1.822857e+00	2.046535e-03	-7.297986e-02	-7.520930e-01	1.037900e+00	-4.238030e-01	-7.690324e-02	3.854395e-01	4.948024e+00	-5.388814e+00	1.327816e+00	1.986417e+00	1.791740e+00	-3.343803e-01	-2.085249e+00	2.953015e+00	3.330432e+00	8.327321e-01	1.099066e+00	4.701073e-01	2.509494e+00	-2.329721e+00	-5.919614e-01	-2.808738e-01	-1.182508e+00	-3.609498e-01	-1.030188e+00	-2.065996e-01	4.185311e+00	-5.836726e-01	1.915517e+00	5.497309e-01	-3.707511e-01	1.773287e+00	-6.728434e-02	-2.146906e+00	2.816254e-01	2.272705e+00	9.253407e-01
-8.366280e-01	-5.490006e-01	1.663100e-01	2.948877e-01	3.400710e-01	2.056818e+00	5.496652e-01	-2.139118e+00	2.447030e+00	-7.856972e-01	-2.045917e+00	7.805833e-01	-2.221945e+00	-1.430643e+00	-7.227399e-01	3.838319e-01	2.639131e-01	-1.625399e+00	-2.099793e-01	-1.757324e-01	2.627491e+00	-1.622607e+00	-5.440409e-02	2.081780e+00	1.610442e+00	2.099887e+00	5.146012e-01	2.418759e+00	-3.633531e+00	2.632227e+00	1.135973e+00	-1.301467e+00	4.857737e-03	3.315597e-01	-7.866426e-01	2.024026e+00	-6.183681e-01	-7.073442e-02	2.450899e-01	1.147847e+00
1.027756e+00	4.562654e-01	1.349160e+00	-7.082951e-01	2.566737e-01	1.498776e+00	1.026819e+00	1.944346e-02	2.051840e-01	4.506137e-01	5.834213e-01	-2.875587e-01	6.212591e-01	2.514232e-01	-4.908153e-01	-3.651218e-01	-1.485502e-01	6.290918e-01	5.034128e-02	3.399902e-01	7.428265e-01	2.736038e-01	-1.199991e+00	-5.094349e-01	-3.776800e-01	9.524011e-01	1.785681e+00	2.417641e-01	3.609208e-02	8.508323e-01	3.666419e-01	8.970355e-01	1.654291e+00	1.877413e+00	6.206271e-01	1.473499e+00	3.980032e-01	7.890631e-01	1.430356e+00	2.086373e+00
-4.722087e+00	3.878508e+00	2.688813e+00	1.665375e+00	2.516031e+00	-1.068401e+00	-2.975790e+00	3.321434e+00	-3.056129e+00	-2.053840e+00	-1.138033e+00	-2.628699e+00	-8.390243e-02	-1.552063e-01	1.639941e-01	5.351824e+00	6.858405e-01	1.828406e+00	2.962658e+00	-1.874207e+00	-3.784981e+00	7.459773e-01	1.697130e+00	4.090545e+00	3.427897e+00	4.932489e+00	-1.236190e+00	2.235887e+00	-5.064057e-01	-2.831671e+00	1.387935e+00	-1.251033e-01	1.747905e+00	2.726157e+00	2.681224e+00	-1.803558e-01	3.737122e+00	1.818254e+00	3.747222e+00	-1.311964e+00
-4.414801e-01	4.093124e+00	2.199490e+00	1.170044e+00	7.535328e-01	-4.231980e-01	-3.320581e+00	2.087350e+00	3.698950e-01	2.215852e+00	2.722866e+00	2.011978e+00	1.148347e+00	-9.204961e-01	1.984523e+00	-1.255071e+00	6.999120e-01	-1.134880e+00	-1.324966e-03	1.455108e+00	-2.473533e-01	-3.461468e-01	4.735483e+00	3.077132e+00	3.366575e-01	9.612951e-01	-1.018760e+00	1.390259e+00	7.717452e-02	-2.685078e+00	1.324574e+00	4.285241e+00	2.319785e+00	1.027040e+00	1.442546e+00	-5.371502e-01	4.351473e-01	5.301387e+00	2.129671e+00	-6.604762e-01
1.194349e+00	-1.198603e+00	-8.979297e-01	4.376338e-01	1.054266e+00	-9.674787e-01	1.532486e+00	1.592884e+00	4.241281e-01	-9.649601e-02	4.298896e-01	1.199946e+00	9.788465e-01	1.692732e+00	8.943085e-01	-5.774344e-01	6.933637e-01	1.679809e-01	3.200910e-01	-7.030383e-01	-4.341584e-01	1.342078e-01	7.030963e-01	-5.455797e-01	-7.231661e-01	-3.843730e-01	1.539971e+00	2.466836e-01	-7.454403e-01	9.952839e-01	1.090020e+00	-1.012357e+00	4.535727e-01	-2.393644e-01	1.113718e+00	1.302972e+00	1.394287e-01	-3.355012e-01	3.854507e-01	1.716741e+00
-8.260357e-01	1.476811e+00	1.020343e+00	-1.715639e+00	-9.060670e-01	8.209462e-01	-9.952563e-01	9.932554e-01	5.419670e+00	1.368562e-02	-6.660491e-01	4.359774e+00	-4.142563e-01	-1.166615e+00	-6.568827e-02	2.696321e+00	-3.650556e-01	1.901728e+00	3.754066e+00	-8.133314e-01	1.025896e+00	-1.541434e+00	-2.218266e-01	6.225237e-01	1.984755e+00	5.178198e+00	1.182286e+00	5.009162e-01	-1.855552e+00	-3.273069e+00	1.999146e+00	-3.810375e+00	-8.563633e-01	9.717519e-01	-1.013760e+00	1.231656e+00	-6.841044e-01	2.027559e-01	-6.392465e-01	8.520591e-01
4.213034e-01	-4.058477e-01	-4.300688e-01	5.682549e-01	4.217103e-01	-4.271131e-01	4.228517e-01	-6.992475e-01	7.112345e-01	6.311789e-01	7.986052e-01	5.122969e-01	1.515380e+00	-4.921584e-01	3.397907e-01	5.430943e-01	1.993097e-01	8.411098e-01	-8.530637e-01	1.981738e+00	-1.087238e+00	1.186036e-01	-4.646565e-01	6.223129e-01	7.247946e-01	1.301388e+00	1.413674e+00	1.698687e-01	-1.523099e-02	5.178603e-01	8.447090e-02	-1.055151e+00	5.707328e-01	8.718155e-01	3.801013e-02	1.199267e+00	6.327951e-01	2.292856e-01	-7.010891e-02	5.734409e-01
9.949624e-01	1.862261e-02	-4.790149e-01	-1.225596e+00	1.328341e+00	-4.016555e-01	1.989697e+00	1.450239e+00	1.049361e+00	1.381494e+00	-1.317735e+00	-6.366389e-01	2.906424e-01	7.694695e-01	1.556533e+00	4.717386e-01	-7.595894e-01	-1.251295e+00	-6.076824e-01	2.853317e+00	-4.687972e-01	5.131667e-01	-7.256468e-01	-1.870328e+00	9.218022e-01	2.639090e-01	-4.069220e-02	-1.449474e+00	1.643676e+00	-5.126717e-01	-7.572124e-01	-1.708658e+00	3.265661e+00	9.771887e-01	1.260337e+00	-6.096103e-01	1.249506e+00	-6.187302e-01	-3.160399e-01	3.378445e-01
2.575958e+00	2.632501e+00	2.038487e+00	-1.060331e+00	-3.507199e+00	4.323405e+00	3.788523e+00	-7.796732e-01	-8.724290e-01	-1.739252e+00	-5.090431e-01	-1.352511e+00	-2.077164e+00	-7.356272e-01	9.801649e-01	1.644753e+00	3.835981e-01	3.827575e-01	2.437809e-01	4.577012e-01	3.106375e+00	2.615295e+00	-1.216481e+00	3.326180e-01	-3.001677e-01	-5.532100e+00	1.753665e+00	-3.174645e-01	2.520818e+00	-2.362325e-01	-4.434792e+00	1.167899e+00	1.672830e-01	1.009000e+00	3.978154e+00	1.655584e+00	6.485180e-01	3.915631e+00	6.105705e-01	-1.436682e+00
-3.035427e-01	4.060831e-01	4.381303e-01	-1.588627e-01	7.561283e-01	1.642676e+00	3.095564e-01	1.252818e+00	-1.654119e+00	-1.092370e-01	-1.970537e-01	-7.636752e-01	6.754763e-01	4.303406e-01	-1.131316e+00	6.314404e-01	2.789755e+00	1.676408e+00	-5.294415e-01	-2.331938e-01	1.118515e+00	3.162345e+00	3.229780e+00	-9.667024e-02	-5.068077e-01	-1.658592e-01	1.760402e+00	-8.854830e-01	1.762434e+00	8.839277e-01	2.646320e+00	1.183400e+00	-1.162196e-02	-2.816737e+00	2.972294e+00	5.322193e-01	-1.564983e-01	2.671338e+00	1.201700e+00	9.911719e-01
-3.934867e+00	1.935389e+00	2.780501e-01	1.769410e+00	2.083112e+00	2.133158e+00	-1.079653e+00	4.500953e+00	-2.792419e+00	-3.880583e+00	2.445777e+00	2.567441e+00	-1.726435e+00	1.309856e+00	1.863341e+00	-1.986784e+00	-1.759835e+00	-1.937489e+00	1.374706e+00	-3.941558e+00	9.216240e-01	-9.096192e-01	-3.749403e+00	-4.283582e-01	1.297285e-01	5.793672e+00	-2.835462e+00	3.696235e+00	4.425279e+00	-3.487526e+00	-8.084604e-01	-4.664097e+00	-5.420009e+00	5.656650e-01	-3.975061e+00	-1.340695e+00	-3.985707e+00	1.836760e+00	2.822882e+00	5.466260e+00
1.452540e+00	-6.553985e-01	1.321313e+00	1.697962e-01	-1.319270e+00	3.659093e+00	4.122901e-01	-5.748056e-01	1.609129e+00	-1.604552e+00	1.102803e+00	1.487787e+00	1.709928e+00	-4.070549e-01	-3.991482e-01	1.573672e+00	2.722251e+00	1.579920e+00	-5.139764e-01	1.973545e+00	-8.306122e-01	1.437575e+00	2.261856e+00	-5.970826e-01	-2.790747e+00	-1.512666e+00	1.370144e+00	1.688960e+00	-7.519284e-02	-1.735623e+00	9.135861e-01	4.642974e-01	-1.570931e+00	1.283888e+00	-3.263611e-01	1.436662e+00	-9.804597e-02	8.232532e-01	1.729670e+00	1.401203e+00
-1.442099e+00	9.728164e-01	-8.801366e-01	1.000011e+00	4.117872e-01	7.907572e-01	-2.409032e-01	-1.561374e+00	1.503094e+00	1.655064e-01	8.169883e-01	2.763664e+00	5.857622e-01	2.886315e-01	9.561562e-01	2.473460e-01	8.817134e-01	-8.942497e-01	1.020894e+00	1.462086e+00	-9.341423e-01	7.650748e-01	3.882871e-01	1.301761e+00	-9.771946e-01	1.383308e+00	7.094880e-01	4.364450e+00	3.248156e-01	1.139788e+00	4.849075e-01	-5.984336e-01	-7.913442e-01	-1.094003e+00	1.298375e+00	2.900784e+00	4.148419e-01	-6.416430e-01	-1.000413e+00	1.257565e+00
-6.374237e+00	1.601144e-01	1.338881e+00	9.495867e-01	-4.792139e+00	1.702621e+00	5.147595e+00	1.798438e+00	-3.003345e-01	-1.110710e+00	-4.996378e-01	-1.354063e+00	-1.811858e+00	2.096614e+00	2.639800e+00	3.595279e+00	-1.619235e+00	-1.857628e+00	6.916479e-01	-2.356608e+00	2.498310e+00	-1.339901e+00	1.274225e+00	-1.036288e+00	1.698190e+00	-2.508533e+00	-2.939923e+00	-9.356622e-01	-2.064828e+00	3.212013e+00	-9.177513e-01	2.150999e+00	-8.875695e-01	-1.319279e+00	-2.776090e-01	-1.230293e+00	5.519494e+00	9.034060e-01	3.054722e-01	-1.221923e+00
2.728513e+00	2.722198e+00	1.208798e+00	1.844143e+00	2.129856e+00	7.426628e-01	3.854545e+00	-1.459509e+00	-2.815602e+00	3.733914e-02	3.731200e+00	3.709193e+00	2.573527e+00	2.824991e-01	4.007723e+00	-2.104543e+00	-1.183532e+00	-3.249108e+00	7.330368e-01	5.774823e-01	-2.219516e+00	-1.525583e+00	5.181645e-01	-1.189357e+00	-1.909638e+00	-1.086455e+00	-4.308143e-02	3.129215e+00	1.958421e+00	2.579151e-01	-1.102216e+00	-2.494215e+00	6.770666e-01	3.050702e+00	-2.996761e-01	-1.017519e+00	-1.070013e+00	2.620227e+00	1.668566e+00	-2.998752e+00
-4.657737e+00	-3.365604e+00	2.312621e+00	-3.556644e+00	3.905097e+00	-1.140979e+00	2.542542e+00	3.511000e+00	3.819982e+00	-5.282133e+00	2.752816e+00	2.273134e-01	1.464395e+00	-1.885580e+00	9.296987e-01	1.879114e+00	3.271121e+00	-6.106141e+00	8.444438e+00	-3.808049e+00	7.238846e+00	-4.566546e+00	2.093414e+00	-9.295131e+00	9.933024e-01	6.845119e+00	-4.225673e-01	5.694978e+00	-8.061135e+00	-7.340474e-01	6.403345e+00	5.175851e+00	1.414425e+00	-5.367884e+00	-2.461352e+00	-4.709667e+00	-1.998585e+00	1.605240e+00	1.893011e+00	5.646745e+00
5.422409e-01	-8.869688e-01	6.443534e-01	3.146819e+00	4.178532e+00	2.155571e+00	2.123090e+00	-5.171365e-01	-5.935108e-01	1.043713e-01	-9.181693e-01	-1.093658e+00	-1.913347e+00	2.499761e-01	-3.040262e+00	1.525811e+00	1.590039e+00	-2.016141e+00	2.379054e+00	3.027288e+00	2.805587e-01	-9.274248e-01	-1.109423e+00	1.099430e+00	1.005960e+00	4.939637e-01	2.406681e+00	2.685506e+00	-1.024046e+00	1.599199e+00	3.777972e-02	-1.002754e+00	2.089248e+00	4.489871e-01	-4.603945e-01	1.116025e+00	-1.927479e+00	1.980586e+00	-1.051312e+00	-2.378163e+00
-1.149781e+00	2.295631e+00	-1.578444e+00	3.889078e+00	3.655558e+00	-2.684883e+00	-1.418603e+00	-2.935288e+00	-6.149415e-01	1.264222e+00	1.283233e-01	-2.907201e+00	-1.958830e+00	2.931801e+00	-2.980262e+00	-2.183937e+00	2.105784e+00	-1.957880e+00	4.955789e+00	-1.211092e+00	1.229200e+00	-3.721318e-01	3.580294e+00	4.553108e+00	4.858837e+00	7.013623e+00	-4.818068e+00	-1.519441e+00	1.489034e+00	-1.186372e+00	7.866626e+00	3.951586e-01	5.457961e+00	-1.032083e+00	2.909755e+00	-5.702621e+00	9.954609e-02	-2.677511e+00	3.639725e+00	-5.065845e+00
-3.459756e-01	3.210525e-02	1.128480e-01	-8.056615e-02	2.378174e-01	1.180481e+00	1.091981e+00	6.512446e-01	-3.455800e-01	1.228386e+00	4.417666e-01	-1.684154e-01	8.882138e-01	5.173037e-02	1.880918e-02	-1.103142e+00	-4.511855e-01	1.552912e-01	8.137575e-01	1.691704e+00	1.380916e+00	5.509489e-01	-1.095687e-02	-2.527558e-01	5.590445e-01	1.036259e+00	-6.158396e-01	-3.276378e-01	-5.412231e-01	9.744454e-01	2.689098e-01	-8.340114e-01	8.262438e-02	7.644435e-01	9.018575e-01	4.123593e-01	5.462129e-01	4.672399e-02	7.560487e-02	-2.286093e-01
7.866874e-01	-6.263498e-02	1.575961e+00	4.032821e-01	7.648264e-02	1.912207e+00	1.107183e+00	-6.027822e-01	8.883413e-01	-8.606859e-01	2.902726e+00	7.265000e-01	-7.475768e-01	1.498811e+00	-2.047949e+00	4.686638e-01	1.060533e+00	-1.960522e-01	8.891178e-02	-2.254040e-01	2.244694e+00	-1.482442e+00	-1.103050e+00	-3.239983e+00	3.756729e+00	-8.909923e-01	-3.361668e-01	1.676948e+00	-2.032572e-02	1.535423e+00	-1.130979e+00	-8.875623e-02	-4.019232e+00	-9.170150e-01	3.120071e-01	6.857972e-01	-2.142608e+00	5.287156e-01	1.259636e+00	-1.617676e-01
4.972351e-01	-1.953327e-01	3.423146e-01	5.459817e-01	1.275674e+00	3.732866e-01	2.477893e+00	4.408579e-01	9.338197e-01	-1.655149e+00	9.396470e-01	1.881779e-01	-1.473506e+00	-1.505111e+00	5.207614e-01	9.672930e-01	1.553963e+00	-4.842812e-01	-7.727767e-01	7.378906e-01	-1.712848e+00	1.053916e+00	1.527113e+00	2.121463e+00	4.216845e-01	-3.282336e-01	2.699198e-01	1.879159e-01	2.374442e+00	1.318929e+00	1.119509e+00	1.722743e+00	1.497493e+00	-1.599850e-01	1.967450e-01	2.269935e+00	-1.950922e+00	-7.567121e-01	6.872010e-01	1.352560e+00
6.911804e-01	2.388997e+00	9.621478e-02	1.228674e+00	5.588905e-01	-4.511347e-01	-5.721210e-01	1.902596e+00	3.206262e-01	2.249853e+00	-2.929350e+00	-4.430292e-01	2.383022e+00	-3.424844e-01	8.967578e-01	6.250405e-01	-3.083878e-02	3.634922e+00	8.102222e-01	-9.993550e-01	1.915206e+00	-3.618188e-01	-2.655386e+00	4.685345e-01	-1.114939e+00	1.415076e+00	1.586116e+00	-1.329907e-01	-3.089375e-01	3.054308e+00	-1.752754e+00	7.867293e-01	-8.107959e-01	8.401597e-01	1.975489e+00	1.123385e+00	-7.914421e-01	3.597900e-01	9.390243e-02	2.072182e-01
-6.275724e-01	-2.181342e+00	-7.332180e-01	-1.089706e-01	-8.412322e-01	8.379297e-01	9.327671e-01	-2.420943e+00	-1.159317e+00	1.706990e+00	-2.360883e-01	4.398858e-01	2.151594e+00	2.455210e+00	2.291458e+00	-6.824211e-04	-2.298412e+00	-3.619195e-01	6.335773e-01	-3.115461e-01	1.553322e+00	1.609465e+00	1.064627e-01	1.126122e+00	1.542185e+00	3.531916e-01	5.919861e-01	1.394003e+00	2.891454e+00	1.722361e-01	-1.656863e+00	-1.929492e-01	-5.405601e-01	2.747164e+00	1.525753e+00	-1.762462e+00	3.231740e+00	1.782339e+00	-1.896749e-01	3.227685e-01
1.888477e+00	1.544562e+00	1.253266e+00	2.586823e-02	9.827063e-01	2.514426e-01	2.059870e-01	1.672989e+00	1.574185e+00	-2.953118e-01	2.870133e+00	4.389152e+00	1.318339e+00	-2.781203e-01	2.747697e+00	1.870406e+00	-1.711967e-01	8.129631e-01	2.370906e+00	2.811345e-01	2.882381e-01	4.552281e-01	-2.167127e-01	-1.040736e+00	1.624265e+00	-1.116742e+00	2.035693e+00	2.181329e+00	-5.890746e-01	-2.367268e+00	8.888781e-01	-5.588381e-01	1.631379e+00	-2.569850e+00	-2.725689e-01	-6.408450e-01	5.339871e-01	2.671408e-01	-9.580831e-02	1.213373e+00
4.496441e+00	-1.173260e+00	-3.583618e+00	3.421651e+00	3.873473e+00	3.850090e+00	5.824917e-01	1.191546e+00	-6.762968e+00	-3.244146e+00	1.231005e+00	-2.996457e+00	5.284491e+00	1.898909e+00	-4.420639e+00	-1.768969e+00	-5.999201e-02	2.325010e+00	-3.142801e+00	2.648332e+00	3.425222e+00	-2.387100e+00	6.551444e+00	2.887178e+00	-3.209692e+00	-2.904992e+00	-1.027169e+00	-2.066106e+00	-1.855304e+00	-6.497652e-02	5.041445e+00	-4.057403e+00	-1.537559e+00	1.969675e-01	-2.150691e+00	-1.217170e-01	4.682327e-01	-2.319214e-01	-2.338045e+00	2.912218e+00
6.471353e-01	-7.160117e-01	-6.813031e-01	-3.063768e-02	7.330121e-01	-6.425036e-01	6.856221e-01	-3.404371e-01	7.472996e-01	5.334543e-01	7.081375e-01	1.142664e+00	1.971351e+00	-7.839230e-01	-6.702220e-02	-5.800773e-02	-3.077468e-01	7.044250e-01	2.026058e-01	2.538853e+00	-1.670813e+00	-5.962263e-01	-5.017570e-01	3.587559e-01	-1.755826e-01	1.583623e+00	1.503391e+00	-1.835516e-01	1.312942e-02	5.736008e-01	-5.107420e-01	-8.240667e-01	9.559660e-02	7.282069e-01	-9.260965e-02	2.102814e+00	-1.225230e-01	-2.236937e-01	1.631316e-03	3.787225e-01
9.632499e-01	7.996833e-02	-1.034644e+00	3.827085e-01	2.490111e-01	1.512993e+00	-1.463983e+00	-1.018625e+00	3.417095e-01	2.209374e+00	-2.137100e+00	8.192691e-02	1.680997e+00	5.617055e-01	8.881577e-01	-1.139361e+00	-5.314397e-01	4.781159e-02	7.960613e-01	-1.393086e-01	1.671880e+00	1.118902e-01	-1.020186e+00	-6.307027e-01	1.753193e+00	-9.845424e-01	-2.289583e-01	4.547615e-01	4.775232e-01	9.143281e-01	8.355152e-03	-2.188613e-01	1.257143e+00	-4.840887e-01	1.501440e+00	-1.171128e+00	2.492535e-01	-1.702139e-01	1.152405e+00	5.498057e-01
2.774778e+00	8.715782e-01	-5.454441e-01	-1.676667e+00	-1.093023e+00	2.238509e-01	-8.462234e-01	3.502375e+00	2.426372e-01	2.491850e+00	2.781858e+00	1.017544e+00	1.869791e-01	-1.670305e+00	6.079090e-01	1.248946e-01	1.753377e+00	-4.256415e-01	-3.661218e-01	2.686164e+00	6.254687e-01	-1.329396e+00	1.207235e+00	-1.444669e+00	-1.855921e+00	-5.156088e-02	1.941628e+00	2.122348e+00	3.708401e+00	4.214517e-01	-1.321659e+00	-7.687977e-01	2.167376e-01	-4.548873e-01	-2.632967e+00	2.022942e+00	1.970385e+00	5.417480e-01	1.036806e+00	-3.409609e+00
-2.297939e-01	2.667115e+00	1.686973e+00	-2.285760e-01	1.958330e+00	6.615288e-01	-2.067558e-01	2.229790e+00	1.563535e+00	2.614417e+00	-1.982445e-01	-1.881967e+00	-6.059380e-01	-4.602597e-01	1.507157e+00	-3.528525e+00	1.635184e+00	7.886359e-02	2.695469e+00	1.115899e+00	2.016702e+00	2.655799e+00	-1.027198e+00	-4.258028e+00	1.904454e+00	-4.720277e-01	2.478144e-01	-2.900770e+00	-1.931189e+00	-6.454010e-01	-2.312730e+00	1.359222e+00	2.815173e+00	1.317830e+00	4.979820e-01	6.914684e-01	-1.357985e-01	3.113258e+00	-8.395944e-01	4.280807e+00
-2.464640e+00	2.355613e+00	4.839418e-01	9.734282e-01	2.537195e+00	-3.967852e+00	-5.479950e+00	2.053588e+00	-1.661136e+00	-8.388338e-01	-8.002739e-03	2.828896e+00	1.008852e+00	4.783829e-01	1.120461e+00	8.698085e-01	-2.783647e+00	8.981458e-01	3.002078e+00	5.409047e+00	-4.129606e-01	2.850722e+00	2.784738e+00	1.326005e+00	-1.859615e+00	2.941081e-01	2.214740e+00	3.443049e+00	4.745800e+00	-5.901421e+00	-3.475716e+00	-2.726989e+00	-3.911507e+00	-9.719396e-01	2.247848e+00	-2.114004e+00	4.396705e+00	-1.832127e+00	-3.149631e+00	8.105251e-01
-2.734126e-01	1.668774e+00	2.574664e-01	-9.071480e-01	1.651381e+00	-8.007140e-01	1.697541e+00	-5.538221e-01	1.969223e+00	-3.563092e+00	4.520047e+00	-1.463932e-01	-3.190483e+00	3.514891e+00	-1.609114e+00	-7.661330e-01	-1.429269e+00	1.182145e+00	-1.436574e+00	2.155516e+00	-1.599606e+00	4.221182e-02	-9.659451e-02	1.721516e+00	6.737468e+00	-3.433795e+00	2.560088e-01	7.866920e-01	2.938071e+00	-1.450983e+00	1.233184e+00	3.100231e-01	1.216006e-01	2.430555e+00	-1.501321e-01	1.934236e+00	-5.253800e-01	1.288133e+00	-2.799806e+00	4.116169e+00
-2.087113e-01	5.117970e+00	6.116832e-01	1.264317e+00	-7.821680e-01	-1.091928e+00	6.646196e-01	9.814710e-01	2.065674e+00	-4.535010e-01	2.673487e+00	1.308616e-01	-3.472016e+00	-7.462172e-01	-9.197228e-01	3.753434e+00	-7.105605e-01	2.366499e+00	-9.530473e-01	2.801751e+00	1.891014e+00	-1.291466e-01	-2.179241e-01	1.723306e+00	2.748357e-01	-4.393926e-01	-9.968454e-02	1.567586e+00	3.247980e+00	-1.876138e+00	-9.565836e-01	-6.538339e-01	1.329491e+00	-1.001998e+00	2.254463e+00	9.464479e-01	3.148977e+00	1.936347e+00	-1.118885e+00	9.093445e-01
-1.684196e+00	-9.979562e-01	-2.917818e+00	1.516657e+00	-1.721222e+00	-2.150567e+00	-3.304874e-01	-4.166789e-01	2.577438e-01	2.887710e+00	-5.735366e-01	1.979892e+00	1.583937e+00	2.242283e+00	3.762526e-01	-4.662430e-01	2.249855e+00	1.501814e+00	3.848304e+00	5.093224e-01	-8.595943e-01	9.288931e-01	5.237823e-01	5.990005e-02	-3.335062e+00	2.406672e+00	-1.667581e+00	2.370371e+00	2.437552e+00	7.416233e-02	-2.948197e+00	-1.393062e+00	-1.298506e+00	-1.741531e-01	-2.622373e+00	2.432439e+00	2.808830e+00	-1.089706e+00	7.389312e-01	-1.812606e+00
-1.096806e+00	9.092631e-01	5.129306e+00	-1.551749e+00	3.939726e+00	-7.960388e-02	-9.240803e-02	7.436714e-01	5.749980e-01	-1.224468e+00	1.876050e+00	-4.411203e-01	5.723815e-01	-8.622005e-01	2.204530e+00	4.784033e+00	-2.411426e-01	1.075564e+00	1.138585e+00	1.116922e+00	4.453283e-01	-3.259794e-02	2.637144e+00	-2.878252e+00	-2.908811e-01	1.198953e+00	3.688757e+00	-2.201028e+00	5.218683e-01	7.240920e-01	-1.698431e+00	3.743289e+00	-1.949274e+00	3.454815e+00	1.096088e+00	3.279596e+00	-5.134871e-02	-1.473875e+00	-1.100325e+00	2.037914e+00
4.124145e+00	-4.658599e-01	4.905397e-02	-3.114155e+00	1.074913e+00	4.849837e-01	-2.049961e+00	1.992147e+00	2.328027e+00	4.201363e-01	2.085248e+00	-1.078559e+00	-1.632297e+00	2.261337e+00	3.986529e+00	-2.662962e+00	6.006377e-01	6.281702e-01	-3.962942e-01	2.708034e+00	3.941429e+00	-2.510277e+00	1.079946e+00	2.188777e+00	-7.076727e-01	2.466627e+00	-1.286292e+00	-1.122679e+00	-2.271111e-01	-9.556870e-01	2.456770e+00	3.914911e+00	-1.106745e+00	6.964477e-01	1.356460e+00	-9.007439e-01	-3.443723e+00	2.386999e+00	2.369919e-01	-5.924449e+00
4.817381e-04	-5.143782e-01	9.303837e-01	-3.721376e-01	2.298964e+00	-2.534465e+00	-5.181449e-02	4.788670e+00	-3.415133e-02	3.367669e+00	-3.586070e+00	-2.849334e+00	-1.056568e+00	-5.659083e+00	-5.575101e+00	2.405192e+00	9.114681e-01	1.327736e+00	4.264077e+00	2.775256e+00	3.717579e+00	1.453228e+00	-1.688497e+00	-6.104457e-01	-2.622743e+00	-5.266981e-01	-5.135035e-01	-1.808654e-01	1.917790e+00	-3.756245e+00	1.158083e+00	-2.813374e+00	-5.076650e+00	8.692303e-01	2.705401e+00	1.928142e+00	5.394901e+00	-7.842546e-01	1.401279e+00	-1.879534e-01
1.328935e+00	-1.400834e+00	-5.453173e-01	1.347254e+00	5.129586e-01	8.008504e-01	2.623213e+00	-3.551976e+00	9.634150e-01	2.756875e-01	-1.515297e+00	4.152551e-01	8.994479e-01	-5.092509e-01	-3.754655e+00	-1.304208e+00	4.455843e-01	-1.473840e+00	7.906558e-01	3.129647e+00	1.952552e+00	4.411085e-01	-1.910702e-01	1.732126e+00	-1.178959e+00	-2.076442e+00	8.871504e-01	-1.249442e-01	2.603192e+00	4.179117e-02	-1.298279e+00	1.294788e+00	2.497764e-01	-2.241025e+00	3.889262e+00	1.301505e+00	1.872457e-01	1.941001e+00	-1.853982e+00	3.018712e+00
8.234974e-01	4.582344e+00	5.173868e+00	1.441398e+00	1.548262e+00	-2.917737e-01	-3.199971e-01	-2.657109e+00	-1.223788e+00	1.395306e+00	3.188089e+00	-2.686662e+00	-3.113301e+00	8.958186e-01	4.408462e+00	8.000129e-01	-6.616520e+00	-1.876073e+00	2.224123e+00	-3.204334e+00	2.759799e-01	-1.247765e+00	-2.891105e+00	1.213560e+00	3.145839e+00	-4.308844e-01	1.989443e+00	3.671996e+00	3.474855e+00	7.682206e-01	-1.063635e+00	-1.000578e+00	2.330508e+00	3.359519e+00	4.157378e+00	-2.115207e+00	1.551033e+00	-5.591546e-02	1.174479e+00	-1.396075e+00
6.359701e-01	-2.833184e-01	-6.069765e-02	-4.226755e-01	1.213683e+00	1.192237e+00	3.016843e-01	-5.376992e-01	1.897863e-01	4.652721e-01	6.721768e-01	-2.637356e-01	3.463990e-01	1.684436e+00	-9.113400e-01	8.679106e-01	1.452447e+00	-3.606008e-01	1.089481e+00	8.304654e-01	1.340488e+00	8.624778e-01	-1.336245e+00	1.165713e+00	1.940415e+00	3.571078e-01	2.215597e+00	-1.249702e+00	7.063539e-01	7.647698e-01	2.148927e-01	1.071069e+00	1.578763e-01	3.873319e-01	3.178337e+00	9.389788e-01	-1.497009e+00	-1.579139e+00	1.142215e+00	-2.001705e-01
-8.244009e-01	1.861012e-01	8.202487e-01	1.662800e+00	2.825514e+00	1.177095e+00	-5.605569e-01	5.784915e-01	5.524294e-01	-3.316807e-01	-1.556689e+00	7.845359e-01	-2.074602e-03	-1.088883e+00	5.361393e-02	-1.537532e-01	-9.811799e-01	2.670391e+00	6.490194e-02	-3.269118e-01	4.874806e-01	1.044665e+00	-1.121805e+00	-3.555468e+00	-3.692889e-01	-2.297085e-01	1.387511e+00	-6.132142e-01	1.941855e+00	7.491370e-01	2.602296e+00	1.025583e+00	2.201994e+00	-1.683019e-01	2.401456e+00	-2.789010e-01	-5.057841e-01	2.068513e+00	2.937997e+00	4.446090e+00
2.216792e+00	5.721034e-01	6.229313e-01	3.317981e+00	5.421564e+00	7.853903e-01	-5.324309e-01	1.117285e+00	-3.558825e-01	8.551874e-01	2.622165e-01	5.792762e-01	5.176859e-01	1.740915e+00	3.685958e+00	-8.301025e-01	2.526538e+00	-1.600646e+00	-1.412092e+00	1.839525e+00	-3.511872e+00	1.061236e+00	-1.811774e+00	-1.190630e+00	2.401859e+00	3.492122e+00	-2.936143e-01	-2.749670e-01	-1.124154e+00	3.883943e+00	2.372978e+00	-3.486806e+00	2.265955e-01	3.479103e+00	-2.490164e+00	-3.228289e+00	-1.049115e+00	-2.071255e+00	2.829666e-01	-2.285850e+00
1.782522e+00	-1.116971e-01	9.642743e-01	1.748394e+00	5.790583e-01	8.398763e-01	-6.110765e-02	5.292689e-01	-1.555424e+00	-1.003172e-01	1.166097e+00	7.344661e-01	8.976841e-01	1.896066e+00	1.288657e+00	-4.125208e-01	5.752135e-01	-4.372064e-01	1.053345e+00	1.081355e+00	-8.860238e-03	3.229637e-01	2.079026e+00	2.322464e+00	-6.071386e-01	-6.157420e-01	2.117926e-01	9.500430e-01	-2.220886e-01	1.656148e+00	1.129477e+00	5.579089e-01	9.119937e-01	8.651803e-02	4.413119e-01	-1.106166e-01	-1.547088e+00	1.899428e-01	1.474719e+00	-5.392726e-01
-9.339418e-01	1.553704e+00	-2.929869e-01	-7.325867e-01	-5.679309e-01	-9.003497e-01	-2.516834e+00	7.011819e-01	2.405135e+00	-8.407453e-01	-8.672512e-01	1.181897e+00	2.222626e+00	1.071060e-01	4.306857e+00	-7.453481e-02	-4.766650e-01	1.303198e+00	6.396863e-01	2.010434e+00	1.032876e+00	1.295802e+00	1.426738e+00	-3.051532e-01	-4.431057e-01	3.116581e-01	4.397184e-01	-1.435196e+00	-1.139948e+00	-1.679275e+00	2.188350e+00	-2.223266e+00	3.216119e-01	-3.750048e-02	1.745065e+00	-1.139174e+00	1.494736e+00	-1.685325e+00	-1.798756e+00	1.210669e+00
8.681848e-01	1.545771e-01	1.406372e+00	5.458909e-01	2.313874e+00	1.323830e+00	1.011664e+00	5.439272e-01	1.123433e+00	1.440449e+00	2.694205e+00	-9.131303e-01	-1.331382e+00	-2.750035e-01	-1.591550e+00	-1.050664e-01	-2.857524e-01	6.912304e-01	6.416997e-01	-6.339794e-01	2.302510e+00	8.825638e-01	-2.425280e+00	9.726490e-01	-9.187909e-01	1.748703e+00	6.406634e-01	-1.262345e+00	7.406587e-01	-1.267288e+00	5.467665e-01	-1.041373e+00	1.658477e+00	1.452514e+00	2.771354e+00	4.714268e-01	-7.934704e-02	2.051077e+00	-1.845784e-01	-7.520566e-01
5.481354e-01	-6.612156e-01	-2.156528e+00	-8.482083e-01	5.214279e-01	2.178560e+00	-1.766910e+00	1.827248e-01	8.581443e-01	8.388317e-01	3.915191e-01	1.158432e-01	1.336706e+00	1.081160e+00	-1.736572e+00	-2.047175e+00	8.940734e-01	-1.601838e+00	-9.380510e-01	4.553614e+00	2.719492e-02	7.245640e-01	4.223774e-01	1.753300e+00	1.503466e+00	-2.677775e+00	1.994164e-01	1.937570e+00	2.026668e+00	1.363953e+00	-6.253983e-01	-6.473629e-02	-4.040981e-01	-2.654592e+00	1.747087e+00	-5.795936e-01	3.900769e-01	-1.022239e+00	-4.181583e-01	-1.722434e+00
-7.463338e-01	3.306940e+00	2.751143e+00	-5.842978e-02	-3.468297e-01	4.444804e+00	6.710344e-01	1.280953e+00	2.926894e+00	5.821201e-01	-2.997630e+00	3.265677e+00	1.424780e-01	2.328407e+00	-3.755099e+00	1.299040e+00	-1.420585e+00	5.201267e+00	1.101072e+00	1.425959e+00	-1.296804e+00	2.200412e+00	6.587891e-01	-2.759413e+00	-2.811284e+00	1.879839e+00	-2.346500e+00	8.491290e-01	3.826881e+00	-2.443636e-01	2.326467e+00	1.170810e+00	-2.861439e+00	-5.233956e+00	2.833413e+00	-4.312566e-01	4.245529e-01	4.597054e+00	2.754744e+00	1.663544e+00
-3.474320e-01	1.158347e+00	7.361748e-01	6.804733e-01	-1.498785e+00	7.150440e-01	1.407272e+00	1.462678e+00	7.588493e-01	2.465710e-02	5.226470e-01	-3.387349e-01	-1.196420e+00	1.078742e+00	3.607563e-01	1.667891e+00	4.293942e-01	-6.773434e-01	1.261266e+00	3.367937e-01	5.995710e-01	3.468610e-02	2.348582e-01	-7.790107e-01	1.100763e+00	-1.026339e+00	3.463123e-01	-4.131927e-01	-1.426874e+00	7.042736e-01	8.703639e-01	4.360863e-01	1.108048e+00	1.287821e+00	9.919596e-01	-1.056877e+00	1.415857e+00	2.642570e-01	8.558245e-01	-1.207503e+00
1.278164e-03	-2.795670e-01	-2.421100e-01	2.859905e-01	-1.196272e+00	7.755532e-01	1.217128e+00	-6.833823e-01	1.343971e+00	1.006534e+00	4.094507e-01	-6.549139e-02	1.184094e+00	3.746645e-01	5.070070e-01	1.287674e+00	2.768692e-02	-1.060654e-01	-1.121712e+00	1.453371e-01	7.421948e-01	-2.133368e-01	-9.701873e-01	1.015775e-01	1.729616e+00	4.187316e-01	5.742575e-01	6.510508e-01	-4.600521e-01	2.081660e+00	-5.934604e-01	-3.162399e-01	7.307438e-01	1.321522e-02	8.439588e-01	1.092266e-01	1.066640e+00	6.496783e-01	2.875293e-01	-3.013006e-01
6.296687e-01	2.817986e+00	4.462423e+00	1.261194e+00	7.794418e-01	1.779646e+00	-9.887104e-01	-4.234447e+00	1.326329e+00	-5.874117e-01	3.883468e+00	-1.976766e-01	3.414365e+00	-5.325449e-01	-1.931612e+00	-4.720381e+00	3.104442e-01	-1.387495e+00	3.055451e+00	4.827180e+00	-9.007484e-01	-1.698221e+00	2.803723e+00	9.962600e-01	9.708945e-01	-2.458742e+00	2.543835e+00	-2.834348e+00	-2.323649e+00	1.532199e-02	-1.659212e+00	1.813185e+00	2.173565e+00	-1.372258e+00	6.266617e+00	-3.336098e+00	-4.847015e+00	2.172063e+00	3.277443e+00	-3.323927e+00
-1.452851e+00	3.312584e+00	7.083677e-01	-9.619990e-01	-3.160466e-02	-3.267244e+00	3.314185e-01	-5.039250e-01	2.981153e+00	-1.523315e+00	5.410066e-01	-2.788133e-01	-1.950198e+00	6.247671e-01	1.122545e+00	3.756542e+00	-1.107619e+00	1.354508e+00	-2.455167e+00	-2.898148e+00	3.166904e+00	-2.449527e-01	1.598637e+00	1.180887e+00	2.077623e+00	4.872676e+00	-1.474985e+00	1.973369e+00	1.953709e+00	2.016637e-01	1.629023e+00	1.630082e+00	-1.715366e-01	-1.555308e+00	3.390647e+00	1.619975e+00	1.153995e-01	2.361494e+00	-1.969637e+00	1.635273e-01
2.710869e+00	1.365974e-01	-4.116909e-01	5.054888e-01	-1.605912e+00	1.868722e+00	-3.897158e-02	3.594760e+00	2.217557e+00	6.036235e-01	1.765453e+00	3.638742e-01	-1.755189e+00	-1.349013e+00	4.540709e+00	1.223527e-01	1.868499e-01	4.408081e-01	-2.513942e+00	1.807848e+00	-8.239964e-01	5.018117e-01	5.475100e-02	-4.692032e+00	-1.613292e-01	2.391949e-02	8.970653e-01	3.144434e+00	-3.458609e-01	4.048442e-01	-3.104588e-01	1.931306e+00	-2.016992e+00	7.244092e-01	-9.007396e-01	2.985220e+00	-1.022024e-01	1.165848e+00	-1.677358e+00	3.438313e+00
-3.979686e+00	9.680373e-01	-4.092963e-01	3.821640e+00	-4.324744e-01	-3.970845e+00	-2.138850e+00	-4.004938e-01	1.808395e+00	5.146100e+00	1.042261e+00	-1.721437e+00	6.162531e-01	3.357262e+00	-2.300475e+00	1.463624e-01	3.435244e+00	-1.062640e-01	1.691781e+00	2.811917e+00	-8.530241e-02	4.240747e+00	-1.111615e+00	1.467162e+00	-3.080354e+00	3.368677e+00	8.893975e-01	-2.438236e-01	2.505997e+00	2.255940e+00	-4.532209e+00	2.089299e+00	7.218819e-02	-1.902997e+00	3.785168e+00	3.223901e+00	2.805704e+00	-1.371459e+00	5.297500e-01	-2.618945e+00
9.533676e-03	4.408506e-01	-2.433153e+00	-1.092720e+00	-1.869731e+00	-2.425126e+00	1.198533e+00	2.514986e+00	-4.389826e-01	1.842282e+00	2.764252e+00	1.469332e-01	-3.646368e-01	-1.717696e-02	8.795533e-01	-1.356634e-01	-6.501583e-01	4.029050e-01	3.012589e+00	5.436010e-01	1.025463e+00	3.513663e-01	-3.581432e-01	-1.005830e+00	9.087281e-01	-3.533237e-01	2.108906e-01	1.527193e+00	1.810575e+00	-2.658776e-02	2.471630e+00	3.719384e+00	2.062394e+00	3.350139e-01	2.903735e+00	8.765557e-01	1.011246e+00	-4.155815e-01	1.173618e+00	-1.561282e+00
1.472265e+00	-1.466224e+00	9.887969e-01	1.112329e+00	-1.419552e+00	1.068143e+00	2.579965e-01	-3.729801e-01	3.980505e-01	5.435182e-01	8.128041e-01	-8.799802e-01	-1.708665e+00	-3.533254e-01	1.040523e+00	-6.099875e-01	6.128982e-01	1.566620e+00	-9.880576e-01	6.825886e-01	2.032177e+00	-9.857303e-01	-5.615277e-01	7.660386e-02	3.886992e+00	-1.546500e+00	9.578471e-01	2.448205e+00	3.625393e-01	-5.582999e-01	2.203456e+00	2.056298e-01	1.246074e+00	1.581095e-01	-1.752513e+00	4.505988e-02	6.128508e-01	7.555158e-01	1.814270e+00	-1.411090e+00
-2.227015e-01	-9.257068e-01	1.022622e+00	1.355681e-02	-8.134547e-01	1.023151e+00	-6.862433e-02	1.178094e+00	2.907936e-01	8.717175e-01	1.093049e+00	-3.751773e-01	6.465411e-01	1.362274e+00	9.285810e-01	-1.570572e-01	-7.177913e-01	1.101038e-01	1.653097e-01	2.328457e-01	1.534580e-01	4.116636e-01	6.276323e-01	-9.146231e-01	2.632729e-01	1.104263e+00	8.709867e-01	1.539451e+00	-5.183062e-01	1.253022e+00	1.096198e+00	3.773611e-01	-2.722609e-02	1.092530e+00	1.515304e+00	-4.986298e-01	6.779846e-01	6.832761e-01	1.004126e+00	1.265317e+00
9.553939e-01	5.232512e-01	2.257763e-02	1.005622e+00	1.622062e+00	5.570344e-01	8.721858e-01	4.303392e-01	-8.460852e-01	3.461675e-02	4.750289e-01	9.011885e-01	9.833236e-01	1.213169e+00	5.262194e-01	-8.416815e-01	8.304096e-02	8.107512e-01	1.445101e+00	-5.930089e-02	-1.825825e-01	1.385196e+00	1.663755e+00	5.144110e-01	-1.618961e+00	-1.284821e+00	1.723605e+00	7.091598e-01	-3.686855e-01	1.202858e+00	1.730007e+00	1.413227e-01	5.214690e-01	-2.185994e-01	1.512422e+00	6.093697e-01	-1.153317e+00	-6.823622e-01	9.444716e-02	1.962823e+00
1.471344e+00	2.904039e+00	1.163666e+00	1.264188e+00	9.190552e-01	1.394652e+00	1.620614e-01	3.729198e-01	1.005467e+00	9.365725e-01	6.436170e-01	8.405056e-01	1.289432e+00	3.872968e-01	1.647638e+00	1.043856e+00	-8.938218e-01	5.669106e-01	-1.387360e+00	-9.758297e-01	2.228874e-01	1.068361e+00	-4.059629e-01	-1.426632e+00	4.186450e-01	-6.302716e-01	1.431786e+00	3.859993e-01	4.640272e-01	9.731707e-01	-1.872648e-01	-5.321815e-01	-6.323398e-01	1.297025e+00	1.374629e+00	-1.062612e-01	9.958183e-01	6.911269e-01	1.608595e+00	1.765523e+00
-6.431175e-01	5.292775e-01	-7.006382e-01	-4.714293e-01	-4.536075e-01	3.216936e+00	-3.564408e+00	-2.631168e+00	4.752185e+00	2.930080e+00	2.485100e+00	-8.534422e-01	-8.767443e-02	-1.203242e+00	-5.523456e+00	-6.157443e-02	-2.749283e+00	4.300353e-01	3.269363e+00	2.674996e+00	1.645993e+00	3.296240e+00	1.073558e+00	3.670978e+00	1.742971e+00	-1.022358e+00	2.424515e+00	2.821797e-01	3.928867e+00	1.282299e+00	4.068779e+00	1.899350e+00	3.934728e-01	-2.477577e+00	6.090659e+00	-4.412101e+00	1.848625e+00	-2.300965e+00	1.553969e+00	-1.352492e+00
-6.317900e-01	-2.207822e+00	-3.096555e+00	-2.572082e+00	3.398988e+00	1.674089e+00	5.764344e-01	-5.018787e-01	1.640393e+00	6.459018e-01	-1.632007e-01	3.738604e+00	3.289888e+00	2.597493e+00	-2.196587e+00	-2.288449e-02	-2.075158e-01	-2.833211e-01	2.510566e+00	9.391163e-01	-1.136908e+00	1.319228e+00	4.666422e+00	-4.841063e-01	1.522819e+00	1.292620e+00	4.076072e-01	-1.433333e-01	-1.693047e+00	2.089590e+00	-2.768856e+00	-1.512027e+00	1.353175e-01	-1.580205e+00	-2.389047e+00	2.112492e+00	3.675406e-01	-1.390308e-01	4.742048e-01	4.643626e+00
5.481144e+00	-2.494131e+00	1.897878e+00	4.353568e+00	2.833962e+00	1.911698e+00	2.564641e+00	3.483673e+00	-1.956944e+00	8.630353e-01	3.196100e-01	2.061942e+00	1.715531e+00	3.775091e-01	3.358184e+00	1.629873e-01	5.794758e-01	-1.754824e+00	-4.649780e+00	1.130481e+00	-3.075275e+00	-3.739829e-01	-6.279531e-01	2.238603e+00	3.345487e-01	-5.912544e-01	-1.722201e+00	-2.462525e+00	-4.756827e+00	8.736644e-01	-3.046674e+00	-9.622105e-01	3.728815e+00	9.330891e-01	7.460038e-01	-2.062735e+00	-1.617379e+00	6.317115e-01	3.170647e+00	-3.174315e+00
6.617370e+00	-2.043204e+00	-2.151318e+00	1.410630e+00	-1.488458e+00	4.037289e+00	-2.662672e+00	2.985135e+00	9.553164e+00	2.968209e+00	-1.367026e-01	6.969557e+00	-5.602796e+00	1.418109e+00	2.114481e+00	-1.895452e+00	1.692772e+00	2.726139e+00	-2.002947e+00	3.510506e+00	-4.277623e+00	-6.922741e-01	-6.687366e-01	-2.312163e+00	2.330246e+00	1.204704e+00	-4.152894e+00	1.692222e+00	2.193566e+00	-4.282011e+00	3.544899e+00	-6.646232e+00	1.524583e+00	-1.887121e+00	-4.945605e+00	5.721001e-01	-1.469324e+00	-3.310241e-02	-1.710861e+00	-2.212445e+00
-1.034852e+00	5.035522e+00	2.630713e+00	-3.649728e-01	-3.029246e+00	-2.778890e+00	-1.945906e+00	3.656042e+00	3.132214e+00	3.141574e+00	2.089846e+00	1.203877e+00	-2.938690e-01	2.410459e+00	4.864411e+00	2.087764e+00	-1.673450e+00	3.192417e+00	-3.600480e+00	-9.416034e-01	8.501571e-01	6.641811e-01	-9.035235e-01	-1.982113e+00	4.398720e-01	1.276365e+00	-3.296722e-01	-1.560065e-01	2.646129e+00	2.383145e+00	2.147388e-01	1.060197e+00	-1.733072e+00	3.163663e-01	1.439380e+00	-4.963700e-01	3.123780e+00	2.542852e+00	-5.911459e-01	1.609563e+00
5.784988e+00	-2.277289e+00	-2.004921e-01	-5.848036e-01	-1.383701e-01	2.177562e+00	3.637129e+00	2.589253e+00	3.423307e-02	1.994648e+00	2.832840e-01	3.333899e+00	3.959960e+00	3.924627e+00	-1.816437e+00	6.963794e-01	9.973838e-01	3.248224e+00	1.093505e+00	-1.975531e+00	-4.021034e-01	-2.261825e+00	1.806742e+00	1.461245e+00	-2.379103e+00	-9.575751e-02	-1.945958e+00	-3.054621e+00	-2.399164e+00	1.425348e+00	2.564244e+00	-5.049331e-01	1.766818e+00	1.961097e+00	-2.010702e+00	-3.238144e+00	-1.770226e+00	1.903379e+00	9.194855e-01	-4.043689e+00
8.588874e-01	-7.688783e-01	-2.256473e+00	-1.337444e+00	-1.943386e+00	1.571263e+00	1.770952e+00	5.406598e-01	2.420462e+00	1.034494e+00	1.754751e+00	9.637755e-01	-3.028466e-01	-3.029540e-01	6.052152e-02	2.581111e+00	4.860247e-01	2.180584e+00	6.021358e-01	1.496673e+00	6.539684e-01	-5.395288e-01	5.707250e-01	-2.613897e+00	-3.103241e-01	-3.108491e-01	6.357521e-01	1.796943e-01	-1.255953e+00	2.739303e+00	1.663499e+00	4.383175e+00	1.470088e+00	4.501847e-01	-6.308187e-01	7.470244e-01	-6.008275e-01	9.708455e-01	1.026406e+00	1.747657e+00
1.131269e+00	-5.999822e+00	-1.108301e-02	2.595312e+00	2.841022e+00	4.326816e+00	2.310667e+00	-2.944386e+00	-3.972947e+00	2.411155e-02	-2.868573e+00	-8.161207e-01	7.485894e+00	3.535544e+00	-4.999444e+00	-5.722359e+00	-1.708421e+00	-7.963147e+00	-1.973611e+00	5.121609e+00	1.529306e+00	-8.394125e-01	5.850592e+00	5.224208e-01	2.230929e+00	-6.595078e-01	-1.085541e+00	-3.599972e+00	2.393202e+00	-2.600210e-01	-1.934714e+00	-2.670729e+00	2.013533e+00	-6.833225e-01	1.456604e+00	-2.827123e+00	2.058760e+00	-3.024000e+00	3.382381e-01	3.671252e+00
2.413576e-01	6.013540e-01	1.482988e+00	1.338890e+00	-7.334373e-01	6.822796e-01	1.173795e+00	-4.942398e-01	5.367428e-01	2.146191e+00	-1.710341e+00	1.488490e+00	5.996200e-01	-1.580038e+00	1.668928e+00	7.980023e-01	-7.776967e-01	1.794182e+00	-4.630747e-01	2.347020e+00	9.173418e-01	-1.140347e+00	2.002709e+00	-7.324250e-01	-5.194522e-01	-2.290669e-01	-1.276057e+00	-8.715445e-01	2.760148e+00	5.357556e-01	-1.604039e+00	-8.246488e-01	2.102609e+00	-9.786322e-01	-1.630585e-01	2.436305e+00	3.886578e+00	-9.761784e-01	-8.566576e-01	4.128008e-01
-2.196765e+00	6.463187e-01	1.991646e-01	-1.061226e+00	-5.338519e-01	2.022795e+00	-1.807370e-01	-4.577669e-01	3.007780e-01	1.424597e+00	-2.813949e-01	6.890438e-01	2.486133e+00	-3.724594e-01	8.612218e-02	-5.436476e-01	5.910550e-01	-6.985608e-02	1.302258e+00	5.202511e-01	-1.086965e-01	1.423956e+00	1.078795e+00	6.166904e-01	7.389587e-01	1.923801e+00	1.326322e+00	1.563029e+00	-6.360388e-01	-3.773708e-01	-6.522480e-01	-2.071871e-01	-4.783210e-01	2.131740e+00	-8.397928e-01	1.714959e-01	8.818485e-01	2.025120e+00	-3.897434e-01	8.872839e-01
3.581308e+00	1.488307e+00	2.890468e+00	5.721563e+00	1.659542e+00	1.242666e+00	-4.379533e-01	-5.697011e-01	-7.984655e-01	-7.161323e-01	2.072505e+00	-1.624213e+00	6.878718e-01	7.493857e-01	3.940787e+00	-6.509136e-01	6.634159e-03	-1.003336e+00	-1.720526e+00	1.177623e+00	1.313904e+00	2.259633e+00	-7.612648e-01	2.957435e+00	8.988214e-02	1.496602e+00	2.682935e+00	-1.824744e+00	-1.042516e+00	2.138115e+00	-6.221876e-01	2.020102e+00	1.433703e+00	1.963455e+00	-3.549718e+00	1.515675e-01	1.222732e+00	-9.552181e-02	-3.625081e-01	2.632278e+00
-2.093756e+00	-2.554997e-01	6.846438e-02	1.410086e+00	1.602740e-01	5.485185e-01	2.738287e+00	-2.056031e+00	1.579975e+00	7.418560e-01	1.592244e+00	-3.983568e-01	1.302660e+00	-7.016933e-01	3.408232e-01	-7.533944e-01	-9.223106e-01	-3.649501e-01	1.538197e-02	2.492607e+00	-1.471095e+00	-1.322433e-01	-1.518062e-02	-4.832049e-01	7.112928e-01	7.428451e-01	2.225367e+00	-8.496667e-01	-9.899051e-01	1.142015e+00	1.491057e-01	-1.723063e+00	7.890131e-01	4.535107e-01	-3.161893e-01	1.129910e+00	-8.658660e-01	8.285432e-01	2.481293e-02	1.944425e+00
1.469937e+00	-8.103235e-01	-5.382901e-01	2.414095e-01	3.909983e-01	-1.834028e-01	4.679919e-02	1.418471e+00	-9.805286e-02	-2.501334e-01	8.376086e-01	-5.697411e-02	6.653313e-01	1.604785e+00	1.042764e+00	2.697984e-01	7.188646e-01	-1.779601e-01	3.175800e-01	2.683200e-01	-6.382525e-02	6.671256e-01	1.472361e+00	6.976467e-01	-1.883735e-01	1.682850e-01	5.892577e-01	5.323483e-01	-2.689321e-01	9.465155e-01	9.152991e-01	-4.776577e-01	-2.108824e-01	-3.433661e-01	9.479811e-01	4.963132e-01	-1.860170e-01	-5.117050e-02	1.065421e+00	2.914052e-01
-1.718492e-01	-1.134692e+00	-3.352702e-01	3.997665e-01	-1.261000e-01	1.667344e+00	-5.102659e-01	9.825499e-01	1.760745e+00	-1.309639e-02	-8.116036e-01	1.784476e-01	4.744435e-01	-9.407097e-01	1.040432e+00	3.893344e-01	1.514672e+00	1.259463e+00	1.225813e+00	1.517424e+00	1.337741e+00	2.429392e+00	-4.951533e-01	2.552682e+00	1.064252e+00	2.844118e+00	1.515075e+00	-3.543970e-02	-1.313988e-01	9.410459e-01	5.828396e-01	-6.006677e-01	4.316555e-01	8.693704e-01	2.981591e-01	4.325707e-01	9.174519e-01	9.356068e-01	1.364175e+00	-1.567709e+00
-1.721962e+00	-2.843348e-01	-9.581303e-01	1.174401e+00	8.776753e-01	-2.828037e-01	2.055339e+00	9.925735e-01	-8.236093e-01	1.625633e-01	-7.199911e-01	-2.783346e-01	2.101478e+00	5.157145e-01	-1.341566e+00	9.142923e-01	2.386174e+00	-7.148598e-01	2.116681e+00	1.515884e-01	9.930014e-01	1.161359e+00	1.884901e-01	1.319711e-01	2.646956e-01	1.204293e+00	5.780448e-01	2.351371e+00	-9.230148e-02	-3.157152e-01	1.949583e+00	-6.906413e-01	1.358819e+00	1.837092e-01	-5.925720e-02	-4.536479e-01	2.025682e+00	3.859884e-01	-9.725872e-02	6.438381e-01
2.971982e-01	6.319393e-01	5.277994e-01	-9.396573e-01	-6.268514e-01	4.633195e-01	1.467348e+00	7.911883e-01	2.035885e+00	2.125464e+00	1.862905e+00	-2.180543e+00	8.434985e-01	1.111201e+00	-3.120714e-01	9.016463e-01	-1.914550e-01	3.316727e-01	1.768200e+00	-2.010391e-01	9.421254e-01	-6.338620e-01	3.338297e-01	1.773075e+00	2.894052e-01	1.399004e+00	5.888020e-01	-5.833562e-01	-3.265355e-01	-3.371372e+00	1.169885e+00	-1.225809e+00	-2.897576e-01	3.111589e+00	-4.999766e-02	2.576034e+00	9.648866e-01	1.660998e+00	-1.143066e+00	-1.001064e+00
4.312570e-01	-1.742530e+00	-1.120773e+00	7.946687e-01	-3.408146e-01	-1.147591e+00	5.989703e-01	1.884603e+00	-2.981672e+00	1.570803e+00	1.124610e+00	3.196598e-02	1.346562e+00	-1.689176e+00	-7.497355e-01	-1.066250e-01	1.032581e+00	3.692994e-01	-7.695579e-01	6.747779e-01	1.845525e+00	1.081337e+00	1.218483e+00	1.590492e+00	1.022702e+00	5.008541e-01	1.467572e+00	-7.036401e-01	1.930897e+00	1.425957e+00	3.087929e-01	8.815208e-01	2.082882e+00	5.803626e-01	8.479102e-01	-5.174242e-01	8.082113e-01	1.203870e-01	1.918800e+00	-2.601972e+00
5.661525e-01	5.955239e-01	1.773321e+00	-1.283385e-01	2.254338e-01	7.803120e-01	2.155647e-01	3.097446e-01	2.272445e-02	5.426157e-01	4.234739e-01	3.670793e-01	1.293034e+00	6.934321e-01	-6.428565e-01	-6.479211e-01	4.140374e-01	-1.068015e+00	6.402962e-01	-4.373032e-02	2.828606e-01	-2.451741e-01	6.626135e-01	1.273263e+00	1.017313e-01	4.530467e-01	-9.228519e-01	-3.087687e-02	-2.410134e-01	3.352031e-01	-1.965982e-01	-2.287869e-01	1.068541e+00	9.415486e-01	7.566858e-01	4.999868e-01	1.370335e+00	-9.452431e-01	7.119301e-01	5.602268e-01
-1.066874e-01	-1.001108e+00	-2.740997e+00	-3.526810e-01	-1.179111e+00	-1.140315e+00	-1.710712e+00	6.296231e-01	-9.453572e-01	4.264056e+00	-1.722583e+00	1.897664e-01	1.800907e+00	-1.092330e+00	-1.426765e+00	-4.462394e+00	2.481729e+00	6.735420e-01	2.868296e+00	3.449237e+00	-9.866123e-01	4.435592e+00	-1.269099e-01	2.949844e+00	-1.767717e+00	1.964891e+00	8.331752e-02	-2.345294e-01	3.221290e+00	-1.002415e+00	-6.113232e+00	-2.558527e+00	-1.024226e+00	-4.801587e-01	2.415963e+00	4.071228e+00	1.394662e+00	-4.960891e-01	1.679887e+00	-1.064277e+00
-1.340902e+00	-7.914903e-01	1.269163e+00	1.923775e-01	1.266155e+00	2.512798e+00	1.441961e-01	2.498561e+00	2.586262e+00	6.268306e-01	5.432563e-01	-5.744308e+00	-5.443461e+00	7.816253e+00	-1.746603e+00	3.925926e+00	-7.498368e+00	5.722802e-01	1.465426e+00	-2.223848e+00	5.478488e+00	-1.819052e+00	2.931043e+00	3.669112e+00	1.870899e+00	1.414788e+00	-8.429691e+00	7.778290e+00	3.509861e+00	-3.703317e+00	4.988519e+00	2.197183e+00	-4.183011e+00	-5.374716e+00	4.998510e-01	3.797601e-01	6.915116e-02	-4.046349e+00	2.351404e+00	1.533278e+00
-1.926715e+00	2.208427e-01	3.440788e+00	-2.967410e+00	5.028179e+00	4.413521e-01	1.300313e+00	-1.522514e-01	-3.240499e+00	1.746880e+00	-6.438288e-01	1.353367e+00	1.041077e+00	-2.401518e+00	1.906497e+00	1.334122e+00	5.893603e+00	-1.456866e-03	-1.039409e+00	2.247890e+00	1.136181e+00	5.259777e+00	1.721830e+00	2.432250e+00	-5.667955e-01	-1.008855e+00	-2.608138e+00	2.107418e+00	1.410576e+00	2.221026e+00	1.053260e-01	-3.289101e+00	-3.283888e-01	-5.269829e-01	2.842417e+00	-1.718716e-01	5.327974e+00	2.813186e+00	4.250715e+00	-2.569473e+00
1.431976e+00	-4.272486e-01	-1.909627e+00	3.680974e-01	3.892634e-03	3.420796e-01	2.133667e+00	-5.141827e-01	2.279739e+00	6.809030e-01	1.762102e+00	-1.529052e+00	-1.323266e+00	2.708339e+00	-1.909807e+00	1.648433e-01	1.340467e+00	-1.595282e+00	-5.985544e-01	1.320602e+00	8.966377e-01	-1.659021e+00	1.592398e+00	-3.410438e-01	2.676965e+00	6.969797e-01	-3.921132e-01	1.958074e+00	1.049517e-01	-1.808408e+00	-1.058100e+00	-4.165749e-01	1.386347e+00	-1.293127e+00	1.552146e+00	4.364796e+00	-3.371682e+00	1.078998e+00	-1.513805e+00	-2.544758e+00
2.466876e+00	7.691683e-01	4.544399e-02	9.338563e-01	-5.945834e-01	3.175408e+00	-7.205564e-01	-1.315537e+00	1.594825e-01	2.882747e+00	-9.216520e-01	9.459970e-01	2.121154e+00	1.803169e+00	-5.757628e-01	-1.847685e+00	6.965407e-01	-1.822750e+00	1.989188e+00	8.978724e-02	2.096575e+00	4.168829e-01	-5.616360e-01	-4.799582e-01	2.301392e+00	-4.412092e-01	8.606539e-02	9.703111e-01	8.240265e-01	3.700363e+00	-2.128066e+00	-3.572104e-01	-6.342685e-01	-2.014205e+00	1.317676e+00	1.722747e-01	-2.384430e+00	-1.224483e+00	-5.700035e-01	-3.706798e-02
-1.963268e-01	8.065883e-01	-9.951324e-01	1.187211e+00	1.353485e+00	-4.533741e-01	3.004954e+00	-7.117250e-01	-7.514274e-01	1.775688e+00	1.665668e+00	-1.448781e+00	2.536832e+00	1.016980e+00	1.469750e+00	-1.011159e+00	2.721943e+00	-6.465261e-01	-2.992938e+00	-2.213287e+00	2.173986e+00	2.873625e+00	-1.715483e+00	-1.707598e+00	7.680358e-01	-2.244586e-02	1.345337e+00	1.361328e+00	2.917575e-02	3.099251e+00	-3.787802e-01	-4.504879e-01	7.772911e-01	2.150584e+00	2.761456e-01	1.086511e+00	1.088473e+00	1.251423e+00	4.232372e-02	3.491806e-01
3.572985e+00	4.686144e+00	5.464788e-01	6.132312e+00	3.011990e+00	2.401131e+00	-1.077297e+00	3.953044e-01	1.613134e+00	-1.551330e-02	-5.984734e+00	-2.370857e+00	-1.454163e+00	1.991258e+00	1.348609e+00	1.647688e+00	1.514259e+00	5.709304e+00	-6.391433e+00	-2.933164e+00	-5.102854e-02	5.782801e+00	3.352932e+00	-3.181020e+00	8.792843e-02	-2.228513e+00	-4.854030e+00	7.306274e+00	7.052571e+00	-2.025115e+00	1.787670e+00	-4.569961e+00	-5.446696e+00	-5.583777e+00	6.135787e-01	2.806530e+00	-7.473219e-01	6.532918e+00	-7.654209e-01	-7.749813e+00
3.014830e+00	2.701038e+00	5.747455e-01	3.949829e+00	1.000331e+00	1.366183e+00	2.751106e+00	-2.463847e+00	5.148821e-01	-1.388675e+00	4.626755e-01	8.072630e-01	1.576442e-01	2.950384e+00	1.186490e+00	1.428820e-01	2.799589e-02	-2.533464e-01	1.159215e+00	-2.321273e+00	2.637867e+00	3.448428e+00	-5.988663e+00	3.441351e+00	3.616767e-02	3.044471e+00	-7.867385e-01	3.607562e+00	1.515347e+00	-4.128377e-01	4.797254e+00	6.192851e-01	2.875729e+00	-6.035958e-01	7.047865e-01	-9.815259e-01	-4.050347e-01	-2.791021e-01	-5.900609e-01	3.610670e+00
9.845250e-01	7.481934e-01	-5.562954e-01	-3.943990e-01	-6.022628e-02	4.628530e-01	-4.726256e-02	-3.217739e-01	-6.326189e-01	1.105327e+00	2.951839e-01	2.106842e+00	2.106928e-01	3.204452e-01	7.978756e-01	1.205009e+00	6.818976e-01	3.364414e-01	2.568663e-01	2.523799e+00	1.235951e-01	3.351574e-01	-6.106229e-02	1.409877e+00	1.125292e+00	-3.092518e-01	-2.917498e-01	2.337722e+00	1.827217e-01	2.366326e-01	1.204734e+00	4.552016e-01	-6.108875e-01	-1.215734e+00	1.379691e+00	1.837877e+00	1.489415e+00	4.990538e-01	1.351440e-01	-1.744438e-01
-2.298387e+00	3.171985e+00	1.491131e+00	-1.295802e+00	4.122343e+00	1.961813e+00	-1.998228e+00	-2.933397e+00	-1.401506e+00	-2.657781e+00	9.122117e-01	-2.019410e+00	4.164108e-01	-4.637566e-01	-2.634992e-01	2.741131e+00	5.915855e-01	3.311627e+00	-5.139761e-01	5.742190e-02	1.453038e+00	1.218403e+00	1.783966e+00	-3.476583e-01	1.967100e+00	1.756402e+00	-3.335230e-01	3.264663e+00	2.750297e+00	-1.606156e+00	3.493750e+00	-2.788750e-01	6.268467e-01	-8.439155e-01	2.655407e+00	2.031355e-01	4.205095e-01	4.208012e+00	2.371953e+00	2.864717e+00
1.250289e+00	-4.152136e-01	-3.259016e+00	1.184054e+00	1.466558e+00	-1.018322e+00	1.678199e+00	6.724937e-02	-9.078126e-01	-3.291746e-01	-1.040876e-01	-1.099062e+00	2.010588e+00	-1.473210e+00	6.526385e-01	-9.128437e-01	1.104326e+00	2.665519e-01	-5.943128e-01	4.355019e+00	-7.584505e-01	1.441095e+00	1.667505e+00	-2.387645e+00	-1.558017e+00	-1.762860e+00	1.478109e+00	9.075114e-01	-1.677881e+00	-1.773928e-01	2.853588e+00	8.018428e-01	6.477927e-01	1.634253e+00	2.900965e-01	1.802374e+00	2.249087e+00	7.844678e-01	9.016122e-01	2.332646e+00
2.319219e+00	-1.334563e+00	-5.812250e-01	1.371800e+00	1.300490e+00	-1.253202e+00	4.219318e-01	-3.515816e-01	-4.951388e-01	-1.873718e-01	-6.606322e-01	1.271082e+00	2.330051e+00	-2.112706e+00	1.428558e-02	-3.136786e-01	4.693259e+00	-6.637443e-01	-2.689189e+00	1.293248e+00	-2.150282e+00	-1.355672e-01	1.316339e+00	1.406269e+00	1.049716e+00	3.422717e+00	1.067445e+00	8.983141e-01	-4.092845e-01	2.361010e+00	4.117719e+00	-1.807370e+00	9.092117e-01	2.900246e-01	-1.180003e+00	2.503709e+00	-1.445007e+00	-6.226682e-01	2.048261e-01	7.231972e-01
9.193367e-01	-3.293559e-01	5.302305e-01	8.440847e-01	-6.298277e-01	3.657009e-02	7.812983e-01	-1.226655e+00	4.771921e-01	-1.953820e-01	2.831138e-01	1.434474e-01	-1.291375e-01	-1.654549e-01	5.971546e-01	1.211080e+00	1.101309e+00	1.122116e+00	1.787818e-01	-3.092102e-01	6.993333e-01	3.208277e-02	-1.308085e+00	-9.527111e-02	1.010564e+00	8.264780e-01	6.175393e-01	1.372746e+00	8.712168e-01	2.836530e-01	8.038403e-01	-4.891197e-01	1.292635e+00	1.883321e+00	4.798964e-01	-1.855761e-01	1.791967e+00	9.808083e-01	9.656872e-01	-3.116992e-01
3.642003e+00	-1.545682e-01	1.720093e+00	3.633532e+00	-5.111898e-01	3.015241e+00	-4.971821e+00	6.458957e+00	3.548881e+00	-2.734737e-01	-4.791822e-02	3.553302e+00	-3.873218e-01	-1.771475e+00	1.783796e+00	2.631740e+00	2.219594e+00	1.356056e+00	3.832866e-01	4.573124e+00	-1.659299e+00	2.486084e+00	5.652848e-01	-1.380249e+00	-1.284928e+00	3.936523e+00	-1.523628e+00	-4.289848e-01	1.655390e+00	-5.473146e-01	9.489722e-01	9.326728e-01	-2.045007e-01	-1.716511e+00	-3.502809e+00	1.698119e+00	1.983472e+00	-1.539897e+00	5.076270e+00	1.596033e+00
-1.762377e+00	3.218774e+00	4.250961e-01	-1.933824e+00	-1.591996e+00	2.075586e+00	-2.627120e+00	4.652628e-01	3.763482e+00	4.739257e+00	-3.259212e+00	6.811618e-01	-3.129653e+00	-2.136572e+00	4.714055e-01	-1.200905e+00	-1.680991e+00	1.249974e+00	2.133813e+00	2.450897e-01	-1.671599e-01	2.593071e-01	2.547417e+00	-1.887765e+00	1.103099e+00	2.687169e-01	-1.305000e+00	3.650550e+00	2.597292e+00	-9.305478e-01	1.443074e+00	-2.639382e+00	4.735563e-02	-1.462137e+00	2.524639e+00	3.048067e+00	-4.725723e-01	2.182156e+00	-9.859203e-02	2.743238e-01
1.340389e+00	2.174581e+00	-8.721959e-01	-1.407903e-01	-4.643208e-01	-1.910734e+00	-2.086840e+00	3.065426e+00	-1.268724e-01	1.696748e+00	2.339494e-01	9.527145e-01	2.156996e+00	5.844701e-01	1.556055e+00	-1.617350e-01	-1.626238e-01	2.923830e+00	6.280791e-02	-6.527289e-01	2.139814e+00	-3.440919e-01	-1.349443e-01	-1.568412e+00	1.923212e-01	8.375131e-01	-3.565381e-01	-3.525969e-01	9.546122e-01	1.127222e-01	2.388563e+00	2.848217e+00	1.956217e+00	7.909759e-01	2.261388e+00	-1.213912e+00	3.127764e-01	1.727482e-01	1.056171e+00	4.255769e-01
3.742113e+00	-1.174082e+00	1.443150e+00	-2.488532e-01	-3.000278e-01	1.640742e+00	-2.178226e-01	1.996064e-01	6.923142e-01	-7.677844e-01	8.655917e-01	2.741491e+00	3.199793e+00	2.565895e+00	3.782781e+00	1.068315e+00	1.571888e+00	-3.454616e-01	-1.094513e+00	1.567362e-01	1.782642e+00	-1.733881e+00	-2.358775e-01	-5.223520e-01	1.705993e+00	-2.069507e+00	-1.087899e+00	2.908624e+00	-2.148487e+00	-6.188927e-01	-1.509472e-01	-1.922519e+00	2.965771e+00	-3.701362e+00	-9.741009e-01	1.362382e+00	2.691381e+00	-7.972932e-01	2.017970e+00	-1.737686e+00
8.720895e-01	-1.034672e+00	-9.683823e-01	-1.961337e+00	-1.996862e+00	6.882118e-01	3.642253e+00	-3.785005e+00	3.140187e+00	-1.029845e+00	1.516319e-01	2.409226e+00	-2.299330e+00	4.317036e-01	1.913479e+00	1.451270e+00	1.473358e+00	-1.345757e+00	2.727782e-01	-2.840535e-01	2.084470e+00	-2.167145e+00	1.354111e+00	2.217481e-01	3.687919e+00	-2.463458e+00	4.693968e-01	1.730980e+00	2.256462e+00	4.899197e+00	1.059736e+00	2.981038e+00	8.390923e-01	-3.108466e+00	2.939063e+00	1.505633e+00	-2.464452e+00	-6.583223e-01	-2.074275e+00	2.691880e-01
-1.723557e-01	8.189299e-01	1.581244e+00	-5.946885e-01	-6.082444e-01	5.796145e-02	-2.697516e-03	-1.514581e-01	2.403382e-01	2.790685e-01	4.821980e-01	6.421832e-01	-5.080062e-01	3.836328e-01	-1.839015e-01	-3.393499e-01	3.908623e-01	-1.645192e-01	2.094305e-01	-2.168516e-02	6.555744e-01	4.249632e-03	-1.917154e-01	3.153616e-01	1.443930e+00	1.587819e+00	2.027460e-01	7.462474e-01	-3.624128e-01	-2.700331e-01	-5.347356e-01	-6.497264e-01	9.272146e-01	1.319687e+00	-1.768618e-01	-9.023673e-02	1.961925e-02	6.790232e-01	3.103418e-01	2.336079e-01
4.806669e-01	-1.198699e-01	4.764952e-01	-2.719400e+00	-2.069214e+00	2.081319e+00	-2.543975e+00	7.865648e-02	1.286901e-03	3.441862e+00	-1.877410e+00	1.306535e+00	1.045505e-01	-4.106052e-01	1.438453e+00	7.587248e-01	7.093939e-02	2.634152e+00	2.729015e+00	-2.145493e-01	1.118904e+00	7.447672e-01	1.534366e+00	3.547069e-01	-1.209991e+00	2.685591e+00	1.173371e+00	3.562105e+00	-5.134050e-01	1.034525e+00	9.353728e-01	1.258775e+00	8.726696e-01	3.409497e+00	-1.180281e+00	-8.197630e-01	1.358039e+00	1.437506e+00	-1.171342e-02	8.626226e-01
