-4.001732e-05	-4.183410e-03	-3.091421e-03	1.691674e-03	-1.142268e-03	1.221823e-02	-4.673976e-04	5.161526e-03	1.870646e-03	3.503764e-03	2.057021e-02	-2.099089e-03	-5.216860e-03	-2.358070e-03	2.223741e-03	-1.176821e-02	3.399150e-03	-1.623170e-02	-7.865225e-04	-7.769614e-04	-7.755675e-03	-1.110107e-02	9.969462e-03	8.418792e-03	-8.134459e-03	-1.028819e-02	4.208141e-04	-9.552591e-03	2.438137e-02	-9.892030e-03	1.709326e-02	-2.774666e-04	-1.121086e-02	-3.579474e-03	1.452017e-03	-1.200253e-03	-5.102985e-03	5.158259e-03	8.565639e-03	1.151674e-03
-8.421093e-03	1.299609e-04	-2.615836e-03	-2.318064e-03	2.498026e-02	3.317787e-03	1.069738e-02	-2.928807e-05	-3.313165e-03	-1.004030e-03	1.675343e-02	-9.616805e-03	6.807859e-03	-7.115343e-03	1.831919e-03	-2.259511e-02	4.681287e-03	-1.179418e-02	2.399174e-03	2.673351e-03	-9.142389e-03	5.266675e-03	1.812763e-02	-9.822680e-03	-7.378758e-03	-2.786330e-02	1.156901e-02	-1.183396e-02	3.775422e-02	-6.840983e-03	1.584562e-02	1.922900e-02	-1.912625e-02	1.280075e-02	-7.207029e-03	-1.126164e-02	-1.653441e-02	-4.064750e-03	1.159457e-03	5.058836e-03
-1.359006e-03	-6.538678e-03	-6.081159e-03	1.110614e-03	9.528151e-03	-3.160670e-03	6.366542e-03	-1.009653e-04	-5.730343e-03	-1.530520e-02	1.103681e-02	-7.533082e-03	1.228001e-02	4.819513e-03	-1.438167e-03	-7.593543e-03	8.952179e-03	-3.558904e-03	-1.297320e-03	1.782566e-03	-1.312196e-03	1.283337e-03	1.253977e-02	8.254290e-04	-4.535228e-03	-6.457579e-04	-4.281085e-03	-5.307755e-03	1.817641e-02	-3.298040e-03	7.763991e-03	-1.275506e-03	-1.049017e-02	9.998323e-03	6.820789e-03	-5.793154e-03	-1.588959e-02	-1.284932e-03	-4.128462e-03	6.168212e-03
6.788890e-03	-5.066843e-04	-2.827590e-03	2.316555e-03	1.004227e-02	-1.340301e-02	8.492094e-03	-2.903275e-05	-7.007295e-03	-2.039147e-02	1.273354e-02	8.071629e-03	6.234505e-03	1.146186e-02	2.620172e-03	-1.078557e-02	1.170996e-02	-5.778752e-03	1.928752e-03	9.519927e-03	7.328513e-03	1.094923e-03	4.131698e-03	1.300395e-03	6.161249e-03	-9.470081e-04	-8.213354e-03	-1.012351e-02	5.750297e-03	-1.440581e-02	-2.187824e-03	-5.244404e-03	-1.283277e-02	7.370523e-03	4.756141e-03	1.308303e-03	-2.018584e-02	-1.704460e-03	2.891881e-03	4.581981e-03
7.641416e-03	-7.596041e-03	-6.981842e-03	-2.880586e-03	8.573599e-03	-3.266340e-03	4.681448e-03	-2.997177e-03	5.727948e-04	-1.120768e-02	1.626402e-02	6.889342e-03	1.136584e-02	8.484099e-03	-3.081997e-03	-1.119589e-02	1.054258e-02	-9.162700e-03	-3.282999e-03	3.837784e-03	8.009570e-04	-2.201217e-03	-8.152934e-03	5.960375e-03	2.535981e-03	-5.056595e-03	-9.729365e-03	-1.074305e-04	9.665362e-03	-3.115293e-03	1.067597e-02	-1.447939e-02	-8.472271e-03	1.010523e-02	7.231349e-03	9.040713e-03	-2.259697e-02	-7.614044e-03	9.879323e-03	1.680660e-05
-3.541700e-03	7.407464e-04	-7.617554e-03	9.699860e-04	8.006566e-03	4.389292e-03	1.791174e-03	7.128266e-05	1.841929e-03	-5.027028e-03	1.262025e-02	8.746267e-03	2.007586e-03	1.014751e-02	-2.227733e-03	-1.609321e-02	5.800428e-03	-2.365839e-03	-8.332381e-04	-7.596156e-04	-3.855947e-03	1.738451e-03	-3.721579e-03	-1.786423e-03	2.802107e-03	-4.871212e-03	-1.441532e-02	-9.360216e-03	6.479333e-03	-4.851409e-03	1.240765e-02	-4.806379e-03	-1.765641e-03	1.802049e-02	-2.445672e-03	4.731875e-03	-9.702295e-03	-9.191804e-03	3.189781e-04	7.702884e-03
-3.204096e-03	1.053797e-02	-9.794895e-03	-2.403527e-03	4.871501e-03	7.925543e-03	-1.962351e-03	3.031526e-03	-1.481386e-03	-1.100102e-02	1.595169e-02	9.445245e-03	9.499815e-04	1.081418e-02	-3.462559e-03	-1.455391e-02	6.584534e-03	-7.519706e-03	-2.781797e-03	-2.542903e-03	-6.935287e-03	4.571611e-03	-2.397464e-03	-3.010178e-03	4.241623e-03	-8.518461e-03	-1.199662e-02	-9.562298e-04	5.779894e-03	3.737918e-04	1.161050e-02	-2.585758e-03	-1.146195e-03	1.548541e-02	3.209566e-04	3.993210e-03	-8.490958e-03	-9.410403e-03	-5.393478e-03	7.995248e-03
-8.306372e-03	1.124870e-02	-3.310252e-03	-2.610325e-03	3.955843e-03	3.487118e-03	-8.478149e-03	4.484380e-03	-5.412825e-03	-9.105015e-03	1.412686e-02	1.241755e-02	-6.719127e-03	1.416568e-02	1.346837e-03	-1.199847e-02	5.220595e-03	-7.766304e-03	8.335561e-04	2.192228e-03	-1.031165e-02	2.338199e-03	-1.060195e-03	-3.273663e-03	2.177451e-03	-9.210573e-03	-1.040131e-02	-3.035877e-04	9.652824e-03	-2.831586e-03	7.641680e-03	3.523232e-03	-3.973910e-03	8.324015e-03	-5.681370e-04	9.972855e-03	-1.823122e-03	-2.331819e-03	-5.981310e-03	1.907102e-03
1.684833e-03	4.916239e-03	-6.524750e-03	-7.076260e-03	5.224325e-03	6.360803e-03	-5.539185e-03	-2.213205e-03	2.116805e-03	-3.427597e-03	1.650702e-02	1.557973e-02	-2.469563e-03	1.523654e-02	2.751464e-07	-9.436476e-03	6.735868e-03	-1.623975e-02	-1.625924e-03	-2.998268e-03	-1.101279e-02	2.032479e-03	-6.624228e-03	1.907964e-03	4.161379e-03	-1.820982e-02	-1.117791e-02	-1.756954e-03	1.305107e-02	-1.332209e-03	1.152828e-02	-7.079693e-03	2.571647e-04	8.231399e-03	4.303825e-03	1.214067e-02	-8.774916e-03	-6.876053e-03	2.595297e-03	-8.883411e-04
-1.159840e-02	1.039004e-02	-9.052092e-03	-4.531847e-03	5.478808e-03	1.009250e-02	-5.388943e-03	-1.306954e-03	7.831394e-03	-1.741535e-03	1.388580e-02	7.630213e-03	-6.432311e-03	7.649607e-03	3.496578e-03	-9.065426e-03	6.120166e-03	-1.155031e-02	2.608157e-04	-2.066558e-03	-1.721852e-02	8.202196e-03	4.654985e-03	-6.279080e-03	1.947656e-03	-9.312351e-03	-1.777836e-02	-1.227480e-02	1.017246e-02	-1.540039e-03	1.106728e-02	-6.382031e-04	6.701721e-03	1.348302e-02	-5.448988e-03	4.291333e-04	8.265414e-04	-5.335182e-03	-1.407837e-04	1.172928e-02
-6.362923e-03	1.081267e-02	-6.317246e-03	-2.691778e-03	9.502587e-04	1.257154e-02	-7.879394e-03	3.559825e-03	6.776386e-03	-2.433307e-03	1.853895e-02	1.703834e-02	-7.009332e-04	1.393679e-02	-6.098716e-03	-8.368253e-03	2.259347e-03	-1.128897e-02	-2.731619e-03	-7.441296e-03	-1.586824e-02	2.821841e-03	-1.416898e-03	-4.390053e-03	1.230209e-03	-1.524265e-02	-1.320758e-02	-4.706455e-03	9.233364e-03	-6.293959e-03	1.434401e-02	4.573601e-03	4.797719e-04	8.311056e-03	5.377352e-04	7.020906e-03	-1.934694e-03	-4.138588e-03	-7.558382e-03	5.837636e-03
-9.002784e-03	1.081238e-02	-8.125001e-04	-5.350802e-03	1.514470e-03	5.343386e-03	-1.437939e-02	2.039736e-03	5.682458e-03	-1.362250e-03	1.436528e-02	2.105199e-02	-7.986341e-03	1.718755e-02	3.487851e-04	-5.049888e-03	5.663260e-04	-1.467343e-02	1.239620e-04	-1.387754e-03	-2.244808e-02	5.470182e-03	2.302618e-04	-3.929942e-03	7.108305e-03	-2.368967e-02	-7.229463e-03	-2.411212e-03	7.112144e-03	-9.790438e-03	1.365411e-02	1.206327e-02	-5.249941e-03	2.838379e-03	-2.422777e-03	1.003821e-02	3.113473e-04	6.656707e-03	-5.437515e-03	1.911864e-03
-2.404850e-03	1.940352e-03	-2.854982e-03	-7.910151e-03	-2.080901e-03	6.137814e-03	-1.311180e-02	1.672491e-03	4.977370e-03	5.271150e-03	1.386232e-02	1.852064e-02	-7.755409e-04	1.351028e-02	4.575686e-03	7.248934e-03	-2.335003e-03	-1.264122e-02	-1.561520e-03	-3.314518e-03	-2.034637e-02	-1.774576e-03	-1.049599e-02	4.709675e-03	3.594881e-03	-2.073405e-02	-1.076079e-02	3.331567e-03	1.053743e-02	-2.892259e-03	1.713904e-02	-2.632936e-04	4.132428e-03	-8.687413e-03	-2.442122e-03	1.753625e-02	-3.368248e-03	2.031720e-04	-1.719274e-03	-2.820223e-03
-7.960951e-03	-4.747254e-04	-1.663020e-03	8.286407e-04	2.042751e-03	9.183404e-03	-1.344680e-02	4.841512e-03	1.106596e-02	8.430889e-03	1.715638e-02	1.497534e-02	3.265869e-03	1.418993e-02	-2.877655e-03	2.518045e-03	8.511821e-04	-8.722168e-03	-2.912676e-03	-5.116838e-03	-2.074911e-02	3.294990e-03	-4.866485e-03	-3.507854e-03	7.255095e-03	-1.636259e-02	-1.257073e-02	-8.447395e-03	3.417975e-03	-1.016837e-02	1.245659e-02	3.946789e-03	5.382207e-03	6.901375e-03	-4.109591e-03	1.530597e-03	1.929455e-03	3.511748e-03	-7.766095e-03	-4.011785e-03
-2.301321e-03	8.588317e-03	-2.819351e-03	-6.376835e-03	8.316423e-04	1.245698e-02	-6.840765e-03	7.636521e-03	7.869317e-03	-4.031635e-03	1.612593e-02	1.246969e-02	7.701230e-05	1.004277e-02	-3.875169e-03	8.824223e-04	-3.418410e-03	-1.135983e-02	1.107342e-03	-5.207647e-03	-1.815213e-02	2.901712e-03	-1.251918e-03	-5.639380e-03	-1.155728e-03	-1.301447e-02	-6.612498e-03	-4.059668e-03	6.971781e-03	5.647794e-04	1.066963e-02	4.223062e-03	4.892701e-03	5.673849e-03	2.661388e-03	4.385332e-04	-2.994812e-03	-1.345061e-03	-1.653707e-02	3.868545e-03
-7.928098e-03	-2.205700e-03	-5.970196e-03	-6.566265e-03	2.518755e-03	5.551740e-03	-5.490881e-03	6.253509e-03	1.390269e-02	-3.493949e-03	7.945149e-03	1.748725e-02	-4.430041e-03	1.335824e-02	9.688575e-04	7.829373e-03	1.759953e-04	-6.874493e-03	-3.098360e-03	2.893452e-03	-2.136842e-02	5.684107e-03	-3.047787e-03	-4.667747e-03	-4.795927e-03	-1.117731e-02	-8.872319e-03	2.907002e-04	7.766662e-03	1.341073e-03	1.067663e-02	-2.196705e-03	2.569161e-03	-3.093208e-03	1.181703e-03	7.587571e-03	-1.124151e-03	2.434374e-03	-1.170298e-02	3.243073e-03
3.701990e-03	-7.398580e-03	-1.928171e-05	-7.175840e-03	-3.001397e-03	5.744027e-03	-1.100670e-02	4.794394e-04	6.554693e-03	2.074396e-03	1.327696e-02	1.915316e-02	-8.532021e-04	1.378655e-02	9.397347e-03	1.110840e-02	2.488253e-03	-1.136222e-02	-4.525115e-03	-2.993952e-03	-2.148854e-02	7.231845e-04	-7.589277e-03	2.456111e-04	-3.715844e-03	-1.563349e-02	-1.057292e-02	3.263373e-03	1.114142e-02	-3.695648e-03	1.367894e-02	-8.790281e-03	2.877975e-03	-3.454393e-03	4.429395e-03	1.538225e-02	-5.886153e-03	-4.018020e-04	-2.012460e-05	-6.569181e-03
-4.500589e-03	-2.504661e-04	-2.236909e-03	-8.911074e-04	-1.631038e-03	8.135000e-03	-8.466177e-03	8.284557e-03	9.524514e-03	5.718407e-03	1.126989e-02	1.216523e-02	1.646104e-03	9.432592e-03	1.135118e-03	5.583950e-03	3.024224e-03	-3.440154e-03	-1.981570e-04	-5.571607e-03	-2.633604e-02	6.321003e-03	-1.521441e-05	-7.739585e-03	-3.047716e-03	-5.680246e-03	-1.737458e-02	-6.377058e-03	8.345956e-03	-5.544247e-03	1.280353e-02	-5.783384e-03	6.983146e-03	5.875268e-03	-5.423949e-03	2.533705e-03	4.058030e-04	-9.318227e-04	-6.333014e-03	1.916359e-03
-4.006050e-03	3.972964e-04	-3.159492e-03	-3.000953e-03	-4.763116e-03	7.066453e-03	-4.710328e-03	6.308864e-03	4.698040e-03	3.963365e-04	1.085821e-02	1.459672e-02	4.312778e-03	6.797591e-03	-4.329140e-03	5.899945e-03	2.387284e-03	-3.085450e-03	-2.637311e-03	-9.403493e-03	-2.088124e-02	4.434253e-03	2.100992e-03	-8.183189e-03	-4.909977e-03	-8.136657e-03	-1.441877e-02	3.764698e-03	9.142275e-03	-4.272413e-03	1.503585e-02	-6.464081e-03	1.087214e-02	5.188041e-03	8.041060e-04	4.190937e-03	-2.674770e-03	-2.686140e-04	-9.682903e-03	3.294968e-03
-4.753494e-03	2.294376e-03	-2.161436e-03	-8.324937e-04	-2.746050e-03	1.802802e-03	-5.549501e-03	9.066710e-03	5.523862e-03	-2.174034e-04	4.060113e-03	1.578860e-02	-5.798876e-04	8.555361e-03	-2.250942e-03	8.336979e-03	-6.046851e-04	1.033665e-04	-4.290838e-03	-6.531678e-03	-2.275934e-02	7.159925e-03	-2.073066e-03	-7.129746e-03	-3.799836e-03	-9.324470e-03	-1.102159e-02	5.501895e-03	7.870156e-03	-3.644820e-03	1.708034e-02	-5.991074e-03	2.949605e-03	-2.687809e-03	-3.866352e-03	9.205300e-03	1.392269e-03	7.558908e-03	-1.052843e-02	2.515968e-03
9.330701e-03	-1.086806e-02	-1.853326e-03	-3.364554e-03	-4.898301e-04	2.449781e-03	-1.034212e-03	8.570239e-03	1.189260e-03	2.196140e-03	1.301665e-02	1.126404e-02	3.309226e-03	7.046474e-03	-1.693801e-03	8.972631e-03	6.309472e-03	-7.410120e-03	-3.544053e-03	-1.046015e-02	-2.297042e-02	3.301932e-03	-5.965589e-04	-9.085085e-03	-1.400012e-03	-1.098536e-02	-1.428232e-02	2.905550e-03	1.031562e-02	2.960996e-04	1.321910e-02	-7.669704e-03	5.093136e-03	-5.192950e-03	-1.278998e-03	1.472040e-02	-1.257423e-03	2.701672e-03	-1.474180e-04	-7.691076e-03
1.351110e-03	-1.471402e-04	-1.420334e-03	4.301437e-03	-1.990774e-03	3.646542e-03	-5.721089e-03	1.048511e-02	4.356710e-03	8.211422e-03	1.315868e-02	1.058975e-02	3.169404e-03	6.207978e-03	-1.569099e-03	2.075327e-03	2.343162e-03	5.687022e-05	9.422341e-04	-1.263800e-02	-2.486947e-02	6.833119e-03	1.477500e-03	-1.299264e-02	-7.676314e-04	-2.939441e-03	-2.192753e-02	-2.575361e-03	4.643124e-03	-6.195783e-03	1.173790e-02	-6.377497e-03	7.552868e-03	5.205349e-03	-8.958048e-03	2.593130e-03	5.168233e-03	5.195489e-03	-7.532115e-03	3.680548e-04
1.600293e-03	5.181012e-03	-3.231544e-03	1.343614e-03	1.464434e-04	3.191010e-03	1.098959e-03	1.268728e-02	1.050850e-03	5.562935e-03	1.336325e-02	8.625615e-03	1.047658e-02	-4.287933e-03	-9.851948e-03	4.580612e-03	7.524098e-03	-2.834142e-03	-3.972831e-04	-1.590902e-02	-1.527866e-02	3.312948e-03	7.432184e-03	-1.643772e-02	-1.052096e-02	-2.752205e-03	-1.958154e-02	1.823770e-03	4.737076e-03	1.864717e-03	6.441711e-03	-9.436254e-03	1.067130e-02	2.181375e-03	-2.006444e-03	2.946637e-03	9.863394e-04	4.802387e-03	-1.147310e-02	4.027928e-03
-5.883085e-03	2.699677e-03	-1.709503e-03	3.321765e-03	-2.531978e-04	-1.032759e-03	-4.125230e-03	8.184342e-03	3.677960e-03	4.641582e-03	7.028054e-03	1.795326e-02	-2.400281e-03	2.347801e-03	-5.431401e-03	8.145555e-03	2.046427e-03	1.399340e-03	-4.299051e-03	-7.553737e-03	-1.915737e-02	5.960822e-03	2.792446e-03	-9.871436e-03	-8.641383e-03	-4.527385e-03	-1.604242e-02	5.957297e-03	5.353839e-03	2.403123e-03	8.593384e-03	-2.252945e-03	1.188482e-03	1.355784e-03	-8.881659e-03	9.820995e-03	3.220262e-03	7.274256e-03	-9.945989e-03	5.093860e-04
4.298804e-03	-5.117030e-03	-5.755465e-03	-6.213949e-03	-1.068005e-02	1.120953e-02	-3.296149e-03	8.064446e-04	1.008931e-02	4.469612e-03	6.714625e-03	1.848986e-02	-2.213040e-03	4.202461e-03	-1.011731e-04	8.909419e-03	1.117911e-03	2.952418e-03	-3.041664e-03	-8.076610e-03	-1.388950e-02	4.105045e-03	-5.315591e-03	4.812219e-03	-1.207327e-02	-2.199497e-03	-2.157031e-02	8.349683e-03	4.211815e-03	1.336298e-02	9.909941e-03	-1.576608e-02	5.893428e-03	-2.776323e-03	-2.860904e-03	1.841661e-02	-3.106589e-03	7.759728e-05	-6.461446e-03	-8.548102e-03
-4.067392e-03	2.972030e-04	-7.024876e-03	2.996230e-03	-3.902688e-03	1.237213e-02	-1.433768e-03	1.373677e-03	1.546955e-02	5.664787e-03	9.014571e-04	1.352164e-02	-2.694906e-03	-1.277348e-03	-4.284304e-03	1.810255e-04	1.525960e-03	1.275414e-02	1.239248e-03	-6.088859e-03	-1.383821e-02	5.874024e-03	1.112673e-03	-1.824521e-03	-9.806708e-03	6.384557e-03	-2.640370e-02	1.509811e-03	3.061059e-03	1.207282e-02	5.757497e-03	-1.657308e-02	1.111074e-02	8.245764e-03	-1.002969e-02	2.238504e-03	7.565349e-04	-4.059559e-03	-1.249469e-02	2.480300e-03
-2.498883e-03	4.698138e-03	-7.669281e-03	1.294686e-03	-2.218253e-03	1.465477e-02	3.273005e-03	1.836565e-03	1.109595e-02	2.276183e-04	-1.110584e-03	1.773022e-02	3.027793e-03	-1.049292e-02	-1.073123e-02	2.153257e-03	3.612848e-03	6.166553e-03	-5.285659e-03	-7.661382e-03	-6.223768e-03	4.500711e-03	3.367349e-03	-5.115660e-03	-1.626510e-02	8.550571e-03	-2.310016e-02	6.258418e-03	4.942347e-03	1.347926e-02	5.636242e-03	-1.192336e-02	1.447489e-02	6.418897e-03	-5.324253e-05	2.727953e-04	-4.069342e-03	-6.187354e-03	-1.675228e-02	3.098922e-03
-1.340951e-02	-2.040530e-03	8.289330e-03	8.850001e-03	-5.684121e-03	8.918276e-03	-3.787359e-03	-1.248224e-03	1.444402e-02	1.844150e-03	-7.332333e-03	2.433377e-02	-1.084470e-02	-3.933608e-03	-9.168259e-03	6.751676e-03	2.490337e-04	5.826845e-03	-1.038566e-02	-1.259889e-03	-1.029528e-02	8.785332e-03	-2.926617e-03	-3.124519e-03	-1.473731e-02	7.015156e-03	-1.785211e-02	1.067435e-02	6.053765e-03	1.413268e-02	7.715791e-03	-1.457459e-03	6.137611e-03	-2.385489e-04	-1.128321e-02	9.331643e-03	7.612808e-03	-2.793936e-03	-1.710249e-02	-3.188968e-03
-2.690476e-03	-3.383173e-03	1.832953e-03	-5.123423e-03	-1.680052e-02	1.686911e-02	-7.343160e-03	-8.277168e-03	1.489112e-02	8.594583e-03	1.211011e-03	2.707480e-02	-6.188688e-03	4.867614e-03	3.881519e-03	8.549105e-03	2.549380e-03	-5.551032e-04	-1.151653e-02	-2.969127e-03	-1.107416e-02	7.852621e-03	-1.144830e-02	1.904768e-03	-5.501030e-03	-3.006972e-03	-2.232805e-02	1.490809e-02	4.432015e-03	1.532009e-02	4.680343e-03	-1.334277e-02	4.861856e-03	-3.087666e-03	-2.691814e-03	2.013722e-02	-7.444181e-03	6.126742e-04	-6.578470e-03	-1.079010e-02
-1.101040e-02	1.044949e-02	2.688283e-03	-3.365430e-06	-7.368038e-03	2.059277e-02	-7.494983e-03	-1.849374e-03	1.857827e-02	1.397088e-02	-6.987783e-03	1.322371e-02	-1.268922e-02	-2.609255e-03	2.863707e-03	-4.583866e-03	5.243155e-03	1.189270e-02	-1.295562e-03	-4.403918e-03	-1.040375e-02	9.516435e-03	-3.341199e-03	-8.406502e-04	-5.724927e-03	2.024862e-03	-3.233729e-02	9.421976e-03	2.363521e-04	1.367167e-02	-5.161392e-03	-1.256765e-02	9.420809e-03	1.060725e-02	-1.401698e-02	4.085254e-03	6.528178e-04	-5.229619e-03	-1.178587e-02	5.729649e-03
-9.700067e-03	1.261358e-02	-2.755944e-03	-7.727929e-03	-1.128480e-02	1.613467e-02	4.973638e-03	-5.318382e-03	7.917038e-03	6.165472e-03	-8.710288e-03	2.098352e-02	-6.211466e-03	-9.347604e-03	9.573424e-04	8.672258e-04	3.748189e-03	8.334810e-03	-3.312064e-03	-4.724182e-04	-1.087098e-03	5.902841e-03	2.187662e-03	-8.133265e-03	-5.705021e-03	7.411196e-03	-2.543633e-02	9.630557e-03	1.897855e-03	1.663306e-02	3.248962e-04	-4.997232e-03	6.661008e-03	2.692206e-03	-4.500726e-03	-1.115233e-03	-3.293046e-04	-5.291743e-03	-1.638569e-02	5.185351e-03
-2.165956e-02	1.155429e-02	7.945980e-03	-3.505859e-04	-6.684343e-03	1.339757e-02	3.935243e-03	-6.297892e-03	1.960915e-03	3.290066e-04	-1.414040e-02	2.453874e-02	-1.693578e-02	-3.615835e-03	6.504425e-03	4.278155e-03	-4.985626e-04	6.893357e-03	-3.171268e-03	5.297434e-03	-8.593049e-03	4.645223e-03	2.164704e-03	-2.512426e-03	-7.379291e-03	5.283567e-03	-1.759180e-02	7.126988e-03	2.608326e-03	1.748868e-02	5.290700e-03	4.517119e-03	-1.161081e-03	-5.805856e-03	-1.136512e-02	9.558693e-04	9.522225e-03	2.762426e-03	-1.692497e-02	-9.644332e-04
