3.895470e-01	4.210271e-01	2.898055e-01	2.152414e-01	6.863846e-01	3.829905e-01	5.794974e-01	7.932587e-01	4.877024e-01	8.643357e-01	5.426202e-01	2.912391e-01	4.498974e-01	5.680819e-01	6.506844e-01	5.886044e-01	8.089017e-01	5.061275e-01	5.387201e-01	4.251442e-01	7.246790e-01	4.929568e-01	6.264067e-01	6.238830e-01	8.524255e-01	1.696246e-01	9.467960e-01	7.123024e-01	7.109871e-01	8.251497e-01	8.152769e-01	7.463289e-01	8.327849e-01	6.284366e-01	3.747669e-01	4.740098e-01	5.257084e-01	7.307197e-01	4.879451e-01	2.055858e-01
5.734281e-01	2.558735e-01	9.621743e-01	6.114843e-01	4.571978e-02	-3.020933e-01	6.624790e-01	7.437578e-01	6.504366e-01	6.859694e-02	4.830060e-01	5.370614e-01	9.342875e-01	9.606655e-01	8.593420e-01	-2.983124e-01	-5.124729e-02	1.919119e-01	1.391058e+00	9.472118e-01	6.269918e-01	6.755122e-01	1.894941e-02	5.076978e-01	-3.205265e-01	1.093309e-01	-1.822122e-01	7.328821e-01	1.367206e+00	-3.001255e-01	1.131429e+00	-6.243043e-01	2.895963e-01	-3.230851e-01	8.415108e-01	4.661442e-01	1.213935e+00	2.304059e-01	5.451573e-01	-5.303051e-01
3.294762e-01	5.053482e-01	2.325364e-01	7.529570e-01	8.443471e-01	3.044966e-01	4.550077e-01	7.278359e-01	6.088161e-01	8.686802e-01	5.197937e-01	3.605577e-01	3.805928e-01	5.388177e-01	5.802544e-01	7.316097e-01	6.182064e-01	3.062698e-01	6.301079e-01	4.194705e-01	6.070501e-01	5.430719e-01	2.436345e-01	5.380116e-01	8.586698e-01	4.182064e-01	4.371780e-01	7.949296e-01	6.701649e-01	5.550720e-01	3.619330e-01	5.475975e-01	6.584130e-01	6.881444e-01	4.929492e-01	4.101171e-01	6.409975e-01	4.997849e-01	4.847090e-01	5.477297e-01
4.094993e-01	1.558461e-01	3.818580e-01	5.444168e-01	4.791504e-01	6.723809e-01	5.503941e-01	6.433046e-01	6.799904e-01	7.971513e-01	4.950202e-01	7.575757e-01	4.668631e-01	4.739451e-01	-6.169575e-02	5.930427e-01	4.367330e-01	2.252420e-01	6.295368e-01	7.823107e-01	5.964551e-01	1.082951e+00	4.951871e-01	-3.492159e-02	5.520521e-01	6.104790e-01	1.387348e-01	2.671501e-01	2.133262e-01	3.036919e-01	5.549720e-01	6.162049e-01	5.987526e-01	8.637767e-01	3.924072e-02	6.012980e-01	7.194262e-01	7.395297e-01	5.687007e-01	6.655501e-01
2.014542e-01	6.340236e-01	3.175273e-01	1.540452e-01	3.856602e-01	4.637209e-01	7.191530e-01	8.129255e-01	6.181700e-02	5.559635e-01	6.406762e-01	8.773019e-01	6.681027e-01	7.674697e-01	3.967800e-01	5.702847e-01	2.991615e-01	6.177142e-01	5.509766e-01	1.588970e-01	7.288447e-01	9.322083e-01	6.283266e-01	5.439079e-01	1.104605e-01	3.369664e-01	8.762762e-01	9.969492e-01	1.009793e+00	8.398654e-01	3.554695e-01	8.187039e-01	9.952192e-01	1.336230e-01	-2.448284e-03	6.815369e-01	7.978923e-01	7.234160e-01	4.653610e-01	1.063577e+00
1.197439e+00	5.139127e-01	-4.982848e-01	3.229197e-01	8.194865e-01	7.872707e-01	1.032852e-01	1.036384e+00	9.185533e-01	2.877907e-01	1.855925e-01	1.166072e-01	2.280539e-01	8.328262e-01	5.896879e-01	7.819232e-01	3.481745e-01	8.479376e-01	1.123625e+00	-1.092081e-01	1.346498e+00	9.525020e-01	-8.416190e-02	1.972026e+00	3.201230e-01	7.971059e-01	4.115109e-01	7.529601e-01	-2.817253e-01	5.529222e-01	7.522575e-01	5.506947e-01	3.548533e-01	6.243925e-01	9.844208e-01	1.275323e-02	1.222553e+00	4.345467e-02	4.172483e-01	1.181963e+00
8.695019e-01	6.428933e-01	9.628213e-01	3.314873e-01	3.553811e-01	8.812888e-01	2.142599e-01	4.394261e-01	4.419036e-02	9.255051e-01	9.808923e-01	8.414814e-01	5.461717e-01	1.143657e+00	3.183167e-01	1.091875e+00	1.895350e-01	9.646690e-01	4.130542e-01	8.167014e-01	6.155231e-01	9.469134e-01	7.690667e-01	3.467481e-01	4.471255e-01	1.160967e+00	1.206209e-02	1.624868e-01	1.198137e+00	8.642553e-02	5.135452e-01	2.669959e-01	1.206370e-01	1.805598e-01	5.461164e-01	8.734968e-01	3.895652e-01	1.060699e+00	1.486858e-01	1.118611e-01
6.588981e-01	5.986231e-01	7.401241e-01	7.352434e-01	8.870338e-01	3.229229e-01	5.108716e-01	1.024350e+00	5.450180e-01	3.793426e-01	8.416317e-01	5.158100e-01	9.485846e-01	8.233065e-01	8.068302e-01	9.320847e-01	7.169434e-01	5.859739e-01	1.376153e-01	4.293713e-01	2.845627e-01	8.382192e-01	5.589354e-01	1.222158e+00	7.745768e-01	8.781437e-01	3.643563e-01	1.817735e-01	6.806429e-01	5.340898e-01	5.306298e-01	3.002162e-01	6.386130e-01	7.580347e-01	6.358054e-01	7.679573e-01	3.118240e-01	9.165304e-02	3.714072e-01	1.392157e-01
8.123039e-01	4.717839e-01	7.557481e-01	6.857657e-01	4.680700e-02	1.692707e-01	3.840597e-02	4.383299e-01	6.884754e-01	6.438244e-01	8.604208e-01	1.080095e+00	5.996040e-01	6.985544e-01	2.086153e-01	3.720895e-01	9.369418e-01	9.963129e-01	7.122202e-01	4.463965e-01	8.970506e-01	9.922413e-01	4.480561e-01	5.304652e-01	8.869590e-01	2.361043e-01	1.086073e+00	5.159474e-01	3.538920e-01	7.660080e-01	7.732190e-01	5.454857e-01	3.586118e-01	3.018318e-01	3.809657e-01	8.231549e-01	4.030699e-01	4.653333e-01	3.853185e-01	6.329594e-01
1.737583e-01	-2.710546e-01	1.591962e+00	3.765263e-01	-3.152072e-01	-3.960575e-01	1.056782e+00	5.889024e-01	-2.649001e-02	8.851733e-01	8.356965e-01	6.801540e-01	5.439245e-01	1.265844e-01	4.096338e-01	3.555011e-01	5.032407e-01	8.419399e-01	1.287904e-01	1.526883e+00	-7.587492e-01	3.952669e-01	4.319515e-01	-2.317879e-02	2.672622e-01	2.373423e-01	1.450565e-01	4.614257e-01	1.065658e+00	-4.684479e-01	-1.677037e-01	3.779517e-01	8.500157e-01	3.182678e-01	7.514979e-01	1.326013e+00	5.209987e-01	2.836726e-01	4.846037e-01	6.965597e-01
3.960846e-01	8.947682e-01	3.254668e-01	1.705878e-01	5.620063e-01	2.303079e-01	6.487547e-01	4.759093e-01	7.500299e-01	1.333574e+00	1.377022e-01	-1.610404e-02	9.431781e-01	6.767278e-01	1.191703e+00	7.814031e-01	4.809762e-01	4.664885e-01	9.148784e-01	6.975101e-01	6.610074e-01	1.020167e+00	2.980816e-01	5.673558e-01	4.334269e-01	4.464209e-01	-6.221682e-02	3.483725e-01	5.178862e-01	3.044632e-01	8.975652e-01	4.515904e-01	1.168608e+00	2.272957e-02	9.744212e-01	3.774270e-01	8.081610e-01	8.155842e-01	1.032664e+00	2.364401e-01
1.085059e+00	5.949946e-01	6.548285e-01	5.447943e-01	1.036998e+00	6.483512e-02	3.011980e-01	4.568858e-01	7.010322e-01	1.077493e+00	7.578676e-01	9.062979e-01	2.235791e-01	5.960719e-01	9.061766e-01	9.668971e-01	8.248949e-01	3.854785e-01	6.333276e-01	6.789372e-01	9.166875e-01	4.189719e-01	6.296704e-01	5.180875e-01	2.156066e-01	9.806898e-01	4.860636e-01	1.118188e+00	2.419701e-01	4.759948e-01	5.393912e-01	7.425658e-01	8.965204e-01	5.068192e-01	2.543078e-01	3.848320e-01	3.508478e-01	5.195326e-01	-2.160117e-01	6.147032e-01
1.023203e+00	2.538479e-01	7.097086e-01	2.469614e-01	8.340937e-01	6.777179e-01	1.271075e+00	1.486409e+00	3.725068e-01	4.341670e-01	-7.463238e-01	4.326903e-01	1.120644e-01	-5.875171e-01	3.535485e-01	6.721167e-01	2.680579e-01	8.862222e-01	1.026874e+00	1.183149e-01	1.192944e+00	-2.890587e-01	1.954824e-01	3.718879e-01	2.281597e-02	7.633434e-01	6.456457e-01	5.402800e-01	6.076444e-01	1.013251e-01	1.069076e+00	7.973020e-02	1.117126e+00	1.266487e+00	1.292832e+00	1.521109e-01	5.764687e-01	4.357149e-01	1.761213e-01	7.408659e-01
4.932128e-01	3.985143e-01	5.101434e-01	5.638420e-01	5.397301e-01	3.422652e-01	5.752070e-01	3.506397e-01	3.909171e-01	3.471902e-01	5.207285e-01	8.124456e-01	8.311929e-01	1.064669e+00	6.594120e-01	3.538561e-01	3.353433e-01	2.011000e-01	2.972808e-01	7.031129e-01	5.226652e-01	9.941864e-01	3.755025e-01	2.237325e-01	6.650665e-01	7.564581e-01	1.161745e-01	4.251226e-01	6.470688e-01	5.846444e-01	2.606791e-01	5.115123e-01	5.163704e-01	6.934768e-01	4.949732e-01	4.956187e-01	6.819222e-01	6.317488e-01	5.480847e-01	-5.261346e-02
1.042955e+00	1.229144e-01	1.066873e+00	9.624256e-01	1.164621e+00	4.785876e-01	1.287859e-01	1.689861e-01	-4.339561e-01	1.323517e+00	4.918176e-01	1.382503e+00	-2.936013e-02	2.829872e-01	1.357606e+00	1.159675e+00	5.754595e-01	2.058540e-01	1.373137e+00	3.373869e-01	-7.631666e-01	5.797041e-01	5.082055e-01	-3.997828e-01	-1.202409e+00	5.368287e-01	7.305221e-01	1.416881e+00	-9.503533e-01	-3.518952e-01	2.519522e-01	1.378556e-01	-5.402476e-01	2.610251e-01	1.263272e+00	4.505931e-01	8.063207e-01	2.170663e+00	4.596434e-01	1.031877e+00
6.476706e-01	5.800737e-01	5.046340e-01	5.359429e-01	3.637960e-01	5.472096e-01	4.764755e-01	7.822403e-01	4.590643e-01	7.473207e-01	9.008104e-01	4.535078e-01	2.079991e-01	9.433902e-01	2.945099e-01	5.593126e-01	6.915062e-01	6.916876e-01	6.036555e-01	5.894582e-01	5.340892e-01	7.304302e-01	4.691198e-01	4.261400e-01	2.714200e-01	9.899163e-01	1.019378e-01	5.450802e-01	7.967259e-01	6.724586e-01	5.464733e-01	4.366035e-01	5.632936e-01	6.459844e-01	7.011818e-01	7.306265e-01	6.053610e-01	4.844325e-01	1.049119e+00	4.559683e-01
5.275325e-01	4.833374e-01	1.743746e-01	9.443955e-01	1.847519e-01	5.579776e-01	3.249238e-01	5.782648e-01	3.565800e-01	5.002513e-01	7.993054e-01	7.672278e-01	4.637753e-01	8.575761e-01	7.721054e-01	4.309406e-01	-6.983699e-02	1.133255e-01	5.586329e-01	2.619873e-01	3.850804e-01	1.057181e+00	6.043318e-01	2.644461e-01	7.482004e-01	2.651420e-01	-1.546662e-01	8.168338e-01	8.959591e-01	2.390173e-01	1.292862e-01	8.264834e-01	9.069798e-02	1.404240e+00	2.247605e-01	1.037430e+00	6.302860e-01	6.643762e-01	4.739799e-01	8.748769e-02
6.808464e-01	6.525370e-01	6.696393e-01	7.589837e-01	9.149511e-01	4.005822e-01	4.525663e-01	5.645766e-01	6.124025e-01	4.168777e-01	5.636058e-01	5.332500e-01	8.820161e-01	9.045458e-01	7.540795e-01	9.682312e-01	5.769565e-01	3.141858e-01	1.773380e-01	4.939261e-01	3.057088e-01	8.795990e-01	4.871198e-01	9.936477e-01	6.451585e-01	8.429694e-01	3.825227e-01	2.217083e-01	6.669942e-01	4.694292e-01	5.237812e-01	4.407549e-01	6.610610e-01	8.778325e-01	4.063994e-01	4.832869e-01	2.526624e-01	1.399458e-01	3.153832e-01	1.771181e-01
5.026678e-01	5.303541e-01	3.177299e-01	6.335404e-01	7.703853e-01	1.543685e-01	3.918857e-01	6.467247e-01	5.596552e-01	9.271255e-01	5.108441e-01	7.248585e-01	5.291448e-01	5.799251e-01	4.586167e-01	5.613876e-01	5.845045e-01	3.480638e-01	6.903188e-01	6.025179e-01	6.708213e-01	3.307186e-01	4.232219e-01	5.906982e-01	5.896555e-01	5.550140e-01	3.740522e-01	8.737814e-01	6.584449e-01	4.450366e-01	4.160907e-01	5.994395e-01	7.540024e-01	7.497956e-01	5.651097e-01	3.566535e-01	5.075425e-01	5.439699e-01	2.169937e-01	5.728797e-01
5.409820e-01	2.841220e-01	8.178309e-01	6.827532e-01	1.028943e+00	7.844308e-01	4.513403e-01	8.025597e-01	6.097163e-01	5.918123e-01	6.219169e-01	8.588846e-01	2.400860e-01	6.137565e-01	6.358848e-01	7.552815e-01	5.604085e-01	5.613357e-01	4.484163e-01	3.176545e-01	8.264290e-01	5.225652e-01	7.856826e-01	6.709717e-01	7.981515e-01	4.055275e-01	5.994005e-01	3.149528e-01	3.815702e-01	6.029727e-01	3.970364e-01	5.992522e-01	9.468263e-01	6.091399e-01	9.960462e-01	7.451038e-01	6.876040e-01	2.552753e-01	6.869222e-01	4.736589e-01
4.503317e-01	3.768220e-01	4.652368e-01	3.909642e-01	6.740156e-01	3.205227e-01	5.019376e-01	1.576596e-01	4.162053e-01	-1.952686e-01	3.464837e-01	8.362017e-01	6.801198e-01	1.148067e+00	7.633805e-01	4.718739e-01	1.897084e-01	3.410339e-01	5.723741e-01	4.770378e-01	3.879131e-01	8.289113e-01	7.466808e-01	4.751029e-01	4.781044e-01	4.374930e-01	4.886259e-01	8.613783e-01	7.436571e-01	6.346542e-01	6.515567e-01	9.891280e-01	8.088740e-01	6.107938e-01	4.829742e-01	4.243147e-01	5.482456e-01	8.965673e-01	3.839262e-01	3.281303e-01
2.374023e-01	5.671365e-01	5.506446e-01	6.144134e-01	3.174011e-01	7.086401e-01	5.794991e-01	2.952533e-01	6.810778e-01	8.716182e-01	5.406545e-01	6.248278e-01	3.554252e-01	1.051909e+00	5.476482e-01	3.042390e-01	5.880843e-01	-2.933335e-01	3.478612e-01	6.400516e-01	2.136805e-01	5.710238e-01	4.169684e-01	5.483038e-01	7.562573e-01	1.097696e+00	8.597343e-02	3.030656e-01	6.656381e-01	5.931716e-01	4.650126e-01	8.978236e-01	1.535476e-02	6.209370e-01	3.585197e-01	8.914403e-01	5.293280e-01	5.332160e-01	7.148172e-02	5.864169e-01
7.353188e-01	3.918841e-01	8.185099e-01	7.398535e-01	1.121046e-01	1.863941e-01	9.503316e-02	6.659129e-01	7.910628e-01	6.655137e-01	6.826805e-01	1.247288e+00	3.847410e-01	7.099178e-01	5.524867e-01	5.631376e-01	9.171284e-01	1.089581e+00	7.275785e-01	4.532364e-01	9.109289e-01	9.243535e-01	5.178571e-01	6.151492e-01	9.197938e-01	1.593906e-01	8.075537e-01	6.826125e-01	3.360601e-01	7.672842e-01	6.469166e-01	4.260632e-01	2.405081e-01	2.708113e-01	4.643003e-01	5.865734e-01	4.483839e-01	4.656234e-01	4.144068e-01	6.097754e-01
4.686852e-01	7.060188e-01	7.231640e-01	5.290917e-01	4.541370e-01	7.013480e-01	4.492754e-01	-1.045770e-02	8.919899e-01	8.958383e-01	5.672748e-01	4.682150e-01	1.193443e-01	9.306672e-01	6.258377e-01	3.790890e-01	3.142848e-01	-3.892258e-01	1.843568e-01	6.780340e-01	4.368791e-01	9.494908e-01	5.275259e-01	4.594949e-01	1.003242e+00	9.738997e-01	-3.071441e-01	6.769358e-01	6.177141e-01	6.182155e-01	6.392910e-01	8.901738e-01	9.840608e-02	4.400868e-01	2.750987e-01	7.367785e-01	3.512599e-01	9.365252e-01	-8.655941e-03	4.362334e-01
6.317497e-01	2.667029e-01	9.072150e-01	5.854546e-01	5.408255e-01	8.127566e-01	2.478380e-01	7.203350e-01	4.846979e-01	5.513028e-01	7.611681e-01	7.947864e-01	2.974469e-01	6.059453e-01	4.372445e-01	6.462697e-01	6.781192e-01	7.376994e-01	5.925595e-01	2.194948e-01	6.804978e-01	4.841783e-01	7.421822e-01	6.641284e-01	5.971664e-01	5.009579e-01	6.857657e-01	4.542139e-01	3.761053e-01	3.743407e-01	5.441360e-01	8.322027e-01	1.012917e+00	7.652594e-01	9.748152e-01	8.076073e-01	7.133732e-01	4.345293e-01	4.251741e-01	5.122033e-01
2.425773e-01	6.137125e-01	5.039376e-01	6.603302e-01	3.636756e-01	7.106717e-01	5.177886e-01	2.227554e-01	7.083231e-01	7.162022e-01	5.620000e-01	6.169865e-01	2.874367e-01	1.001588e+00	7.242331e-01	2.349633e-01	5.633258e-01	-3.522167e-01	2.960007e-01	6.156017e-01	6.319919e-01	7.032106e-01	4.581567e-01	5.666830e-01	8.947500e-01	1.115318e+00	8.071777e-02	6.790834e-01	6.429627e-01	5.712097e-01	6.042192e-01	7.148044e-01	2.235007e-01	5.020162e-01	4.658256e-01	9.934920e-01	5.049935e-01	6.637270e-01	-2.734476e-02	6.259211e-01
7.385007e-01	6.421590e-01	1.047644e+00	6.332713e-01	8.123501e-01	6.940523e-01	2.886921e-01	4.542703e-01	3.895953e-01	2.791522e-01	4.870969e-01	6.303728e-01	4.123025e-01	5.741288e-01	5.866294e-01	6.610020e-01	6.827436e-01	5.030836e-01	3.108972e-01	3.014816e-01	7.231257e-01	5.385912e-01	4.626263e-01	5.565613e-01	7.954467e-01	3.944768e-01	7.087882e-01	4.110244e-01	3.429117e-01	4.409638e-01	5.491242e-01	4.353269e-01	6.736820e-01	6.643359e-01	8.636158e-01	4.555128e-01	4.573500e-01	4.933834e-01	5.763918e-01	3.095392e-01
9.203710e-01	5.529414e-01	1.026704e-01	6.239930e-01	5.628712e-01	9.794891e-01	2.704220e-01	3.491369e-01	5.946089e-01	1.793926e-01	1.816512e-01	2.759098e-01	5.174979e-01	5.189774e-01	8.219181e-01	1.825047e-01	1.079522e+00	1.805379e-01	8.024555e-01	1.183975e-01	7.019428e-01	2.096025e-01	2.632314e-01	3.431613e-01	2.435860e-01	6.456719e-01	1.969891e-01	3.349028e-01	4.461663e-01	6.810573e-01	1.020500e+00	2.565554e-01	3.346696e-01	8.792548e-01	5.512703e-01	6.218051e-01	9.799037e-01	6.265816e-01	8.372998e-01	9.200336e-02
-1.779413e-01	1.171047e+00	3.204312e-01	1.706150e+00	9.442358e-01	1.175883e-01	3.986202e-01	4.956803e-01	6.938406e-01	9.876635e-01	-6.063540e-01	4.583496e-01	4.679253e-01	2.315912e-01	1.557271e+00	1.496402e+00	9.184661e-01	4.500608e-01	1.367997e-01	1.379104e+00	7.987552e-01	1.792530e+00	8.935174e-01	1.480755e+00	6.077359e-01	6.747502e-01	1.431089e-02	-3.148533e-01	1.588953e+00	1.417341e+00	4.888852e-01	8.328126e-01	1.564073e-01	6.452985e-01	2.059493e-01	1.004820e+00	7.826501e-01	7.677342e-02	-1.444953e-01	4.020972e-01
5.292906e-01	6.376132e-01	6.603387e-01	6.637888e-01	7.472757e-01	5.371420e-01	2.380792e-01	2.681710e-01	6.254534e-01	5.422127e-01	5.825230e-01	4.725768e-01	4.179580e-01	6.551870e-01	7.751368e-01	5.994261e-01	4.383045e-01	5.325052e-01	4.604754e-01	2.965672e-01	4.717621e-01	4.350654e-01	2.858018e-01	4.499156e-01	6.437924e-01	2.891664e-01	4.766027e-01	9.453477e-01	3.782304e-01	8.317000e-01	3.932399e-01	3.736948e-01	3.843688e-01	4.688814e-01	4.178619e-01	2.912165e-01	6.443117e-01	3.992016e-01	3.449836e-01	7.715149e-01
9.134326e-01	5.216907e-01	7.268829e-01	7.040995e-01	7.396568e-02	5.175697e-02	1.805370e-01	5.457709e-01	7.976091e-01	7.542871e-01	7.822381e-01	9.438929e-01	4.912193e-01	7.202931e-01	3.979518e-01	5.072030e-01	9.053170e-01	7.978260e-01	8.066286e-01	4.825587e-01	6.741031e-01	6.853102e-01	4.645116e-01	3.426406e-01	7.972170e-01	3.430179e-01	1.125671e+00	5.615516e-01	3.047072e-01	7.724205e-01	4.802395e-01	5.038212e-01	3.672507e-01	1.591817e-01	3.293904e-01	9.139554e-01	4.871459e-01	5.082877e-01	5.102204e-01	5.992791e-01
6.407288e-01	5.820193e-01	5.121444e-01	1.882488e-01	7.187812e-01	-1.209003e-01	3.146001e-01	7.491416e-01	4.364972e-01	9.047692e-01	4.895724e-01	5.234943e-01	4.837820e-01	6.716056e-01	8.299466e-01	8.100242e-01	4.713000e-01	6.167656e-01	6.192513e-01	3.962828e-01	3.088140e-01	7.588634e-01	4.739364e-01	3.737534e-01	4.765626e-01	2.595414e-01	6.764779e-01	9.093415e-01	8.483867e-01	6.976709e-01	9.627342e-01	7.943040e-01	5.431624e-01	9.721756e-01	3.353082e-01	4.168628e-01	4.141572e-01	9.343502e-01	2.994080e-01	6.792106e-01
3.514205e-01	5.511776e-01	9.594558e-01	1.161184e+00	5.239265e-01	-1.081439e-01	1.561083e+00	7.375096e-01	1.892178e+00	4.069982e-01	2.814249e+00	1.165617e+00	8.387432e-01	1.540647e+00	-1.035819e+00	1.484478e+00	-6.241596e-01	-6.110778e-01	5.025738e-01	5.764320e-01	6.064435e-01	1.933854e+00	8.382755e-01	4.055572e-01	6.789297e-01	9.052747e-01	1.779746e+00	-8.535200e-01	-2.146837e-02	1.578008e+00	9.584580e-01	1.114370e+00	-1.689273e-01	2.358698e-01	-2.649432e-02	3.402348e-01	2.511594e-01	1.010971e+00	9.433673e-01	2.606145e-01
7.340285e-01	5.637636e-01	4.037160e-01	3.531641e-01	5.987249e-01	7.568148e-01	1.853143e-01	8.946340e-01	5.949029e-01	5.006957e-01	7.396173e-01	2.388107e-01	8.016947e-01	5.191497e-01	5.496183e-01	9.173631e-01	4.981212e-01	8.302656e-01	4.308236e-01	5.041694e-01	8.474063e-01	1.006886e+00	4.431699e-01	1.353114e+00	3.660745e-01	4.993285e-01	2.737741e-01	3.348577e-01	4.821830e-01	2.057627e-01	2.425632e-01	6.491646e-01	9.065878e-01	4.979799e-01	3.582400e-01	7.703371e-01	5.909453e-01	7.025765e-01	2.877975e-01	3.459952e-01
1.533453e-01	4.618103e-01	1.478214e-01	3.525555e-01	3.998344e-01	5.799227e-01	3.431853e-01	7.077587e-01	5.340846e-01	5.715651e-01	2.692351e-01	1.630506e-01	6.302162e-01	8.043054e-01	6.849763e-01	2.740355e-01	7.237979e-01	2.259953e-01	1.155347e+00	5.387779e-01	6.842878e-01	7.140014e-01	3.297478e-01	5.622484e-01	3.930803e-01	6.202166e-01	2.310242e-01	6.791575e-01	4.238106e-01	3.325688e-01	4.431244e-01	3.699217e-01	4.300864e-01	6.719766e-01	7.851794e-01	7.875772e-01	7.715138e-01	3.836236e-01	7.383020e-01	6.116247e-01
6.973690e-01	2.759643e-01	7.917753e-01	2.488295e-01	7.299364e-01	3.309890e-01	7.336751e-01	3.811010e-01	2.562880e-01	2.953436e-01	2.377533e-01	2.656222e-01	5.178382e-01	9.916998e-01	7.605243e-01	3.304553e-01	4.344481e-01	5.528081e-01	4.787020e-01	5.640521e-01	-7.662165e-02	6.335073e-01	3.527065e-01	4.065697e-01	7.379627e-01	3.718148e-01	1.271983e-01	5.278240e-01	6.869081e-01	2.705072e-01	4.079624e-01	1.119284e-01	6.616820e-01	2.704642e-03	6.696455e-01	3.388231e-01	2.626979e-01	4.745924e-01	7.595403e-01	3.489479e-01
2.688611e-01	4.455308e-01	3.966100e-01	5.666338e-01	3.022029e-01	7.767418e-01	4.439351e-01	2.749860e-01	5.309032e-01	6.951089e-01	4.652720e-01	7.694849e-01	4.439018e-01	8.534254e-01	6.446708e-01	1.290769e-01	5.900266e-01	-3.947145e-01	3.445065e-01	6.658477e-01	4.442263e-01	6.682032e-01	3.914803e-01	5.055032e-01	7.756915e-01	1.108837e+00	2.165273e-02	5.287549e-01	7.571756e-01	5.134162e-01	5.491960e-01	7.024440e-01	8.995793e-02	5.643203e-01	3.866658e-01	8.695584e-01	6.478610e-01	5.609260e-01	1.026017e-02	5.268343e-01
2.264904e-01	1.317049e-01	3.386598e-01	4.213612e-01	3.535078e-01	8.263582e-01	7.787894e-01	8.576554e-01	1.065180e+00	7.310760e-01	5.947189e-01	7.519141e-01	4.148520e-01	5.947621e-01	9.459575e-03	4.181604e-01	5.071027e-01	2.229056e-01	7.884458e-01	1.014182e+00	8.325773e-01	1.157162e+00	4.265262e-01	-3.613313e-01	8.794925e-01	5.170961e-01	5.279210e-01	5.396836e-01	-2.012702e-02	4.226486e-01	4.410137e-01	6.515971e-01	8.574867e-01	8.297226e-01	-1.868930e-01	8.953989e-01	4.874778e-01	1.140295e+00	4.673422e-01	8.646724e-01
8.788419e-01	5.417771e-01	8.782302e-01	6.120384e-01	1.568455e-01	1.065009e-01	2.585397e-01	4.616030e-01	5.449586e-01	8.773230e-01	8.685700e-01	9.571379e-01	5.324418e-01	8.346965e-01	2.596055e-01	3.230306e-01	8.564810e-01	1.022537e+00	5.590775e-01	3.761284e-01	9.399873e-01	7.666159e-01	3.897243e-01	5.076436e-01	7.263657e-01	3.867034e-01	1.428142e+00	5.070289e-01	2.944850e-01	7.582118e-01	7.534494e-01	4.869765e-01	6.242251e-01	2.153256e-01	5.336602e-01	9.071145e-01	5.160505e-01	6.218220e-01	5.092865e-01	7.690049e-01
2.462734e-01	6.718782e-01	4.080494e-01	6.253788e-01	3.957883e-01	7.108633e-01	4.747215e-01	2.118815e-01	7.320846e-01	7.263188e-01	5.941102e-01	5.795632e-01	3.024938e-01	9.521597e-01	6.724839e-01	3.181619e-01	6.320071e-01	-3.989618e-01	3.907436e-01	6.041074e-01	5.294268e-01	7.487420e-01	4.272729e-01	6.076662e-01	8.797061e-01	1.052451e+00	1.182410e-01	4.875468e-01	6.478774e-01	5.150834e-01	5.690157e-01	7.521574e-01	1.940897e-01	5.513710e-01	5.261726e-01	8.079662e-01	5.271848e-01	5.484389e-01	-8.591951e-04	5.771336e-01
-1.713581e-01	7.754043e-01	5.490562e-01	5.330164e-02	5.883547e-01	7.006823e-01	1.067373e+00	9.241987e-01	2.806840e-01	5.971710e-01	3.860831e-01	5.589015e-01	1.160576e+00	3.674386e-01	2.115941e-01	1.191642e+00	2.813661e-01	9.701360e-02	1.037806e+00	7.863427e-01	7.236789e-01	4.396006e-01	9.148573e-01	4.311897e-01	4.626622e-01	-2.512423e-01	9.410354e-02	8.465644e-01	8.443978e-01	9.430727e-01	1.560276e+00	4.622835e-01	8.334738e-01	6.768445e-01	-1.182415e-01	6.724462e-01	2.173491e-01	1.510187e+00	5.859752e-01	7.932268e-01
5.658069e-01	3.902789e-01	8.870196e-01	5.052215e-01	6.057986e-01	6.610607e-01	1.547150e-01	5.549654e-01	3.111414e-01	5.748607e-01	5.599201e-01	7.026781e-01	4.353027e-01	7.375620e-01	5.396781e-01	6.218647e-01	6.087740e-01	6.282023e-01	4.588068e-01	3.078782e-01	5.326016e-01	6.782633e-01	5.629884e-01	4.542464e-01	5.911903e-01	4.155436e-01	7.416182e-01	3.936208e-01	3.447861e-01	5.370796e-01	3.910814e-01	5.612257e-01	8.634777e-01	6.167298e-01	8.920041e-01	5.041834e-01	5.565237e-01	3.850400e-01	5.219071e-01	5.638595e-01
4.331779e-01	6.579096e-01	8.355255e-02	6.619624e-01	4.318863e-01	2.276046e-01	5.237199e-01	5.871414e-01	3.718214e-01	1.001843e+00	6.196809e-01	2.319126e-01	4.873891e-01	5.614776e-01	5.008206e-01	5.248490e-01	2.236565e-01	5.068968e-01	5.428341e-01	6.777589e-01	5.560513e-01	6.468675e-01	4.112858e-01	4.708555e-01	7.516294e-01	5.387818e-01	6.456892e-01	6.081541e-01	3.671766e-01	5.149629e-01	3.442222e-01	2.798946e-01	4.910250e-01	1.007755e+00	4.151101e-01	5.542793e-01	5.512355e-01	4.689756e-01	3.200584e-01	7.617209e-01
6.320601e-01	6.332974e-01	2.455028e-01	5.609218e-01	6.765227e-01	3.297551e-01	5.516879e-01	6.649730e-01	7.213829e-01	6.161628e-01	7.232696e-01	6.531012e-01	-8.832061e-02	4.391076e-01	6.464224e-02	5.795025e-01	9.171733e-01	2.388222e-01	4.591196e-01	6.741072e-01	5.047203e-01	2.125586e-01	3.076820e-01	5.378557e-01	5.114490e-01	4.842365e-01	1.865896e-01	7.048053e-01	2.315326e-01	3.629532e-01	9.697645e-02	2.716616e-01	4.675486e-01	7.769229e-01	4.509656e-01	3.771467e-01	5.608903e-01	4.540646e-01	5.529728e-01	5.337999e-01
2.454415e-01	7.514694e-01	2.623601e-01	6.030804e-01	4.265440e-01	1.016598e+00	6.986525e-01	1.044291e+00	4.661084e-01	5.406407e-02	2.926303e-01	1.028949e+00	1.377783e-01	6.146734e-01	4.614584e-01	4.264215e-01	5.357987e-01	6.875804e-01	1.694548e-01	6.981490e-01	1.319637e+00	5.757007e-01	7.692817e-01	3.242005e-01	9.070340e-01	5.633876e-02	4.035679e-01	5.782310e-01	7.769388e-01	3.331023e-01	2.858154e-01	2.826177e-01	6.285238e-01	1.003176e+00	8.233022e-01	5.380764e-01	2.729682e-01	9.139413e-01	4.211836e-01	2.312813e-01
4.179005e-01	4.127196e-01	-4.212855e-02	9.292558e-01	7.454907e-01	6.667402e-01	2.908860e-01	2.904626e-01	9.925889e-01	1.618197e-01	6.953350e-01	1.083396e+00	9.137543e-01	1.075654e+00	1.154626e+00	9.709692e-01	4.648403e-01	1.946409e-01	1.261797e-01	2.204944e-01	-6.650111e-02	7.623206e-01	1.114465e+00	5.669278e-01	5.740925e-01	8.855165e-01	2.096851e-01	1.162681e+00	1.118522e+00	2.178247e-01	6.043255e-01	8.452060e-01	3.279852e-01	8.228222e-01	4.060418e-01	8.576087e-01	5.956094e-01	5.672554e-01	5.892071e-01	5.758884e-01
4.188683e-01	4.458007e-01	5.943513e-01	4.971423e-01	2.917533e-01	5.821101e-01	3.642633e-01	5.919040e-01	2.801995e-01	7.154579e-02	6.103347e-01	5.555509e-01	4.987712e-01	4.663904e-01	4.541151e-01	6.100472e-01	4.914035e-01	4.665480e-01	4.014993e-01	6.235021e-01	6.467968e-01	5.879574e-01	4.040439e-01	6.946231e-01	6.611615e-01	4.311888e-01	6.162485e-01	4.494922e-01	4.338091e-01	4.491255e-01	4.328605e-01	2.806649e-01	7.300016e-01	6.648174e-01	7.933735e-01	3.229362e-01	4.391409e-01	5.219962e-01	5.062700e-01	3.867517e-01
5.700147e-01	8.158231e-01	9.581416e-01	5.214291e-01	9.832769e-01	6.454945e-01	5.349154e-01	3.810854e-01	9.537943e-01	4.712872e-01	6.983734e-01	1.562820e-01	-2.417952e-01	1.009501e+00	4.685865e-01	-5.565450e-01	9.950753e-01	8.742431e-01	7.140525e-01	1.058936e+00	5.722470e-01	5.350496e-01	6.168303e-01	-5.717355e-02	1.421205e+00	5.049354e-01	7.873802e-01	1.146953e+00	7.581570e-01	3.225151e-01	1.466759e+00	3.896972e-01	7.891383e-01	-2.392294e-01	-2.178333e-01	1.037905e+00	1.185084e+00	1.291832e-01	9.068037e-01	1.411000e-01
1.533495e+00	3.367286e-01	-2.692380e-02	6.174642e-01	5.121875e-01	5.984991e-01	1.131449e+00	3.491786e-01	1.264629e+00	2.763206e-01	-8.982381e-01	-2.168737e-01	9.704287e-01	1.745839e-01	5.973236e-01	5.684325e-01	-1.774552e-01	3.938594e-01	5.046740e-01	2.536340e-01	3.800233e-01	6.138454e-01	1.787727e-01	8.700949e-01	6.482989e-01	2.347094e-01	2.915644e-01	3.754346e-01	6.838229e-01	6.115409e-01	6.579685e-01	2.256523e-01	7.059845e-01	1.473450e+00	1.045690e+00	4.572421e-01	1.265618e+00	4.054184e-01	7.579988e-01	1.592824e-01
5.153514e-01	7.013932e-01	9.098124e-01	5.111756e-01	5.836420e-01	6.236304e-01	4.667979e-01	3.735877e-01	6.012140e-01	3.606589e-01	6.969765e-01	3.527474e-01	4.887095e-01	5.356158e-01	7.788144e-01	6.887938e-01	3.473266e-01	6.032351e-01	4.248946e-01	1.790137e-01	5.453310e-01	1.754285e-01	4.617339e-01	4.546103e-01	5.088710e-01	3.881750e-01	6.961192e-01	1.067462e+00	2.552675e-01	7.262996e-01	4.693803e-01	4.471730e-01	5.406964e-01	4.412237e-01	2.779363e-01	1.684370e-01	4.444731e-01	2.706694e-01	5.156106e-01	8.027300e-01
4.252776e-01	6.324851e-01	9.855262e-01	4.132058e-01	3.585420e-01	8.250992e-01	6.724839e-01	1.056283e+00	9.065720e-01	1.504019e-01	7.409066e-01	6.434664e-01	1.550725e-01	3.673468e-01	3.470509e-01	2.837558e-01	6.996582e-01	5.771134e-01	8.026191e-02	1.035523e+00	1.213691e+00	4.781430e-01	4.406060e-01	2.488847e-01	7.753067e-01	3.464041e-01	6.514667e-01	8.375061e-01	8.110854e-01	6.609455e-01	4.913299e-01	1.125002e+00	4.515152e-01	7.933940e-01	8.241696e-02	3.139160e-01	6.197712e-02	9.675472e-01	1.996761e-01	1.608445e-01
4.628076e-01	5.907456e-01	1.588660e-01	5.788892e-01	6.450853e-01	2.439698e-01	3.814512e-01	7.476306e-01	4.345529e-01	8.424793e-01	5.185563e-01	4.405672e-01	5.224486e-01	6.211120e-01	5.158412e-01	4.604723e-01	5.568591e-01	5.543805e-01	6.001151e-01	4.656967e-01	4.702449e-01	5.285704e-01	2.509897e-01	5.485987e-01	6.742410e-01	4.520083e-01	5.510155e-01	8.314805e-01	6.780480e-01	4.444723e-01	2.235566e-01	5.982385e-01	5.592897e-01	7.577630e-01	5.029031e-01	4.262777e-01	5.927251e-01	4.994889e-01	3.674336e-01	6.372152e-01
6.634459e-01	3.557063e-01	4.837609e-01	4.069451e-01	5.813885e-01	7.186412e-01	8.720436e-01	9.687163e-01	5.022214e-01	4.018930e-01	1.775264e-01	4.352270e-01	4.226206e-01	7.906903e-01	7.388374e-01	5.230698e-01	4.535400e-01	5.363260e-01	7.974821e-01	5.884719e-01	4.016231e-01	4.826169e-01	5.377941e-01	5.712096e-01	3.916130e-01	5.701563e-01	5.808566e-01	6.387127e-01	3.106902e-01	4.298087e-01	7.617392e-01	4.802518e-01	5.112091e-01	9.153732e-01	1.067162e+00	6.441610e-01	8.892482e-01	6.597432e-01	5.757885e-01	5.427323e-01
3.953062e-01	5.685089e-01	-6.869652e-02	-2.152004e-01	1.087945e+00	9.658674e-01	6.718549e-01	6.627342e-01	4.655764e-01	9.733304e-01	1.881895e-01	9.525006e-02	3.417322e-02	6.529335e-01	1.051958e+00	5.691817e-01	6.156643e-01	3.477309e-01	1.128266e+00	7.219696e-01	2.180418e-01	1.047146e+00	5.625880e-01	4.150210e-01	2.839961e-01	5.979042e-01	3.496331e-01	3.343616e-01	6.224074e-01	4.011965e-01	7.159445e-01	4.721635e-01	4.266731e-01	7.740690e-01	1.081493e+00	4.260502e-01	6.749078e-01	6.071214e-01	6.358761e-01	6.389553e-01
6.284238e-01	4.904667e-01	9.033594e-01	5.041594e-01	6.318116e-01	5.870401e-01	2.694332e-02	6.094939e-01	3.331188e-01	6.419736e-01	6.667551e-01	7.850047e-01	4.043649e-01	7.326396e-01	6.788842e-01	7.658757e-01	6.604076e-01	6.138298e-01	3.712742e-01	2.140027e-01	5.911858e-01	5.976502e-01	6.054486e-01	6.412414e-01	8.832257e-01	4.905334e-01	7.721389e-01	2.392923e-01	4.050426e-01	2.830552e-01	4.153846e-01	5.853361e-01	7.827077e-01	7.676729e-01	7.540877e-01	3.768911e-01	6.313096e-01	1.851258e-01	4.935359e-01	5.234102e-01
5.521192e-01	5.924097e-01	8.990987e-02	8.381126e-01	5.121764e-01	2.692142e-01	5.156604e-01	6.145631e-01	3.442131e-01	8.852762e-01	5.703857e-01	2.892651e-01	3.933900e-01	3.302393e-01	2.859292e-01	6.156500e-01	5.681346e-01	3.753399e-01	6.648477e-01	5.429726e-01	5.148130e-01	5.662287e-01	1.994703e-01	7.253759e-01	5.812256e-01	4.666000e-01	4.124255e-01	8.251772e-01	4.756118e-01	4.179844e-01	1.018827e-01	4.069343e-01	4.322303e-01	7.894467e-01	4.458976e-01	5.352683e-01	4.650733e-01	4.573336e-01	5.373361e-01	5.491613e-01
2.897925e-01	5.462780e-01	1.844916e+00	4.064014e-01	4.319652e-01	3.569168e-01	8.560122e-01	5.666578e-01	-3.199637e-01	3.836484e-01	1.426614e+00	3.597606e-01	1.113351e+00	1.142039e+00	5.166498e-01	-8.808535e-03	5.886079e-01	6.293750e-01	4.323154e-01	1.193399e+00	8.617187e-01	1.043503e-01	1.033109e+00	4.995677e-01	8.002690e-01	6.544115e-01	9.038070e-01	7.277006e-02	6.011705e-01	9.275330e-01	1.806651e+00	1.048506e+00	5.328428e-01	4.327680e-01	4.788726e-01	-3.864731e-01	9.700285e-03	1.184927e+00	3.625906e-01	8.546129e-01
4.750745e-01	6.918924e-01	7.595027e-03	4.575145e-01	5.497151e-01	4.823732e-01	7.841193e-01	4.837739e-01	3.440987e-01	2.372878e-01	7.542934e-01	2.557424e-01	7.061374e-01	9.521562e-01	4.885097e-01	5.795783e-01	3.350890e-01	1.869405e-01	6.116785e-01	3.482724e-01	3.445043e-01	1.010470e+00	3.729424e-01	5.341995e-01	7.608733e-01	2.953717e-01	2.654958e-01	7.555828e-01	6.576038e-01	5.989125e-01	5.620900e-01	1.001584e+00	8.057971e-01	6.582415e-01	1.139511e-01	7.610409e-01	2.906086e-01	8.481274e-01	3.449262e-01	4.150980e-01
3.986846e-01	5.266066e-01	1.981878e-02	2.561160e-01	6.300715e-01	4.547341e-01	5.564112e-01	5.948448e-01	4.900806e-01	9.459269e-01	2.727810e-01	4.349920e-01	3.820603e-01	9.842118e-01	5.841498e-01	7.223628e-01	9.587179e-01	8.040872e-01	5.688187e-01	4.110726e-01	9.326461e-01	7.137385e-01	5.217649e-01	5.979139e-01	8.008926e-01	1.483778e-01	9.039438e-01	5.643952e-01	8.286437e-01	1.014115e+00	7.979113e-01	8.975069e-01	7.661410e-01	5.294219e-01	2.967954e-01	4.744695e-01	7.922413e-01	7.626996e-01	7.526488e-01	2.944878e-01
2.211274e-01	6.838434e-01	2.818351e-01	8.658729e-02	4.713579e-01	4.043696e-01	7.897860e-01	8.938913e-01	1.542870e-01	6.193780e-01	6.327290e-01	9.142720e-01	5.454513e-01	7.381285e-01	4.483393e-01	6.895226e-01	3.864397e-01	4.574680e-01	6.866997e-01	1.781409e-01	6.062343e-01	1.014860e+00	5.912544e-01	4.083678e-01	1.257416e-01	2.625033e-01	8.420050e-01	1.035946e+00	1.106548e+00	8.464266e-01	3.099600e-01	8.235494e-01	8.502185e-01	1.157351e-01	4.468114e-02	7.950623e-01	7.576809e-01	7.936697e-01	4.679277e-01	9.576246e-01
-1.227026e-03	6.757510e-01	1.585586e-01	1.305847e-01	8.009098e-01	6.412658e-01	6.618572e-01	1.343988e+00	5.221492e-01	5.872187e-01	7.251396e-01	1.310530e-01	1.121107e+00	6.700178e-01	4.753418e-01	7.361568e-01	7.040914e-01	-2.276884e-01	3.134725e-01	2.706562e-01	8.088442e-01	5.013484e-01	8.932633e-01	4.001481e-01	3.521387e-01	8.287377e-01	7.575598e-01	2.884428e-01	7.478279e-01	2.766679e-01	1.105932e+00	3.418769e-01	6.521445e-01	-1.535615e-02	2.823568e-01	4.394110e-01	7.317655e-01	2.540601e-01	5.513555e-01	6.330039e-01
5.270872e-01	3.909936e-01	5.302089e-01	4.063215e-01	3.355574e-01	6.048304e-01	3.274621e-01	7.493388e-01	3.945971e-01	7.611096e-02	4.216782e-01	4.278884e-01	5.627208e-01	4.750392e-01	3.938027e-01	4.441095e-01	2.233715e-01	6.452033e-01	2.946826e-01	7.898103e-01	6.793342e-01	8.505161e-01	5.019709e-01	4.356627e-01	4.255216e-01	3.586948e-01	7.822406e-01	6.733758e-01	4.932518e-01	5.712206e-01	5.610856e-01	7.606672e-01	6.926588e-01	6.804740e-01	5.490197e-01	6.629926e-01	5.296986e-01	7.394145e-01	4.979507e-01	4.164716e-01
6.104398e-01	6.433609e-01	2.065855e-01	5.334121e-01	6.301019e-01	4.289811e-01	7.315894e-01	3.264709e-01	5.419508e-01	2.658407e-01	5.348044e-01	3.874071e-01	7.131349e-01	8.427855e-01	4.166029e-01	5.093830e-01	3.495485e-01	2.889636e-01	7.095311e-01	4.639804e-01	5.538266e-01	1.013906e+00	5.304390e-01	4.984690e-01	8.021906e-01	4.573612e-01	1.614635e-01	7.657104e-01	7.248080e-01	6.887098e-01	5.139117e-01	7.358288e-01	6.235448e-01	4.850168e-01	3.294803e-01	4.583374e-01	1.536050e-01	7.857160e-01	2.315275e-01	3.631229e-01
7.577801e-01	7.118439e-01	7.562425e-01	7.147104e-01	9.984564e-01	4.174085e-01	3.987742e-01	4.346890e-01	6.550376e-01	5.403671e-01	5.471883e-01	7.455794e-01	7.292734e-01	7.431963e-01	6.111306e-01	8.007866e-01	4.512420e-01	4.268963e-01	1.592394e-01	3.739373e-01	6.755988e-02	1.051608e+00	7.326034e-01	8.350421e-01	4.826643e-01	7.598306e-01	2.770275e-01	2.691276e-01	5.409362e-01	4.709714e-01	3.302647e-01	5.338474e-01	6.266248e-01	7.834467e-01	2.848439e-01	5.031441e-01	3.484315e-01	9.211369e-02	1.877848e-01	3.216306e-01
4.850458e-01	3.758090e-01	8.066516e-02	2.090233e-01	6.725804e-01	4.509854e-01	6.773522e-01	7.775937e-01	4.116610e-01	8.959589e-01	6.855169e-01	2.657767e-01	4.178831e-01	4.853585e-01	5.574983e-01	6.452427e-01	7.844638e-01	4.557662e-01	5.640532e-01	6.185900e-01	7.254102e-01	6.001952e-01	4.749972e-01	4.622405e-01	8.827169e-01	-6.216060e-03	8.318546e-01	7.094546e-01	8.278096e-01	7.544306e-01	6.715486e-01	6.286714e-01	8.103637e-01	6.680487e-01	3.846225e-01	5.670462e-01	4.773248e-01	8.340237e-01	5.105081e-01	3.608907e-01
8.842909e-01	3.419824e-01	5.299391e-01	6.944660e-01	4.505831e-01	6.512938e-01	4.572529e-01	8.833776e-01	5.845259e-01	4.328498e-01	3.972007e-01	7.888554e-01	3.929541e-01	5.081406e-01	7.344992e-01	7.290645e-01	5.581237e-01	6.816564e-01	3.497959e-01	5.636911e-01	6.199888e-01	1.083995e-01	2.977720e-01	6.341737e-01	1.945327e-01	7.890969e-01	5.984253e-01	1.075150e-01	5.782778e-01	8.554654e-01	7.773791e-01	8.234265e-01	1.863971e-01	1.146369e+00	8.115953e-01	3.883795e-01	6.984734e-01	6.920482e-01	5.420268e-01	4.943788e-01
6.475375e-01	3.966066e-01	8.248019e-01	2.381652e-01	1.711309e-01	6.259492e-01	3.965244e-01	1.010343e+00	5.245395e-01	2.595911e-01	3.384752e-01	5.005683e-01	5.550515e-01	3.572100e-01	9.866829e-01	1.000774e-01	8.724232e-01	2.991059e-01	5.256772e-01	5.124560e-01	5.244632e-01	7.071639e-01	1.410592e-01	6.265893e-01	3.029890e-01	1.646724e-01	3.911418e-01	4.186908e-01	5.025420e-01	3.692126e-01	6.973357e-01	2.469405e-01	5.718093e-01	6.973668e-01	6.861336e-01	9.516304e-01	1.052616e+00	3.000895e-01	7.705186e-01	2.662216e-01
1.067648e+00	2.247091e-06	6.621445e-01	-4.366476e-02	1.060657e+00	3.136062e-01	1.186364e+00	6.951788e-01	6.765815e-02	3.573917e-01	2.124509e-01	-2.711556e-01	1.182854e+00	9.372008e-01	4.867974e-01	9.824937e-01	5.307206e-01	6.628783e-01	7.436191e-01	6.538160e-01	6.748673e-01	1.154609e+00	2.484419e-01	6.396971e-01	3.297575e-01	5.547328e-01	8.349999e-02	3.774211e-01	7.037884e-01	4.828099e-01	7.177544e-01	-3.104503e-01	7.262700e-01	9.028008e-01	7.886399e-01	1.208241e-01	1.151867e+00	2.869042e-01	5.731676e-01	6.213368e-01
1.732712e-01	9.583059e-01	4.569048e-01	7.110037e-01	9.367830e-01	1.026583e+00	7.604064e-01	4.268315e-01	2.838194e-01	1.035623e+00	1.303095e+00	7.499010e-01	-3.406177e-01	7.140862e-01	5.775980e-01	8.158200e-01	4.236608e-01	8.330098e-01	1.096836e+00	1.082741e+00	3.595912e-02	1.016862e-01	3.499068e-01	2.347343e-01	6.474215e-01	6.373269e-01	4.880688e-01	1.175185e-01	3.383127e-01	6.944439e-01	2.574025e-01	1.368958e-01	1.379194e+00	-1.541445e-01	5.354453e-01	5.990694e-01	9.562042e-01	1.088380e+00	1.565913e-01	2.566741e-01
2.946871e-01	1.017336e-01	4.598575e-01	7.671582e-02	1.245263e+00	6.784309e-01	1.319409e+00	1.217965e+00	4.920672e-01	4.022550e-01	4.477011e-01	6.877501e-02	5.309606e-01	2.580037e-01	-1.112924e-02	4.730288e-01	7.362786e-01	7.646845e-01	9.409091e-01	7.070553e-01	2.286968e-01	6.816147e-01	-2.631071e-02	4.273254e-01	3.134732e-01	5.799984e-01	-2.159075e-01	3.830717e-01	3.902832e-01	2.352467e-01	6.145771e-01	2.007686e-01	2.386898e-01	1.025286e+00	1.382910e+00	4.302451e-01	9.617835e-01	3.408368e-01	4.428970e-01	5.743467e-01
4.998717e-01	6.370262e-01	5.122570e-01	-4.926464e-03	5.421394e-01	6.314363e-01	3.124974e-01	7.039576e-01	4.909472e-01	4.504697e-01	7.764525e-01	3.809638e-01	4.165563e-01	6.206404e-01	3.692807e-01	5.283945e-01	4.799231e-01	6.935149e-01	2.814874e-01	6.086286e-01	5.934127e-01	8.902415e-01	8.094174e-01	5.910404e-01	4.025461e-01	2.455759e-01	7.148758e-01	9.317271e-01	4.423238e-01	4.645396e-01	6.116762e-01	6.109279e-01	8.530891e-01	5.026211e-01	6.758628e-01	7.070598e-01	2.851033e-01	9.490325e-01	4.320455e-01	6.225517e-01
9.857806e-01	1.275373e-01	1.421240e-01	5.512817e-01	3.058304e-01	5.437210e-01	4.317289e-01	9.550417e-01	5.629964e-01	4.874750e-02	-8.729647e-02	4.601415e-01	5.518394e-01	6.889663e-01	4.990905e-01	6.284493e-01	1.155620e-01	1.018631e+00	5.579803e-01	2.590841e-01	8.909255e-01	3.844403e-01	6.492482e-01	7.260325e-01	4.670322e-01	2.981184e-01	7.462033e-01	1.065431e+00	-2.519302e-01	6.756929e-01	6.112545e-01	5.790653e-01	9.119829e-01	7.481138e-01	1.099768e+00	7.226226e-01	4.504120e-01	4.223054e-01	3.734714e-01	1.035152e+00
2.058702e-01	3.227229e-01	4.514196e-01	4.784264e-01	5.543291e-01	5.559711e-01	7.220398e-01	7.512627e-01	7.802291e-01	4.999970e-01	5.833574e-01	6.852552e-01	5.653790e-01	4.713834e-01	4.812851e-02	5.283724e-01	6.229661e-01	3.667898e-01	3.334125e-01	9.095871e-01	6.728604e-01	7.550215e-01	4.449654e-01	1.676063e-01	4.988590e-01	5.909330e-01	4.855905e-01	7.392655e-01	4.555936e-01	4.256735e-01	5.374599e-01	7.041425e-01	6.695406e-01	7.831202e-01	1.372389e-01	4.429918e-01	5.605861e-01	8.678291e-01	1.207386e-01	6.773277e-01
5.386593e-01	4.854693e-01	3.555816e-01	9.315808e-01	8.517569e-01	7.159179e-01	1.380593e-01	4.508926e-01	4.826545e-01	7.249606e-01	1.937771e-01	4.083805e-01	6.524375e-01	5.264106e-01	5.668142e-01	7.354182e-01	1.099579e-01	3.310090e-01	3.936031e-01	6.151419e-01	4.278579e-01	3.836260e-01	4.929054e-01	1.896160e-01	2.416916e-01	5.287597e-01	4.208180e-01	1.004518e+00	3.207500e-01	8.461288e-01	1.169282e-01	5.271881e-01	4.912331e-02	6.368782e-01	5.634335e-01	1.142362e-02	6.246422e-01	5.333145e-01	3.278755e-01	6.781836e-01
8.554400e-01	1.953252e-01	3.395580e-01	5.668674e-01	3.020135e-01	4.822126e-01	4.455965e-01	5.227494e-01	5.262020e-01	2.546854e-01	8.779400e-01	2.443505e-01	2.954598e-01	6.447970e-01	2.810196e-01	5.007324e-01	7.120224e-01	7.128972e-01	4.414729e-01	8.473991e-01	5.326674e-01	6.537038e-01	4.485312e-01	1.802728e-01	3.279066e-01	8.807392e-01	1.250830e-01	3.999979e-01	5.216872e-01	7.285857e-01	6.155961e-01	3.446609e-01	4.951872e-01	8.294021e-01	4.863151e-01	7.836492e-01	3.186195e-01	6.982128e-01	9.297529e-01	1.613730e-01
4.588490e-01	1.987179e-01	7.182373e-01	4.232822e-01	3.116784e-01	5.257486e-01	2.898998e-01	8.779664e-01	5.402195e-01	1.813064e-01	6.522304e-01	7.155097e-01	7.864831e-01	3.629406e-01	5.987660e-01	2.975880e-02	4.205167e-01	4.011374e-01	8.014199e-01	5.765572e-01	3.465022e-01	4.777910e-01	3.907560e-01	6.523837e-01	3.127679e-01	3.663787e-01	2.348474e-01	4.656794e-01	8.035603e-01	3.349648e-01	5.209081e-01	1.536200e-01	6.617951e-01	4.807487e-01	4.825109e-01	6.804601e-01	1.019206e+00	4.989451e-01	6.912311e-01	1.138209e-01
5.181573e-01	5.231452e-01	7.728000e-01	6.968219e-01	4.933877e-01	7.696682e-01	7.740905e-01	7.674095e-01	9.031255e-01	5.401808e-01	6.098599e-01	6.417595e-01	3.608004e-01	4.180888e-01	1.023106e-01	4.198308e-01	5.812549e-01	4.458244e-01	5.192418e-01	7.797183e-01	7.687939e-01	8.822141e-01	3.790688e-01	1.658457e-01	5.923862e-01	4.221890e-01	4.152623e-01	9.683403e-01	5.579554e-01	4.797393e-01	5.496504e-01	8.473662e-01	6.434638e-01	5.304815e-01	-5.657125e-02	5.451188e-01	6.280907e-01	9.965517e-01	1.237671e-01	6.134946e-01
1.890045e-01	6.314834e-01	5.136548e-01	6.577530e-01	3.374767e-01	8.495234e-01	5.552527e-01	3.457593e-01	7.694149e-01	6.820149e-01	4.415853e-01	6.757141e-01	3.207158e-01	1.160976e+00	7.106395e-01	2.467006e-01	6.763748e-01	-3.661171e-01	2.697129e-01	5.966078e-01	5.235819e-01	6.359147e-01	5.078166e-01	6.718144e-01	9.924297e-01	1.097405e+00	6.586034e-02	6.226900e-01	6.102028e-01	5.958054e-01	5.989492e-01	8.473928e-01	2.446300e-01	6.307425e-01	4.124300e-01	8.918022e-01	5.047773e-01	5.990825e-01	1.289544e-02	5.952683e-01
5.467132e-01	5.838740e-01	7.628627e-01	8.579300e-01	1.081883e+00	3.702838e-01	1.999720e-01	6.586372e-01	6.729869e-01	7.694138e-01	8.635260e-01	6.905523e-01	8.095165e-01	8.416592e-01	5.686065e-01	1.142737e+00	6.840694e-01	2.917599e-01	1.755137e-01	3.703222e-01	1.969278e-01	9.894553e-01	6.162409e-01	6.683462e-01	6.388268e-01	1.170182e+00	5.308588e-01	1.389515e-01	7.997671e-01	4.529793e-01	5.858603e-01	1.274475e-01	5.854935e-01	8.926047e-01	3.583780e-01	7.686604e-01	4.562257e-01	3.119098e-01	4.569456e-01	1.614019e-01
7.426846e-02	6.710973e-01	1.268520e+00	3.219005e-01	4.002206e-01	1.087443e-01	5.960334e-01	9.610212e-01	1.880741e-01	6.463070e-01	8.894542e-01	1.039673e+00	6.906062e-01	1.141819e+00	3.435020e-01	1.163414e+00	5.179173e-01	1.208053e+00	8.848636e-01	4.198595e-01	7.058295e-01	5.875171e-01	8.227623e-01	1.987805e-01	7.418206e-01	3.016507e-01	5.818855e-01	2.600807e-01	1.073502e+00	4.634181e-01	7.255616e-01	3.844389e-01	7.056808e-01	1.138865e-01	8.053312e-01	1.073181e+00	1.588459e-01	8.712872e-01	7.772225e-02	2.724556e-01
2.200453e-01	4.787701e-01	3.550869e-01	-2.199305e-01	3.798384e-01	4.694347e-01	6.480787e-01	1.057184e+00	8.788916e-02	8.908482e-01	8.875674e-01	9.787670e-01	7.118885e-01	7.926397e-01	6.730078e-01	6.272547e-01	4.327469e-01	7.076295e-01	7.326830e-01	3.367887e-01	7.300933e-01	9.615932e-01	4.955390e-01	2.270573e-01	3.588461e-01	2.882728e-01	9.778831e-01	8.150748e-01	7.243143e-01	8.716656e-01	4.774457e-01	9.657219e-01	1.076286e+00	-3.713176e-01	5.717340e-03	6.824858e-01	6.118796e-01	7.392923e-01	3.647169e-01	1.149578e+00
6.245461e-01	4.418996e-01	4.349237e-01	4.125952e-01	4.762387e-01	5.269081e-01	4.765400e-01	1.093732e+00	4.748859e-01	4.107627e-01	3.153815e-01	5.074060e-01	5.785711e-01	6.434282e-01	8.179957e-01	3.650768e-01	7.975148e-01	4.539782e-01	8.167736e-01	4.253674e-01	6.125326e-01	5.571654e-01	6.009781e-01	8.231719e-01	2.604021e-01	6.420794e-01	3.121193e-01	6.074475e-01	1.471381e-01	3.506925e-01	5.360544e-01	4.995198e-01	5.578383e-01	8.145703e-01	8.613817e-01	7.014661e-01	5.857267e-01	5.831197e-01	3.729828e-01	4.872360e-01
4.216083e-01	6.269764e-01	7.811610e-01	7.098935e-01	1.132152e+00	8.738809e-01	1.722629e-01	4.854030e-01	6.458973e-01	5.712934e-01	6.459102e-01	6.003468e-01	3.815679e-01	5.689884e-01	5.343045e-01	9.901521e-01	4.245948e-01	6.563541e-01	5.894247e-01	1.766463e-01	5.480003e-01	5.088363e-01	4.804937e-01	4.590192e-01	6.037689e-01	1.928360e-01	8.958966e-01	7.476450e-01	5.319759e-01	7.871641e-01	1.971235e-01	6.474324e-01	6.024818e-01	4.604783e-01	3.149616e-01	-9.471042e-02	4.934384e-01	4.886659e-01	8.328451e-01	1.082983e+00
3.927160e-01	1.947426e-01	4.932292e-01	6.423995e-01	4.812360e-01	7.143878e-01	7.795428e-01	6.501184e-01	8.093886e-01	6.988182e-01	4.866620e-01	7.243883e-01	4.961498e-01	4.854083e-01	-1.113508e-01	5.847341e-01	4.296703e-01	2.260634e-01	7.036452e-01	8.556120e-01	6.573887e-01	1.032692e+00	4.970499e-01	-8.487185e-02	4.428113e-01	5.940955e-01	2.305519e-01	4.717619e-01	2.560851e-01	3.896120e-01	4.711428e-01	6.957171e-01	7.083167e-01	7.251642e-01	-2.699252e-03	6.272482e-01	6.675918e-01	8.284578e-01	2.755653e-01	7.106575e-01
5.204131e-01	5.799842e-01	5.099190e-01	4.232555e-01	6.106096e-01	3.762722e-01	4.262675e-01	6.381126e-01	5.139271e-01	7.880380e-01	8.008679e-01	2.953732e-01	5.071381e-01	6.729903e-01	4.893565e-01	3.613134e-01	6.586189e-01	6.414179e-01	5.205397e-01	7.665354e-01	4.354079e-01	4.334080e-01	6.429687e-01	6.493791e-01	4.294707e-01	8.099437e-01	3.172716e-01	2.164157e-01	5.746930e-01	7.350186e-01	6.358297e-01	3.998991e-01	6.422994e-01	6.912263e-01	8.583441e-01	6.337045e-01	6.585117e-01	5.265018e-01	9.166722e-01	3.473418e-01
2.449443e-01	6.954679e-01	2.887698e-01	1.127881e-01	4.029641e-01	5.023619e-01	7.367700e-01	8.602759e-01	1.379724e-01	5.461908e-01	6.675965e-01	8.275769e-01	5.492540e-01	7.337343e-01	4.260202e-01	6.904344e-01	3.913730e-01	4.980138e-01	5.386826e-01	2.668134e-01	6.598727e-01	1.040608e+00	5.646135e-01	3.581591e-01	2.310417e-01	2.948685e-01	8.133164e-01	9.695750e-01	1.069521e+00	8.877056e-01	3.382276e-01	8.904266e-01	8.557377e-01	1.257104e-01	8.594464e-02	6.115797e-01	7.382963e-01	6.292310e-01	4.003813e-01	9.633257e-01
5.358429e-01	7.935105e-01	6.155506e-01	7.758642e-01	8.376122e-01	6.355251e-01	9.167343e-02	-7.460679e-02	3.633205e-01	5.665733e-01	8.280438e-01	6.041569e-01	1.608681e-01	3.664780e-01	4.528057e-01	8.338368e-01	3.262881e-01	7.228027e-01	7.503928e-01	5.199721e-01	3.508866e-01	3.664555e-01	5.486642e-01	1.759073e-01	5.489208e-01	4.797515e-01	5.494753e-01	1.061019e+00	3.554566e-01	1.041976e+00	4.159537e-01	3.220839e-01	3.219997e-01	6.089333e-01	4.120386e-01	-1.051292e-01	6.169070e-01	2.728086e-01	4.713232e-01	6.063806e-01
5.486179e-01	5.476401e-01	7.495186e-01	8.398931e-01	8.682568e-01	3.568464e-01	4.423579e-01	6.426556e-01	5.383654e-01	4.646579e-01	5.887914e-01	5.761353e-01	8.021935e-01	8.054519e-01	7.023382e-01	7.981056e-01	6.719444e-01	4.864206e-01	1.061551e-01	4.591491e-01	3.296987e-01	7.488876e-01	5.137434e-01	9.751510e-01	6.583213e-01	7.763834e-01	4.171024e-01	3.394331e-01	6.707940e-01	5.336431e-01	5.375918e-01	4.774052e-01	7.550834e-01	8.710569e-01	4.346103e-01	3.914366e-01	2.593365e-01	4.456564e-02	3.858467e-01	2.891878e-01
4.859201e-01	1.283218e+00	-1.220427e-01	-6.388498e-02	8.335619e-01	5.259169e-01	6.748700e-01	9.050100e-01	4.624149e-01	1.206350e+00	6.287991e-01	3.185702e-01	4.261687e-01	6.214062e-01	5.570504e-01	1.387572e+00	6.670759e-01	2.350659e-01	4.817092e-01	1.234386e+00	9.748932e-01	7.357927e-01	5.171977e-01	-5.782230e-01	3.622412e-01	6.476533e-01	4.161303e-01	5.501123e-01	5.403969e-01	7.488530e-01	7.779796e-01	5.889755e-02	1.182191e+00	4.002659e-01	-1.892466e-03	1.054628e+00	8.248835e-01	3.872232e-01	7.771668e-02	9.106515e-01
5.772371e-01	2.706996e-01	4.522206e-01	5.072190e-01	7.570180e-01	6.830987e-01	9.698512e-01	1.302802e+00	8.208845e-01	3.794185e-01	1.735311e-01	9.635163e-01	2.726581e-01	3.273275e-01	9.028102e-01	2.727797e-01	4.957617e-01	1.588358e-01	7.893707e-01	6.503641e-01	3.836544e-01	4.006354e-01	7.891082e-01	2.963515e-01	2.825565e-01	5.364911e-01	3.637249e-01	1.802005e-01	3.677075e-01	5.309843e-01	2.823994e-01	4.063255e-01	4.190241e-01	1.238004e+00	7.123519e-01	4.686288e-01	4.333218e-01	6.141671e-01	4.205567e-01	1.526015e-01
4.381239e-01	5.746174e-01	6.378280e-01	7.362521e-01	1.162911e+00	2.301809e-01	3.142789e-01	8.133215e-01	5.116547e-01	4.548539e-01	4.695933e-01	9.702354e-01	8.347120e-01	6.957475e-01	6.081276e-01	5.461707e-01	4.336319e-01	4.512130e-01	1.116402e-01	4.983313e-01	3.075557e-01	7.901094e-01	7.033489e-01	9.726758e-01	9.850208e-01	8.042308e-01	9.690498e-01	3.044030e-01	6.404376e-01	5.818749e-01	4.484859e-01	5.761643e-01	3.250946e-01	1.019090e+00	4.816756e-01	5.543337e-01	4.370932e-01	-2.917450e-01	2.869543e-01	4.582982e-01
1.065710e+00	2.602632e-01	1.092144e+00	1.505554e-01	1.280914e+00	5.237905e-01	5.337361e-01	2.821588e-01	5.163400e-02	-2.024283e-01	8.013550e-01	6.668761e-01	-6.985245e-01	2.100403e+00	6.200945e-01	3.235990e-01	1.435316e-01	8.134124e-01	1.493391e-01	7.581692e-01	2.174822e-01	7.226366e-01	1.052872e+00	4.776474e-01	2.750382e-01	-4.138266e-01	3.053857e-01	6.290176e-01	1.334216e-02	3.483135e-01	6.908671e-01	4.269545e-01	6.557048e-01	1.776382e-01	1.043428e+00	1.354017e-01	8.016575e-01	1.173504e+00	6.104766e-01	6.214164e-01
7.653935e-01	3.818274e-01	6.574824e-01	4.484960e-01	8.524412e-02	2.434094e-01	5.912734e-01	8.511966e-01	3.151077e-01	2.247197e-01	6.271186e-01	8.742644e-01	1.885370e-01	2.286537e-01	5.156901e-01	9.983973e-01	1.664371e-01	5.251572e-01	4.768704e-01	8.876277e-01	4.951338e-01	6.146119e-01	6.128762e-01	4.558200e-01	6.193375e-01	3.966673e-01	5.767838e-01	8.294070e-01	6.007186e-01	6.286719e-01	7.467994e-01	4.226031e-01	8.674738e-01	6.228012e-01	7.958651e-01	7.185055e-01	7.252938e-01	3.915899e-01	3.718409e-01	4.581065e-01
1.142300e+00	-9.796602e-02	4.776216e-01	5.368731e-01	1.354748e+00	7.734904e-01	3.179144e-01	6.169527e-01	-4.048917e-01	6.985928e-01	3.742191e-01	2.330093e-01	8.162950e-01	8.355921e-02	5.713437e-01	-5.204507e-01	5.882328e-01	-2.023164e-02	-1.567613e-01	1.504816e+00	7.095802e-01	2.595343e-01	1.835607e-01	1.814931e-01	-6.911345e-02	1.275679e+00	8.184454e-01	-9.547120e-01	6.737366e-01	1.251928e+00	5.390612e-01	1.540486e-01	6.270619e-02	4.376317e-01	2.099733e+00	-1.864446e-01	1.363160e+00	1.797524e-01	1.792658e+00	-5.892561e-02
7.236799e-01	4.072148e-01	8.681149e-01	5.204798e-01	5.482749e-01	6.824340e-01	1.136738e-01	5.397918e-01	3.548015e-01	4.959940e-01	5.246146e-01	7.159240e-01	3.900089e-01	6.597897e-01	5.408135e-01	5.658345e-01	5.811704e-01	6.630833e-01	4.119012e-01	2.567969e-01	5.941452e-01	6.095125e-01	4.598441e-01	5.226540e-01	6.933238e-01	3.983922e-01	7.011126e-01	4.392823e-01	3.260962e-01	4.949308e-01	4.135422e-01	5.911837e-01	8.217730e-01	6.152418e-01	8.147841e-01	5.087936e-01	5.692977e-01	3.940213e-01	5.009277e-01	3.562277e-01
7.317253e-01	3.854934e-01	6.123214e-01	2.166359e-01	1.642047e-01	6.116072e-01	4.406485e-01	4.886339e-01	1.939620e-01	3.267506e-01	2.464370e-01	7.441800e-01	1.573900e-01	6.602354e-01	7.482123e-01	1.365195e-01	6.172956e-01	1.226893e+00	7.428112e-01	5.046134e-01	2.596081e-01	9.043140e-01	3.492174e-01	6.195616e-01	-1.623997e-02	-8.426998e-02	4.052920e-01	6.600884e-01	1.019659e-01	2.204620e-01	7.781847e-01	1.687869e-01	7.366393e-01	8.139030e-01	8.516931e-01	5.811653e-01	4.073226e-01	4.859542e-01	5.756182e-01	5.911942e-01
9.630576e-01	7.475248e-01	7.640821e-01	9.460333e-01	1.137706e+00	2.627345e-01	-9.198556e-03	1.341796e+00	6.055693e-01	1.081783e+00	9.327272e-01	6.066204e-01	9.888926e-01	6.379367e-01	1.354847e-01	1.041174e+00	7.736048e-01	1.402151e-01	6.331105e-01	6.568955e-01	7.820598e-01	5.570231e-01	1.092088e+00	3.313305e-01	8.677279e-01	1.242385e-01	7.365326e-01	1.148664e-01	5.531690e-01	8.482936e-01	2.252879e-01	-1.373347e-01	6.929230e-01	3.459655e-02	1.042221e+00	7.749001e-01	3.113292e-01	1.251274e+00	-3.103769e-01	7.265442e-01
4.602209e-01	6.589995e-01	7.211926e-01	4.242064e-01	6.185531e-01	5.195344e-01	4.768264e-01	3.074853e-01	4.375452e-01	4.160067e-01	5.286269e-01	4.311509e-01	4.777587e-01	7.327453e-01	7.193122e-01	7.754502e-01	4.977718e-01	5.415274e-01	5.448546e-01	2.106589e-01	5.832533e-01	2.218639e-01	5.172244e-01	2.974789e-01	5.586929e-01	4.286349e-01	7.032125e-01	1.171372e+00	3.186646e-01	7.914226e-01	2.675029e-01	5.403449e-01	5.804486e-01	6.953107e-01	2.982067e-01	1.019653e-01	5.350424e-01	3.651423e-01	4.667406e-01	8.357030e-01
1.100723e+00	5.382977e-01	3.783539e-01	-8.759118e-02	-2.364576e-01	2.525240e-01	4.112254e-01	4.663032e-01	6.153885e-01	5.526559e-01	1.111286e+00	8.994523e-01	3.796303e-01	1.790114e+00	4.126765e-03	3.752589e-01	1.727907e+00	-6.564332e-02	9.446444e-01	3.565628e-01	3.951711e-02	2.186433e-01	8.427283e-01	4.241204e-01	1.400301e+00	1.372999e+00	9.543376e-01	8.162124e-01	7.943831e-01	3.397162e-01	4.215036e-01	8.354283e-01	1.247470e+00	8.948796e-01	1.217503e+00	1.258425e+00	5.168853e-01	1.763904e+00	-1.027711e-01	3.916763e-01
3.853932e-01	4.719459e-01	2.703040e-01	2.238616e-01	5.975125e-01	3.477265e-01	4.145951e-01	1.113826e+00	3.856401e-01	9.920037e-01	5.146557e-01	2.481284e-01	4.585243e-01	7.323386e-01	7.169841e-01	6.563763e-01	8.719968e-01	4.529655e-01	4.447388e-01	5.766287e-01	8.135096e-01	2.764603e-01	7.505199e-01	7.052803e-01	6.096554e-01	5.593193e-01	8.570208e-01	5.861396e-01	8.180884e-01	7.478983e-01	7.988406e-01	5.649349e-01	6.637029e-01	6.746576e-01	3.175552e-01	3.914338e-01	7.640822e-01	6.510733e-01	4.840301e-01	1.901056e-01
1.037140e+00	5.039196e-01	1.103958e+00	3.773501e-01	-1.106557e-01	5.768180e-01	5.013983e-01	1.162846e+00	1.677091e-01	5.410315e-01	-7.581630e-02	6.137127e-01	9.311170e-02	2.840596e-01	1.005674e+00	3.563106e-01	9.808585e-01	1.189586e+00	9.114362e-02	6.547299e-02	5.281243e-01	3.842287e-01	1.875109e-02	5.500744e-01	1.289288e-01	2.154480e-02	5.139608e-01	7.007792e-01	2.556667e-01	5.544004e-01	8.096048e-01	4.206593e-01	5.176894e-01	6.425915e-01	9.347521e-01	1.281031e+00	7.592523e-01	1.777683e-01	7.933077e-01	2.153615e-01
5.703975e-01	7.375551e-01	9.928737e-01	3.583421e-01	6.599103e-01	6.591050e-01	4.815325e-02	5.804194e-01	6.272948e-01	5.136109e-01	4.928311e-01	6.990315e-01	5.829268e-01	7.147136e-01	4.421920e-01	6.247710e-01	7.738313e-01	6.052653e-01	4.590181e-01	2.603989e-01	7.857827e-01	6.100774e-01	5.481961e-01	4.942555e-01	7.019199e-01	2.968507e-01	9.435869e-01	4.742186e-01	3.830294e-01	5.250936e-01	2.419192e-01	6.416576e-01	7.704759e-01	6.169430e-01	6.985921e-01	4.932829e-01	5.941770e-01	4.020758e-01	4.507136e-01	6.961869e-01
5.598116e-01	8.561957e-01	8.100331e-02	7.251306e-01	5.113451e-01	3.526096e-01	6.032014e-01	1.658227e-01	4.578741e-03	2.037355e-01	8.826650e-01	4.461291e-01	4.816582e-01	9.743482e-01	6.963509e-01	2.224716e-01	2.434173e-01	3.103050e-01	7.010210e-01	3.245780e-01	2.480692e-01	1.117169e+00	4.873556e-01	6.255597e-01	7.337088e-01	4.795933e-01	3.764010e-01	8.070171e-01	5.931115e-01	6.480667e-01	2.687270e-01	7.505290e-01	7.587519e-01	6.330936e-01	4.999625e-03	7.453705e-01	5.024325e-01	5.787220e-01	5.325294e-01	1.121283e-01
4.845728e-01	5.076806e-01	2.837487e-01	6.494257e-01	7.506091e-01	1.896213e-01	5.159723e-01	5.578005e-01	5.361138e-01	9.029461e-01	4.205555e-01	6.098825e-01	4.468258e-01	6.281005e-01	5.817796e-01	5.424550e-01	5.653874e-01	4.504282e-01	7.127323e-01	6.894862e-01	5.579199e-01	5.103448e-01	5.072587e-01	6.772915e-01	6.103312e-01	7.973631e-01	3.580973e-01	9.440755e-01	5.424735e-01	5.087092e-01	1.286253e-01	5.235187e-01	8.757409e-01	8.185635e-01	5.435259e-01	4.210102e-01	5.634106e-01	3.831290e-01	1.765295e-01	4.552371e-01
-2.935177e-02	9.437791e-01	6.809310e-01	1.267707e-01	2.151625e-01	2.669796e-01	8.609936e-01	4.369157e-01	-1.730044e-01	4.324703e-01	7.003323e-01	6.232570e-01	7.448059e-01	3.574546e-01	5.651844e-01	2.393835e-01	3.702919e-01	4.911945e-01	6.855651e-01	7.327028e-01	8.138786e-01	1.059660e+00	3.339655e-01	-1.158504e-01	3.815216e-01	3.829406e-01	5.869393e-01	9.138036e-01	6.967511e-01	4.543624e-01	7.827094e-01	4.980563e-01	5.530684e-01	2.175557e-01	1.505515e-01	5.260619e-01	3.719981e-01	6.503364e-01	3.210590e-01	4.025099e-01
8.467455e-01	3.061014e-01	2.497044e-01	3.093690e-01	6.613345e-01	6.117385e-01	7.659126e-01	8.928609e-01	6.060285e-01	3.891085e-01	-3.368680e-02	3.068861e-01	6.099898e-01	5.954566e-01	5.012200e-01	5.896512e-01	4.233199e-01	5.381151e-01	5.930480e-01	5.610750e-01	2.870066e-01	6.255326e-01	5.826858e-01	2.349962e-01	2.281329e-01	1.970124e-01	2.596315e-01	9.113751e-01	5.542079e-01	4.000900e-01	4.736462e-01	4.824534e-01	6.514617e-01	8.652880e-01	8.040574e-01	6.234035e-01	7.992064e-01	6.113037e-01	5.040138e-01	4.263985e-01
9.109556e-01	8.270326e-03	5.255877e-01	3.869023e-01	8.494229e-01	6.453149e-01	7.257828e-01	5.098243e-01	3.194398e-01	2.748889e-01	2.936909e-01	6.864614e-01	4.364080e-02	8.425101e-01	1.170487e+00	1.231749e-01	7.022805e-01	7.605364e-01	3.685686e-01	4.209993e-01	2.136426e-01	3.815259e-01	4.414658e-01	1.644568e-01	2.855857e-01	-5.036720e-02	6.800076e-01	9.791043e-01	3.383978e-01	8.077680e-01	7.101603e-01	6.040128e-01	5.695778e-01	5.314909e-01	6.785296e-01	5.743415e-01	6.883971e-01	8.895924e-01	2.867467e-01	6.137181e-01
9.982464e-01	3.617160e-01	4.535123e-01	7.068738e-01	3.848923e-01	5.282173e-01	4.049691e-01	8.753185e-01	2.198803e-01	6.477310e-01	7.299820e-01	1.025408e+00	7.597353e-01	6.896369e-01	4.552240e-01	1.028381e+00	5.751989e-01	6.567653e-01	4.205985e-01	3.580652e-01	6.496477e-01	5.742390e-01	9.971283e-01	8.244353e-01	1.120483e+00	8.631125e-02	4.128755e-01	8.525817e-01	3.684828e-01	4.734922e-01	4.242657e-01	3.971200e-01	6.338707e-01	6.774874e-01	7.515452e-01	1.010075e+00	6.842755e-01	4.433325e-01	4.090740e-01	3.494997e-01
-2.729268e-01	1.746926e+00	5.301613e-01	1.049428e+00	-5.304063e-01	-8.502905e-01	1.010593e+00	9.393688e-01	2.159843e+00	1.778192e-01	8.061959e-01	7.998259e-01	1.205460e+00	-4.256085e-01	-1.262181e+00	1.541113e+00	2.078696e+00	3.533158e-01	8.065582e-01	1.387760e+00	1.424534e+00	-2.858806e-02	1.295630e+00	1.088240e+00	9.456919e-01	-7.096129e-01	9.739037e-01	2.366036e+00	-2.657710e-01	3.021093e+00	6.627460e-01	7.109853e-01	1.645196e+00	-6.596425e-01	4.972506e-01	3.443859e-01	2.238014e-01	-4.742805e-01	-3.742963e-01	2.527562e+00
5.259095e-01	9.842317e-01	-9.457757e-02	6.485052e-01	5.026858e-01	7.946937e-01	2.017553e-01	7.580230e-01	2.005694e-01	5.119749e-01	7.548305e-01	8.383089e-01	9.800993e-01	4.481199e-01	2.959038e-01	1.191905e+00	1.162870e+00	1.017712e+00	1.250650e+00	8.826175e-01	-2.977660e-02	7.257734e-01	5.092470e-01	5.375688e-01	1.717633e-01	-2.185593e-01	3.353496e-01	5.124841e-01	1.007552e+00	1.276875e-01	1.045659e+00	5.609524e-01	3.802608e-01	2.453252e-02	-4.171903e-02	9.888716e-01	5.005110e-01	5.759338e-01	1.110564e-01	5.894841e-01
6.238231e-01	-2.231059e-01	6.108995e-01	-3.623260e-02	1.234641e+00	9.969784e-01	6.721310e-01	1.276335e+00	-1.497758e-01	4.057857e-02	6.349108e-02	5.103394e-01	1.184838e+00	1.087467e+00	-4.176978e-01	7.242081e-01	1.117716e+00	2.050750e-01	1.766079e-01	6.899492e-01	4.259185e-01	4.772448e-01	2.462602e-01	3.107924e-01	5.359271e-01	6.580271e-01	1.538441e-01	4.293865e-01	6.688260e-01	9.905249e-01	2.744184e-01	-3.031659e-01	3.058765e-01	1.533665e+00	1.659162e-01	2.821713e-02	1.747903e+00	1.661341e-01	6.301796e-01	5.307943e-01
1.019706e+00	2.899105e-01	1.193785e-01	4.679201e-02	6.723977e-01	4.152990e-01	7.299423e-01	3.608298e-01	1.877792e-01	5.010700e-01	-1.137541e-01	4.003582e-02	3.716671e-01	-1.219931e-01	2.976928e-01	5.614377e-01	6.878723e-01	4.080055e-01	1.898035e-01	6.451623e-01	-3.793530e-01	1.094138e+00	3.379323e-01	5.390436e-01	1.408233e-01	6.895588e-02	-4.405357e-01	3.455696e-01	7.578462e-01	5.348714e-01	6.850905e-01	3.445992e-02	1.032509e+00	4.569332e-01	1.258362e+00	6.637839e-01	1.350561e+00	-9.668306e-02	8.106410e-01	4.707159e-01
4.823423e-01	1.956534e-01	3.887887e-01	4.485090e-01	5.754237e-01	6.272877e-01	3.913203e-01	7.446740e-01	4.636960e-01	2.665985e-01	8.957582e-01	3.123728e-01	1.503361e-01	9.023839e-01	5.854955e-01	4.454039e-01	8.293549e-01	9.316200e-01	5.679899e-01	5.045904e-01	6.481610e-01	6.571501e-01	6.278637e-01	6.022291e-01	5.335833e-01	1.041893e+00	1.509509e-01	4.530240e-01	6.525697e-01	8.174074e-01	5.964291e-01	3.184880e-01	7.010128e-01	9.613578e-01	5.306925e-01	8.773296e-01	6.267605e-01	6.222919e-01	9.071112e-01	3.004320e-01
6.940846e-01	5.368186e-01	3.758714e-01	4.109382e-01	4.506795e-01	4.115806e-01	4.957252e-01	4.582984e-01	6.434866e-01	3.077609e-01	7.540981e-01	4.519459e-01	5.299899e-01	5.588848e-01	4.984137e-01	7.867512e-01	6.701329e-01	3.660222e-01	4.990174e-01	7.980966e-01	6.926584e-01	6.471252e-01	7.711713e-01	3.419663e-01	5.244330e-01	8.590159e-01	4.869510e-01	3.058891e-01	9.849478e-01	5.292020e-01	5.219352e-01	5.791974e-01	4.200226e-01	8.491486e-01	5.790361e-01	8.260712e-01	6.663517e-01	6.563214e-01	2.837888e-01	6.079758e-01
2.025314e-01	3.605865e-01	5.088122e-01	6.380457e-01	7.392447e-01	6.630591e-01	6.532703e-01	8.677721e-01	7.186635e-01	8.042315e-01	7.128824e-01	5.957895e-01	5.487728e-01	4.178278e-01	-1.098154e-01	4.719055e-01	7.954370e-01	1.781406e-01	7.106549e-01	9.139410e-01	8.317169e-01	7.957440e-01	6.547166e-01	1.892149e-01	4.044292e-01	6.014334e-01	1.402526e-01	2.583956e-01	3.162806e-01	1.300296e-01	6.923362e-01	5.396123e-01	7.239693e-01	7.996905e-01	-2.885290e-02	4.687592e-01	5.891298e-01	8.276040e-01	5.940151e-01	7.570522e-01
6.328416e-01	7.688161e-01	5.985715e-01	8.918510e-01	9.987558e-01	8.842540e-01	2.895452e-01	7.063333e-01	4.729837e-01	7.333855e-01	4.009507e-01	6.035203e-01	3.318935e-01	2.584745e-01	2.322111e-01	8.691845e-01	4.176193e-01	6.972529e-01	7.656028e-01	4.063425e-01	3.178518e-01	8.121308e-01	6.471742e-01	3.056233e-01	7.524101e-01	6.952044e-01	4.930790e-01	1.046848e+00	9.812074e-01	8.845397e-01	2.047649e-01	5.390187e-01	4.478141e-01	3.788722e-01	2.738787e-01	4.032744e-01	7.794334e-01	7.007691e-01	3.926703e-01	6.127021e-01
2.239827e-01	7.257012e-01	5.275164e-02	3.799675e-01	8.097575e-01	8.483231e-01	1.833615e-01	6.782691e-01	1.590563e-01	1.078404e+00	2.335198e-01	7.851668e-01	9.597366e-01	6.209928e-01	-1.259687e-01	7.124279e-01	1.255689e+00	1.051499e+00	5.208309e-01	1.110873e+00	1.095573e+00	5.147168e-01	-4.304536e-02	-3.389040e-01	9.959196e-04	9.192162e-01	1.305200e+00	1.046684e+00	5.792460e-01	1.754526e-01	4.139851e-01	4.348304e-01	4.845027e-01	6.903751e-01	-4.439156e-01	1.111854e+00	1.298006e+00	7.297326e-01	5.238493e-01	1.378546e+00
4.737162e-01	8.937477e-02	8.105748e-01	1.326740e+00	8.069476e-01	4.039307e-01	1.069647e+00	9.362477e-01	6.478788e-01	4.576753e-01	1.730718e-01	3.639438e-01	5.719767e-01	3.160082e-01	5.286023e-01	5.335643e-01	5.698486e-01	-8.652596e-02	6.619192e-01	3.978649e-01	2.047267e-01	4.168113e-01	6.443255e-01	7.212446e-01	5.061925e-01	-4.814755e-01	3.187393e-01	3.235511e-01	6.111967e-01	3.688121e-01	1.242432e-01	-1.482340e-01	9.405553e-01	1.559119e-01	8.381807e-01	1.097684e+00	3.237594e-01	1.378345e+00	7.853137e-01	-4.243764e-02
3.466106e-01	4.556755e-01	2.425655e-01	4.347975e-01	6.975450e-01	1.529587e-01	6.347953e-01	5.938480e-01	5.195076e-01	1.000556e+00	4.051702e-01	6.560737e-01	5.117958e-01	6.538951e-01	4.015427e-01	2.804671e-01	8.175449e-01	5.448574e-01	8.245329e-01	5.162252e-01	7.325796e-01	4.694460e-01	3.399857e-01	6.979175e-01	6.735425e-01	4.928522e-01	5.068432e-01	8.362709e-01	5.860188e-01	5.206397e-01	1.658135e-01	4.392164e-01	6.644099e-01	8.002380e-01	3.731644e-01	4.384107e-01	4.475977e-01	6.388072e-01	2.881927e-01	4.855667e-01
7.417214e-01	5.956641e-01	8.802511e-02	6.474272e-01	5.067244e-01	6.017959e-01	9.193101e-01	3.534901e-01	4.872821e-01	3.589438e-01	7.799348e-01	4.013639e-01	6.037443e-01	9.399205e-01	4.489695e-01	5.221869e-01	4.782205e-01	2.909203e-01	4.902107e-01	4.328215e-01	4.136329e-01	9.458136e-01	5.179240e-01	3.654156e-01	8.551547e-01	6.063416e-01	2.243682e-01	6.540452e-01	8.946888e-01	5.895860e-01	4.857998e-01	9.079320e-01	6.352389e-01	4.760340e-01	1.745670e-01	6.799148e-01	5.962588e-01	6.239008e-01	3.352898e-01	3.223639e-01
3.506796e-01	3.229514e-01	4.105565e-01	5.146435e-01	4.557124e-01	5.423257e-01	6.786830e-01	1.190824e+00	-1.484239e-02	1.262131e+00	5.336467e-01	3.388208e-01	-5.136027e-02	4.842431e-01	7.913005e-01	4.966468e-01	4.998103e-01	-7.342898e-02	4.308025e-01	6.476005e-01	1.067900e+00	3.889762e-01	8.395480e-01	2.806772e-01	2.406332e-01	8.230744e-01	9.148815e-01	7.754103e-01	7.513493e-01	5.892255e-01	6.834539e-01	1.216573e-01	5.672125e-01	6.820032e-01	7.446429e-01	7.619297e-01	8.314156e-01	7.926262e-01	5.458753e-01	3.816167e-01
7.514864e-01	-2.160688e-01	7.073458e-01	1.189501e+00	1.022022e+00	-5.833781e-01	4.910850e-01	-3.369477e-01	3.038576e-01	-5.677846e-01	5.075714e-01	-6.864125e-01	8.640388e-01	-9.945243e-02	1.248596e+00	1.042625e+00	1.151095e+00	5.029266e-02	7.749771e-01	1.087615e+00	1.282255e+00	3.509451e-02	8.680222e-01	-4.052002e-01	1.095529e+00	1.531248e+00	3.762368e-02	1.414268e+00	-9.470926e-01	1.632611e+00	2.145579e+00	1.613937e-01	4.976458e-01	8.020987e-01	-4.149621e-01	-5.143419e-01	1.872231e-01	6.928035e-01	7.627646e-01	1.400415e+00
4.498283e-02	1.387997e+00	9.378417e-01	1.163062e-01	1.430178e+00	3.836899e-01	1.325695e+00	9.819328e-01	8.819189e-01	1.159229e+00	2.151613e+00	7.446245e-01	9.970570e-01	1.089676e+00	8.885188e-01	1.162744e+00	1.876964e-02	8.759526e-02	1.722088e+00	4.115173e-01	1.495134e+00	4.592865e-01	1.816765e+00	1.342786e+00	2.288674e-01	3.543388e-01	1.784930e+00	2.282824e-01	6.837980e-02	-1.294002e-02	8.073860e-01	4.897908e-01	3.281458e-01	4.556250e-01	4.538306e-01	2.289771e-01	3.512759e-01	6.602022e-01	5.795442e-01	6.047430e-01
3.860901e-01	1.036451e+00	9.595080e-01	3.917643e-01	9.034414e-01	4.064411e-01	4.190664e-01	5.274873e-01	1.265496e+00	6.181165e-01	8.888478e-01	2.705675e-01	5.426454e-01	5.025021e-01	6.550495e-01	5.745177e-01	4.287869e-01	-3.485799e-02	7.656332e-01	7.721849e-01	4.482439e-01	8.381139e-01	7.858785e-01	4.340757e-01	8.829896e-01	7.748559e-01	2.757487e-01	1.144410e+00	5.136551e-01	5.510854e-01	4.207081e-01	3.252837e-01	-5.228468e-03	6.938963e-01	5.935958e-01	7.088902e-01	1.333895e-01	5.622402e-01	-3.146982e-01	4.109235e-01
6.806059e-01	6.504472e-01	2.274933e-01	5.991953e-01	6.890764e-01	4.068878e-01	6.650585e-01	3.285354e-01	4.556371e-01	1.433822e-01	5.778807e-01	3.902979e-01	8.448591e-01	9.076781e-01	5.925240e-01	4.602449e-01	3.422502e-01	2.280518e-01	6.192079e-01	4.004964e-01	4.687772e-01	1.184631e+00	4.284774e-01	4.592201e-01	8.375248e-01	3.898298e-01	6.392775e-02	6.093488e-01	7.656480e-01	6.827468e-01	3.820321e-01	9.291541e-01	6.159265e-01	6.325653e-01	4.669470e-01	4.349900e-01	3.439113e-01	6.650024e-01	1.917715e-01	4.218800e-01
4.972560e-01	3.404441e-01	1.334945e-01	1.127199e-01	7.090437e-01	5.296248e-01	6.725522e-01	8.560624e-01	4.811436e-01	7.776055e-01	6.071274e-01	2.419602e-01	4.617733e-01	4.615006e-01	5.536017e-01	6.553011e-01	8.818847e-01	5.025560e-01	4.708765e-01	4.802573e-01	7.733652e-01	4.023304e-01	4.726567e-01	5.445226e-01	8.492933e-01	1.628979e-01	8.612662e-01	7.840412e-01	7.778028e-01	7.956382e-01	7.320181e-01	5.908921e-01	8.497341e-01	7.014402e-01	3.097810e-01	4.572857e-01	3.708004e-01	8.040642e-01	4.159866e-01	2.546442e-01
3.947928e-01	7.184109e-01	4.905435e-01	8.254679e-01	1.057867e+00	-4.333926e-01	1.274285e+00	4.476368e-01	2.523475e-01	6.814932e-01	8.677218e-01	9.800029e-01	1.419671e+00	5.488489e-01	9.468723e-01	4.093491e-01	-1.344131e-01	1.617860e-01	-2.391062e-02	1.327735e+00	-3.182042e-01	4.523735e-01	8.310249e-01	8.222499e-01	8.170055e-01	3.111945e-02	6.235496e-02	3.991905e-01	5.075370e-01	6.331433e-01	1.243351e-01	6.014483e-01	5.447341e-01	1.111325e+00	5.896301e-01	5.824185e-01	7.927973e-02	-1.416703e-01	-4.673917e-02	6.392234e-01
5.481175e-01	5.947181e-01	6.605950e-01	2.034190e-01	9.720570e-01	7.981372e-01	6.759877e-01	1.342514e-01	6.720114e-01	5.566583e-01	4.145254e-01	4.248945e-01	2.651219e-01	6.271556e-01	1.373684e-01	6.019459e-01	4.882806e-01	7.101139e-01	8.830444e-01	9.252167e-02	5.373215e-01	2.905334e-01	5.283845e-01	3.192177e-01	5.373911e-01	7.627501e-01	9.432722e-01	1.069477e+00	-3.108902e-02	3.815606e-01	1.783390e-01	4.059343e-01	4.339436e-01	1.971089e-01	1.581013e-01	5.928502e-01	8.999959e-01	5.712858e-01	6.421456e-01	1.255930e+00
4.565363e-01	1.821164e-02	1.045980e-02	-2.726513e-02	4.772415e-01	8.365733e-01	7.540051e-01	9.621362e-01	4.278458e-01	8.165761e-01	3.805351e-01	9.059250e-01	6.952262e-01	1.206442e+00	-1.283318e-01	9.666464e-01	2.422830e-01	8.498470e-01	3.451602e-01	2.862652e-02	7.012939e-01	8.606886e-01	6.226624e-01	6.247548e-01	5.005930e-01	2.452179e-01	1.316091e+00	8.295446e-01	9.312049e-01	1.232840e+00	2.112468e-01	1.047507e+00	9.329981e-01	3.927033e-01	-1.044152e-01	4.675724e-01	5.514587e-01	6.601521e-01	2.577030e-01	1.249385e+00
7.635109e-01	2.343697e-01	5.120300e-01	5.612224e-01	5.652809e-01	7.144797e-01	7.910559e-01	1.121136e+00	3.328872e-01	6.499768e-02	1.301570e-01	3.951765e-01	4.006246e-01	6.017777e-01	2.651901e-01	1.956988e-01	2.208883e-01	7.008031e-01	1.104465e+00	6.875217e-01	3.483039e-01	6.070475e-01	4.723241e-01	9.216987e-01	3.073495e-01	4.144830e-01	5.636832e-01	6.535584e-01	3.316336e-01	2.830683e-01	7.000807e-01	3.007588e-01	5.560307e-01	1.232958e+00	1.242912e+00	5.754947e-01	6.018380e-01	6.766237e-01	4.705371e-01	3.876598e-01
2.374563e-01	6.934328e-01	3.815268e-01	1.901625e-01	3.575625e-01	4.689993e-01	7.120020e-01	7.964695e-01	8.692229e-02	6.220965e-01	7.930874e-01	7.277591e-01	5.497442e-01	8.930369e-01	3.266895e-01	7.648396e-01	3.576858e-01	5.346309e-01	6.428902e-01	1.252905e-01	6.715338e-01	9.685577e-01	5.914468e-01	5.217867e-01	2.761357e-01	3.486205e-01	8.752759e-01	9.147159e-01	9.933592e-01	9.213883e-01	2.820307e-01	8.857629e-01	9.052315e-01	1.292138e-01	-3.922820e-02	5.831775e-01	7.783542e-01	6.163778e-01	4.725959e-01	1.124450e+00
2.699088e-01	6.448152e-01	4.830037e-01	6.312329e-01	3.521640e-01	7.849076e-01	4.819840e-01	2.667534e-01	6.638269e-01	7.404909e-01	5.994205e-01	6.204326e-01	2.854147e-01	9.395777e-01	6.083841e-01	2.651165e-01	5.715807e-01	-3.846826e-01	2.992898e-01	6.602055e-01	5.187412e-01	6.733804e-01	4.617478e-01	5.800868e-01	8.555254e-01	1.097585e+00	9.630674e-02	4.911375e-01	6.073908e-01	5.852104e-01	6.152650e-01	7.283365e-01	1.487495e-01	5.230500e-01	3.965778e-01	8.652917e-01	5.526841e-01	6.569985e-01	1.060462e-02	6.221825e-01
4.673430e-01	3.853735e-01	2.582396e-01	7.546700e-01	5.088929e-01	-1.170743e-01	3.230968e-01	1.267147e+00	2.621602e-02	3.482547e-01	3.476712e-01	5.284782e-01	1.088294e-01	1.642130e+00	2.442628e-01	1.802901e-01	7.466559e-01	4.540560e-01	1.380786e+00	6.322190e-01	4.563004e-01	3.886484e-01	4.775731e-01	4.894206e-01	3.843105e-01	1.004879e+00	4.563441e-01	5.743035e-01	1.498583e-01	5.055359e-01	5.154827e-02	1.688916e-01	7.774405e-01	4.606620e-01	1.741064e+00	1.270062e+00	3.370042e-01	8.018742e-01	8.260643e-01	6.354353e-01
1.431680e+00	3.310244e-01	5.162331e-01	7.822120e-01	4.807068e-01	9.503087e-01	-1.340383e-01	9.075574e-01	2.656767e-01	9.647678e-01	4.129195e-01	8.310913e-01	5.321780e-01	6.191554e-01	7.946468e-01	7.112342e-01	1.061688e+00	5.067466e-01	1.936248e-01	5.566792e-01	1.157794e+00	7.481737e-01	4.584004e-01	7.279757e-01	8.760111e-01	6.314752e-01	1.045099e+00	9.385189e-01	8.182659e-01	9.325607e-01	1.701130e-01	5.354676e-01	1.399369e+00	1.107314e+00	1.016157e+00	1.133554e+00	9.073805e-01	8.183507e-02	1.175056e+00	4.366987e-01
6.840034e-01	5.809350e-01	5.094701e-01	9.416591e-01	7.108881e-01	3.135098e-01	3.637815e-01	7.890934e-01	6.049407e-01	2.105099e-01	4.883307e-01	7.370893e-01	8.972080e-01	6.393712e-01	3.714160e-01	8.686208e-01	2.205301e-02	4.494606e-01	-4.900848e-02	1.275975e+00	8.920766e-01	6.851992e-01	7.132029e-01	5.764665e-01	4.945115e-01	7.502685e-02	5.698530e-01	5.039816e-01	4.790549e-01	1.165952e-01	5.438958e-01	3.961962e-01	9.929166e-01	7.573206e-01	9.822027e-01	2.583956e-01	5.626931e-01	5.041900e-01	1.837334e-01	2.654045e-01
5.621742e-01	6.458257e-01	-9.783630e-03	2.983878e-01	8.727771e-01	5.193304e-01	4.187126e-01	1.243882e+00	3.590927e-01	9.739587e-01	5.811596e-01	-6.563899e-02	4.769131e-01	6.588200e-01	1.095560e+00	6.218231e-01	1.252462e+00	2.365823e-01	6.591170e-01	9.406108e-01	6.010658e-01	1.882546e-02	9.380647e-01	6.222985e-01	7.093319e-01	8.714109e-01	6.693013e-01	5.182808e-01	1.127502e+00	5.674838e-01	1.111770e+00	6.931351e-01	6.357360e-01	4.658997e-01	5.263427e-01	4.199459e-01	7.536355e-01	7.309875e-01	4.893447e-01	1.019502e-01
4.523746e-01	4.682326e-01	3.455322e-01	2.441030e-01	1.036763e+00	3.864258e-01	7.118306e-01	8.185994e-01	5.100669e-01	1.004313e+00	4.994678e-01	3.204140e-01	3.605101e-01	5.240343e-01	5.788469e-01	7.386936e-01	9.669349e-01	5.536546e-01	7.107261e-01	3.507466e-01	5.358694e-01	3.983545e-01	5.916231e-01	4.702237e-01	9.321423e-01	8.032066e-02	6.861264e-01	6.246646e-01	8.166495e-01	9.799751e-01	8.839914e-01	7.244693e-01	6.306190e-01	6.640401e-01	4.430620e-01	4.688450e-01	2.800711e-01	8.863285e-01	6.710973e-01	1.908587e-01
4.680004e-01	3.420709e-01	2.894980e-01	2.215552e-01	6.807609e-01	4.902606e-01	5.506362e-01	8.645296e-01	4.150777e-01	8.691151e-01	7.082868e-01	2.193449e-01	5.378668e-01	3.463107e-01	5.352556e-01	5.279903e-01	8.470190e-01	5.504072e-01	4.939404e-01	4.619685e-01	6.767521e-01	3.492678e-01	5.616779e-01	5.605225e-01	8.358709e-01	1.106856e-01	1.018761e+00	7.030291e-01	7.180239e-01	8.305441e-01	7.719115e-01	6.177951e-01	7.625760e-01	6.671834e-01	2.610279e-01	4.351221e-01	4.671739e-01	7.625545e-01	4.656328e-01	2.787349e-01
-3.144788e-01	-6.370841e-01	6.556667e-01	2.319119e+00	1.201419e+00	1.759877e+00	1.068995e+00	8.229579e-01	1.107763e+00	3.661717e-01	4.227807e-01	7.313226e-01	-2.427256e-01	1.266504e+00	-3.627148e-01	2.293042e+00	1.461497e+00	-9.516729e-01	2.018576e+00	8.541789e-01	3.618274e-01	-1.800753e+00	-1.084235e+00	-9.927618e-01	1.260465e+00	4.442134e-01	1.270075e+00	-1.430219e+00	8.892242e-01	1.189557e+00	7.545202e-01	-1.466231e+00	-1.124622e-01	1.648961e+00	1.773843e+00	2.026098e+00	5.847665e-02	1.785355e+00	1.288444e+00	-8.984122e-01
6.822135e-01	1.198056e+00	5.562384e-01	1.204012e+00	8.367952e-01	7.700559e-01	6.822873e-01	1.450496e+00	4.043843e-01	8.689185e-01	7.447208e-01	3.951736e-01	4.426609e-01	5.394320e-01	7.205140e-01	1.643248e+00	7.372508e-01	1.125456e+00	5.040714e-01	9.743751e-01	8.608167e-01	7.232838e-01	5.646608e-01	4.476551e-01	9.892187e-01	6.286291e-01	1.249005e+00	3.181886e-01	8.970278e-01	4.410890e-01	6.918418e-01	8.041122e-01	2.906705e-01	3.144477e-01	7.063199e-02	4.827586e-01	4.203513e-01	3.082703e-01	5.790787e-01	8.406852e-01
4.675467e-01	2.407188e-01	7.613107e-01	5.826636e-01	2.813290e-01	8.722439e-01	7.458453e-01	8.939652e-01	8.762245e-01	6.008813e-01	5.833916e-01	6.576932e-01	4.025498e-01	6.862297e-01	3.767679e-02	4.525509e-01	1.637549e-01	2.473710e-01	4.669940e-01	8.560302e-01	7.860287e-01	1.070681e+00	1.984914e-01	-3.208004e-01	6.804051e-01	6.094730e-01	5.352662e-01	6.394204e-01	1.898709e-01	5.412603e-01	4.491465e-01	7.041939e-01	5.361143e-01	6.697093e-01	7.491257e-02	6.203605e-01	6.559718e-01	9.558318e-01	-5.954249e-03	7.203371e-01
1.014077e+00	9.826130e-01	5.982624e-01	6.225627e-01	9.734962e-01	5.426164e-01	5.196112e-01	4.876279e-01	1.038659e+00	4.761599e-01	1.424076e+00	9.002834e-01	-3.085090e-02	6.297278e-01	5.315348e-01	1.248545e+00	1.547990e+00	4.758559e-01	1.456444e-01	2.983336e-01	6.822169e-01	1.802210e-01	1.009162e+00	1.329825e-01	7.596655e-01	8.321404e-01	8.671690e-01	2.404213e-01	4.541400e-01	8.629864e-01	4.395330e-01	8.592395e-01	6.506599e-01	1.020166e+00	1.232781e+00	1.492265e+00	3.851201e-01	5.419000e-01	2.396255e-01	4.554440e-01
7.819369e-01	8.897688e-01	2.384891e-01	3.811757e-01	4.211076e-01	4.962461e-01	7.082846e-01	4.487816e-01	4.518410e-01	4.360028e-01	5.194819e-01	5.334211e-01	5.989815e-01	1.084421e+00	3.637505e-01	5.917982e-01	3.644348e-01	5.417071e-01	9.585343e-01	2.864523e-01	3.327376e-01	1.117184e+00	1.009986e+00	6.505455e-01	6.936066e-01	4.398306e-01	2.246123e-02	6.483854e-01	6.228350e-01	3.659824e-01	6.831465e-01	7.557978e-01	7.007972e-01	3.611454e-01	1.113594e-01	4.313881e-01	3.191853e-01	7.747760e-01	1.759726e-01	2.333656e-01
3.146778e-01	1.167278e+00	7.328858e-01	-8.770223e-03	6.936655e-01	6.348834e-01	5.690914e-01	4.069563e-01	1.288257e+00	6.464396e-01	5.154825e-01	6.785020e-01	1.097447e+00	5.535935e-01	8.939054e-01	1.031312e+00	6.410864e-01	-1.107328e-01	7.079123e-01	1.200932e+00	2.448769e-01	5.727894e-01	6.372280e-01	5.778440e-01	4.610653e-01	7.753602e-01	4.338314e-01	9.784452e-01	4.442280e-01	4.893832e-01	6.291378e-01	7.307152e-01	2.444026e-01	6.197144e-01	1.429584e-01	3.120358e-01	3.267458e-01	4.154438e-01	-1.882785e-01	3.325567e-01
5.793145e-01	5.043088e-01	4.726054e-01	4.599591e-01	6.964777e-01	8.278383e-01	6.587661e-01	7.416607e-01	5.144371e-01	3.474547e-01	1.132160e+00	2.309982e-01	2.083038e-01	6.273651e-01	6.152754e-01	4.427831e-01	6.641893e-01	6.901808e-01	7.090075e-01	6.442846e-01	5.052080e-01	3.132881e-01	5.076642e-01	6.134501e-01	8.613574e-01	1.217379e+00	2.183842e-01	3.358610e-01	6.608967e-01	5.989655e-01	5.542537e-01	2.322851e-01	6.477529e-01	1.029346e+00	4.655199e-01	6.929552e-01	8.265700e-01	6.539023e-01	8.551205e-01	5.673805e-01
-7.342791e-03	4.318595e-01	3.794765e-01	1.819140e-01	3.975783e-01	8.184195e-01	8.614798e-01	7.796142e-01	7.199393e-01	3.486152e-01	5.893197e-01	6.945602e-01	4.182079e-01	5.082844e-01	1.274798e-01	5.068896e-01	8.123489e-01	1.713980e-01	1.118274e-01	1.031273e+00	5.722707e-01	7.558317e-01	3.602559e-01	5.344429e-02	6.077099e-01	5.350056e-01	5.078996e-01	5.246902e-01	5.393876e-01	3.672265e-01	6.567407e-01	5.208374e-01	7.914703e-01	9.765694e-01	2.055870e-01	2.273494e-01	5.321247e-01	7.953934e-01	3.103180e-01	6.563295e-01
5.261623e-01	4.633809e-01	2.316072e-01	6.152679e-01	8.229854e-01	1.600576e-01	3.817381e-01	6.184617e-01	5.685910e-01	8.793721e-01	5.500091e-01	6.859089e-01	5.180164e-01	6.061741e-01	5.043261e-01	5.671307e-01	5.874213e-01	3.593373e-01	6.622785e-01	5.714375e-01	7.113370e-01	3.373612e-01	4.604710e-01	6.374949e-01	6.415886e-01	5.695977e-01	3.420361e-01	9.429343e-01	7.012694e-01	5.050763e-01	4.165452e-01	5.787045e-01	8.586311e-01	6.957511e-01	5.978233e-01	4.290086e-01	5.164235e-01	5.267728e-01	2.188812e-01	5.798201e-01
3.986699e-01	2.878449e-01	1.472125e-01	2.347143e-01	7.530797e-01	3.789102e-01	6.749394e-01	1.004847e+00	5.008380e-01	8.216448e-01	6.095633e-01	2.750879e-01	4.991687e-01	4.926134e-01	7.268677e-01	5.228852e-01	8.188804e-01	4.274190e-01	6.596515e-01	6.356444e-01	8.690056e-01	4.634380e-01	5.264474e-01	5.668570e-01	7.702342e-01	2.589914e-01	7.922780e-01	7.119698e-01	8.815984e-01	7.502712e-01	6.633304e-01	5.763287e-01	8.539696e-01	7.182404e-01	3.476353e-01	6.295293e-01	4.090712e-01	8.275552e-01	5.216767e-01	2.850887e-01
5.663042e-01	9.087726e-01	5.409892e-01	5.152399e-01	2.093169e-01	9.689974e-01	7.882876e-01	3.133059e-01	9.626102e-01	7.003427e-01	2.828372e-01	8.650190e-01	2.538905e-01	9.091036e-01	8.474372e-01	3.429538e-01	6.930334e-01	-5.481267e-01	4.621128e-01	5.165511e-01	4.696943e-01	7.815747e-01	4.979293e-01	6.965379e-01	1.316641e+00	1.382949e+00	-3.157639e-02	-8.738939e-02	6.127501e-01	3.376049e-01	6.654026e-01	7.786390e-01	8.484154e-02	6.410147e-01	3.250572e-01	9.277037e-01	4.786871e-01	1.209784e+00	-1.444204e-01	5.849550e-01
4.120071e-01	-5.481335e-02	1.361218e+00	1.418661e+00	3.715395e-01	3.639635e-01	1.361458e+00	3.825684e-01	6.867890e-01	1.045175e+00	2.515613e-01	2.386338e+00	7.987916e-01	1.675421e+00	1.494199e+00	1.635094e+00	6.807088e-01	9.752880e-01	6.582376e-01	1.131277e+00	-3.241175e-01	7.161200e-01	7.068421e-01	-5.880204e-02	2.240209e-01	1.116835e+00	1.168692e+00	1.321330e+00	5.908157e-01	1.671390e+00	1.111634e+00	9.228956e-01	2.688658e-02	1.187994e+00	9.623255e-01	1.293054e+00	2.907244e-01	6.430880e-01	7.583979e-01	-3.631908e-01
3.049166e-01	2.152100e-01	1.214165e-01	-1.685335e-02	6.633901e-01	5.906920e-01	8.741785e-01	9.055471e-01	2.354817e-01	5.843838e-01	6.336686e-01	-1.933269e-01	3.767393e-01	5.061117e-01	8.904532e-01	4.454398e-01	5.771969e-01	4.292793e-01	8.605923e-01	5.204621e-01	6.924003e-01	4.570401e-01	5.900524e-03	8.789554e-01	7.715236e-01	5.976264e-01	5.293150e-01	5.541773e-01	3.494248e-01	7.383473e-01	6.887248e-01	3.363156e-01	7.969310e-01	1.068185e+00	1.050391e-01	6.388958e-01	1.903053e-01	7.350043e-01	3.126435e-01	3.129355e-01
6.424151e-01	4.545491e-01	5.676926e-01	6.912859e-01	2.963159e-01	6.976889e-01	5.665026e-01	3.235874e-01	7.800320e-01	6.782037e-01	7.074193e-01	5.927255e-01	6.350567e-01	8.315609e-01	4.703089e-01	2.468121e-01	3.039708e-01	-2.134360e-01	3.788577e-01	6.028073e-01	4.712076e-02	4.030079e-01	5.296819e-01	6.197141e-01	1.056655e+00	1.037498e+00	4.969460e-01	4.600002e-01	6.689727e-01	1.795077e-01	7.508841e-01	9.140797e-01	1.709699e-01	4.031003e-01	5.378001e-01	1.319799e+00	4.643190e-01	1.009226e+00	3.647863e-02	6.815681e-01
3.302839e-01	3.093374e-01	1.496613e-02	2.122556e-01	1.036947e+00	4.786551e-01	5.826892e-01	8.261978e-01	5.770727e-01	4.934302e-01	6.820503e-01	7.835418e-01	6.743083e-01	5.005106e-01	7.561997e-01	5.919144e-01	1.110512e+00	2.431438e-01	5.638661e-01	4.428712e-01	9.574968e-01	2.120783e-01	3.851938e-01	5.757742e-01	4.863491e-01	2.786830e-01	1.158120e+00	7.221323e-01	1.010540e+00	8.148416e-01	9.499718e-01	8.726775e-01	8.405350e-01	4.917787e-01	2.517886e-01	3.531257e-01	3.923970e-01	8.986007e-01	3.220058e-02	2.768894e-01
7.026853e-01	6.364644e-01	4.213178e-01	7.107362e-01	8.055435e-01	1.976953e-01	4.318433e-01	6.540206e-01	5.040189e-01	1.064873e+00	5.069757e-01	6.795762e-01	5.196912e-01	5.835631e-01	4.298873e-01	4.415738e-01	5.146073e-01	5.011964e-01	6.673868e-01	8.445408e-01	6.039488e-01	3.036278e-01	4.179655e-01	6.877300e-01	6.759009e-01	6.016890e-01	3.323929e-01	9.003043e-01	6.299182e-01	4.853032e-01	2.009516e-01	7.106220e-01	8.397290e-01	7.871382e-01	5.532594e-01	3.011767e-01	6.252637e-01	5.275498e-01	2.164710e-01	6.431537e-01
1.717858e-01	5.675771e-01	3.994566e-01	5.921342e-01	8.862405e-01	1.436266e-01	5.019566e-01	6.471289e-01	7.990704e-01	8.146666e-01	4.662303e-01	6.679594e-01	3.931482e-01	5.534325e-01	5.680611e-01	8.207785e-01	6.770504e-01	1.723347e-01	6.618043e-01	5.590233e-01	8.062975e-01	3.551998e-01	4.203752e-01	4.722109e-01	7.774696e-01	6.528022e-01	4.054405e-01	8.300780e-01	4.311525e-01	5.416620e-01	3.673266e-01	5.110041e-01	6.359932e-01	7.512790e-01	6.887529e-01	2.847417e-01	3.884213e-01	4.681476e-01	3.586412e-01	4.939936e-01
1.105467e+00	2.274935e-01	5.610702e-01	3.980783e-01	-4.977735e-01	4.305565e-01	3.038824e-01	9.930094e-01	2.866706e-01	3.054272e-01	2.040283e-01	8.818262e-02	4.160758e-01	1.001027e+00	1.022819e+00	2.276720e-02	1.838324e-01	1.016246e+00	7.064374e-01	3.341709e-03	4.222627e-01	3.774106e-01	8.244818e-01	4.288529e-01	8.024617e-01	5.002683e-01	5.432020e-01	1.280157e+00	3.399281e-01	3.479484e-01	5.536145e-01	9.096872e-01	6.265195e-01	8.512279e-01	5.199763e-01	1.045464e+00	7.339023e-02	7.755560e-01	1.858227e-01	1.033141e+00
3.924187e-01	4.545995e-01	2.369731e-01	2.359538e-01	6.836331e-01	5.251665e-01	5.483125e-01	7.337559e-01	3.832658e-01	8.466236e-01	5.353674e-01	2.491729e-01	3.951840e-01	6.683715e-01	5.146130e-01	5.718146e-01	8.058803e-01	6.607745e-01	5.570201e-01	3.715261e-01	7.254929e-01	5.357013e-01	6.197622e-01	6.374461e-01	8.736354e-01	1.193257e-01	9.186481e-01	6.999093e-01	7.731985e-01	8.184876e-01	8.672244e-01	7.803614e-01	7.641911e-01	6.019643e-01	3.051438e-01	3.936792e-01	5.633766e-01	7.016812e-01	5.602011e-01	2.455465e-01
1.947755e-01	6.595885e-01	1.011132e-01	6.953207e-02	3.250843e-02	-7.425768e-01	1.161132e+00	1.154126e+00	7.855001e-01	9.571422e-01	4.372523e-01	1.014604e+00	4.222688e-01	8.604948e-01	-8.120725e-01	1.265029e+00	2.771512e-01	8.933640e-01	9.218942e-01	1.396263e+00	1.455465e+00	3.582653e-01	2.591147e-01	6.064150e-01	1.083619e+00	5.005632e-01	4.731489e-01	6.390312e-01	7.352875e-01	1.604187e+00	5.028531e-01	1.059478e+00	1.346972e+00	-4.353606e-01	1.256632e-01	1.296726e+00	1.627880e-01	4.651475e-01	-2.681798e-01	7.343274e-01
1.015025e+00	1.037839e+00	3.480100e-01	4.595358e-01	4.198052e-01	2.583452e-01	5.361241e-01	8.327597e-01	7.647866e-01	6.009689e-01	1.465712e+00	-1.473481e-01	4.868777e-01	8.322949e-01	-2.443076e-01	4.779752e-01	6.515264e-01	1.876856e-01	7.555916e-01	1.688169e-01	7.002827e-02	1.048040e+00	1.075050e+00	5.353029e-01	8.933978e-01	2.247778e-02	-1.748524e-01	5.224658e-01	4.439858e-01	3.950158e-01	6.209835e-01	1.125192e+00	7.063171e-01	6.517912e-01	-2.437975e-01	9.212606e-01	1.259387e+00	6.093055e-01	-1.983383e-01	7.330743e-01
5.169982e-01	5.201443e-01	5.430313e-01	4.629913e-01	3.983197e-01	3.741973e-01	6.164415e-01	3.990318e-01	7.322137e-01	5.769740e-01	5.598864e-01	7.844490e-01	2.827688e-01	6.711061e-01	9.461038e-02	5.036778e-01	4.895559e-01	4.701725e-01	2.391984e-01	9.875674e-01	7.035495e-01	9.775649e-01	3.241632e-01	-2.219521e-01	7.223869e-01	5.042195e-01	5.863794e-01	6.340983e-01	5.506657e-01	6.654384e-01	6.224695e-01	6.910827e-01	4.518401e-01	9.264140e-01	1.295763e-01	5.261324e-01	7.560065e-01	8.031443e-01	1.567313e-01	4.686689e-01
2.736531e-01	5.631166e-01	3.745743e-01	3.149493e-01	5.152742e-01	1.503786e-01	4.693364e-01	9.951988e-01	4.397738e-01	8.540530e-01	4.708723e-01	3.942438e-01	4.941125e-01	7.215172e-01	8.623477e-01	8.599480e-01	6.335927e-01	3.896736e-01	6.142941e-01	3.506282e-01	7.092795e-01	6.919264e-01	5.425165e-01	4.717165e-01	7.639509e-01	5.665099e-01	4.671083e-01	5.696344e-01	9.780290e-01	8.547862e-01	7.807542e-01	3.760650e-01	5.705319e-01	7.511289e-01	4.960049e-01	6.367193e-01	4.469992e-01	5.696119e-01	2.428991e-01	1.259270e-01
4.871797e-01	-4.147644e-02	9.241474e-01	6.415422e-01	6.160297e-01	1.054368e+00	4.172260e-01	8.926622e-01	7.378561e-01	4.940025e-01	8.651364e-01	5.220381e-01	4.492771e-01	5.558172e-01	4.306397e-01	5.398031e-01	9.182787e-01	6.220575e-01	7.671510e-01	6.010712e-01	6.848919e-01	4.099627e-01	6.490669e-01	6.656213e-01	6.398571e-01	4.460273e-01	6.595555e-01	3.489199e-01	9.874758e-02	3.737699e-01	7.252363e-01	8.761011e-01	1.088622e+00	8.038654e-01	1.319379e+00	5.854535e-01	6.451288e-01	2.202303e-01	2.611563e-01	5.164506e-01
1.897566e-01	6.315505e-01	3.239608e-01	-8.092841e-02	3.505916e-01	4.170586e-01	8.103250e-01	1.014976e+00	6.903540e-02	6.961796e-01	6.839465e-01	7.702836e-01	4.987444e-01	7.794789e-01	4.920712e-01	7.148068e-01	4.496383e-01	6.693538e-01	6.005075e-01	1.971570e-01	8.091560e-01	1.021758e+00	5.799401e-01	3.933929e-01	2.863842e-01	2.467230e-01	8.104817e-01	9.681747e-01	1.001148e+00	8.646189e-01	3.892805e-01	9.319716e-01	9.790037e-01	-1.875177e-01	2.264845e-02	6.161333e-01	7.218500e-01	7.286369e-01	3.927487e-01	1.151788e+00
3.134664e-01	7.467973e-01	1.292963e+00	3.273009e-01	8.873525e-01	7.639912e-01	3.531027e-01	9.896469e-01	7.341543e-01	-1.647642e-02	7.828649e-01	7.706942e-01	5.193132e-01	1.131438e+00	6.248478e-01	7.588021e-01	8.843784e-01	1.010042e+00	4.719802e-01	-6.035284e-01	6.064318e-01	7.279544e-01	1.113182e+00	1.238208e-02	6.927019e-01	8.737882e-01	9.983537e-01	-1.507612e-01	7.838058e-01	5.802223e-01	4.527115e-01	6.397215e-01	1.175302e+00	9.666280e-01	1.317775e+00	1.486837e+00	-3.070112e-02	6.087649e-01	4.398260e-01	1.124411e+00
1.049078e+00	7.587737e-01	1.178194e+00	3.931756e-01	7.359335e-01	-5.991366e-01	3.002196e-01	1.857059e+00	8.457406e-01	8.961286e-01	-4.605032e-01	1.140468e+00	2.161972e-02	4.463584e-01	-2.027928e-01	1.383880e+00	9.864048e-01	1.197047e-01	3.864709e-01	8.168300e-01	8.156995e-01	-8.272777e-02	1.607161e+00	-2.860366e-01	1.041980e+00	1.091029e-01	5.208827e-01	1.099412e+00	3.528718e-01	6.248080e-01	5.915014e-01	2.397129e-01	5.123613e-01	3.210818e-01	9.775403e-01	1.145286e+00	1.657079e-01	1.555999e+00	-1.999809e-01	1.252727e+00
7.672896e-01	5.137106e-02	2.461285e-01	5.830210e-01	8.843582e-01	4.138998e-01	8.772112e-01	3.729434e-01	5.786230e-01	-7.095679e-02	4.750850e-01	6.722658e-01	5.364073e-01	5.217460e-01	6.013565e-01	5.026891e-01	-1.525060e-01	3.770381e-01	2.149435e-01	4.495250e-01	1.356167e-01	9.923651e-01	8.902449e-01	3.960673e-01	2.924435e-01	4.958808e-02	2.815550e-01	1.119625e+00	9.352170e-01	6.759490e-01	5.221283e-01	9.330044e-01	3.229005e-01	7.123941e-01	5.922161e-01	4.333516e-01	8.445811e-01	6.607904e-01	1.615177e-01	5.341275e-01
1.204071e-01	1.294228e+00	8.605282e-01	1.289978e+00	3.397595e-01	1.161871e+00	8.261609e-01	8.922936e-01	5.686720e-01	4.580802e-01	8.263345e-01	4.594387e-01	-5.787628e-01	3.949721e-01	6.191567e-01	1.190236e-01	4.857686e-01	1.277187e+00	-3.308549e-01	6.036697e-01	-7.070664e-01	4.655472e-01	9.048890e-01	1.211266e+00	1.184101e+00	4.853206e-01	1.319486e-01	6.137790e-01	7.163133e-01	1.481425e+00	5.837384e-01	1.772275e+00	-2.215245e-01	1.343145e+00	-2.106118e-01	8.101000e-01	-1.738117e-03	-8.103895e-01	8.803128e-01	9.963475e-01
6.223012e-01	6.394976e-01	8.343338e-01	8.245537e-01	9.928883e-01	2.865551e-01	3.774795e-01	5.417243e-01	6.891230e-01	2.825773e-01	6.735940e-01	5.714564e-01	8.164579e-01	7.417280e-01	6.090797e-01	8.121760e-01	5.164504e-01	1.708734e-01	4.829276e-02	5.248017e-01	2.870443e-01	9.660509e-01	5.850369e-01	9.381185e-01	4.573729e-01	7.472594e-01	3.464000e-01	2.535208e-01	6.807356e-01	4.583338e-01	4.911954e-01	2.140890e-01	7.072966e-01	8.866699e-01	4.769016e-01	4.611073e-01	1.686939e-01	-2.078709e-02	3.694816e-01	3.718177e-01
6.577132e-01	7.924866e-01	3.202807e-01	2.871251e-01	8.420015e-01	1.018810e+00	3.300969e-01	8.315604e-01	4.955967e-01	6.538068e-01	4.234730e-01	3.582277e-01	6.913204e-01	1.210733e+00	5.349136e-01	8.893073e-01	4.354601e-01	3.474109e-01	5.552009e-01	2.249661e-01	1.029892e+00	5.281290e-01	7.937414e-01	2.091324e-01	4.705049e-01	9.155681e-01	5.063258e-01	4.757516e-01	5.938103e-01	4.946591e-01	6.295082e-01	3.365073e-01	6.769514e-01	6.139967e-01	2.051347e-01	-2.840981e-01	1.318239e-02	4.230496e-01	1.002758e+00	6.138744e-01
3.547672e-01	1.161163e+00	9.284973e-01	6.908132e-01	7.783888e-01	5.793451e-01	7.528853e-01	4.609097e-01	3.011970e-01	1.143312e-01	1.046659e+00	4.705250e-01	7.923966e-01	9.328379e-01	1.532218e-01	1.005495e+00	3.903724e-01	8.980782e-01	2.926578e-01	8.410117e-03	1.004113e+00	7.143754e-01	1.473268e-01	5.290041e-01	2.142500e-01	4.107859e-01	1.374715e+00	8.327103e-01	7.075428e-01	8.442089e-01	8.266149e-01	2.750647e-01	1.941326e-01	5.928096e-01	4.678421e-01	9.962083e-01	-2.984658e-01	4.082294e-01	-1.952092e-02	1.344862e+00
1.614434e+00	6.314644e-01	1.879232e+00	-1.295005e+00	1.677849e+00	-3.120701e-01	1.548322e+00	-1.089758e+00	-9.707324e-01	-3.145532e-01	-4.225262e-01	-3.184410e-01	-1.930451e+00	2.419484e+00	-9.126550e-01	8.988203e-01	-2.487784e+00	1.472498e+00	-6.046153e-02	1.239570e+00	2.549471e+00	1.142369e+00	3.018104e+00	9.421152e-01	-2.833782e-01	6.563552e-01	1.433355e+00	-1.070890e+00	-2.345874e+00	-1.890152e+00	2.216170e+00	1.624794e+00	9.207404e-01	-1.930977e-02	1.177413e+00	-1.197706e-01	1.950896e+00	-6.927921e-01	1.174231e+00	2.114332e+00
5.844625e-01	3.338087e-01	1.022685e+00	6.816507e-01	8.031238e-01	5.698217e-01	1.047867e-01	6.287917e-01	1.665201e-01	8.478027e-01	5.412686e-01	6.262295e-01	1.238675e-01	6.372015e-01	7.914067e-01	6.360699e-01	6.433434e-01	4.557505e-01	8.944052e-01	3.896891e-01	8.076533e-01	7.057452e-01	7.902713e-01	3.246518e-01	7.015679e-01	4.594145e-01	5.926951e-01	4.251947e-01	3.383392e-01	5.469159e-01	4.737193e-01	5.341943e-01	1.111288e+00	2.641626e-01	1.087393e+00	5.987149e-01	7.283036e-01	3.201651e-01	6.218320e-01	3.943750e-01
5.322445e-01	2.929404e-01	5.989102e-01	6.089988e-01	3.852575e-01	6.525862e-01	7.235484e-01	8.487266e-01	9.368370e-01	6.825340e-01	5.678748e-01	6.263239e-01	3.964841e-01	5.567256e-01	9.480241e-02	5.422761e-01	3.896333e-01	3.456190e-01	5.776099e-01	7.913174e-01	6.225573e-01	9.971795e-01	5.057053e-01	-8.694683e-02	7.448343e-01	5.670144e-01	3.937587e-01	5.086410e-01	9.795623e-02	5.620043e-01	4.021134e-01	6.814928e-01	7.557964e-01	6.854848e-01	5.344134e-02	5.500106e-01	6.690886e-01	9.864106e-01	2.577697e-01	7.073523e-01
