-6.664684e-01	1.972315e+00	-2.715903e-01	-7.252123e-02	-1.160055e+00	7.797048e-01	-4.937532e-01	-1.137215e+00	1.762342e+00	5.313916e-01	1.380284e+00	7.141301e-01	1.288894e+00	2.802899e-02	1.484952e+00	9.804134e-01	1.141414e+00	8.080396e-01	1.673505e+00	-5.458424e-01
3.094330e-01	8.372597e-01	7.794669e-01	8.870252e-01	1.263630e+00	9.758434e-01	-9.335634e-01	1.961384e+00	8.558976e-01	6.953453e-01	1.675831e+00	-1.840445e+00	-4.419188e-01	1.194566e+00	7.121590e-01	2.892652e-01	5.915871e-02	-3.878572e-01	1.920449e+00	8.692398e-01
-6.229888e-01	8.249016e-01	7.539675e-02	6.061219e-01	-7.645021e-01	1.480267e+00	1.761282e-01	-1.817940e-01	1.653415e+00	4.516513e-01	1.082222e+00	-5.131037e-01	1.594548e-01	6.282536e-01	5.240967e-01	-5.843897e-02	9.380841e-01	1.172759e+00	2.507124e+00	3.871090e-01
-5.399902e-01	1.507054e+00	8.340672e-01	4.167843e-01	-4.523047e-01	1.518042e+00	9.491578e-01	-9.277292e-01	8.843725e-01	3.072889e-01	5.753798e-01	9.569701e-01	9.335267e-01	8.307609e-01	5.952392e-01	5.469930e-01	-2.645244e-01	7.747650e-01	1.818431e+00	8.945169e-01
1.015109e+00	-5.783234e-01	-2.096381e-01	1.388453e+00	-9.612442e-02	9.839225e-01	1.099104e-01	1.208685e-01	8.203251e-01	4.440534e-02	7.329665e-02	4.713053e-01	2.745246e-01	1.925894e+00	-1.242820e+00	1.145669e+00	4.245255e-01	1.675989e+00	1.424489e+00	1.259723e-01
-1.225490e-01	8.104249e-01	7.727156e-01	1.324166e+00	1.169234e+00	1.768825e+00	8.394266e-01	6.832394e-01	-8.938155e-02	-4.455972e-01	1.132119e+00	-2.183911e-01	-1.141726e+00	1.188069e+00	9.561470e-01	-5.818920e-01	-2.251958e-01	8.295390e-01	3.785524e-01	1.165055e+00
1.220334e-01	5.712302e-01	8.370888e-01	1.474268e+00	8.103721e-01	1.253634e+00	3.059589e-01	5.225986e-01	1.336388e+00	4.965459e-01	-1.617765e-02	-6.943158e-01	-1.321186e+00	7.585048e-01	1.066241e+00	-2.071465e-01	1.560292e+00	1.053212e+00	2.400018e+00	4.098981e-01
-1.429438e+00	1.553279e+00	1.251719e+00	-1.616926e+00	7.354576e-01	5.758892e-01	2.880455e-01	-1.688414e+00	4.691574e-01	2.744184e-02	1.412514e+00	3.807949e+00	4.814754e-01	9.759398e-01	1.584563e+00	4.818735e-03	4.244501e-01	8.256040e-01	-8.337032e-01	-1.691049e-01
-1.023870e+00	1.590291e+00	1.194573e+00	-1.702095e+00	1.446538e+00	6.161246e-01	-2.262381e+00	1.500617e-01	1.552577e+00	1.768172e+00	2.416944e+00	1.828746e+00	-6.435832e-01	-2.309752e-01	3.712401e-01	-7.706906e-01	-1.790453e-01	-1.397972e-01	-1.177675e-01	3.423611e-01
-5.132425e-01	1.045919e+00	2.156388e-01	5.637549e-01	-1.053193e+00	1.022110e+00	2.439726e-01	-7.619765e-01	1.428050e+00	3.664941e-01	4.654583e-01	4.276108e-01	-1.676666e-02	2.329644e-01	1.653537e+00	1.748720e-01	1.563243e+00	2.055863e+00	1.781632e+00	-1.730342e-01
1.309656e+00	6.308940e-02	1.949933e-01	1.160437e+00	4.480526e-01	2.239267e+00	-1.505098e-01	1.489441e-01	5.669000e-02	-1.084819e-01	5.848086e-01	1.433320e+00	6.915135e-01	9.422913e-01	4.262017e-01	7.263501e-01	-3.867396e-01	1.505755e+00	-3.342131e-01	1.562635e-01
2.274775e-02	8.033866e-01	3.493247e-01	1.057553e+00	3.485906e-01	1.860108e+00	5.428229e-01	5.700882e-01	1.378892e-01	-4.264165e-01	1.173041e+00	-4.141824e-01	-3.039608e-01	2.908298e-01	1.585626e+00	2.514716e-01	3.858703e-01	7.910339e-01	9.112403e-01	5.638768e-01
1.094719e+00	-4.590616e-01	9.658415e-01	1.978411e+00	1.219717e+00	1.465970e+00	4.135831e-02	6.453208e-01	9.736282e-01	-1.486914e-02	-4.833011e-01	-2.856865e-01	-1.358096e+00	1.423677e+00	1.016005e+00	5.891544e-01	1.707477e+00	1.122123e+00	2.250518e+00	-1.655661e-02
-4.473775e-01	2.037769e-02	9.581951e-01	-1.274673e+00	1.651825e+00	1.267635e+00	1.103525e+00	-5.193833e-01	4.861641e-01	1.875821e-01	-6.027559e-01	4.034699e+00	-9.791342e-01	1.878032e+00	1.549777e-01	-5.602672e-01	5.279217e-01	1.491314e+00	-6.016470e-01	9.616500e-01
-4.247592e-01	1.501744e+00	1.283883e+00	-3.838676e-02	1.007945e+00	1.747367e+00	6.507692e-01	-3.265432e-01	3.868622e-01	1.117007e+00	1.390420e+00	5.181497e-01	-1.812681e+00	1.096309e+00	6.393757e-01	-1.075715e+00	1.231694e+00	7.566715e-01	1.230364e+00	-1.023631e-01
1.807678e-01	2.033455e+00	1.088937e+00	1.242357e+00	1.664901e-01	1.508620e+00	5.254900e-01	-1.250501e-01	1.298794e-01	1.958493e-01	1.159956e+00	-3.525972e-02	-3.521278e-01	1.539394e-02	1.983586e+00	5.590463e-01	1.088402e-01	1.249769e+00	9.566505e-01	8.000799e-01
-6.522545e-01	1.243620e+00	2.539563e-01	3.999700e-01	-2.065523e-01	2.016290e+00	8.010177e-01	1.036048e-01	1.954682e-01	2.354953e-01	1.675084e+00	-1.657908e-01	-5.029834e-01	5.991247e-01	1.352070e+00	-1.976148e-01	7.682087e-01	1.142815e+00	1.211569e+00	6.763722e-01
-1.352795e+00	1.421626e+00	5.357800e-01	-2.472707e+00	4.716531e-01	-3.089597e-01	-9.121059e-01	8.039175e-02	1.892966e+00	1.785684e+00	2.776309e+00	1.483098e+00	8.918932e-01	-1.080584e-01	6.879157e-01	3.543311e-01	4.172400e-01	-1.522419e+00	1.273789e+00	7.590689e-01
-1.092874e+00	1.081226e+00	2.304378e+00	-9.526164e-01	8.859036e-01	-5.020223e-01	2.967015e+00	-1.644448e+00	4.030083e-01	-3.559043e-01	1.295529e+00	2.816978e+00	3.051622e-01	8.450001e-04	1.617051e+00	-1.450413e-01	3.252956e-01	4.280487e-01	1.379594e-01	9.583809e-01
-1.032699e+00	1.770765e+00	1.630659e+00	-1.109890e+00	1.003661e-01	5.066404e-01	1.659277e+00	-1.988747e+00	7.341932e-01	6.812792e-01	1.453169e+00	2.783438e+00	-2.783290e-01	-7.316162e-02	1.742171e+00	2.327209e-01	5.605483e-02	2.289029e-01	1.390035e+00	1.389698e+00
2.642281e-01	3.098411e-01	9.906484e-02	1.670087e+00	-4.574656e-02	9.898878e-01	1.670913e-01	2.407195e-01	1.006547e+00	2.346412e-01	3.209524e-01	2.036726e-01	-1.162899e-03	2.087605e+00	-8.914333e-01	9.880058e-01	-3.082605e-01	1.259600e+00	1.335094e+00	7.627914e-01
9.733370e-01	1.573724e-01	1.332152e-01	1.471258e+00	2.338709e-01	9.690375e-01	-2.460637e-01	1.468426e+00	4.300392e-01	-1.970529e-01	1.662773e+00	-8.382884e-01	5.156460e-01	9.213279e-01	4.419923e-01	5.449274e-01	3.316339e-01	3.905261e-01	1.285289e+00	7.920593e-01
2.327385e-01	9.829719e-01	-2.394371e-01	3.108884e-02	9.299004e-01	1.956967e+00	-1.204473e+00	1.613016e+00	3.258630e-01	1.759284e+00	1.747059e+00	2.740588e-01	-1.773285e-01	8.534223e-01	-1.136715e+00	5.082037e-01	-1.155333e+00	3.615483e-01	1.723520e-01	1.007823e+00
-5.718477e-01	1.818390e+00	6.140402e-01	4.714144e-01	1.412587e+00	1.788602e+00	-8.585568e-01	6.151653e-01	4.636991e-01	1.619206e+00	9.282867e-01	-5.462588e-01	-2.042949e+00	6.323077e-01	1.024706e+00	-8.406438e-01	1.653152e+00	1.091467e+00	5.589239e-01	-4.131715e-01
6.470885e-01	-5.926727e-01	1.002617e+00	9.799410e-01	1.094221e+00	1.058973e+00	1.022614e+00	4.593981e-01	-6.632887e-01	-1.187283e+00	1.719847e+00	1.068277e+00	-6.879914e-02	5.244331e-01	1.373617e+00	7.394700e-01	-6.314108e-01	6.375905e-01	-4.831515e-01	5.730258e-01
1.820254e-01	6.416938e-01	6.216643e-01	1.716629e+00	-1.791034e-01	8.465980e-01	1.524209e+00	-4.841083e-01	1.264511e+00	4.088042e-01	5.002071e-02	4.739383e-01	5.068383e-01	-2.690133e-01	-1.645267e+00	1.019972e+00	-7.105831e-01	1.685431e+00	1.395867e+00	1.479484e+00
5.841539e-01	5.134274e-01	9.926927e-01	1.010997e+00	5.189460e-01	1.118855e+00	1.768695e+00	2.956455e-01	-6.521978e-01	-6.641941e-01	1.606688e+00	5.921982e-01	1.687967e-01	1.112073e+00	1.051194e+00	2.211490e-01	6.015403e-02	1.326312e+00	4.909150e-01	9.117255e-01
-5.528291e-01	1.565260e+00	2.707822e-01	-4.069427e-01	-2.938276e-02	7.568348e-01	-9.310299e-01	3.918362e-01	1.905761e+00	8.882945e-01	2.418811e+00	4.369251e-02	9.674881e-01	-4.399437e-01	3.164524e-01	3.770100e-01	-4.071036e-01	-7.854514e-01	1.842126e+00	1.042021e+00
-3.361315e-01	8.123473e-01	1.271912e+00	-9.240605e-01	3.309888e+00	6.683270e-01	-2.015625e+00	1.075110e+00	9.745282e-01	9.788540e-01	1.134032e+00	2.304487e+00	-1.631689e+00	5.573443e-01	-6.604246e-01	-8.003646e-01	-3.225675e-01	2.516353e-01	-1.764956e+00	1.148724e-01
-3.027591e-01	1.316407e+00	1.292964e+00	2.967693e-01	9.219552e-01	1.530339e+00	1.434992e+00	4.857317e-01	-8.205520e-01	6.067978e-01	2.098538e+00	2.589004e-01	-1.112542e+00	2.842859e-01	9.966782e-01	-5.496974e-01	-2.506862e-01	9.383728e-01	1.618555e-01	1.132664e+00
-4.463613e-01	2.422839e-01	9.155153e-01	8.266388e-01	1.645576e+00	-2.358896e+00	2.160000e+00	1.799351e+00	2.454737e+00	-1.844585e+00	-1.374213e+00	3.030207e-01	-1.145000e+00	-1.045857e+00	-6.761676e-01	-1.784751e+00	-5.416413e-01	5.562207e-01	2.742604e-02	2.055307e+00
5.752582e-02	7.347032e-01	1.277228e+00	1.075370e+00	2.193034e+00	1.733906e+00	1.443170e+00	3.646449e-01	-1.503543e-01	-9.935558e-01	4.193032e-01	4.466490e-01	-1.416607e+00	1.293436e+00	1.345696e+00	-5.592076e-01	2.766764e-01	1.007367e+00	3.890072e-01	6.683576e-01
2.397822e-01	3.960025e-01	2.661067e-01	7.398267e-01	1.722384e+00	2.930091e+00	-1.358460e+00	9.929292e-01	7.930008e-01	5.414474e-01	-4.502438e-01	1.132959e+00	-1.568395e+00	1.233833e+00	1.416926e+00	2.884123e-01	4.931982e-01	1.242399e+00	-2.109731e-01	-1.228390e-01
3.235920e-01	7.829317e-01	-9.476465e-02	5.985432e-01	2.851303e-01	2.046240e+00	-1.115279e+00	1.054954e+00	1.365347e+00	7.987912e-01	1.296102e+00	-8.380110e-01	2.496375e-01	1.813340e-01	4.880065e-01	2.119350e-01	5.320323e-01	3.236101e-01	1.989478e+00	4.051345e-01
1.397291e-01	1.169152e+00	6.633715e-01	1.380221e+00	1.365744e+00	2.011957e+00	-1.399746e+00	3.562180e-01	1.758550e+00	6.909640e-01	-4.185917e-01	2.598888e-01	-1.777571e+00	8.557259e-01	1.249606e+00	-7.324083e-02	8.856581e-01	1.106811e+00	1.416029e+00	-2.402156e-02
-3.004981e-01	4.175288e-01	1.257522e+00	5.519971e-02	-7.098300e-01	-3.536465e-01	9.435878e-01	-1.724633e+00	2.079584e-01	-7.361871e-01	2.076915e+00	1.787509e+00	1.273435e+00	5.098389e-01	1.392753e+00	1.120381e+00	7.219130e-01	1.634456e+00	3.676319e-01	-5.342775e-01
-3.912521e-01	1.697028e+00	1.074864e+00	4.895894e-01	-4.325577e-01	7.851721e-01	7.697136e-02	-1.406178e+00	4.439190e-01	-4.143303e-02	1.387709e+00	1.329310e+00	6.706496e-01	1.026035e+00	2.171857e+00	1.135330e+00	3.790015e-01	8.491958e-01	8.237381e-01	-3.315609e-01
1.053361e+00	-1.887617e+00	4.565484e-01	-4.029363e-01	2.501239e+00	2.622234e+00	-6.958941e-01	1.327619e+00	-4.323863e-01	-1.553504e-01	-5.853517e-01	2.136869e+00	-1.164521e+00	2.551335e+00	-1.347355e+00	-1.791204e-02	-1.172745e-01	1.709411e+00	-7.704487e-01	-4.636757e-02
-1.111580e-01	-4.271584e-01	1.063752e+00	-5.701913e-01	1.330259e+00	2.537917e+00	-4.816900e-01	-1.080820e+00	-1.018500e+00	-1.066240e+00	1.444029e+00	3.938780e+00	-2.491895e-01	1.782918e+00	6.515437e-01	8.229182e-02	-1.250774e+00	1.943888e+00	-2.335631e+00	-7.276710e-01
-1.248342e-01	1.687782e+00	1.102862e+00	1.134361e+00	7.971969e-01	5.252400e-01	-8.219960e-01	-4.891327e-01	2.031465e+00	1.278161e+00	9.835867e-02	3.354840e-01	-1.209447e+00	4.460077e-01	-1.217958e+00	7.443895e-02	-1.719684e-01	1.470950e+00	2.130157e+00	1.286880e+00
-2.699218e-01	1.256498e+00	1.512778e+00	5.297093e-01	1.306424e+00	1.412974e+00	-2.444598e-01	1.010291e-01	-2.833364e-01	1.028419e-01	1.073845e+00	5.568843e-01	-1.371288e+00	6.646856e-01	1.582105e+00	-2.867217e-01	2.234929e-01	1.800518e+00	-1.958230e-01	2.211562e-01
-1.341729e+00	1.804310e+00	1.265105e+00	-1.515078e+00	-1.608369e-01	9.874064e-01	-1.668986e-01	-1.915641e+00	1.373260e+00	9.704357e-01	8.072825e-01	3.265751e+00	4.663503e-02	1.156624e+00	5.099207e-01	-1.282904e-01	-7.641715e-01	1.968574e+00	3.491733e-01	4.078734e-01
-5.025174e-01	8.957690e-01	1.584927e-01	1.312933e+00	-4.106183e-01	1.333443e+00	-2.020870e-02	-1.138112e-01	2.173744e+00	4.367454e-01	1.543846e-01	-9.023629e-01	-8.498431e-01	8.241830e-01	7.287232e-01	-3.496362e-01	1.505989e+00	1.197543e+00	3.285057e+00	5.637161e-01
1.201385e+00	-6.251378e-01	1.179942e+00	1.299526e+00	2.445841e+00	1.400615e+00	-1.310000e-01	1.070173e+00	9.050638e-01	-5.449609e-01	-6.990651e-01	3.468022e-01	-7.756848e-01	1.174112e+00	4.741832e-01	7.248154e-01	9.604455e-01	6.021360e-01	1.473056e+00	9.027588e-02
2.063549e-01	1.218822e+00	1.140020e+00	5.080659e-01	8.642271e-01	1.362724e+00	2.522708e-01	2.545200e-01	5.810705e-01	1.503829e+00	8.510167e-01	1.312023e+00	-7.382917e-01	9.254353e-01	-2.150802e-02	1.878998e-01	-7.701004e-01	7.009548e-01	6.816193e-01	1.479182e+00
8.127577e-01	-4.331900e-01	1.671282e+00	7.620380e-01	2.072954e+00	1.588811e+00	6.999100e-01	9.925873e-02	2.064713e-01	-1.154783e+00	2.691181e-01	1.561086e+00	-2.825884e-01	1.119181e+00	1.191007e+00	6.770191e-01	-5.594442e-01	4.538163e-01	1.279062e-01	4.935351e-01
5.635162e-01	7.617106e-01	1.443102e+00	1.323454e+00	1.541311e+00	1.342368e+00	9.212714e-01	1.054212e+00	-3.144768e-01	-1.975767e-01	1.484857e+00	-4.729635e-01	-1.303803e+00	3.599822e-01	1.585505e+00	1.086720e-01	-1.450639e-01	5.752592e-01	7.642312e-01	1.406672e+00
6.309664e-01	-1.314937e-01	6.954795e-01	1.089225e+00	1.158963e+00	1.869191e+00	7.660844e-01	6.726555e-01	-7.417730e-01	-1.230278e+00	8.604534e-01	1.082791e+00	-1.358443e-01	9.833594e-01	1.362057e+00	6.371553e-01	-5.337473e-01	9.371908e-01	-4.409061e-01	2.786858e-01
6.460612e-01	3.787062e-01	1.414904e+00	1.272331e+00	1.136177e+00	3.429857e-01	3.085152e-01	1.120070e+00	8.815712e-01	3.467706e-01	9.704588e-01	2.861018e-03	-7.425952e-01	1.108420e+00	-3.129893e-01	1.006386e-01	-1.426504e+00	5.988730e-01	8.918241e-01	2.051811e+00
-3.851659e-01	1.183923e+00	7.088868e-01	-1.092347e-01	-7.055148e-02	8.402644e-01	7.473046e-01	-7.174884e-01	1.691959e+00	2.679819e-01	-6.747399e-02	1.326498e+00	1.518774e-01	8.418960e-01	1.237234e+00	7.029619e-01	9.057006e-01	7.737817e-01	2.347940e+00	1.276162e+00
-1.047575e+00	1.819926e+00	1.482882e+00	-6.771064e-01	3.083647e+00	1.755006e+00	-8.446953e-01	-1.041430e-01	9.058427e-01	9.531525e-01	-2.780027e-01	3.023880e+00	-2.801884e+00	9.613880e-01	7.779695e-01	-1.539168e+00	6.755468e-01	1.162709e+00	-6.643422e-01	4.332456e-01
-3.249393e-01	5.617261e-01	-1.481637e+00	1.531603e+00	1.754397e+00	1.746543e+00	-1.687908e+00	1.723390e+00	1.103821e+00	2.624624e-01	-1.823235e+00	1.932058e-01	-1.472554e+00	2.251001e+00	-2.893649e+00	-8.300333e-01	6.036760e-01	2.869151e+00	-9.150347e-01	-6.922881e-01
-1.949938e+00	1.379065e+00	2.135126e+00	-2.054641e+00	4.674613e-01	-1.408758e+00	1.228553e+00	-2.337053e+00	9.447046e-01	2.293557e-01	1.824180e+00	3.337322e+00	4.069595e-01	2.936079e-01	7.840523e-01	-3.049705e-01	8.101120e-01	6.105908e-01	4.024954e-01	1.931873e-01
-2.126805e-01	6.886176e-01	6.876878e-01	1.079231e+00	-8.241963e-01	3.875943e-01	1.463958e+00	-5.615712e-01	9.002910e-01	-7.977816e-01	1.315911e+00	-3.325165e-02	9.684721e-01	6.222813e-01	9.221174e-01	4.769036e-01	1.226116e-01	8.662633e-01	1.596748e+00	9.027493e-01
-8.475384e-01	1.396356e+00	4.013408e-01	5.113445e-01	-1.172148e+00	9.366785e-01	1.032112e+00	-7.487754e-01	1.196245e+00	1.196135e-01	1.644615e+00	-1.497758e-02	4.088557e-01	3.506231e-01	1.135823e+00	-2.654914e-01	5.546666e-01	9.371840e-01	2.100111e+00	6.157482e-01
6.026955e-01	-1.145434e-01	6.250688e-01	9.490289e-01	-5.414696e-01	9.853314e-01	1.530235e+00	-5.042072e-01	-9.570934e-02	-9.547918e-01	1.676997e+00	8.803894e-01	1.139363e+00	8.375522e-01	1.457004e+00	1.100245e+00	2.258666e-01	1.248087e+00	6.879458e-01	5.343436e-02
7.170906e-01	-6.666327e-02	9.885932e-01	-8.620963e-02	1.210814e+00	1.155357e+00	5.827691e-01	8.550670e-01	-8.509567e-01	-3.156127e-01	3.078620e+00	1.332137e+00	8.248364e-01	8.921526e-01	3.745505e-01	6.006350e-01	-1.156620e+00	1.969497e-01	-6.968362e-01	6.898885e-01
4.427620e-01	9.428582e-02	1.256049e+00	8.647405e-01	-4.323789e-01	4.194916e-02	2.207156e+00	-7.338905e-01	1.655123e-01	-8.656685e-01	1.458399e+00	7.902282e-01	9.131014e-01	9.046122e-01	9.016894e-01	9.172865e-01	4.382043e-01	1.380595e+00	1.364967e+00	5.297527e-01
3.229231e-01	3.761849e-01	4.658012e-01	-3.377116e-01	2.230101e+00	1.330666e+00	-1.373057e+00	1.823194e+00	8.306694e-01	1.132967e+00	1.812679e+00	7.535677e-01	-7.034888e-01	2.764012e-01	-9.375748e-01	1.394971e-01	-1.054682e+00	-3.687575e-01	-4.019167e-02	1.135020e+00
-2.672946e-01	1.141612e+00	3.632703e-01	1.073721e+00	-1.717790e-01	1.407562e+00	-6.398723e-01	-6.813080e-01	1.218031e+00	8.236632e-01	3.570799e-01	4.421747e-01	-9.493090e-01	1.055504e+00	-8.906399e-03	2.883874e-01	3.968893e-01	2.089832e+00	1.267815e+00	1.866054e-01
-5.807805e-01	1.640605e+00	4.910341e-01	3.130985e-01	-5.391057e-01	1.068480e+00	6.091216e-01	-1.408074e-01	4.791813e-01	6.771356e-01	2.144381e+00	-5.860781e-02	1.920569e-01	7.956808e-01	5.606677e-01	-3.576789e-01	7.299722e-02	8.528227e-01	1.511558e+00	1.068729e+00
4.122815e-01	1.413974e+00	5.278351e-01	-1.532027e-01	8.203438e-01	1.490897e+00	-2.181000e+00	2.247232e-01	1.444947e+00	7.797779e-01	1.852941e+00	1.391118e+00	1.139722e+00	4.268748e-01	4.074015e-02	1.199449e+00	-9.885451e-01	-2.491356e-01	8.220550e-01	2.088196e-01
-1.495005e+00	1.099641e+00	1.598038e+00	-8.665793e-01	5.067261e-01	-1.476439e+00	5.601797e-01	-1.380970e+00	1.553291e+00	-5.896189e-01	1.280849e+00	1.739745e+00	2.793670e-01	8.242747e-01	1.373338e+00	-7.899110e-01	1.601972e+00	6.943034e-01	4.103193e-01	-4.235044e-01
-1.095873e-02	2.594737e-01	-5.439729e-02	-4.441478e-02	-2.322998e-01	1.921985e+00	8.389631e-03	-1.065797e-01	5.422618e-01	1.991749e-01	6.577043e-01	1.356780e+00	3.724476e-01	1.740343e+00	1.747731e-01	8.930249e-01	-2.523138e-02	1.248151e+00	6.811408e-01	6.412938e-01
6.545558e-01	5.164437e-02	3.496768e-01	5.235327e-01	9.046010e-01	6.371984e-01	-6.061619e-01	8.897175e-01	9.371982e-01	5.932285e-01	9.377474e-01	9.742867e-01	1.499607e-01	1.509088e+00	-1.259263e+00	7.695307e-01	-6.236504e-01	3.759869e-01	8.475466e-01	8.841301e-01
-9.956013e-01	1.109275e+00	1.951758e+00	-5.019290e-01	1.123798e+00	-1.302775e-01	2.127761e+00	-7.442549e-01	6.208014e-01	-1.849529e-01	9.364926e-01	1.926314e+00	-1.536036e-01	2.470483e-01	1.439713e+00	-3.058139e-01	6.537115e-01	2.796542e-01	3.891013e-01	8.039745e-01
9.944681e-01	-1.219430e+00	8.880226e-01	9.314477e-01	3.074588e+00	2.356929e+00	6.937971e-01	3.293202e-01	-6.332805e-01	-1.384512e+00	5.516719e-01	3.095011e+00	-1.409610e+00	1.641271e+00	5.660485e-01	3.764551e-01	-7.101171e-01	1.082249e+00	-1.948996e+00	3.527228e-01
-2.612252e+00	3.731622e+00	1.013257e+00	-8.255096e-01	-2.284320e+00	9.060579e-01	1.939971e+00	-3.360196e+00	1.920644e+00	1.350075e+00	2.959970e+00	7.791270e-01	2.644608e-01	-9.183978e-01	1.740979e+00	-8.344964e-01	-1.720446e-02	2.783915e-01	3.013573e+00	1.331725e+00
6.490965e-01	1.271077e-02	4.284969e-01	1.531614e+00	4.685728e-01	1.201393e+00	1.180272e+00	1.153654e+00	-5.035469e-01	-9.348467e-01	1.314505e+00	-6.083562e-01	2.857757e-01	1.028425e+00	5.514020e-01	4.771743e-01	-1.942149e-01	1.436973e+00	1.851915e-01	6.636346e-01
-3.015920e-01	6.442026e-01	9.599148e-01	6.226645e-01	2.891223e-01	-1.958998e-01	6.631366e-01	-3.180904e-01	1.775447e+00	5.912507e-01	4.744418e-01	1.125125e+00	-6.626195e-01	1.046264e+00	-7.499165e-01	2.176894e-01	-6.305450e-01	8.845757e-01	1.457181e+00	1.708897e+00
-1.059481e-01	1.565561e+00	1.744211e+00	1.903989e-01	5.343429e-01	5.080412e-01	2.237266e+00	-1.371214e+00	1.627427e-01	-2.850401e-01	1.478754e+00	1.813932e+00	5.226047e-01	4.093049e-01	1.852635e+00	4.035719e-01	3.795102e-01	1.915099e-01	1.194521e+00	1.012121e+00
-3.486241e-01	1.354453e+00	6.240441e-01	8.920672e-01	5.203943e-01	2.329989e+00	7.328658e-01	-1.934158e-01	-2.882536e-01	-2.425930e-01	1.672596e+00	7.870165e-01	-2.266224e-01	1.121724e+00	1.116337e+00	1.922660e-01	-8.367247e-01	1.299016e+00	-7.857886e-01	4.829899e-01
9.758662e-02	7.758455e-01	1.768648e-01	3.737305e-01	9.688413e-01	2.452566e+00	-2.051785e-01	7.163267e-01	1.324512e-01	8.292701e-01	6.301195e-01	5.872383e-01	-8.324819e-01	9.968239e-01	5.025901e-01	9.331428e-02	3.210749e-01	8.794046e-01	7.123447e-01	8.821802e-01
8.597852e-01	-3.746965e-01	1.249964e+00	1.169806e+00	5.532261e-01	8.346540e-01	1.128854e+00	-1.020794e-01	-2.393371e-01	-1.289636e+00	1.628769e+00	8.970141e-01	5.477857e-01	1.540066e+00	1.959176e+00	1.282207e+00	-4.550156e-01	4.204086e-01	-8.360910e-02	4.230715e-01
1.084983e-01	4.098521e-01	2.650378e-01	1.267775e+00	3.267083e-03	6.329981e-01	-2.504082e-01	6.658970e-01	2.219627e+00	5.805201e-01	-2.417912e-02	-1.246788e+00	-5.362710e-01	1.064393e-01	2.118668e-01	-1.442849e-01	1.640239e+00	7.242577e-01	2.719329e+00	7.395353e-01
6.655510e-01	-7.062932e-01	1.598053e+00	-6.140991e-01	1.749281e+00	1.627421e+00	5.177646e-01	-1.306171e-01	-5.569750e-01	-7.861362e-01	1.161666e+00	2.411510e+00	2.624739e-01	2.323149e+00	2.360543e-01	7.152913e-01	-4.467462e-01	5.301201e-01	-1.732061e-01	-1.003520e-01
9.572410e-01	-3.886837e-01	1.328024e+00	8.342783e-01	1.210132e+00	7.664584e-01	7.463678e-01	1.120037e+00	-6.316108e-01	-8.072477e-01	9.141854e-01	-2.130959e-01	1.766672e-01	7.313290e-01	9.394551e-01	8.411178e-01	1.881043e-01	5.161423e-01	6.697779e-01	9.561526e-02
-5.023019e-02	9.702482e-01	1.233745e+00	1.059063e+00	-3.084077e-01	5.245135e-01	1.401131e+00	-8.762323e-01	1.791909e+00	-2.275500e-01	8.714461e-01	7.039746e-01	4.218271e-01	2.526960e-01	5.577392e-01	2.357569e-02	-3.376272e-01	9.772579e-01	2.110487e+00	1.560761e+00
9.620190e-03	5.556607e-01	2.201241e-01	9.548882e-01	-9.494352e-02	1.636730e+00	9.368470e-01	3.232363e-01	-1.559876e-01	-6.691343e-02	1.754111e+00	-2.107677e-01	-2.233821e-02	1.800626e-01	5.065942e-01	7.233220e-03	2.517871e-01	1.159029e+00	5.072290e-01	5.908274e-01
8.709365e-01	-3.753471e-01	1.251868e+00	1.898702e-01	1.333946e+00	1.847358e+00	1.230860e+00	-3.089933e-01	-6.489843e-01	-1.313645e+00	9.786187e-01	2.127023e+00	6.215039e-01	1.217606e+00	8.169503e-01	7.957553e-01	-5.874295e-01	8.888870e-01	-3.763184e-01	-1.756553e-01
-1.177358e+00	1.195201e+00	1.799491e+00	-7.798340e-01	-1.620901e-01	-1.398204e-01	1.311566e+00	-2.225061e+00	4.111869e-02	-4.106936e-01	2.052920e+00	2.410746e+00	1.633544e-01	8.416903e-01	1.869184e+00	8.799214e-03	3.163359e-01	1.636419e+00	-2.619376e-01	-1.108952e-01
8.197677e-01	-3.894889e-01	7.968169e-01	1.092414e+00	1.507086e+00	1.707473e+00	8.874455e-02	9.837714e-01	6.374663e-01	-5.303949e-01	-1.820148e-01	1.105586e-01	2.482476e-01	8.929438e-01	2.261295e-01	7.022422e-01	4.680873e-01	8.727327e-01	1.193726e+00	-1.289620e-01
6.571116e-01	-4.713680e-01	1.196127e+00	1.750270e-01	2.733588e+00	2.015224e+00	-9.671279e-02	9.034728e-01	5.942425e-01	-1.381944e-01	-9.488610e-01	1.703477e+00	-1.626155e+00	1.602220e+00	2.709551e-01	-2.287941e-01	1.013834e+00	9.787526e-01	2.965428e-01	1.047418e-01
-8.009638e-01	1.324985e+00	1.658985e+00	3.723671e-01	1.596877e+00	1.322248e+00	2.787693e-01	-4.204154e-01	-4.499020e-01	4.633195e-02	1.429545e+00	9.200306e-01	-1.645620e+00	1.005835e+00	1.176136e+00	-1.064023e+00	6.946358e-01	1.762488e+00	-3.006793e-01	-1.631683e-01
-5.684829e-01	1.607689e+00	8.857634e-01	-6.174540e-01	2.496645e+00	2.080018e+00	-2.203417e+00	9.464409e-01	8.772540e-01	1.152327e+00	1.397764e+00	1.750235e+00	-9.511840e-01	1.080574e+00	7.882180e-01	-2.869899e-01	-9.393811e-01	-1.049694e-01	-1.205272e+00	2.853887e-01
-3.041009e-01	8.827902e-01	2.730033e-01	7.794605e-01	-5.540088e-01	5.982062e-01	1.282124e+00	5.632410e-01	5.291315e-01	-4.241425e-01	1.706515e+00	-4.413607e-01	7.390050e-01	1.758198e-01	5.491804e-01	1.656724e-02	5.176096e-01	1.156111e+00	1.229170e+00	6.625270e-01
-1.523233e-01	6.076468e-01	4.247084e-01	8.108798e-01	9.598206e-01	1.102509e+00	1.985624e-01	1.269972e+00	6.428729e-01	6.197803e-01	2.422301e-01	-8.752833e-01	-6.343622e-01	1.629048e+00	-1.445752e-01	8.047820e-02	4.493071e-01	1.142126e+00	1.158264e+00	7.595187e-01
-4.860999e-01	1.583795e+00	6.511207e-01	-7.217519e-01	1.510681e+00	8.074955e-01	-1.284496e+00	1.554797e+00	1.107477e+00	1.448639e+00	2.337461e+00	-4.621278e-02	-5.511877e-01	3.443650e-01	1.969217e-01	-3.968146e-01	-4.906860e-01	-1.032427e+00	8.008372e-01	1.129883e+00
8.204497e-01	-1.365039e+00	9.080715e-01	2.134867e-01	3.159234e+00	2.028207e+00	9.772816e-01	6.587666e-01	-8.919822e-01	-1.175156e+00	4.727078e-01	3.322079e+00	-1.114356e+00	1.412938e+00	-3.407762e-01	-3.162417e-01	-7.349992e-01	1.358143e+00	-2.774916e+00	1.445681e-01
-6.805190e-01	1.349663e+00	1.145306e+00	2.280342e-01	-1.739305e-01	8.829332e-01	1.918468e+00	-1.395710e+00	-3.010661e-02	-1.381823e-01	1.793270e+00	1.472737e+00	2.571249e-01	6.573817e-01	2.231035e+00	6.047189e-01	2.939345e-01	5.673010e-01	7.463805e-01	4.820527e-01
7.424127e-01	-4.597458e-01	1.245270e+00	3.125404e-01	1.522298e+00	1.930376e+00	5.172214e-01	8.068570e-01	-1.153799e+00	-9.702173e-01	4.972656e-01	1.233455e+00	1.896871e-01	1.235554e+00	9.845054e-01	8.126894e-01	-2.077271e-01	6.407850e-01	-2.994518e-01	-3.910727e-01
1.674053e-01	4.900792e-01	1.042929e+00	1.628902e+00	2.181904e+00	8.636534e-01	5.477138e-01	1.005004e+00	1.119230e+00	6.324139e-01	-3.641825e-01	-2.846017e-01	-2.486961e+00	7.863229e-01	-1.523771e+00	-6.528671e-01	-3.526568e-03	1.325625e+00	1.095542e+00	1.684671e+00
1.332951e-01	9.613890e-02	1.203158e+00	8.345150e-01	8.419822e-01	9.083113e-01	5.054580e-02	-1.385855e-01	1.645590e+00	-5.813742e-02	4.676437e-01	9.007727e-01	-9.669333e-01	1.622477e+00	8.809982e-01	4.200593e-01	-2.933402e-01	6.594637e-01	1.776353e+00	1.238540e+00
6.370378e-01	2.362271e-01	4.178129e-01	2.039944e-01	-1.411963e+00	8.686957e-01	5.456049e-01	-1.132783e+00	1.059568e+00	-1.680914e-01	1.750825e+00	1.638303e+00	2.866711e+00	5.751927e-01	6.919732e-01	1.778322e+00	-3.369082e-01	4.930788e-01	1.640623e+00	3.797568e-01
5.849753e-01	3.653380e-01	-1.912345e-02	2.660479e-01	-1.173280e+00	1.180307e+00	4.248103e-01	-5.911661e-01	5.292024e-01	-2.543151e-01	1.367376e+00	1.622406e+00	2.723526e+00	1.039533e+00	6.888015e-01	1.736536e+00	-2.499303e-01	6.324371e-01	9.727344e-01	3.320839e-01
-4.275070e-01	-2.015105e-01	9.897869e-01	-3.819164e-01	2.293777e+00	1.022384e-01	1.640843e+00	2.151130e-01	-5.747641e-03	-1.259628e+00	1.476539e+00	2.567516e+00	-4.239809e-01	2.018035e+00	3.571879e-01	-1.207661e+00	1.746121e-01	5.720712e-01	-1.699213e+00	2.981439e-01
-6.356295e-01	8.365617e-01	9.241963e-01	-2.352565e-01	-9.354651e-01	2.138725e-01	2.303459e+00	-8.413881e-01	-7.893753e-02	-1.728525e-01	2.396373e+00	5.703869e-01	4.803272e-01	-1.999413e-01	1.888872e+00	-1.863980e-01	8.909225e-01	1.162439e+00	8.565767e-01	3.864023e-01
-1.114232e-01	1.112953e+00	1.293023e+00	9.440722e-01	8.084059e-01	9.990509e-01	1.823646e+00	1.640230e-01	-4.463367e-01	-2.836492e-01	1.672918e+00	1.970377e-02	-6.151030e-01	8.586433e-01	1.354514e+00	-1.912884e-01	-1.555868e-02	9.139934e-01	4.922456e-01	9.247512e-01
-1.916616e-01	8.356901e-01	6.532536e-01	-3.570285e-01	7.260743e-01	2.221427e+00	-2.301501e-02	-9.391613e-01	5.885619e-01	1.195315e+00	-8.058332e-01	3.520810e+00	-8.500602e-01	1.066118e+00	-6.876753e-01	3.638830e-01	-4.493640e-01	3.064032e+00	-3.459256e-01	8.628473e-01
6.116671e-02	-3.035635e-01	1.581897e+00	6.742490e-01	1.722601e+00	1.166139e+00	8.257902e-01	-1.151401e-01	1.367353e+00	6.320638e-02	-1.055556e+00	1.519538e+00	-2.208773e+00	2.094791e+00	-1.004584e-01	-8.054626e-01	1.319326e+00	1.916039e+00	1.417739e+00	3.507437e-01
-3.449296e-01	-1.021300e-01	1.625868e+00	3.274242e-01	2.415162e+00	9.655003e-01	4.556116e-01	-7.946341e-02	1.487658e+00	3.223618e-01	-6.849425e-01	1.932587e+00	-2.420231e+00	2.620447e+00	-4.264714e-01	-1.481215e+00	1.063098e+00	9.631705e-01	4.085439e-01	2.266651e-01
-5.884842e-01	1.540500e+00	1.706978e+00	3.526569e-01	9.166456e-01	5.250191e-01	-9.017869e-02	-7.632222e-01	7.289845e-01	1.252462e+00	1.131624e+00	9.090719e-01	-1.709491e+00	2.322923e-01	5.275913e-01	-7.293462e-01	6.851835e-01	1.596618e+00	9.214483e-01	5.642521e-01
-4.113273e-01	4.082806e-01	2.590966e-01	6.893487e-01	-8.400246e-01	2.455299e-01	7.379665e-01	-6.810604e-01	1.567801e+00	-5.036430e-01	9.281079e-01	1.779980e-01	1.329634e+00	1.476112e+00	8.122037e-02	7.689337e-01	5.330733e-01	6.961951e-01	1.833666e+00	3.256537e-01
3.410595e-01	4.901982e-01	1.143441e+00	1.083051e+00	1.348829e+00	1.661822e+00	1.565198e+00	2.957686e-01	-8.136215e-01	-4.990063e-01	1.778214e+00	5.032825e-01	-5.942866e-01	9.638113e-01	1.257543e+00	-1.165465e-02	-2.189500e-01	9.848470e-01	-3.387934e-01	6.114794e-01
-1.121377e+00	1.593286e+00	7.627718e-01	5.913254e-01	3.806980e-01	7.863551e-01	7.316449e-01	-1.340597e+00	1.937071e+00	6.922210e-02	-4.945426e-01	1.299520e+00	-7.076923e-01	1.293911e+00	1.441385e+00	-8.693143e-01	1.753615e+00	1.248213e+00	1.178646e+00	-7.518028e-02
-4.382399e-01	-4.796967e-01	7.735314e-01	-5.635313e-02	-1.912712e-01	-6.659872e-01	9.216725e-01	-9.621739e-01	2.113774e+00	-5.632223e-01	4.160355e-01	1.130256e+00	9.970901e-01	1.954468e+00	8.373882e-01	4.947024e-01	2.427139e+00	6.706523e-01	1.956454e+00	-9.666834e-01
-5.901823e-01	2.053789e+00	5.370602e-01	-8.120201e-01	1.791810e+00	3.055386e-01	-1.908550e+00	7.063094e-01	1.421803e+00	1.022284e+00	2.225164e+00	1.055381e+00	2.412261e-01	-1.624820e-01	3.800934e-01	-1.454493e-01	-2.432756e-01	-6.758859e-01	-3.991366e-01	2.593807e-01
6.278327e-01	3.333096e-01	1.004428e+00	1.619169e+00	1.082519e+00	1.844933e+00	1.828366e+00	5.828531e-01	-1.452520e+00	-1.058218e-01	1.115628e+00	4.376618e-01	-1.238875e+00	4.150556e-01	1.294130e+00	-1.899327e-01	-1.449764e-01	1.559650e+00	-9.753985e-01	9.005623e-01
1.694947e+00	-6.539868e-01	6.745680e-01	8.733518e-01	5.823161e-01	1.189122e+00	6.834737e-01	-1.272221e-01	2.514705e-01	-1.383009e-01	8.491098e-01	2.104186e+00	1.594300e+00	1.814437e+00	-9.732623e-01	1.510442e+00	-1.024043e+00	1.186827e+00	1.409101e-01	5.549282e-01
-7.252227e-01	1.307751e+00	1.280619e+00	-7.982234e-01	-8.036532e-01	-6.925861e-01	1.328396e+00	-7.918923e-01	7.044039e-01	3.857249e-01	1.972335e+00	7.359050e-01	1.063558e+00	7.708227e-01	1.696949e+00	7.095041e-01	8.118936e-01	-1.735392e-01	1.952327e+00	6.886104e-01
-1.350985e-01	6.227715e-01	1.128092e+00	1.393967e+00	2.070547e+00	7.408344e-01	7.449749e-01	1.089830e+00	8.194072e-01	8.862166e-01	-3.345024e-01	-1.476944e-01	-2.721582e+00	1.126830e+00	-1.638883e+00	-1.008157e+00	-4.315126e-01	1.536985e+00	4.382607e-01	1.877990e+00
5.305360e-01	9.819937e-01	3.671429e-01	1.970493e-01	1.958349e+00	1.497172e+00	-9.952589e-01	2.161546e+00	5.445240e-01	1.331195e+00	1.960843e+00	4.327028e-02	1.493910e-01	-2.445067e-01	-1.050702e+00	5.888206e-01	-1.296058e+00	-3.488030e-01	4.034725e-02	1.468595e+00
-2.207163e-01	4.433330e-01	1.506666e+00	9.456656e-01	1.336423e-01	3.458492e-01	2.723759e+00	-7.979222e-01	-1.832889e-01	-5.682044e-01	1.355700e+00	6.636372e-01	-2.070062e-01	5.075045e-01	5.281071e-01	-4.090960e-02	-2.155592e-01	1.610669e+00	3.647541e-01	9.329003e-01
-4.881919e-01	1.291354e+00	-7.244378e-02	-7.770270e-01	5.952454e-01	1.598693e+00	-5.382933e-01	9.735778e-01	4.799206e-01	1.567940e+00	1.345487e+00	1.011228e+00	4.442813e-01	6.874787e-01	-5.777680e-01	1.121556e+00	-8.493932e-01	4.784740e-01	5.922339e-01	1.131775e+00
-1.170585e+00	1.337529e+00	7.858064e-01	-1.160143e+00	2.922482e-01	1.229335e+00	2.762034e-01	-2.011146e+00	9.107509e-01	1.804947e-01	8.637911e-01	3.616888e+00	6.124479e-01	1.096411e+00	1.751808e+00	6.056308e-02	2.966219e-01	1.145555e+00	-6.552228e-01	-5.762974e-01
-4.701055e-01	6.479641e-01	-5.239124e-01	8.647614e-01	3.995058e-01	2.030284e+00	2.937540e-02	6.787044e-01	3.078863e-01	2.070927e-01	4.824677e-01	-7.769498e-02	-2.170421e-01	1.618291e+00	-3.028773e-01	2.416064e-01	5.311612e-01	1.397628e+00	2.872398e-01	-3.218628e-01
5.210080e-02	1.016393e+00	9.493777e-01	4.633945e-01	-1.333393e-01	1.258386e+00	5.539144e-01	-3.400399e-01	1.072853e+00	7.273000e-01	7.221259e-01	9.991996e-01	1.272001e-01	1.242968e+00	5.286034e-01	6.358124e-01	-3.667527e-01	1.120016e+00	1.986286e+00	1.335458e+00
-5.960699e-01	1.607351e+00	1.782902e+00	-1.028991e-01	-4.450774e-01	-6.156544e-01	1.809093e+00	-1.564351e+00	1.131141e+00	-2.931761e-01	1.971432e+00	1.248248e+00	1.017666e+00	4.883420e-01	2.775472e+00	1.031897e+00	8.779286e-01	-6.171667e-01	2.023083e+00	8.071433e-01
2.911603e-01	-1.375558e+00	9.409695e-01	1.776892e-01	2.861570e+00	1.905301e+00	6.498634e-01	1.114265e+00	-6.526818e-01	-1.638102e+00	-7.676360e-01	2.245629e+00	-1.105037e+00	1.736317e+00	5.282935e-02	1.775854e-01	-1.137833e-01	1.423770e+00	-1.141072e+00	2.365582e-01
-7.106057e-01	1.335479e+00	1.284980e+00	-3.392929e-01	3.424595e-01	-9.780231e-01	1.477314e+00	-6.449655e-01	1.459276e+00	-5.195077e-01	1.884099e+00	1.261022e+00	5.293410e-01	2.947984e-01	2.083648e+00	-1.783729e-01	1.120633e+00	-4.787234e-01	1.214804e+00	6.420252e-01
-2.637032e-01	8.842049e-01	3.337105e-01	6.332268e-01	2.402571e-02	6.661790e-01	4.965888e-02	2.848745e-01	1.632555e+00	2.071304e-01	3.671219e-01	-5.379371e-01	1.000240e-01	1.396850e+00	4.423501e-01	1.805516e-01	4.539832e-01	5.961623e-01	2.439662e+00	1.113590e+00
-9.648174e-01	8.062080e-01	1.329412e+00	-6.259776e-01	1.172110e+00	6.595839e-01	2.002468e+00	-1.365481e+00	5.764368e-01	-4.657562e-01	4.389166e-01	2.886715e+00	-9.803010e-02	5.546344e-01	6.283295e-01	-5.000270e-01	2.392798e-01	7.447222e-01	-4.675771e-02	8.983244e-01
2.697467e-01	1.060914e+00	1.098705e+00	1.374968e+00	7.944576e-01	1.506502e-01	8.047176e-01	-1.210676e-01	1.561034e+00	5.271943e-01	1.661154e-02	3.003556e-01	-7.980919e-01	7.484449e-01	-9.420535e-01	4.649047e-02	-4.442075e-01	7.040415e-01	1.626594e+00	1.711230e+00
8.587774e-01	-4.557828e-01	8.230414e-01	1.442827e+00	2.042008e+00	1.884602e+00	-3.160004e-01	1.848924e+00	2.624803e-01	-4.494744e-01	-7.840661e-01	-3.531266e-01	-6.008728e-01	8.052272e-01	5.186118e-01	6.415583e-01	5.879860e-01	7.752557e-01	8.511356e-01	-2.192104e-01
2.306363e-01	8.501473e-01	5.803863e-01	1.501482e-01	1.372820e+00	1.212489e+00	-9.310839e-01	7.879586e-01	1.534526e+00	5.338794e-01	1.922302e+00	6.492634e-01	2.321368e-01	1.147295e-01	-5.541519e-01	5.336539e-01	-9.685820e-01	-6.064147e-01	9.694951e-01	1.093417e+00
-3.004119e-01	7.869366e-01	1.646944e+00	8.290208e-01	2.395142e+00	1.617575e+00	1.001672e+00	4.592770e-01	-2.018993e-01	8.011511e-01	7.453788e-01	6.009745e-01	-2.893723e+00	1.322830e+00	3.514917e-01	-1.484490e+00	8.380272e-01	9.432827e-01	-3.825242e-02	5.437679e-01
-6.661733e-01	1.788595e+00	1.340955e+00	-5.991601e-01	-1.080661e+00	-8.255102e-02	5.305094e-01	-2.417924e+00	6.835570e-01	-2.229739e-01	2.537626e+00	2.241103e+00	1.771712e+00	4.453122e-01	2.688378e+00	9.866987e-01	7.881745e-01	5.658169e-01	9.001006e-01	-5.783457e-01
-1.239776e-01	1.233287e+00	3.005689e-01	-3.329594e-01	-5.493121e-01	1.128896e+00	2.379756e-02	-1.476194e+00	1.043754e+00	1.489248e-01	1.134889e+00	2.807747e+00	1.961378e+00	9.809147e-01	1.026071e+00	1.252378e+00	-2.437084e-01	9.085996e-01	2.657468e-01	-2.637814e-01
6.614550e-01	1.897123e-02	9.989036e-01	9.033860e-01	2.372950e+00	1.465636e+00	9.235170e-01	1.201661e+00	-3.808679e-01	-4.352031e-01	4.916381e-01	3.858284e-01	-1.028915e+00	3.841750e-02	8.796733e-01	9.442455e-02	-9.747677e-02	8.271471e-01	-4.339628e-01	6.264055e-01
-3.046601e-01	1.348993e+00	6.987492e-02	4.334682e-01	6.617907e-01	2.448738e+00	-3.610853e-01	-3.863652e-01	2.202675e-01	3.165335e-01	5.990205e-01	1.605215e+00	2.610326e-01	1.224596e+00	1.117681e+00	3.840732e-01	-3.861453e-02	1.289662e+00	-4.474989e-01	-6.182986e-02
-2.959529e-01	1.464856e-01	7.005168e-01	4.087374e-01	3.277658e-01	1.459314e+00	4.495452e-01	-2.451476e-02	1.063862e+00	-2.984054e-01	-3.067517e-01	7.471775e-01	4.266780e-01	1.896633e+00	-9.697623e-02	2.738832e-01	6.000632e-01	1.244948e+00	1.417953e+00	-2.209920e-03
4.856730e-02	9.651655e-01	7.071478e-01	4.431377e-01	3.389753e-01	8.190052e-01	-7.667367e-01	-2.778433e-01	8.771271e-01	4.055832e-01	3.873777e-01	9.697415e-01	2.194787e-01	3.147507e-01	-7.546512e-02	7.874911e-01	3.099706e-01	1.844148e+00	8.085091e-01	-1.270910e-01
3.441228e-01	1.088409e+00	1.126058e+00	1.551058e+00	8.192397e-01	1.292911e+00	1.200464e+00	4.354273e-01	-8.783677e-02	-7.196462e-02	1.171653e+00	1.407219e-01	-5.771452e-01	7.843326e-01	-4.365125e-01	-2.737193e-01	-1.767609e+00	1.011677e+00	3.092849e-01	2.202329e+00
7.313342e-01	8.211246e-02	1.409059e+00	7.800459e-02	1.659186e+00	2.331638e+00	-1.016409e-01	-8.027004e-01	3.153084e-01	5.743666e-02	6.853326e-01	3.734387e+00	-2.481013e-01	1.732950e+00	3.861306e-01	3.888968e-01	-8.064033e-01	1.424860e+00	-1.507080e+00	-1.926864e-01
8.348821e-01	-1.951006e-02	3.106347e-01	5.379243e-01	1.173595e+00	1.296094e+00	-6.883583e-01	1.419454e+00	5.552503e-01	7.437383e-01	1.158621e+00	2.965964e-01	3.698495e-01	1.176653e+00	-1.333094e+00	7.942962e-01	-1.206788e+00	4.287606e-01	2.698757e-01	1.024404e+00
4.501387e-01	1.095148e+00	1.368238e+00	1.076767e+00	5.200745e-01	1.110872e+00	1.803667e+00	-6.356821e-01	-1.748130e-01	-4.604232e-01	1.574689e+00	1.166729e+00	9.652721e-02	6.279782e-01	1.962398e+00	7.640075e-01	-7.144904e-03	6.933444e-01	7.894818e-01	8.176122e-01
5.019006e-01	2.623850e-01	1.495455e+00	-4.201693e-01	2.344075e-01	8.273843e-01	1.146307e-01	-1.451733e+00	-1.000495e-01	-3.349309e-01	1.657574e+00	2.779149e+00	7.925124e-01	1.251971e+00	7.119940e-01	1.009204e+00	2.584848e-01	1.433779e+00	4.603859e-01	-1.451744e-01
4.916413e-01	6.887926e-01	1.159584e+00	9.503651e-01	8.559960e-02	7.148274e-01	3.267364e-01	-3.000174e-01	1.418405e+00	2.873810e-01	6.203024e-01	7.529621e-01	6.033425e-01	1.190103e+00	3.666400e-01	1.280667e+00	-6.140507e-01	5.170439e-01	2.086132e+00	1.194400e+00
9.664657e-01	-7.030177e-01	8.924328e-01	1.394716e+00	2.157419e+00	1.579577e+00	-3.089379e-01	1.810844e+00	1.684314e-01	-6.470481e-01	-7.617290e-01	-2.602680e-01	-4.398324e-01	9.963838e-01	7.209134e-01	8.028429e-01	7.225278e-01	5.686776e-01	8.283723e-01	-3.240265e-01
1.439173e+00	-1.581459e-01	1.004626e+00	1.703275e+00	1.420837e+00	1.182591e+00	5.980876e-01	1.506391e+00	9.801201e-02	-7.185910e-01	-1.385358e-01	-3.958024e-01	5.233204e-01	2.745698e-01	1.256365e+00	9.815853e-01	5.455312e-01	6.996458e-01	1.044592e+00	4.568988e-01
-8.836094e-01	1.566951e+00	9.754663e-01	-2.924672e-01	-7.732022e-01	3.352368e-01	8.865344e-01	-1.280500e+00	1.665449e+00	4.232307e-01	1.535163e+00	1.082734e+00	7.615685e-01	1.300364e+00	1.745319e+00	1.623382e-01	9.170972e-01	1.616462e-01	2.482146e+00	8.433208e-01
8.314350e-01	-8.306856e-01	7.982292e-01	1.013795e+00	1.820631e+00	1.509339e+00	-3.158019e-01	8.884605e-01	9.187954e-01	-2.048870e-01	-5.642215e-01	-7.872876e-02	-5.159729e-01	1.939705e+00	-7.097316e-01	4.139412e-01	8.291082e-01	8.819998e-01	1.733916e+00	-1.635939e-01
-1.724689e-01	7.976944e-01	5.839991e-01	2.797897e-01	-7.799168e-01	5.558366e-01	1.779633e+00	-1.192306e+00	4.421643e-01	-5.191220e-01	1.887865e+00	9.088439e-01	1.310654e+00	8.071734e-02	6.805032e-01	2.414936e-01	2.369148e-01	8.065200e-01	8.201856e-01	5.753746e-01
-7.954291e-01	1.237104e+00	4.633472e-01	1.918849e-01	-6.834553e-01	3.419920e-01	-6.509039e-01	-1.473690e+00	1.511301e+00	4.452282e-01	1.097656e+00	1.110569e+00	5.317687e-01	9.954148e-01	7.079353e-01	1.054177e+00	8.190311e-01	1.579626e+00	1.358264e+00	-4.954802e-01
-5.029140e-01	1.161976e+00	8.705659e-01	2.702582e-01	-4.909134e-01	-4.149363e-02	8.262637e-01	-9.047572e-01	1.456170e+00	-6.289868e-01	1.814890e+00	9.396513e-01	1.265061e+00	6.765392e-01	2.659468e+00	7.357400e-01	1.019173e+00	6.501895e-02	1.281359e+00	2.399039e-01
5.395269e-01	-4.138320e-01	9.236991e-01	6.770795e-01	1.105409e+00	1.067216e+00	8.202886e-01	5.469082e-01	-1.017675e-01	-6.758624e-01	7.110731e-01	7.223081e-01	-9.144071e-01	1.635773e+00	5.352780e-01	-3.189785e-01	2.539743e-01	1.284872e+00	2.124425e-01	5.020967e-01
-2.446772e-01	1.029007e+00	5.604349e-01	1.132839e+00	-4.438347e-01	1.468870e+00	3.473667e-01	-4.840417e-01	1.839741e+00	3.182330e-01	6.301822e-01	-2.682355e-02	-5.869212e-01	7.550376e-01	7.519675e-01	-5.021761e-02	2.375072e-01	1.158192e+00	2.209395e+00	1.026617e+00
-1.660495e+00	6.786649e-01	1.219668e+00	-1.723738e+00	1.173239e+00	-1.179712e-01	7.172252e-01	-1.453722e+00	8.458223e-01	-7.382251e-01	1.008694e+00	3.598392e+00	-1.631186e-01	1.652781e+00	1.221546e+00	-8.283157e-01	1.026579e+00	8.328792e-01	-1.288390e+00	-7.139661e-01
1.141745e+00	3.102471e-01	1.020072e+00	7.476888e-01	1.480159e+00	5.970443e-01	-1.054093e+00	1.133619e+00	1.306483e+00	4.504824e-01	1.757258e+00	1.790856e-01	4.368867e-01	7.755443e-01	9.969986e-02	1.619290e+00	-1.076934e+00	-9.394722e-01	1.138114e+00	1.221854e+00
2.583660e-01	5.572677e-01	1.010604e+00	1.489924e+00	1.223526e+00	1.417001e+00	6.644057e-01	8.620981e-01	1.745321e-01	3.089118e-01	1.076337e+00	-8.232516e-01	-1.691669e+00	7.891503e-01	1.259608e+00	-6.109343e-01	8.817914e-01	8.514484e-01	8.887228e-01	6.054119e-01
-5.980879e-01	1.455844e+00	1.273529e+00	2.447652e-01	-3.645080e-01	6.657518e-01	1.602436e+00	-2.667476e-01	-5.115147e-01	6.537804e-01	2.450171e+00	-2.214784e-01	-6.317567e-01	8.940446e-01	1.379238e+00	-3.583576e-01	-1.135466e-01	6.206809e-01	6.986725e-01	8.719193e-01
-6.231722e-01	1.689160e+00	5.755054e-02	4.535733e-01	-3.525719e-01	1.956598e+00	-7.313645e-01	-1.006785e+00	8.633089e-01	7.721972e-01	2.829062e-01	8.575558e-01	-4.528743e-01	1.095577e+00	8.466872e-01	4.105699e-01	1.042237e+00	2.109175e+00	1.334867e+00	-6.336208e-01
-1.861991e-01	1.206455e+00	7.308433e-01	-3.283825e-01	8.900454e-01	1.666984e+00	-9.350189e-01	-9.745182e-01	9.692088e-01	6.484597e-01	5.880219e-01	2.268976e+00	-4.260416e-02	1.261428e+00	9.927183e-02	4.042537e-01	1.821705e-01	1.356967e+00	5.418102e-01	-3.602663e-01
3.275090e-01	3.797678e-01	1.253678e+00	2.044622e+00	1.113684e+00	7.937708e-01	1.272482e+00	2.571692e-01	1.467076e+00	4.341949e-01	-6.038865e-01	-3.162578e-01	-1.858623e+00	9.972669e-01	-7.126016e-01	-7.025197e-01	5.222985e-01	1.965481e+00	1.875045e+00	1.495798e+00
-5.805651e-01	7.447794e-01	7.016358e-01	5.050498e-01	-4.504206e-01	8.496126e-01	1.684595e+00	-5.740285e-01	-1.854009e-01	-7.506028e-01	2.341367e+00	8.604304e-01	5.917017e-01	1.368890e+00	1.866037e+00	4.479982e-01	-1.376165e-01	7.991095e-01	-2.328057e-01	3.626623e-01
1.365336e+00	-4.817568e-01	7.135013e-01	7.153217e-01	1.749614e+00	1.243764e+00	1.842206e-01	1.413830e+00	-5.817049e-01	-6.311113e-01	6.309625e-01	4.231058e-01	4.802934e-01	2.914697e-01	4.657049e-01	1.103454e+00	-3.084943e-01	4.357128e-01	2.069543e-01	2.029795e-01
1.038829e+00	-7.517298e-01	1.562170e+00	4.682319e-01	2.127471e+00	1.983162e+00	5.744624e-01	7.154309e-01	-1.224449e+00	-7.293125e-01	3.514394e-01	1.616492e+00	-6.208136e-01	1.252498e+00	9.190354e-01	9.386973e-01	-4.851219e-01	7.082364e-01	-6.757183e-01	1.501796e-01
5.187853e-01	7.023055e-01	7.148124e-01	4.300909e-01	1.283470e+00	1.871579e+00	1.261177e+00	3.569763e-01	-3.718502e-01	-3.412072e-01	9.360625e-01	9.262931e-01	2.388990e-01	5.611644e-01	4.215937e-01	1.170956e-01	-1.211353e-01	1.189403e+00	2.002818e-01	2.684796e-01
1.090154e+00	-6.862489e-01	1.118751e+00	4.102664e-01	1.424541e+00	2.071661e+00	5.742965e-01	5.593974e-02	-5.794909e-01	-8.648695e-01	4.583718e-01	1.791078e+00	-2.528318e-01	1.065233e+00	1.055197e+00	9.583807e-01	-4.089048e-01	9.588392e-01	-1.773138e-01	5.655766e-02
-4.297559e-01	7.212022e-01	3.470800e-01	1.091504e+00	9.717255e-01	1.688677e+00	1.519422e-01	1.173672e+00	8.991170e-01	6.212741e-01	2.655805e-01	-1.155928e+00	-1.738654e+00	8.991956e-01	9.341550e-01	-8.638633e-01	1.498884e+00	1.305374e+00	1.567011e+00	4.115222e-01
-8.097264e-01	1.554677e+00	1.776503e+00	-2.567200e-01	8.564489e-01	8.951415e-01	1.590389e+00	-1.480849e+00	5.957458e-01	-8.716382e-01	1.051760e+00	3.282623e+00	8.721364e-02	-2.392318e-01	3.408515e+00	4.741903e-01	-2.334559e-02	9.397072e-02	-7.055020e-01	5.788714e-01
-2.978197e-01	1.404301e+00	6.685872e-01	4.636737e-01	4.756906e-01	1.381899e+00	-1.682849e-01	-8.715767e-01	5.769193e-01	4.150627e-01	5.671417e-01	2.050849e+00	1.267993e-01	1.330643e+00	-2.281381e-01	2.941046e-01	6.557048e-02	9.069575e-01	1.157205e-01	-1.148232e-01
5.875728e-01	-5.520997e-01	9.296565e-01	7.413682e-01	2.245904e+00	1.572743e+00	4.299938e-01	6.987328e-01	3.523820e-01	-1.103565e+00	-8.092132e-01	1.099675e+00	-5.215404e-01	1.391239e+00	1.014637e+00	1.966460e-01	9.757340e-01	7.532802e-01	4.235666e-01	-4.538798e-01
-3.470075e-01	4.821778e-01	3.581499e-01	1.615942e-01	3.725107e-01	1.593244e+00	-6.062694e-01	-7.530155e-01	1.303374e+00	1.382263e-01	-6.213266e-01	2.285894e+00	-4.212438e-01	2.322486e+00	9.877864e-01	3.366584e-01	9.539406e-01	1.669285e+00	9.404015e-01	-1.827269e-01
6.218227e-01	7.993334e-01	7.511408e-01	4.345029e-02	8.433265e-01	1.238579e+00	-1.412250e+00	9.130872e-01	1.417992e+00	8.332056e-01	2.186581e+00	4.865835e-01	1.208474e+00	7.690734e-01	4.463871e-01	1.486153e+00	-1.005286e+00	-9.867482e-01	1.510232e+00	8.169226e-01
-3.432109e-01	1.167632e+00	1.351964e+00	1.029431e+00	1.068955e+00	1.036914e+00	-6.096356e-01	-6.000592e-02	1.390264e+00	8.224531e-01	1.366031e-01	-4.560703e-01	-2.345907e+00	6.013138e-01	8.189155e-01	-8.596699e-01	7.928591e-01	2.218367e+00	9.538800e-01	4.750955e-01
-5.825533e-01	8.519577e-01	2.722014e-01	-3.682863e-01	-1.718232e-01	2.164462e+00	1.699475e-01	-4.865560e-01	9.584114e-01	1.148215e+00	1.729838e-01	1.528439e+00	-5.468585e-01	1.327830e+00	4.858173e-01	4.904900e-01	5.766487e-01	1.431175e+00	1.576598e+00	1.172282e+00
5.822815e-01	6.114609e-01	7.318558e-01	3.093131e-01	-4.580365e-01	1.242426e+00	-6.744752e-01	-5.601108e-01	-3.643971e-01	-2.500373e-01	2.248390e+00	1.219454e+00	1.370442e+00	8.588749e-01	1.100280e+00	1.552884e+00	-2.889195e-01	1.172736e+00	2.833226e-01	-2.850274e-01
-1.931798e-01	1.015482e+00	1.234156e+00	1.473177e+00	8.256978e-01	7.737411e-01	1.554709e+00	3.417331e-01	6.404029e-02	-2.088173e-02	9.581672e-01	-1.472328e-01	-1.526403e+00	9.689546e-01	9.112881e-01	-6.849282e-01	1.565798e-01	1.195969e+00	7.172616e-01	1.415743e+00
-2.591101e-01	1.407279e+00	8.287266e-01	-2.859432e-01	5.547866e-01	8.932412e-01	-6.302362e-01	8.963771e-02	1.929187e+00	7.698712e-01	1.956012e+00	1.016999e+00	5.885130e-01	-3.194656e-01	9.683935e-01	3.203811e-01	-5.606401e-01	-8.148601e-01	1.278132e+00	1.157767e+00
-9.513365e-02	2.051142e-01	6.408085e-01	1.065331e+00	-6.245138e-01	9.706773e-01	2.144623e+00	-4.797862e-01	-6.001924e-01	-1.009022e+00	1.565326e+00	2.228000e-01	4.689570e-01	1.068293e+00	1.623817e+00	4.614424e-01	5.772301e-01	1.668452e+00	5.385419e-01	-7.549199e-02
-4.635882e-01	6.281922e-01	6.181665e-01	5.758793e-01	-2.665057e-01	-1.531782e-01	8.451936e-02	1.748097e-01	2.027753e+00	4.141271e-01	1.181986e+00	-1.391922e+00	1.369986e-01	7.449526e-01	1.049452e+00	8.451592e-02	1.792191e+00	3.157240e-02	3.069674e+00	3.696472e-01
-9.290137e-01	5.335447e-01	3.387422e-01	-4.856491e-01	1.245862e+00	1.956748e+00	-1.087394e+00	5.164988e-01	1.770607e+00	1.004329e+00	7.811362e-01	4.118658e-01	-1.620287e+00	1.254464e+00	2.776112e-01	-1.035175e+00	1.196227e+00	6.383713e-01	1.899409e+00	4.463411e-02
-4.025207e-01	1.221249e+00	3.569683e-01	2.597458e-01	1.430758e-01	1.646346e+00	-2.894428e-01	-6.192939e-01	7.516655e-01	2.191401e-01	5.194296e-01	1.717038e+00	3.553958e-02	1.698902e+00	6.359726e-01	5.932570e-01	-2.525119e-01	1.635926e+00	-2.177132e-01	1.140654e-01
7.691328e-01	6.352408e-01	4.447742e-01	3.673716e-01	1.694889e+00	-1.090424e-01	-1.668761e+00	2.155251e+00	1.534612e+00	9.632260e-01	2.478698e+00	-9.389327e-01	4.508735e-01	-1.658037e-02	-5.304737e-01	9.962478e-01	-3.730695e-01	-1.644622e+00	1.555422e+00	1.227836e+00
1.940778e-01	1.588567e+00	7.977746e-01	-7.138325e-02	1.135881e+00	1.577542e+00	-1.698361e+00	1.072350e+00	1.502220e+00	1.722258e+00	2.370803e+00	2.071326e-02	-7.025265e-02	-2.539294e-01	8.275794e-01	7.760455e-01	-8.756105e-01	-1.209628e+00	1.563166e+00	1.170960e+00
-8.702414e-02	1.222541e+00	7.687257e-01	3.319476e-01	-2.445560e-03	1.144464e+00	5.883783e-01	-6.667819e-02	8.147581e-01	5.431527e-01	1.419489e+00	6.325783e-01	9.358057e-01	1.208109e+00	1.616412e-01	5.245284e-01	-7.503698e-01	8.000086e-01	1.508152e+00	1.201090e+00
8.730440e-01	-7.514646e-01	1.274761e+00	-1.029086e-01	1.515372e+00	1.564915e+00	5.057395e-01	-1.336291e-02	-4.444444e-01	-9.394096e-01	7.571764e-01	1.955419e+00	3.145575e-01	2.045762e+00	5.550682e-01	1.181162e+00	8.112501e-02	5.471762e-01	4.235450e-01	-1.937794e-01
-9.289458e-01	2.366417e+00	6.757062e-01	5.902947e-01	1.651972e-01	1.973652e+00	-3.029004e-01	-3.228505e-01	5.526262e-01	8.886668e-01	6.355710e-01	-8.786075e-02	-1.002812e+00	1.057005e+00	1.943921e+00	-1.069072e-01	9.215524e-01	1.266763e+00	1.045700e+00	-2.377601e-01
8.494311e-01	6.060795e-01	3.383592e-01	5.391869e-01	1.835867e+00	1.434179e+00	-1.881810e+00	2.031253e+00	1.006326e+00	1.017356e+00	2.120205e+00	-4.443106e-01	-2.606448e-03	-5.376353e-02	-2.305639e-02	1.233510e+00	-4.967604e-01	-1.140843e+00	1.163772e+00	7.561507e-01
