-3.015863e-02	-7.508604e-03	-2.649190e-02	3.784793e-02	1.220907e-03	-3.315444e-02	-3.064388e-02	1.813515e-02	1.372548e-02	-1.341287e-02	3.518287e-02	1.955451e-03	1.700793e-02	2.430520e-02	-2.520554e-02	-4.770058e-03	2.317573e-02	-5.614177e-04	3.092824e-02	-2.455828e-02
-3.562640e-02	-8.531235e-03	-4.664588e-02	4.274230e-02	4.233297e-03	-2.598780e-02	-3.089877e-02	2.455989e-02	1.658229e-02	-5.084907e-03	2.876549e-02	1.001679e-02	2.578850e-02	2.103693e-02	-3.037439e-02	6.341381e-03	2.019019e-02	-2.400565e-03	1.739115e-02	-2.593488e-02
-4.906350e-02	-5.216874e-03	-5.915539e-02	4.517075e-02	8.616707e-03	-4.173739e-02	-3.222232e-02	3.090248e-02	2.780016e-02	7.249158e-03	3.452142e-02	1.163530e-02	2.507616e-02	3.341748e-02	-4.102358e-02	-1.161143e-02	2.356709e-02	7.203604e-04	2.117834e-02	-2.629751e-02
-4.573403e-02	-1.019795e-02	-5.950682e-02	4.768642e-02	6.480602e-03	-4.242580e-02	-3.365156e-02	3.439416e-02	2.770658e-02	6.576639e-03	3.662668e-02	5.908648e-03	2.351170e-02	3.323855e-02	-3.892831e-02	-1.089481e-02	2.299041e-02	2.787581e-03	2.375071e-02	-2.623729e-02
-4.343256e-02	-1.027081e-02	-5.919708e-02	4.812859e-02	4.202655e-03	-4.755828e-02	-3.884861e-02	3.827253e-02	2.967119e-02	7.022485e-03	4.277376e-02	3.256540e-03	2.289319e-02	3.090251e-02	-3.884161e-02	-1.658929e-02	2.328631e-02	1.280239e-03	3.074496e-02	-2.402607e-02
-5.129933e-02	-1.702405e-02	-6.281460e-02	5.655440e-02	1.323718e-02	-3.915630e-02	-3.776438e-02	3.859827e-02	2.606674e-02	8.275238e-04	3.660005e-02	1.080130e-02	3.285255e-02	2.740270e-02	-3.400290e-02	-4.569860e-03	1.860652e-02	-2.643900e-03	2.419072e-02	-3.118895e-02
-5.809656e-02	-9.375467e-03	-6.818699e-02	4.873898e-02	1.508908e-02	-4.755865e-02	-3.641057e-02	3.659252e-02	2.999117e-02	1.386453e-02	3.773090e-02	1.226193e-02	2.910283e-02	3.743206e-02	-4.153357e-02	-1.673416e-02	2.183511e-02	3.391772e-03	2.166681e-02	-2.656309e-02
-5.480046e-02	-1.258465e-02	-7.526150e-02	5.329799e-02	9.530761e-03	-4.790885e-02	-4.195703e-02	4.302702e-02	3.243508e-02	1.282168e-02	4.333634e-02	5.836076e-03	2.266633e-02	3.967188e-02	-4.353351e-02	-1.299432e-02	2.288892e-02	8.061114e-03	2.444754e-02	-2.519078e-02
-5.219840e-02	-1.187780e-02	-7.010838e-02	5.403869e-02	1.368530e-02	-5.083625e-02	-4.520000e-02	4.535399e-02	3.039465e-02	1.275496e-02	4.870180e-02	-3.049397e-05	1.993516e-02	3.566486e-02	-4.148395e-02	-1.822029e-02	2.269994e-02	6.453814e-03	2.987967e-02	-2.551427e-02
-5.125295e-02	-1.601813e-02	-7.791787e-02	5.320104e-02	1.531999e-02	-3.914039e-02	-4.163191e-02	5.045892e-02	2.934289e-02	1.501465e-02	3.973996e-02	8.501871e-03	2.445934e-02	2.969714e-02	-4.118323e-02	-7.544323e-03	1.417508e-02	6.342266e-03	1.736547e-02	-2.343269e-02
-6.421675e-02	-9.043236e-03	-7.385575e-02	4.999184e-02	2.046507e-02	-5.019783e-02	-4.191178e-02	4.207029e-02	3.053987e-02	1.958810e-02	4.220688e-02	8.842405e-03	2.750454e-02	3.902365e-02	-4.221776e-02	-1.803275e-02	2.031002e-02	8.056650e-03	1.937343e-02	-2.443625e-02
-5.556014e-02	-9.430168e-03	-7.204365e-02	4.642236e-02	1.266161e-02	-4.485708e-02	-4.260611e-02	4.018779e-02	2.918106e-02	1.775437e-02	4.283105e-02	2.512155e-03	2.374190e-02	3.896219e-02	-3.992767e-02	-1.322622e-02	1.949001e-02	1.199494e-02	1.790460e-02	-2.088969e-02
-5.074975e-02	-8.109674e-03	-7.454084e-02	4.765910e-02	1.181115e-02	-4.990246e-02	-4.754495e-02	4.593979e-02	3.030542e-02	1.709430e-02	5.189695e-02	-3.289614e-03	1.681778e-02	3.715258e-02	-4.033734e-02	-1.821462e-02	2.050835e-02	1.226748e-02	2.490035e-02	-1.869048e-02
-5.059019e-02	-1.204921e-02	-7.946216e-02	4.687250e-02	1.675152e-02	-3.830660e-02	-4.205259e-02	4.769192e-02	2.519822e-02	1.854322e-02	4.144986e-02	7.151243e-03	2.601213e-02	2.847681e-02	-3.718121e-02	-6.301039e-03	1.184437e-02	9.689966e-03	1.099059e-02	-1.838408e-02
-6.190435e-02	-3.817040e-03	-7.894702e-02	4.422431e-02	1.946360e-02	-4.792343e-02	-4.106510e-02	4.399023e-02	3.097906e-02	2.453117e-02	4.173358e-02	6.711758e-03	2.308698e-02	4.107298e-02	-4.166603e-02	-1.728484e-02	1.413409e-02	1.114543e-02	1.288554e-02	-1.694013e-02
-5.622925e-02	-7.045517e-03	-8.042406e-02	4.554325e-02	1.347199e-02	-4.659850e-02	-4.399581e-02	4.596756e-02	3.274631e-02	2.479593e-02	4.588586e-02	7.395204e-04	1.900393e-02	4.067971e-02	-4.124615e-02	-1.610199e-02	1.269135e-02	1.397885e-02	1.756884e-02	-1.657658e-02
-4.915794e-02	-6.831661e-03	-7.966516e-02	4.382597e-02	1.371862e-02	-5.002253e-02	-4.617150e-02	4.744289e-02	3.125844e-02	2.418483e-02	5.301328e-02	-5.095332e-03	1.384639e-02	3.479282e-02	-3.781055e-02	-2.110166e-02	1.493072e-02	1.461044e-02	2.230999e-02	-1.285032e-02
-4.696523e-02	-1.057414e-02	-8.613937e-02	4.328222e-02	1.480079e-02	-3.841295e-02	-3.829678e-02	5.100826e-02	2.837431e-02	2.464387e-02	4.243101e-02	4.953007e-03	2.111620e-02	2.812468e-02	-3.539450e-02	-6.904480e-03	6.646712e-03	9.915400e-03	6.407483e-03	-1.238361e-02
-6.330703e-02	-3.413568e-03	-8.571870e-02	4.434403e-02	1.960993e-02	-5.127932e-02	-3.760552e-02	4.905146e-02	3.346252e-02	3.249307e-02	4.222161e-02	7.666264e-03	1.998570e-02	4.245004e-02	-4.076401e-02	-2.273902e-02	8.372244e-03	1.151045e-02	1.291690e-02	-1.489192e-02
-5.435962e-02	-6.158600e-03	-8.889085e-02	4.594939e-02	1.193734e-02	-5.086364e-02	-3.997095e-02	5.202659e-02	3.536269e-02	3.211624e-02	4.683443e-02	-1.582513e-05	1.469245e-02	4.175962e-02	-4.064307e-02	-1.951619e-02	7.911363e-03	1.559825e-02	1.584625e-02	-1.443594e-02
-4.754267e-02	-5.839586e-03	-8.460876e-02	4.561856e-02	1.279085e-02	-5.472766e-02	-4.336313e-02	5.192407e-02	3.260111e-02	2.960744e-02	5.409269e-02	-4.930582e-03	1.085964e-02	3.539684e-02	-3.707549e-02	-2.476337e-02	9.436406e-03	1.509785e-02	2.218998e-02	-1.127045e-02
-4.646813e-02	-1.003542e-02	-9.318484e-02	4.389616e-02	1.331737e-02	-4.112316e-02	-3.717956e-02	5.799358e-02	3.236637e-02	3.103064e-02	4.406646e-02	5.090419e-03	1.505706e-02	2.819883e-02	-3.616350e-02	-1.056955e-02	9.647015e-04	1.241222e-02	7.245445e-03	-1.015258e-02
-5.948215e-02	-1.981339e-03	-9.212744e-02	4.370719e-02	1.789400e-02	-5.357687e-02	-3.669457e-02	5.226208e-02	3.680753e-02	3.849862e-02	4.499659e-02	6.617819e-03	1.553627e-02	4.112661e-02	-4.085806e-02	-2.545967e-02	4.268291e-03	1.257191e-02	1.151428e-02	-1.119045e-02
-4.803059e-02	-2.377581e-03	-8.908595e-02	3.902942e-02	1.087610e-02	-4.929257e-02	-3.532047e-02	4.965592e-02	3.438138e-02	3.603464e-02	4.556028e-02	-2.099197e-03	1.104645e-02	3.744673e-02	-3.621641e-02	-2.038156e-02	1.606339e-03	1.715771e-02	1.331771e-02	-7.493723e-03
-3.647865e-02	2.812059e-04	-8.429544e-02	3.748005e-02	7.325783e-03	-5.354165e-02	-3.772571e-02	4.786143e-02	3.192671e-02	3.338833e-02	5.151970e-02	-5.777974e-03	5.651898e-03	3.201910e-02	-3.430540e-02	-2.312434e-02	3.068534e-03	1.683463e-02	1.777554e-02	-3.778259e-03
-3.651744e-02	-3.879508e-03	-9.178230e-02	3.707299e-02	9.677412e-03	-3.942018e-02	-3.151005e-02	5.275278e-02	2.860758e-02	3.354480e-02	4.113363e-02	5.965596e-03	1.363499e-02	2.479118e-02	-3.103146e-02	-9.160886e-03	-6.972090e-03	1.333310e-02	3.898137e-03	-6.904690e-03
-4.867243e-02	4.923869e-03	-8.609102e-02	3.492012e-02	1.338272e-02	-4.927284e-02	-2.879238e-02	4.273189e-02	3.033305e-02	3.930364e-02	3.994704e-02	7.365532e-03	1.307876e-02	3.612123e-02	-3.502154e-02	-2.263104e-02	-1.261479e-03	1.591743e-02	5.896500e-03	-6.611897e-03
-3.362660e-02	5.662445e-03	-8.067369e-02	3.041623e-02	5.772727e-03	-4.416759e-02	-2.742076e-02	3.777980e-02	2.609564e-02	3.449003e-02	3.725277e-02	-1.705156e-03	7.550792e-03	3.167094e-02	-2.841772e-02	-1.564719e-02	-2.681996e-03	1.985901e-02	7.403042e-03	-2.776636e-03
-2.638780e-02	7.317441e-03	-7.974313e-02	3.056058e-02	3.918716e-03	-4.942373e-02	-3.342327e-02	3.781926e-02	2.467838e-02	3.127955e-02	4.944161e-02	-6.248802e-03	3.486661e-03	2.674974e-02	-2.922440e-02	-1.989851e-02	3.436950e-03	1.975400e-02	1.261325e-02	3.716279e-05
-2.707549e-02	2.481145e-03	-8.580781e-02	2.895465e-02	6.801958e-03	-3.461444e-02	-2.552063e-02	4.185326e-02	2.351647e-02	3.076877e-02	3.596040e-02	5.475891e-03	1.108385e-02	1.933250e-02	-2.617795e-02	-5.170591e-03	-5.971050e-03	1.641881e-02	-3.717382e-03	-4.465878e-04
-4.107147e-02	1.099097e-02	-8.809551e-02	2.843454e-02	1.179081e-02	-4.842372e-02	-2.574402e-02	3.977046e-02	2.976713e-02	3.871586e-02	3.843356e-02	5.925648e-03	8.848983e-03	3.204201e-02	-3.190586e-02	-2.028261e-02	-1.067076e-03	1.862295e-02	7.269639e-05	-1.066919e-03
-3.308683e-02	6.573071e-03	-9.132095e-02	3.268798e-02	8.038566e-03	-4.715949e-02	-2.774360e-02	4.295991e-02	3.040616e-02	3.813513e-02	4.018192e-02	-1.700991e-03	4.107455e-03	3.170000e-02	-3.123555e-02	-1.668432e-02	-7.112175e-04	1.942910e-02	3.904825e-03	-1.953383e-03
