-1.501325e+00	2.222364e+00	-3.702015e-01	8.489195e-01	-1.291354e+00	-6.018903e-01	-6.399380e-02	-3.559277e-01	6.960279e-01	2.184942e+00	5.241376e-01	1.248822e+00	-8.351135e-02	-2.973469e-01	-5.692184e-01	4.390663e-01	2.612363e+00	1.257285e+00	-1.944937e-01	7.959046e-01
-5.660023e-01	1.193378e+00	1.092091e+00	-4.993212e-01	-9.623957e-01	-1.089448e+00	-6.229913e-01	4.414680e-01	7.860313e-01	8.601365e-01	2.234014e-01	-2.120631e-01	9.108191e-01	1.778626e+00	-3.058545e-01	-1.785511e+00	2.704324e+00	-4.199239e-01	4.869626e-01	9.453038e-02
1.415102e+00	5.126121e-01	2.552711e-01	1.371080e+00	4.679688e-01	4.766318e-01	-2.181275e-01	3.261725e-01	1.022993e+00	6.844788e-01	8.405646e-01	-2.572069e-01	3.859663e-01	-4.600630e-01	1.931093e+00	8.105313e-01	-5.086070e-01	5.990945e-01	-1.143133e+00	2.985134e-01
-5.606774e-02	6.742969e-01	-2.295954e+00	-1.442648e+00	5.089533e-01	-7.863163e-01	3.430624e-01	-6.902365e-01	2.897307e+00	8.851433e-01	1.947262e+00	3.439044e-01	7.160347e-01	1.115138e+00	7.568430e-01	1.642011e+00	5.122230e-01	2.040823e-01	-1.742607e+00	2.969099e+00
-1.375420e+00	8.705470e-01	2.285594e-01	1.167388e+00	-1.825898e-01	3.130116e-01	-2.540454e-02	-4.285693e-01	1.551803e-01	1.949674e+00	1.229820e+00	4.654452e-01	-5.488259e-01	1.313431e+00	2.187321e+00	3.573780e-01	-6.991953e-01	-2.780383e-01	-1.628098e+00	1.859298e+00
1.130960e+00	-1.058952e+00	2.495093e+00	1.337329e+00	7.556620e-01	2.239037e+00	9.512333e-01	1.601718e+00	-1.665521e+00	-5.645425e-01	-1.586317e-01	-6.606239e-01	-7.941672e-01	-2.812204e-01	-3.710438e-01	1.560504e-01	2.075558e-02	-2.944958e-02	2.314309e+00	-2.225354e+00
-4.375091e-01	3.295918e-01	1.957821e+00	-8.363904e-01	-8.544608e-01	3.508391e-01	-2.785724e-01	-8.212629e-02	-1.122758e-01	-1.069413e+00	6.670238e-02	1.260685e+00	-2.498070e-04	2.060670e-01	-2.091843e+00	-6.634774e-01	2.501325e+00	-2.882258e-01	9.722955e-01	3.221566e-02
-1.013614e-01	6.744281e-01	-1.786810e+00	2.142785e+00	5.484662e-01	1.015263e+00	1.661384e+00	6.228144e-01	1.004637e+00	3.157716e+00	8.610229e-01	-5.786379e-01	2.773805e-01	9.141455e-01	2.625354e+00	1.920310e+00	4.518926e-01	8.773166e-01	-5.124066e-01	-6.417751e-02
-5.517796e-01	2.973198e-01	2.343268e+00	-1.432841e+00	-6.291487e-01	6.518055e-01	-1.796985e-01	3.975735e-02	-1.213601e-01	-1.600782e+00	1.918795e-02	1.240193e+00	5.102805e-01	2.038696e-01	-2.428000e+00	-7.072621e-01	2.721448e+00	-8.024473e-01	9.741896e-01	2.228910e-02
-5.469614e-01	2.091181e-01	2.322676e+00	-1.503519e+00	-6.177872e-01	6.858055e-01	-1.411829e-01	5.948317e-02	-1.204250e-01	-1.649954e+00	1.082704e-01	1.230549e+00	4.477664e-01	2.111391e-01	-2.520583e+00	-6.764995e-01	2.817578e+00	-8.750259e-01	9.330705e-01	-5.723219e-02
1.403441e-01	6.128947e-01	7.963501e-01	4.479728e-01	-8.513865e-01	4.772885e-01	9.571641e-01	4.928969e-01	6.515327e-01	1.329301e+00	1.103178e+00	9.334129e-02	8.882704e-01	7.024046e-01	1.488848e+00	4.154355e-01	8.042301e-01	4.043411e-01	-8.603975e-01	3.672608e-01
4.918655e-01	5.729093e-01	7.053995e-02	1.250572e+00	7.133855e-01	7.987544e-01	5.665705e-01	4.337130e-01	1.018008e+00	1.304381e+00	1.949133e-01	-2.312268e-01	1.044158e+00	4.255580e-01	1.581461e+00	1.249198e+00	-4.585960e-01	1.293222e+00	4.515703e-01	1.953311e-01
2.271072e+00	3.125085e+00	2.228727e+00	8.877229e-01	5.175312e-01	2.694132e-01	-1.946118e+00	6.376976e-01	6.749816e-01	1.171567e+00	8.688386e-02	1.357154e-01	2.493510e+00	-5.448428e-01	1.999257e+00	-1.564829e+00	-6.080999e-01	5.238061e-04	8.836883e-01	1.567848e+00
1.086202e+00	1.924139e+00	-5.544077e-01	1.797611e-01	-4.100568e-01	-1.157762e+00	-1.697029e-01	-2.258832e-01	-2.245245e-01	-7.640680e-01	4.973619e-01	1.135088e+00	-5.617926e-01	9.383757e-01	1.948442e-01	-8.655197e-01	2.785761e-01	-8.759455e-01	9.125731e-01	1.152664e+00
8.546440e-01	-2.259291e+00	9.606656e-01	1.064406e+00	1.031161e+00	2.549432e+00	8.108276e-01	1.950273e-01	4.158593e-01	-1.230985e+00	5.543839e-01	4.469871e-01	-1.698417e+00	-1.802514e+00	-1.855279e-01	3.177551e+00	-3.226456e+00	2.074853e+00	2.252553e+00	-5.334856e-01
1.042136e+00	-2.043264e+00	4.187984e-01	2.754521e-01	8.973870e-01	9.143656e-01	5.895664e-01	3.884722e-01	6.275005e-01	-1.208669e+00	2.051021e-02	2.825606e-01	-1.975644e+00	-1.556591e+00	-6.196472e-01	2.870954e+00	-2.968691e+00	2.205338e+00	2.368251e+00	-1.396438e-01
5.049829e-01	-8.293659e-01	4.280247e-01	2.083682e+00	2.834420e+00	9.471530e-02	1.190607e-01	-1.291952e+00	-9.248924e-01	2.933535e+00	-3.231321e+00	-2.369518e-01	-9.514007e-01	2.544155e+00	-2.889150e+00	1.790173e-01	1.064750e+00	2.002152e+00	1.824604e+00	-7.410952e-01
2.424629e-01	3.365113e+00	1.084727e-01	-8.519442e-01	-1.541641e+00	-1.851561e+00	3.395264e-01	1.378438e+00	-7.245189e-01	2.531148e+00	-2.547526e-01	-4.483879e-01	2.428186e+00	2.000188e+00	1.723532e+00	-1.380182e+00	3.791008e+00	-1.286494e+00	-1.171100e+00	9.956343e-01
8.011164e-01	-2.588366e+00	7.024571e-01	7.425645e-01	1.882969e+00	2.337908e+00	7.185262e-01	3.426600e-01	1.063844e+00	-1.676629e+00	3.135618e-01	-2.752162e-01	-1.997918e+00	-1.874343e+00	-8.994399e-02	3.273464e+00	-3.600151e+00	2.261555e+00	2.501066e+00	-2.634133e-01
